2.566666666666666541e-01
2.800000000000000266e-01
4.666666666666666186e-01
5.999999999999999778e-02
7.333333333333332815e-01
7.666666666666667462e-02
8.333333333333332871e-02
0.000000000000000000e+00
6.233333333333332948e-01
3.833333333333333592e-01
1.666666666666666644e-02
0.000000000000000000e+00
3.533333333333333326e-01
6.033333333333333881e-01
1.333333333333333419e-02
1.199999999999999956e-01
9.300000000000000488e-01
6.433333333333333126e-01
4.900000000000000466e-01
1.223333333333333384e+00
7.133333333333333748e-01
2.319999999999999840e+00
2.766666666666666718e-01
1.566666666666666763e-01
1.466666666666666674e-01
4.133333333333333304e-01
3.666666666666667379e-02
1.300000000000000044e-01
2.566666666666666541e-01
5.000000000000000000e-01
5.933333333333333792e-01
1.633333333333333304e-01
1.333333333333333315e-01
9.700000000000000844e-01
5.733333333333333615e-01
0.000000000000000000e+00
1.900000000000000300e-01
7.700000000000000178e-01
7.333333333333333370e-02
1.100000000000000006e-01
1.933333333333333348e+00
1.553333333333333455e+00
3.833333333333333037e-01
4.666666666666666186e-01
8.333333333333332871e-02
0.000000000000000000e+00
0.000000000000000000e+00
7.000000000000000666e-02
0.000000000000000000e+00
3.666666666666666685e-02
5.999999999999999778e-02
1.316666666666666652e+00
6.266666666666665941e-01
6.533333333333333215e-01
4.266666666666666941e-01
5.000000000000000971e-02
1.933333333333333293e-01
3.300000000000000155e-01
4.733333333333333282e-01
6.866666666666666474e-01
1.399999999999999856e-01
1.013333333333333419e+00
1.290000000000000036e+00
1.083333333333333259e+00
2.433333333333333737e-01
6.666666666666666574e-02
1.309999999999999831e+00
0.000000000000000000e+00
0.000000000000000000e+00
7.833333333333333259e-01
1.900000000000000300e-01
0.000000000000000000e+00
4.299999999999999933e-01
1.620000000000000107e+00
1.833333333333333481e-01
3.666666666666666685e-02
0.000000000000000000e+00
1.666666666666666644e-02
1.000000000000000021e-02
8.666666666666666963e-02
0.000000000000000000e+00
6.666666666666667095e-03
0.000000000000000000e+00
3.800000000000000600e-01
8.766666666666665941e-01
1.590000000000000080e+00
1.866666666666666752e-01
1.000000000000000021e-02
8.333333333333332871e-02
3.333333333333333547e-03
7.666666666666667462e-02
3.566666666666666874e-01
1.226666666666666794e+00
1.000000000000000194e-01
0.000000000000000000e+00
9.400000000000000577e-01
1.266666666666666607e+00
0.000000000000000000e+00
0.000000000000000000e+00
8.333333333333332871e-02
8.000000000000000167e-02
2.666666666666666838e-02
3.166666666666666519e-01
5.999999999999999778e-02
3.333333333333333287e-02
1.000000000000000021e-02
1.199999999999999956e-01
0.000000000000000000e+00
5.933333333333333792e-01
1.499999999999999944e-01
9.333333333333333759e-02
9.333333333333333759e-02
1.000000000000000021e-02
1.610000000000000098e+00
1.136666666666666714e+00
8.699999999999999956e-01
8.000000000000000167e-02
1.000000000000000021e-02
3.733333333333332948e-01
4.966666666666666452e-01
0.000000000000000000e+00
1.700000000000000122e-01
2.600000000000000089e-01
2.666666666666666838e-02
0.000000000000000000e+00
0.000000000000000000e+00
1.333333333333333419e-02
2.299999999999999822e-01
2.433333333333333182e-01
9.333333333333333759e-02
1.000000000000000194e-01
1.066666666666666735e-01
2.666666666666666838e-02
7.500000000000000000e-01
0.000000000000000000e+00
2.999999999999999889e-02
1.633333333333333304e-01
8.766666666666665941e-01
1.639999999999999902e+00
1.800000000000000211e-01
0.000000000000000000e+00
9.233333333333333393e-01
1.600000000000000033e-01
0.000000000000000000e+00
3.666666666666665991e-02
2.013333333333333197e+00
2.600000000000000089e-01
1.000000000000000021e-02
1.013333333333333419e+00
9.666666666666667851e-02
1.766666666666666663e-01
1.833333333333333481e-01
4.666666666666666186e-01
9.433333333333333570e-01
2.399999999999999911e-01
2.533333333333333548e-01
3.333333333333333547e-03
1.000000000000000021e-02
3.333333333333333547e-03
1.133333333333333276e-01
6.800000000000000488e-01
1.366666666666666918e+00
4.233333333333333393e-01
0.000000000000000000e+00
1.000000000000000021e-02
3.166666666666666519e-01
6.000000000000000472e-02
3.333333333333333547e-03
1.833333333333333204e-01
1.370000000000000107e+00
1.933333333333333293e-01
1.099999999999999867e-01
3.333333333333333287e-02
1.919999999999999929e+00
6.666666666666667095e-03
3.333333333333333547e-03
1.400000000000000133e-01
6.666666666666667095e-03
1.666666666666666574e-01
2.200000000000000011e-01
1.003333333333333188e+00
3.899999999999999578e-01
1.433333333333333126e-01
2.999999999999999889e-02
4.199999999999999845e-01
1.433333333333333404e-01
7.799999999999999156e-01
6.533333333333333215e-01
2.033333333333333381e-01
1.846666666666666679e+00
2.790000000000000480e+00
5.266666666666667274e-01
4.466666666666666008e-01
1.050000000000000044e+00
1.300000000000000044e+00
1.666666666666666644e-02
3.333333333333333547e-03
8.000000000000000167e-02
3.233333333333333059e-01
3.333333333333333547e-03
7.333333333333334758e-02
3.333333333333333148e-01
2.866666666666666807e-01
5.000000000000000971e-02
4.000000000000000083e-02
1.099999999999999867e-01
0.000000000000000000e+00
0.000000000000000000e+00
1.823333333333333250e+00
8.000000000000000167e-02
1.666666666666666574e-01
0.000000000000000000e+00
4.066666666666666763e-01
1.196666666666666545e+00
4.366666666666667029e-01
3.333333333333333148e-01
4.166666666666666852e-01
0.000000000000000000e+00
1.400000000000000133e-01
1.833333333333333204e-01
1.666666666666666644e-02
6.933333333333333570e-01
8.733333333333334059e-01
7.666666666666667462e-02
1.166666666666666546e-01
1.000000000000000021e-02
1.366666666666666863e-01
0.000000000000000000e+00
6.666666666666667095e-03
2.999999999999999889e-02
1.333333333333333419e-02
7.333333333333334758e-02
4.566666666666667207e-01
1.666666666666666644e-02
0.000000000000000000e+00
6.666666666666667095e-03
8.933333333333334236e-01
2.233333333333333004e-01
2.333333333333333440e-02
1.209999999999999964e+00
9.800000000000000933e-01
0.000000000000000000e+00
8.133333333333333526e-01
4.766666666666667385e-01
6.666666666666667095e-03
3.933333333333333681e-01
2.126666666666666483e+00
