4.099999999999999756e-01
1.566666666666666763e-01
1.300000000000000044e-01
1.800000000000000211e-01
1.030000000000000027e+00
4.066666666666666763e-01
1.036666666666666625e+00
6.666666666666667095e-03
1.066666666666666735e-01
8.666666666666666963e-02
2.000000000000000042e-02
1.000000000000000021e-02
8.333333333333332871e-02
4.000000000000000083e-02
2.000000000000000042e-02
0.000000000000000000e+00
1.000000000000000021e-02
6.666666666666667095e-03
1.000000000000000021e-02
0.000000000000000000e+00
1.333333333333333419e-02
2.999999999999999889e-02
1.000000000000000021e-02
0.000000000000000000e+00
1.666666666666666644e-02
1.000000000000000021e-02
6.000000000000000472e-02
4.333333333333333481e-02
1.233333333333333365e-01
1.333333333333333419e-02
8.000000000000000167e-02
6.666666666666667095e-03
7.333333333333331983e-02
5.666666666666666380e-02
4.000000000000000083e-02
9.466666666666666563e-01
9.633333333333333748e-01
7.799999999999999156e-01
3.233333333333333059e-01
3.066666666666666985e-01
1.260000000000000009e+00
2.066666666666666652e-01
1.456666666666666776e+00
2.273333333333333428e+00
6.766666666666666385e-01
1.666666666666666574e-01
1.633333333333333304e-01
1.199999999999999956e-01
1.953333333333333144e+00
4.266666666666666941e-01
1.546666666666666856e+00
1.366666666666666863e-01
1.066666666666666735e-01
2.200000000000000011e-01
3.666666666666667379e-02
7.000000000000000666e-02
9.000000000000001055e-02
2.000000000000000042e-02
2.666666666666666838e-02
6.666666666666667095e-03
1.000000000000000021e-02
2.666666666666666838e-02
1.000000000000000021e-02
0.000000000000000000e+00
5.999999999999999778e-02
4.666666666666666879e-02
1.666666666666666644e-02
1.000000000000000021e-02
4.999999999999999584e-02
2.000000000000000042e-02
1.000000000000000021e-02
0.000000000000000000e+00
2.666666666666666838e-02
1.000000000000000021e-02
7.666666666666666075e-02
2.333333333333333440e-02
8.666666666666666963e-02
5.666666666666666380e-02
8.666666666666666963e-02
1.143333333333333313e+00
9.466666666666666563e-01
6.366666666666667140e-01
2.766666666666666718e-01
2.700000000000000178e-01
1.063333333333333464e+00
5.100000000000000089e-01
1.486666666666666581e+00
3.173333333333333339e+00
