9.666666666666666741e-01
3.666666666666667379e-02
6.333333333333333870e-02
3.333333333333333287e-02
6.333333333333333870e-02
3.866666666666666585e-01
1.333333333333333419e-02
1.400000000000000133e-01
1.000000000000000021e-02
2.666666666666666838e-02
5.666666666666667074e-02
2.133333333333333470e-01
1.159999999999999920e+00
3.333333333333333287e-02
3.900000000000000688e-01
2.566666666666666541e-01
1.540000000000000036e+00
2.999999999999999889e-02
8.900000000000000133e-01
7.433333333333332904e-01
2.233333333333333004e-01
2.799999999999999711e-01
1.200000000000000094e-01
3.166666666666666519e-01
1.663333333333333330e+00
2.233333333333333004e-01
9.766666666666665719e-01
2.999999999999999889e-02
0.000000000000000000e+00
0.000000000000000000e+00
1.033333333333333326e-01
2.266666666666666552e-01
8.866666666666667140e-01
2.933333333333333348e-01
6.666666666666666574e-02
1.933333333333333570e-01
1.266666666666666774e-01
2.299999999999999822e-01
3.366666666666666696e-01
3.200000000000000067e-01
9.333333333333333759e-02
7.399999999999998801e-01
9.999999999999999167e-02
2.066666666666666652e-01
9.500000000000000666e-01
1.433333333333333404e-01
7.333333333333333370e-02
3.866666666666667140e-01
1.466666666666666674e-01
1.800000000000000211e-01
1.100000000000000006e-01
4.799999999999999822e-01
7.166666666666666741e-01
1.333333333333333419e-02
3.233333333333333059e-01
3.366666666666666696e-01
0.000000000000000000e+00
6.633333333333332194e-01
2.999999999999999889e-02
1.833333333333333481e-01
3.066666666666666985e-01
8.333333333333332871e-02
3.366666666666666696e-01
1.000000000000000021e-02
5.133333333333333082e-01
2.333333333333333440e-02
1.066666666666666735e-01
1.166666666666666546e-01
6.566666666666666208e-01
6.933333333333333570e-01
1.163333333333333330e+00
7.000000000000000666e-02
2.933333333333333348e-01
0.000000000000000000e+00
2.433333333333333182e-01
1.076666666666666661e+00
2.000000000000000042e-02
1.086666666666666670e+00
7.666666666666667462e-02
1.189999999999999947e+00
5.333333333333333676e-02
8.666666666666666963e-02
1.466666666666666674e-01
8.666666666666666963e-02
2.200000000000000011e-01
2.233333333333333559e-01
1.263333333333333419e+00
1.300000000000000044e-01
7.633333333333333082e-01
5.333333333333333676e-02
3.333333333333333547e-03
0.000000000000000000e+00
1.666666666666666644e-02
9.266666666666667496e-01
2.600000000000000089e-01
5.666666666666666519e-01
1.233333333333333365e-01
1.100000000000000006e-01
1.000000000000000194e-01
1.086666666666666670e+00
1.766666666666666663e-01
1.366666666666666585e-01
3.966666666666666674e-01
2.466666666666666730e-01
1.800000000000000211e-01
9.000000000000001055e-02
1.086666666666666670e+00
1.000000000000000194e-01
1.333333333333333315e-01
4.133333333333333304e-01
1.410000000000000142e+00
3.500000000000000333e-01
2.666666666666666838e-02
6.666666666666666574e-02
1.099999999999999867e-01
2.600000000000000089e-01
1.333333333333333419e-02
1.866666666666666752e-01
1.366666666666666585e-01
4.000000000000000083e-02
3.633333333333332860e-01
2.666666666666666838e-02
6.233333333333332948e-01
7.200000000000000844e-01
1.566666666666666485e-01
4.933333333333333459e-01
2.666666666666666838e-02
1.533333333333333215e-01
2.666666666666666838e-02
0.000000000000000000e+00
1.466666666666666952e-01
0.000000000000000000e+00
0.000000000000000000e+00
1.800000000000000211e-01
2.399999999999999911e-01
9.000000000000000222e-01
1.150000000000000133e+00
