9.300000000000000488e-01
4.133333333333333859e-01
4.000000000000000777e-01
3.666666666666666963e-01
5.033333333333332993e-01
1.903333333333333099e+00
1.033333333333333326e-01
1.000000000000000021e-02
1.433333333333333126e-01
2.500000000000000000e-01
1.300000000000000044e-01
1.550000000000000044e+00
8.000000000000000167e-02
5.333333333333333676e-02
1.233333333333333365e-01
5.999999999999999778e-02
1.033333333333333326e-01
1.133333333333333276e-01
2.600000000000000089e-01
1.806666666666666643e+00
2.333333333333333093e-02
4.033333333333333215e-01
2.766666666666666718e-01
2.266666666666666552e-01
5.200000000000000178e-01
2.033333333333333215e+00
