3.933333333333333681e-01
6.000000000000000472e-02
1.036666666666666625e+00
6.999999999999999278e-02
2.366666666666666641e-01
1.333333333333333419e-02
0.000000000000000000e+00
1.666666666666666574e-01
1.900000000000000300e-01
8.666666666666666963e-02
1.199999999999999956e-01
7.900000000000000355e-01
5.866666666666666696e-01
3.533333333333333326e-01
5.266666666666667274e-01
4.166666666666666852e-01
5.633333333333333526e-01
7.799999999999999156e-01
2.066666666666666652e-01
1.166666666666666546e-01
1.133333333333333276e-01
3.266666666666666607e-01
1.076666666666666661e+00
1.900000000000000300e-01
8.333333333333332871e-02
1.933333333333333570e-01
1.900000000000000300e-01
5.299999999999999156e-01
