7.833333333333333259e-01
7.666666666666666075e-02
3.933333333333333681e-01
3.366666666666666696e-01
1.000000000000000021e-02
4.333333333333333481e-02
8.299999999999999600e-01
6.666666666666667095e-03
1.000000000000000021e-02
6.666666666666666574e-02
6.999999999999998446e-01
1.000000000000000021e-02
1.333333333333333419e-02
1.150000000000000133e+00
7.666666666666667462e-02
2.000000000000000042e-02
2.899999999999999800e-01
1.483333333333333393e+00
8.666666666666666963e-02
3.666666666666667379e-02
4.166666666666666852e-01
1.110000000000000098e+00
