8.666666666666666963e-01
4.666666666666666186e-01
1.366666666666666863e-01
2.933333333333333348e-01
3.200000000000000067e-01
3.733333333333333504e-01
2.066666666666666652e-01
7.333333333333333370e-02
2.133333333333333470e-01
3.500000000000000333e-01
3.966666666666666674e-01
7.333333333333334758e-02
1.100000000000000006e-01
8.666666666666666963e-02
2.399999999999999911e-01
2.666666666666666630e-01
8.666666666666666963e-02
1.133333333333333276e-01
8.000000000000000167e-02
1.666666666666666574e-01
1.166666666666666546e-01
1.400000000000000133e-01
3.333333333333333547e-03
4.566666666666667207e-01
1.633333333333333304e-01
6.666666666666667095e-03
1.203333333333333366e+00
1.000000000000000021e-02
5.666666666666666519e-01
3.666666666666666685e-02
1.766666666666666663e-01
4.000000000000000083e-02
1.199999999999999956e-01
2.633333333333333637e-01
1.053333333333333455e+00
3.533333333333333326e-01
0.000000000000000000e+00
2.133333333333333470e-01
7.200000000000000844e-01
1.000000000000000194e-01
2.133333333333333470e-01
1.480000000000000204e+00
8.499999999999999778e-01
1.499999999999999944e-01
1.000000000000000021e-02
6.099999999999999867e-01
1.833333333333333481e-01
8.666666666666666963e-02
1.566666666666666485e-01
2.900000000000000355e-01
1.246666666666666812e+00
1.400000000000000133e-01
2.500000000000000000e-01
2.666666666666666838e-02
1.453333333333333366e+00
0.000000000000000000e+00
1.300000000000000044e-01
4.500000000000000111e-01
1.499999999999999944e-01
0.000000000000000000e+00
2.016666666666666607e+00
9.000000000000000222e-01
1.833333333333333481e-01
9.333333333333333759e-02
1.266666666666666774e-01
2.000000000000000042e-02
1.033333333333333437e+00
4.000000000000000083e-02
2.066666666666666652e-01
1.066666666666666735e-01
2.000000000000000042e-02
0.000000000000000000e+00
7.000000000000000666e-02
3.733333333333333504e-01
3.799999999999999489e-01
2.933333333333333903e-01
2.700000000000000178e-01
2.433333333333333737e-01
4.000000000000000083e-02
9.666666666666667851e-02
0.000000000000000000e+00
4.000000000000000083e-02
0.000000000000000000e+00
1.133333333333333276e-01
0.000000000000000000e+00
8.766666666666665941e-01
2.500000000000000000e-01
7.333333333333333370e-02
3.133333333333332971e-01
2.276666666666666838e+00
