6.833333333333332371e-01
1.866666666666666752e-01
8.666666666666666963e-02
2.900000000000000355e-01
2.899999999999999800e-01
5.299999999999999156e-01
7.366666666666666918e-01
1.343333333333333490e+00
3.866666666666667140e-01
4.033333333333333215e-01
7.666666666666667462e-02
3.766666666666666496e-01
9.333333333333333759e-02
9.866666666666666918e-01
1.166666666666666546e-01
3.666666666666667379e-02
7.333333333333333925e-01
1.600000000000000033e-01
1.233333333333333365e-01
0.000000000000000000e+00
1.336666666666666670e+00
6.999999999999999278e-02
2.799999999999999711e-01
1.016666666666666607e+00
6.400000000000000133e-01
5.766666666666666607e-01
1.086666666666666670e+00
9.166666666666666297e-01
2.800000000000000266e-01
2.200000000000000011e-01
4.599999999999999645e-01
1.773333333333333428e+00
1.733333333333333393e-01
1.666666666666666644e-02
3.766666666666666496e-01
5.999999999999999778e-01
4.233333333333333393e-01
3.333333333333333547e-03
3.033333333333332882e-01
8.233333333333332504e-01
7.399999999999998801e-01
1.566666666666666485e-01
8.499999999999999778e-01
1.480000000000000204e+00
6.300000000000000044e-01
8.399999999999999689e-01
2.800000000000000266e-01
1.506666666666666821e+00
2.903333333333333766e+00
2.910000000000000142e+00
1.743333333333333401e+00
1.326666666666666883e+00
1.463333333333333597e+00
3.933333333333333126e-01
3.193333333333333357e+00
3.883333333333332860e+00
