9.133333333333334414e-01
5.733333333333332504e-01
2.000000000000000042e-02
9.666666666666666463e-02
2.000000000000000042e-02
0.000000000000000000e+00
0.000000000000000000e+00
3.333333333333333547e-03
2.000000000000000042e-02
1.000000000000000021e-02
6.333333333333333870e-02
2.666666666666666838e-02
5.333333333333333676e-02
1.133333333333333415e-01
3.333333333333333287e-02
1.400000000000000133e-01
2.999999999999999889e-02
3.333333333333333287e-02
5.666666666666667074e-02
2.999999999999999889e-02
2.999999999999999889e-02
5.333333333333333676e-02
3.333333333333333287e-02
6.566666666666666208e-01
1.333333333333333419e-02
4.333333333333333481e-01
2.866666666666666807e-01
2.666666666666666838e-02
1.449999999999999956e+00
1.066666666666666735e-01
1.016666666666666607e+00
1.183333333333333348e+00
6.133333333333333970e-01
1.566666666666666763e-01
7.333333333333334758e-02
3.366666666666666696e-01
2.999999999999999889e-02
6.099999999999999867e-01
3.333333333333333547e-03
7.333333333333334758e-02
3.000000000000000236e-02
5.200000000000000178e-01
0.000000000000000000e+00
1.766666666666666663e-01
6.666666666666667095e-03
3.666666666666666685e-02
9.000000000000001055e-02
5.133333333333333082e-01
2.266666666666666552e-01
3.466666666666666785e-01
7.000000000000000666e-01
2.000000000000000389e-01
5.633333333333333526e-01
1.186666666666666758e+00
1.230000000000000204e+00
1.330000000000000071e+00
1.766666666666666663e-01
3.200000000000000067e-01
1.266666666666666774e-01
4.733333333333333282e-01
1.179999999999999938e+00
1.693333333333333357e+00
5.999999999999999778e-02
3.166666666666666519e-01
1.499999999999999944e-01
1.666666666666666644e-02
1.800000000000000211e-01
2.533333333333333548e-01
1.333333333333333315e-01
8.500000000000000888e-01
1.233333333333333365e-01
3.366666666666666696e-01
1.499999999999999944e-01
5.000000000000000971e-02
9.533333333333334769e-01
5.333333333333334370e-02
2.099999999999999922e-01
2.966666666666666341e-01
1.136666666666666714e+00
4.733333333333333282e-01
6.666666666666666574e-02
1.573333333333333250e+00
5.566666666666666430e-01
5.999999999999999778e-02
5.666666666666667074e-02
0.000000000000000000e+00
2.000000000000000042e-02
0.000000000000000000e+00
6.666666666666667095e-03
4.999999999999999584e-02
9.333333333333332371e-02
3.000000000000000444e-01
7.500000000000000000e-01
3.999999999999999667e-01
2.046666666666666856e+00
4.199999999999999845e-01
2.633333333333333637e-01
2.199999999999999734e+00
2.399999999999999911e-01
6.366666666666667140e-01
1.100000000000000006e-01
3.666666666666667379e-02
0.000000000000000000e+00
7.433333333333332904e-01
1.333333333333333419e-02
3.233333333333333059e-01
0.000000000000000000e+00
5.999999999999999778e-02
5.733333333333333615e-01
1.033333333333333437e+00
4.333333333333333481e-02
7.000000000000000666e-02
1.233333333333333365e-01
1.199999999999999956e-01
4.199999999999999845e-01
6.000000000000000472e-02
4.966666666666666452e-01
0.000000000000000000e+00
4.999999999999999584e-02
6.633333333333333304e-01
1.899999999999999745e-01
2.333333333333333440e-02
3.333333333333333547e-03
7.333333333333333370e-02
6.300000000000000044e-01
6.999999999999999278e-02
4.000000000000000777e-01
1.133333333333333415e-01
4.999999999999999584e-02
6.333333333333333870e-02
3.666666666666667379e-02
1.399999999999999856e-01
2.666666666666666630e-01
7.333333333333333370e-02
5.933333333333333792e-01
3.333333333333333547e-03
1.593333333333333490e+00
3.800000000000000600e-01
