5.933333333333333792e-01
1.100000000000000006e-01
2.099999999999999922e-01
1.063333333333333242e+00
4.866666666666666363e-01
3.433333333333333237e-01
1.333333333333333315e-01
8.000000000000000167e-02
3.600000000000000422e-01
1.500000000000000222e-01
2.833333333333333814e-01
9.000000000000001055e-02
2.600000000000000089e-01
0.000000000000000000e+00
1.199999999999999956e-01
5.000000000000000971e-02
1.966666666666666563e-01
6.466666666666666119e-01
4.999999999999999584e-02
1.136666666666666714e+00
1.466666666666666674e-01
1.070000000000000062e+00
5.266666666666667274e-01
1.563333333333333464e+00
6.666666666666666297e-01
1.000000000000000021e-02
3.333333333333333547e-03
6.933333333333333570e-01
1.066666666666666735e-01
2.766666666666666718e-01
1.666666666666666644e-02
9.666666666666667851e-02
1.933333333333333293e-01
6.666666666666667095e-03
2.999999999999999889e-01
0.000000000000000000e+00
0.000000000000000000e+00
4.333333333333333481e-02
1.399999999999999856e-01
7.000000000000000666e-02
2.666666666666666838e-02
3.200000000000000067e-01
2.999999999999999889e-02
2.533333333333333548e-01
0.000000000000000000e+00
6.099999999999999867e-01
6.633333333333333304e-01
1.339999999999999858e+00
5.633333333333333526e-01
0.000000000000000000e+00
6.666666666666667095e-03
5.600000000000000533e-01
1.766666666666666663e-01
6.666666666666666574e-02
1.333333333333333419e-02
1.866666666666666752e-01
2.933333333333333348e-01
0.000000000000000000e+00
3.533333333333333326e-01
3.333333333333333547e-03
3.333333333333333547e-03
3.666666666666667379e-02
9.000000000000001055e-02
1.666666666666666644e-02
2.333333333333333093e-02
5.100000000000000089e-01
4.000000000000000083e-02
6.233333333333334059e-01
3.333333333333333547e-03
7.799999999999999156e-01
7.500000000000000000e-01
1.786666666666666403e+00
6.533333333333333215e-01
1.199999999999999956e-01
6.666666666666667095e-03
2.333333333333333648e-01
4.000000000000000083e-02
7.666666666666667462e-02
0.000000000000000000e+00
1.900000000000000300e-01
3.533333333333333326e-01
7.000000000000000666e-02
5.200000000000000178e-01
4.000000000000000083e-02
3.333333333333333287e-02
1.033333333333333326e-01
2.000000000000000042e-02
1.666666666666666644e-02
5.999999999999999778e-02
4.266666666666666941e-01
3.333333333333333547e-03
5.300000000000000266e-01
4.666666666666666879e-02
4.899999999999999911e-01
6.466666666666666119e-01
1.356666666666666687e+00
1.450000000000000178e+00
3.933333333333333681e-01
1.033333333333333326e-01
1.159999999999999920e+00
1.633333333333333304e-01
3.733333333333333504e-01
6.333333333333333870e-02
3.300000000000000155e-01
6.999999999999998446e-01
1.033333333333333326e-01
2.566666666666666541e-01
1.000000000000000021e-02
2.233333333333333004e-01
2.833333333333333814e-01
2.333333333333333648e-01
1.466666666666666952e-01
2.700000000000000178e-01
7.566666666666667096e-01
7.333333333333334758e-02
4.666666666666666186e-01
8.666666666666666963e-02
5.066666666666667096e-01
1.106666666666666687e+00
1.676666666666666750e+00
