2.890000000000000124e+00
1.923333333333333117e+00
6.299999999999998934e-01
1.333333333333333315e-01
1.573333333333333250e+00
5.333333333333333676e-02
6.199999999999999956e-01
2.466666666666666730e-01
1.166666666666666824e-01
1.306666666666666643e+00
2.000000000000000042e-02
4.366666666666667029e-01
1.303333333333333455e+00
9.233333333333334503e-01
3.933333333333333126e-01
7.333333333333333370e-02
2.266666666666666552e-01
6.666666666666667095e-03
0.000000000000000000e+00
6.000000000000000472e-02
1.666666666666666644e-02
1.133333333333333276e-01
2.066666666666666652e-01
4.366666666666667029e-01
7.333333333333333370e-02
7.733333333333333171e-01
2.133333333333332915e-01
5.666666666666667074e-02
6.666666666666667095e-03
3.333333333333333547e-03
2.333333333333333440e-02
3.000000000000000236e-02
1.933333333333333570e+00
