9.033333333333333215e-01
9.266666666666666385e-01
4.666666666666666879e-02
2.733333333333333726e-01
7.666666666666667462e-02
4.999999999999999584e-02
6.666666666666667095e-03
9.566666666666666652e-01
9.466666666666666563e-01
4.666666666666666879e-02
4.000000000000000083e-02
1.636666666666666714e+00
1.000000000000000000e+00
5.099999999999998979e-01
2.679999999999999716e+00
5.299999999999999156e-01
5.999999999999999778e-02
3.200000000000000067e-01
3.333333333333333547e-03
2.866666666666666807e-01
4.666666666666666879e-02
4.233333333333333393e-01
8.000000000000000167e-02
6.000000000000000472e-02
7.000000000000000666e-02
2.399999999999999911e-01
1.399999999999999856e-01
1.703333333333333144e+00
3.333333333333333547e-03
2.600000000000000089e-01
7.666666666666667462e-02
9.700000000000000844e-01
1.340000000000000080e+00
1.566666666666666485e-01
1.226666666666666794e+00
6.866666666666666474e-01
8.066666666666666430e-01
1.333333333333333315e-01
0.000000000000000000e+00
7.599999999999998979e-01
0.000000000000000000e+00
2.166666666666666741e-01
7.433333333333332904e-01
3.733333333333332948e-01
1.999999999999999833e-01
3.433333333333333237e-01
1.000000000000000000e+00
2.633333333333333637e-01
6.466666666666666119e-01
4.333333333333333481e-02
9.000000000000001055e-02
8.000000000000000167e-02
5.999999999999999778e-01
1.933333333333333570e-01
3.333333333333333287e-02
1.666666666666666574e-01
4.199999999999999845e-01
5.666666666666666380e-02
8.966666666666666119e-01
1.300000000000000044e-01
2.393333333333333091e+00
