1.156666666666666954e+00
1.333333333333333315e-01
1.206666666666666776e+00
4.500000000000000111e-01
1.099999999999999867e-01
1.033333333333333326e-01
5.133333333333333082e-01
0.000000000000000000e+00
1.566666666666666485e-01
2.333333333333333440e-02
3.099999999999999978e-01
3.600000000000000422e-01
5.000000000000000971e-02
1.239999999999999991e+00
3.333333333333333287e-02
8.666666666666666963e-02
2.073333333333333250e+00
4.366666666666667029e-01
1.949999999999999956e+00
2.633333333333333637e-01
1.499999999999999944e-01
1.433333333333333404e-01
8.599999999999999867e-01
1.833333333333333481e-01
5.966666666666666785e-01
2.233333333333333559e-01
1.166666666666666546e-01
3.066666666666666985e-01
2.666666666666666838e-02
6.333333333333333870e-02
4.333333333333333481e-02
2.500000000000000000e-01
6.666666666666666297e-01
1.466666666666666785e+00
5.766666666666666607e-01
6.699999999999999289e-01
4.666666666666666879e-02
0.000000000000000000e+00
1.000000000000000021e-02
5.400000000000000355e-01
