9.333333333333332371e-01
1.276666666666666616e+00
1.176666666666666750e+00
1.666666666666666644e-02
2.966666666666666896e-01
1.733333333333333393e-01
2.999999999999999889e-02
1.333333333333333315e-01
2.799999999999999711e-01
2.033333333333333381e-01
1.499999999999999944e-01
2.166666666666666463e-01
4.333333333333333481e-01
6.999999999999999278e-02
9.166666666666666297e-01
2.066666666666666929e-01
3.600000000000000422e-01
4.099999999999999756e-01
6.099999999999999867e-01
2.033333333333333381e-01
8.900000000000000133e-01
1.100000000000000006e-01
8.666666666666666963e-02
2.333333333333333093e-01
8.466666666666666785e-01
5.033333333333332993e-01
2.533333333333333548e-01
1.466666666666666674e-01
2.283333333333333215e+00
2.566666666666666541e-01
1.666666666666666644e-02
1.899999999999999745e-01
1.066666666666666735e-01
1.333333333333333419e-02
0.000000000000000000e+00
0.000000000000000000e+00
1.066666666666666735e-01
4.733333333333333282e-01
9.999999999999999167e-02
4.600000000000000200e-01
3.600000000000000422e-01
2.566666666666666541e-01
1.296666666666666856e+00
6.666666666666667095e-03
4.700000000000000289e-01
1.386666666666666714e+00
6.666666666666666574e-02
3.333333333333333547e-03
2.099999999999999922e-01
1.233333333333333365e-01
2.700000000000000178e-01
5.200000000000000178e-01
0.000000000000000000e+00
3.000000000000000236e-02
5.866666666666665586e-01
5.666666666666666519e-01
1.566666666666666763e-01
1.000000000000000021e-02
0.000000000000000000e+00
4.000000000000000083e-02
0.000000000000000000e+00
1.666666666666666574e-01
2.666666666666666838e-02
2.166666666666666741e-01
9.000000000000001055e-02
1.666666666666666644e-02
2.999999999999999889e-02
3.333333333333333547e-03
1.233333333333333365e-01
1.300000000000000044e-01
2.966666666666666896e-01
1.666666666666666574e-01
1.413333333333333330e+00
1.399999999999999856e-01
1.229999999999999982e+00
3.066666666666666985e-01
2.066666666666666652e-01
2.466666666666666730e-01
1.466666666666666674e-01
1.166666666666666546e-01
9.333333333333333759e-02
5.999999999999999778e-01
3.333333333333333287e-02
1.566666666666666485e-01
7.333333333333333370e-02
1.333333333333333419e-02
0.000000000000000000e+00
2.600000000000000089e-01
3.966666666666666674e-01
1.000000000000000021e-02
3.833333333333333037e-01
1.760000000000000009e+00
9.666666666666666741e-01
3.333333333333333547e-03
1.243333333333333401e+00
1.803333333333333455e+00
1.739999999999999991e+00
2.600000000000000089e-01
2.633333333333333637e-01
5.999999999999999778e-01
8.866666666666667140e-01
6.899999999999999467e-01
5.566666666666666430e-01
1.273333333333333428e+00
1.316666666666666652e+00
1.536666666666666847e+00
1.516666666666666607e+00
1.096666666666666679e+00
1.520000000000000240e+00
1.966666666666666563e-01
5.200000000000000178e-01
3.433333333333333237e-01
2.033333333333333381e-01
4.500000000000000111e-01
3.233333333333333059e-01
2.300000000000000100e-01
1.093333333333333268e+00
2.276666666666666838e+00
9.000000000000001055e-02
1.600000000000000033e-01
8.666666666666666963e-02
0.000000000000000000e+00
4.033333333333333215e-01
1.199999999999999956e-01
1.000000000000000021e-02
1.000000000000000021e-02
5.399999999999999245e-01
1.966666666666666563e-01
5.333333333333333676e-02
6.466666666666666119e-01
3.233333333333333059e-01
1.433333333333333404e-01
5.100000000000000089e-01
8.633333333333332860e-01
2.066666666666666652e-01
2.366666666666666641e-01
7.099999999999999645e-01
1.446666666666666545e+00
2.833333333333333259e-01
4.400000000000000022e-01
1.566666666666666485e-01
7.000000000000000666e-02
2.999999999999999889e-02
1.433333333333333404e-01
0.000000000000000000e+00
4.000000000000000083e-02
9.566666666666666652e-01
9.266666666666667496e-01
6.666666666666667095e-03
3.099999999999999978e-01
4.000000000000000083e-02
6.099999999999999867e-01
2.333333333333333440e-02
7.166666666666666741e-01
5.866666666666665586e-01
2.666666666666666630e-01
2.099999999999999922e-01
1.100000000000000006e-01
2.500000000000000000e-01
4.333333333333332926e-01
1.370000000000000107e+00
1.396666666666666723e+00
1.999999999999999833e-01
4.099999999999999756e-01
3.833333333333333037e-01
1.690000000000000169e+00
1.856666666666666687e+00
