1.910000000000000142e+00
2.166666666666666519e+00
2.000000000000000042e-02
3.333333333333333287e-02
1.000000000000000021e-02
6.666666666666666297e-01
9.999999999999999167e-02
1.466666666666666674e-01
6.199999999999999956e-01
6.666666666666666574e-02
1.433333333333333404e-01
1.000000000000000021e-02
5.999999999999999778e-02
4.333333333333333481e-02
6.666666666666667095e-03
1.399999999999999856e-01
1.559999999999999831e+00
1.633333333333333304e-01
3.466666666666666785e-01
4.000000000000000083e-02
1.333333333333333315e-01
0.000000000000000000e+00
1.433333333333333404e-01
2.099999999999999922e-01
2.399999999999999911e-01
3.633333333333332860e-01
1.133333333333333304e+00
3.733333333333333504e-01
2.966666666666666785e+00
1.300000000000000044e-01
6.666666666666666574e-02
6.333333333333333870e-02
8.666666666666666963e-02
5.233333333333333171e-01
1.233333333333333365e-01
1.366666666666666585e-01
4.666666666666666879e-02
7.333333333333333370e-02
4.000000000000000083e-02
5.999999999999999778e-02
4.400000000000000022e-01
0.000000000000000000e+00
0.000000000000000000e+00
2.433333333333333182e-01
1.666666666666666644e-02
4.000000000000000083e-02
2.000000000000000389e-01
2.899999999999999800e-01
3.333333333333333287e-02
5.999999999999999778e-02
6.666666666666667095e-03
1.133333333333333276e-01
1.230000000000000204e+00
5.333333333333333676e-02
4.033333333333333215e-01
4.833333333333333370e-01
1.666666666666666644e-02
0.000000000000000000e+00
4.666666666666666879e-02
6.333333333333333870e-02
1.033333333333333326e-01
3.999999999999999667e-01
3.333333333333333148e-01
1.966666666666666841e-01
9.000000000000001055e-02
6.266666666666667052e-01
9.666666666666666463e-02
0.000000000000000000e+00
1.000000000000000021e-02
4.000000000000000083e-02
4.433333333333333570e-01
4.433333333333333570e-01
3.333333333333333547e-03
1.100000000000000006e-01
2.999999999999999889e-02
8.333333333333332871e-02
7.666666666666667462e-02
4.333333333333333481e-02
0.000000000000000000e+00
1.666666666666666644e-02
0.000000000000000000e+00
0.000000000000000000e+00
1.899999999999999745e-01
5.000000000000000971e-02
1.600000000000000033e-01
4.266666666666665830e-01
1.453333333333333144e+00
5.166666666666667185e-01
1.733333333333333393e-01
2.999999999999999889e-02
1.066666666666666735e-01
7.500000000000000000e-01
1.666666666666666644e-02
6.666666666666666574e-02
1.533333333333333215e-01
1.000000000000000021e-02
0.000000000000000000e+00
1.533333333333333215e-01
2.866666666666666807e-01
3.333333333333333547e-03
7.666666666666667462e-02
0.000000000000000000e+00
5.133333333333333082e-01
0.000000000000000000e+00
2.333333333333333440e-02
0.000000000000000000e+00
7.333333333333333370e-02
0.000000000000000000e+00
1.366666666666666585e-01
1.800000000000000211e-01
1.666666666666666644e-02
9.333333333333333759e-02
1.366666666666666863e-01
1.033333333333333326e-01
0.000000000000000000e+00
4.199999999999999845e-01
7.666666666666667462e-02
6.666666666666667095e-03
6.199999999999999956e-01
1.199999999999999956e-01
3.533333333333333326e-01
4.799999999999999822e-01
1.476666666666666572e+00
1.866666666666666752e-01
1.133333333333333415e-01
1.266666666666666774e-01
8.000000000000000167e-02
0.000000000000000000e+00
5.333333333333333259e-01
2.966666666666666341e-01
5.233333333333333171e-01
4.666666666666666879e-02
2.333333333333333440e-02
4.000000000000000083e-02
1.196666666666666767e+00
2.900000000000000355e-01
0.000000000000000000e+00
1.366666666666666863e-01
1.356666666666666687e+00
6.800000000000000488e-01
5.333333333333333676e-02
1.253333333333333188e+00
2.066666666666666652e-01
1.233333333333333365e-01
2.000000000000000042e-02
3.099999999999999978e-01
9.399999999999999467e-01
7.733333333333334281e-01
2.333333333333333093e-01
2.966666666666666896e-01
2.466666666666666730e-01
1.606666666666666687e+00
2.633333333333333637e-01
7.000000000000000666e-02
1.133333333333333276e-01
1.506666666666666599e+00
1.096666666666666679e+00
2.833333333333333814e-01
4.000000000000000083e-02
2.133333333333333470e-01
1.333333333333333419e-02
1.433333333333333404e-01
4.566666666666667207e-01
5.400000000000000355e-01
5.599999999999999423e-01
2.766666666666666718e-01
1.053333333333333455e+00
5.899999999999999689e-01
2.333333333333333440e-02
7.299999999999999822e-01
2.700000000000000178e-01
2.186666666666666980e+00
4.000000000000000083e-02
0.000000000000000000e+00
0.000000000000000000e+00
2.999999999999999889e-02
3.333333333333333287e-02
1.333333333333333419e-02
1.723333333333333384e+00
1.000000000000000021e-02
3.666666666666667379e-02
2.266666666666666552e-01
4.333333333333333481e-02
6.666666666666667095e-03
0.000000000000000000e+00
9.333333333333332371e-02
0.000000000000000000e+00
6.666666666666667095e-03
2.333333333333333440e-02
1.733333333333333393e-01
1.100000000000000006e-01
6.000000000000000472e-02
8.933333333333334236e-01
1.533333333333333492e-01
2.083333333333333481e+00
5.466666666666667451e-01
1.633333333333333526e+00
1.433333333333333404e-01
1.309999999999999831e+00
3.333333333333333287e-02
5.999999999999999778e-02
3.666666666666666685e-02
3.300000000000000155e-01
4.333333333333333481e-02
1.866666666666666474e-01
2.166666666666666463e-01
5.733333333333333615e-01
4.833333333333333370e-01
2.166666666666666741e-01
4.000000000000000083e-02
0.000000000000000000e+00
4.466666666666666008e-01
4.000000000000000083e-02
5.666666666666667074e-02
1.566666666666666485e-01
0.000000000000000000e+00
4.666666666666666879e-02
1.333333333333333315e-01
2.133333333333333470e-01
9.000000000000001055e-02
9.900000000000001021e-01
0.000000000000000000e+00
3.666666666666667379e-02
4.333333333333333481e-02
1.433333333333333404e-01
1.666666666666666644e-02
8.000000000000000167e-02
2.766666666666666718e-01
2.933333333333333903e-01
8.333333333333332871e-02
4.233333333333333393e-01
5.966666666666666785e-01
3.333333333333333287e-02
6.000000000000000888e-01
1.106666666666666687e+00
1.333333333333333315e-01
2.999999999999999889e-02
1.666666666666666574e-01
2.000000000000000042e-02
2.333333333333333440e-02
1.633333333333333304e-01
1.516666666666666607e+00
2.800000000000000266e-01
1.429999999999999938e+00
1.666666666666666644e-02
6.333333333333333870e-02
0.000000000000000000e+00
0.000000000000000000e+00
4.000000000000000083e-02
1.000000000000000021e-02
7.666666666666667462e-02
8.666666666666666963e-02
4.333333333333333481e-02
7.666666666666666075e-02
0.000000000000000000e+00
9.000000000000001055e-02
1.000000000000000194e-01
6.000000000000000472e-02
4.899999999999999911e-01
3.200000000000000067e-01
4.000000000000000083e-02
9.333333333333333759e-02
2.099999999999999922e-01
2.000000000000000042e-02
8.666666666666666963e-02
1.939999999999999725e+00
7.666666666666667462e-02
8.766666666666665941e-01
8.666666666666666963e-02
1.123333333333333295e+00
1.743333333333333401e+00
9.333333333333333759e-02
1.256666666666666821e+00
6.000000000000000472e-02
3.666666666666666685e-02
1.033333333333333326e-01
0.000000000000000000e+00
4.000000000000000083e-02
7.666666666666667462e-02
3.966666666666666674e-01
4.066666666666666763e-01
1.000000000000000021e-02
4.166666666666666852e-01
1.696666666666666545e+00
5.999999999999999778e-02
2.000000000000000042e-02
1.899999999999999745e-01
5.999999999999999778e-01
3.333333333333333287e-02
0.000000000000000000e+00
2.666666666666666838e-02
3.333333333333333287e-02
1.633333333333333304e-01
2.633333333333333637e-01
5.333333333333333676e-02
8.700000000000001066e-01
0.000000000000000000e+00
0.000000000000000000e+00
6.333333333333333870e-02
1.666666666666666644e-02
1.639999999999999902e+00
2.800000000000000266e-01
3.666666666666666963e-01
2.333333333333333093e-01
3.433333333333333237e-01
0.000000000000000000e+00
0.000000000000000000e+00
0.000000000000000000e+00
2.333333333333333440e-02
1.333333333333333419e-02
8.666666666666666963e-02
1.199999999999999956e-01
2.000000000000000042e-02
4.966666666666666452e-01
1.766666666666666663e-01
1.713333333333333153e+00
2.566666666666666541e-01
4.666666666666666879e-02
3.033333333333332882e-01
1.286666666666666625e+00
6.133333333333333970e-01
4.099999999999999756e-01
3.933333333333333681e-01
6.666666666666666574e-02
7.333333333333334758e-02
3.333333333333333547e-03
8.566666666666665764e-01
4.333333333333333481e-02
1.133333333333333415e-01
1.033333333333333326e-01
4.133333333333333304e-01
1.700000000000000122e-01
6.533333333333333215e-01
6.666666666666666574e-02
0.000000000000000000e+00
0.000000000000000000e+00
8.266666666666666607e-01
6.666666666666667095e-03
1.196666666666666545e+00
2.466666666666666730e-01
7.333333333333333370e-02
4.000000000000000083e-02
4.666666666666666879e-02
9.266666666666667496e-01
1.300000000000000044e+00
5.266666666666667274e-01
7.333333333333334758e-02
9.666666666666666741e-01
6.666666666666667095e-03
1.266666666666666774e-01
6.666666666666667095e-03
0.000000000000000000e+00
0.000000000000000000e+00
4.766666666666666274e-01
2.300000000000000100e-01
1.546666666666666856e+00
1.333333333333333419e-02
3.666666666666667379e-02
3.333333333333333287e-02
1.550000000000000044e+00
6.133333333333332860e-01
2.133333333333332915e-01
3.800000000000000600e-01
4.266666666666666941e-01
8.699999999999999956e-01
3.166666666666666519e-01
3.326666666666666661e+00
1.233333333333333365e-01
6.000000000000000472e-02
2.106666666666666909e+00
1.396666666666666723e+00
2.999999999999999889e-02
2.099999999999999922e-01
1.213333333333333153e+00
4.033333333333333215e-01
5.666666666666666380e-02
5.333333333333332288e-02
0.000000000000000000e+00
1.033333333333333437e+00
1.133333333333333276e-01
2.266666666666666552e-01
1.033333333333333437e+00
1.833333333333333204e-01
0.000000000000000000e+00
6.266666666666667052e-01
4.999999999999999584e-02
4.099999999999999756e-01
1.150000000000000133e+00
7.500000000000000000e-01
3.666666666666666685e-02
3.566666666666666319e-01
3.666666666666666685e-02
4.900000000000000466e-01
5.566666666666666430e-01
1.086666666666666670e+00
1.636666666666666714e+00
2.810000000000000053e+00
2.129999999999999893e+00
2.116666666666666696e+00
1.886666666666666714e+00
1.000000000000000021e-02
1.000000000000000021e-02
0.000000000000000000e+00
3.966666666666666674e-01
2.000000000000000042e-02
0.000000000000000000e+00
4.333333333333332926e-01
1.033333333333333326e-01
4.166666666666666852e-01
0.000000000000000000e+00
7.666666666666667462e-02
8.333333333333332871e-02
8.000000000000000167e-02
1.199999999999999956e-01
1.129999999999999893e+00
4.899999999999999911e-01
3.933333333333333681e-01
1.033333333333333326e-01
4.333333333333333481e-02
6.666666666666667095e-03
1.266666666666666774e-01
1.199999999999999956e-01
2.300000000000000100e-01
5.133333333333333082e-01
1.739999999999999991e+00
4.233333333333333393e-01
2.696666666666666767e+00
2.066666666666666652e-01
5.666666666666667074e-02
5.333333333333333676e-02
5.000000000000000971e-02
3.300000000000000155e-01
0.000000000000000000e+00
5.333333333333333676e-02
9.666666666666667851e-02
2.000000000000000042e-02
0.000000000000000000e+00
5.999999999999999778e-02
2.366666666666666641e-01
0.000000000000000000e+00
0.000000000000000000e+00
5.000000000000000000e-01
6.999999999999999278e-02
4.666666666666666879e-02
8.333333333333332871e-02
1.933333333333333293e-01
1.700000000000000122e-01
6.666666666666667095e-03
3.000000000000000236e-02
1.533333333333333215e-01
1.116666666666666696e+00
7.666666666666667462e-02
2.700000000000000178e-01
2.433333333333333182e-01
3.333333333333333287e-02
0.000000000000000000e+00
4.333333333333333481e-02
7.333333333333333370e-02
1.033333333333333465e-01
2.899999999999999800e-01
8.333333333333332871e-02
3.633333333333332860e-01
6.333333333333333870e-02
4.799999999999999822e-01
5.333333333333332288e-02
0.000000000000000000e+00
0.000000000000000000e+00
2.666666666666666838e-02
5.999999999999999778e-02
2.666666666666666838e-02
0.000000000000000000e+00
2.333333333333333440e-02
0.000000000000000000e+00
1.333333333333333419e-02
8.666666666666666963e-02
8.333333333333332871e-02
2.333333333333333440e-02
1.666666666666666644e-02
0.000000000000000000e+00
0.000000000000000000e+00
2.333333333333333440e-02
1.933333333333333293e-01
8.666666666666666963e-02
9.333333333333333759e-02
1.853333333333333499e+00
1.300000000000000044e-01
6.999999999999999278e-02
1.000000000000000021e-02
9.666666666666667851e-02
2.533333333333333548e-01
3.333333333333333547e-03
4.999999999999999584e-02
1.099999999999999867e-01
3.333333333333333547e-03
2.666666666666666838e-02
2.000000000000000389e-01
1.100000000000000006e-01
1.333333333333333419e-02
3.000000000000000236e-02
0.000000000000000000e+00
3.933333333333333681e-01
1.666666666666666644e-02
4.000000000000000083e-02
5.333333333333333676e-02
2.999999999999999889e-01
6.666666666666667095e-03
2.033333333333333381e-01
4.199999999999999845e-01
0.000000000000000000e+00
8.000000000000000167e-02
5.333333333333333676e-02
3.666666666666666685e-02
6.666666666666666574e-02
9.233333333333333393e-01
7.333333333333334758e-02
0.000000000000000000e+00
8.966666666666666119e-01
6.000000000000000472e-02
7.666666666666666075e-01
3.766666666666667052e-01
2.020000000000000018e+00
4.099999999999999756e-01
9.666666666666667851e-02
1.333333333333333315e-01
6.333333333333333870e-02
4.333333333333333481e-02
1.199999999999999956e-01
2.800000000000000266e-01
6.833333333333332371e-01
2.000000000000000042e-02
5.999999999999999778e-02
9.666666666666667851e-02
1.990000000000000213e+00
2.199999999999999734e-01
3.333333333333333547e-03
3.800000000000000600e-01
1.173333333333333561e+00
6.099999999999999867e-01
3.333333333333333547e-03
1.926666666666666750e+00
3.066666666666666430e-01
2.999999999999999889e-02
3.333333333333333148e-01
1.833333333333333481e-01
1.360000000000000098e+00
7.466666666666667007e-01
2.899999999999999800e-01
1.899999999999999745e-01
2.299999999999999822e-01
1.416666666666666741e+00
7.333333333333333370e-02
4.666666666666666879e-02
8.000000000000000167e-02
1.669999999999999929e+00
8.866666666666667140e-01
4.199999999999999845e-01
2.666666666666666838e-02
3.333333333333333287e-02
4.000000000000000083e-02
4.000000000000000083e-02
2.833333333333333814e-01
2.466666666666666730e-01
2.133333333333333470e-01
7.666666666666667462e-02
8.599999999999999867e-01
2.466666666666666730e-01
6.666666666666667095e-03
6.466666666666666119e-01
2.666666666666666838e-02
5.833333333333333703e-01
0.000000000000000000e+00
2.333333333333333440e-02
0.000000000000000000e+00
1.433333333333333404e-01
1.366666666666666863e-01
2.999999999999999889e-02
1.590000000000000080e+00
2.999999999999999889e-02
1.499999999999999944e-01
3.266666666666666607e-01
2.099999999999999922e-01
0.000000000000000000e+00
0.000000000000000000e+00
2.799999999999999711e-01
1.333333333333333419e-02
2.999999999999999889e-02
6.333333333333333870e-02
1.499999999999999944e-01
1.033333333333333326e-01
1.533333333333333215e-01
2.240000000000000213e+00
8.466666666666666785e-01
2.743333333333333623e+00
6.966666666666667673e-01
2.379999999999999893e+00
1.533333333333333215e-01
1.026666666666666616e+00
0.000000000000000000e+00
0.000000000000000000e+00
1.333333333333333419e-02
3.333333333333333287e-02
4.333333333333333481e-02
1.566666666666666485e-01
5.333333333333333676e-02
2.966666666666666896e-01
1.633333333333333304e-01
1.266666666666666774e-01
1.666666666666666644e-02
0.000000000000000000e+00
1.866666666666666752e-01
0.000000000000000000e+00
3.333333333333333547e-03
0.000000000000000000e+00
3.333333333333333547e-03
0.000000000000000000e+00
4.333333333333333481e-02
9.000000000000001055e-02
4.666666666666666879e-02
1.503333333333333188e+00
1.300000000000000044e-01
8.333333333333332871e-02
5.999999999999999778e-02
2.000000000000000042e-02
0.000000000000000000e+00
6.666666666666667095e-03
6.666666666666667095e-03
2.633333333333333637e-01
6.633333333333334414e-01
1.000000000000000021e-02
2.633333333333333637e-01
2.666666666666666838e-02
5.433333333333333348e-01
7.933333333333333348e-01
2.666666666666666838e-02
3.333333333333333547e-03
1.066666666666666735e-01
0.000000000000000000e+00
4.000000000000000083e-02
1.666666666666666574e-01
1.119999999999999885e+00
2.133333333333333470e-01
1.816666666666666652e+00
0.000000000000000000e+00
6.666666666666667095e-03
3.333333333333333547e-03
6.666666666666667095e-03
2.666666666666666838e-02
1.666666666666666644e-02
1.100000000000000006e-01
8.666666666666666963e-02
4.000000000000000083e-02
6.666666666666667095e-03
0.000000000000000000e+00
4.666666666666666879e-02
5.333333333333333676e-02
3.333333333333333547e-03
5.566666666666667540e-01
3.899999999999999578e-01
4.000000000000000083e-02
2.099999999999999922e-01
1.729999999999999760e+00
9.333333333333333759e-02
3.300000000000000155e-01
2.396666666666666501e+00
3.266666666666666607e-01
1.593333333333333490e+00
9.666666666666666463e-02
4.966666666666665897e-01
1.520000000000000240e+00
6.666666666666666574e-02
1.246666666666666812e+00
1.633333333333333304e-01
7.000000000000000666e-02
1.199999999999999956e-01
1.666666666666666574e-01
1.600000000000000033e-01
1.466666666666666674e-01
3.366666666666666696e-01
3.233333333333333059e-01
1.000000000000000194e-01
2.466666666666666730e-01
8.666666666666666963e-01
1.099999999999999867e-01
6.666666666666667095e-03
2.999999999999999889e-02
6.833333333333332371e-01
2.333333333333333440e-02
0.000000000000000000e+00
1.666666666666666574e-01
2.000000000000000042e-02
4.633333333333333193e-01
3.666666666666666963e-01
3.666666666666666685e-02
1.073333333333333250e+00
2.666666666666666838e-02
5.999999999999999778e-02
5.666666666666667074e-02
6.666666666666666574e-02
2.999999999999999889e-01
3.866666666666667140e-01
4.266666666666666941e-01
2.366666666666666641e-01
1.133333333333333276e-01
3.000000000000000236e-02
1.100000000000000006e-01
3.333333333333333547e-03
3.666666666666666685e-02
4.000000000000000083e-02
0.000000000000000000e+00
4.666666666666666879e-02
2.333333333333333440e-02
4.966666666666666452e-01
3.133333333333333526e-01
3.386666666666666714e+00
7.600000000000001199e-01
3.666666666666667379e-02
2.666666666666666630e-01
1.713333333333333153e+00
1.110000000000000098e+00
2.199999999999999734e-01
1.499999999999999944e-01
6.666666666666667095e-03
0.000000000000000000e+00
0.000000000000000000e+00
1.406666666666666510e+00
2.300000000000000100e-01
7.000000000000000666e-02
1.333333333333333315e-01
1.096666666666666679e+00
1.000000000000000021e-02
8.033333333333332327e-01
3.333333333333333287e-02
6.666666666666667095e-03
3.333333333333333547e-03
1.050000000000000044e+00
1.399999999999999856e-01
1.573333333333333250e+00
1.433333333333333404e-01
9.000000000000001055e-02
3.666666666666667379e-02
1.999999999999999833e-01
6.899999999999999467e-01
1.743333333333333401e+00
6.566666666666666208e-01
4.000000000000000083e-02
7.999999999999999334e-01
2.333333333333333440e-02
7.633333333333333082e-01
0.000000000000000000e+00
1.333333333333333419e-02
9.999999999999999167e-02
9.100000000000000311e-01
1.466666666666666674e-01
8.866666666666667140e-01
6.666666666666667095e-03
8.666666666666666963e-02
3.333333333333333287e-02
1.503333333333333632e+00
8.533333333333333881e-01
1.499999999999999944e-01
2.133333333333333470e-01
3.233333333333333059e-01
3.933333333333333681e-01
4.366666666666667029e-01
1.773333333333333428e+00
2.366666666666666641e-01
5.333333333333333676e-02
1.773333333333333428e+00
1.713333333333333597e+00
4.000000000000000083e-02
1.166666666666666546e-01
5.733333333333333615e-01
7.866666666666666252e-01
4.666666666666666879e-02
1.499999999999999944e-01
3.666666666666667379e-02
1.693333333333333357e+00
1.099999999999999867e-01
1.799999999999999656e-01
1.933333333333333570e-01
5.999999999999999778e-02
0.000000000000000000e+00
5.566666666666667540e-01
1.666666666666666644e-02
5.366666666666667362e-01
1.343333333333333490e+00
1.656666666666666510e+00
4.000000000000000083e-02
3.699999999999999400e-01
0.000000000000000000e+00
1.700000000000000122e-01
3.333333333333333148e-01
1.536666666666666847e+00
6.633333333333333304e-01
1.546666666666666856e+00
2.196666666666666767e+00
