1.783333333333333215e+00
2.333333333333333093e-02
2.333333333333333648e-01
2.166666666666666741e-01
5.933333333333332682e-01
8.566666666666665764e-01
3.386666666666666714e+00
1.343333333333333490e+00
1.433333333333333404e-01
3.800000000000000600e-01
5.699999999999999512e-01
2.600000000000000089e-01
5.133333333333333082e-01
4.499999999999999556e-01
2.900000000000000355e-01
3.733333333333333504e-01
7.266666666666666829e-01
1.000000000000000000e+00
2.083333333333333481e+00
1.809999999999999831e+00
1.146666666666666723e+00
1.030000000000000027e+00
2.033333333333333215e+00
8.666666666666666963e-02
2.566666666666666541e-01
1.253333333333333410e+00
6.600000000000000311e-01
1.700000000000000122e-01
8.100000000000000533e-01
2.700000000000000178e-01
2.833333333333333814e-01
2.133333333333333470e-01
7.700000000000000178e-01
1.233333333333333365e-01
3.499999999999999223e-01
1.333333333333333315e-01
3.333333333333333547e-03
0.000000000000000000e+00
1.666666666666666644e-02
2.333333333333333440e-02
1.000000000000000021e-02
4.999999999999999584e-02
1.033333333333333326e-01
0.000000000000000000e+00
2.000000000000000042e-02
1.666666666666666644e-02
0.000000000000000000e+00
2.000000000000000042e-02
2.299999999999999822e-01
0.000000000000000000e+00
0.000000000000000000e+00
2.000000000000000042e-02
3.099999999999999978e-01
1.000000000000000021e-02
1.899999999999999745e-01
9.766666666666665719e-01
9.899999999999998801e-01
3.300000000000000155e-01
7.333333333333333925e-01
3.366666666666666696e-01
1.276666666666666616e+00
2.233333333333333004e-01
6.666666666666666574e-02
2.000000000000000042e-02
0.000000000000000000e+00
0.000000000000000000e+00
1.000000000000000021e-02
1.000000000000000021e-02
6.666666666666667095e-03
3.333333333333333547e-03
0.000000000000000000e+00
1.366666666666666863e-01
1.933333333333333570e-01
0.000000000000000000e+00
1.333333333333333419e-02
0.000000000000000000e+00
2.099999999999999645e-01
2.666666666666666838e-02
0.000000000000000000e+00
5.999999999999999778e-02
2.833333333333333814e-01
8.333333333333332871e-02
5.999999999999999778e-02
3.366666666666666141e-01
5.200000000000000178e-01
1.193333333333333357e+00
8.133333333333333526e-01
0.000000000000000000e+00
5.833333333333333703e-01
3.366666666666666696e-01
1.000000000000000194e-01
1.399999999999999856e-01
1.650000000000000133e+00
6.666666666666667095e-03
2.666666666666666838e-02
2.933333333333332793e-01
0.000000000000000000e+00
3.333333333333333287e-02
3.333333333333333547e-03
0.000000000000000000e+00
0.000000000000000000e+00
1.333333333333333419e-02
1.266666666666666774e-01
1.333333333333333419e-02
1.000000000000000021e-02
0.000000000000000000e+00
3.666666666666667379e-02
1.333333333333333315e-01
3.333333333333333287e-02
4.999999999999999584e-02
1.466666666666666952e-01
1.306666666666666643e+00
4.233333333333333393e-01
1.736666666666666581e+00
4.599999999999999645e-01
3.300000000000000155e-01
4.866666666666666363e-01
3.500000000000000333e-01
1.300000000000000044e-01
8.000000000000000167e-02
6.333333333333333870e-02
1.666666666666666644e-02
5.999999999999999778e-02
2.000000000000000042e-02
1.000000000000000021e-02
1.333333333333333419e-02
1.000000000000000021e-02
1.000000000000000021e-02
0.000000000000000000e+00
1.666666666666666644e-02
2.000000000000000042e-02
0.000000000000000000e+00
0.000000000000000000e+00
1.666666666666666644e-02
3.333333333333333547e-03
2.033333333333333381e-01
2.766666666666666718e-01
9.000000000000000222e-01
3.999999999999999667e-01
2.983333333333332948e+00
1.550000000000000044e+00
3.300000000000000155e-01
2.666666666666666630e-01
9.000000000000001055e-02
6.666666666666667095e-03
5.366666666666666252e-01
4.666666666666666879e-02
1.000000000000000021e-02
1.899999999999999745e-01
3.666666666666666685e-02
2.666666666666666838e-02
0.000000000000000000e+00
3.333333333333333547e-03
7.333333333333334758e-02
4.999999999999999584e-02
2.333333333333333093e-02
0.000000000000000000e+00
2.000000000000000042e-02
2.199999999999999734e-01
0.000000000000000000e+00
4.000000000000000083e-02
1.933333333333333293e-01
0.000000000000000000e+00
2.000000000000000042e-02
2.533333333333333548e-01
3.533333333333333326e-01
1.466666666666666674e-01
1.700000000000000122e-01
2.500000000000000000e-01
8.166666666666667629e-01
0.000000000000000000e+00
1.330000000000000071e+00
7.000000000000000666e-02
7.666666666666667462e-02
0.000000000000000000e+00
6.666666666666666574e-02
1.666666666666666644e-02
0.000000000000000000e+00
0.000000000000000000e+00
0.000000000000000000e+00
1.000000000000000021e-02
3.333333333333333287e-02
3.333333333333333547e-03
0.000000000000000000e+00
0.000000000000000000e+00
4.333333333333333481e-02
1.333333333333333419e-02
6.666666666666667095e-03
6.333333333333333037e-01
1.133333333333333276e-01
1.333333333333333419e-02
5.100000000000000089e-01
5.966666666666666785e-01
3.233333333333333059e-01
5.999999999999999778e-01
7.633333333333333082e-01
6.466666666666666119e-01
1.999999999999999833e-01
5.699999999999999512e-01
3.183333333333333126e+00
2.933333333333333903e-01
1.690000000000000169e+00
1.540000000000000036e+00
2.033333333333333659e+00
1.650000000000000133e+00
2.333333333333333093e-01
4.666666666666666879e-02
8.333333333333332871e-02
6.000000000000000472e-02
4.433333333333333570e-01
0.000000000000000000e+00
1.000000000000000021e-02
2.000000000000000042e-02
2.066666666666666652e-01
3.600000000000000422e-01
3.166666666666667074e-01
4.566666666666667207e-01
6.666666666666667095e-03
1.000000000000000021e-02
1.199999999999999956e-01
5.433333333333333348e-01
4.000000000000000083e-02
0.000000000000000000e+00
1.333333333333333419e-02
2.666666666666666838e-02
2.999999999999999889e-02
0.000000000000000000e+00
0.000000000000000000e+00
8.333333333333332871e-02
0.000000000000000000e+00
8.000000000000000167e-02
1.000000000000000021e-02
8.000000000000000167e-02
0.000000000000000000e+00
1.666666666666666644e-02
1.133333333333333276e-01
2.199999999999999734e-01
3.333333333333333547e-03
3.733333333333332948e-01
3.466666666666666785e-01
4.000000000000000083e-02
4.833333333333333925e-01
6.466666666666666119e-01
2.223333333333333162e+00
1.166666666666666546e-01
1.013333333333333419e+00
3.166666666666666519e-01
1.759999999999999787e+00
8.900000000000000133e-01
1.633333333333333304e-01
5.333333333333333676e-02
1.746666666666666812e+00
3.499999999999999223e-01
6.666666666666667095e-03
3.099999999999999978e-01
9.666666666666667851e-01
2.666666666666666838e-02
1.333333333333333419e-02
9.499999999999998446e-01
8.666666666666666963e-02
0.000000000000000000e+00
2.366666666666666641e-01
1.343333333333333490e+00
5.666666666666667074e-02
9.233333333333333393e-01
1.199999999999999956e-01
7.333333333333334758e-02
1.800000000000000211e-01
1.233333333333333365e-01
3.333333333333333287e-02
7.500000000000000000e-01
7.833333333333333259e-01
0.000000000000000000e+00
0.000000000000000000e+00
1.966666666666666563e-01
6.366666666666666030e-01
0.000000000000000000e+00
1.103333333333333277e+00
1.766666666666666663e-01
0.000000000000000000e+00
0.000000000000000000e+00
3.133333333333333526e-01
4.033333333333333215e-01
0.000000000000000000e+00
1.166666666666666546e-01
7.799999999999999156e-01
2.299999999999999822e-01
7.200000000000000844e-01
3.000000000000000236e-02
8.566666666666667984e-01
1.183333333333333348e+00
1.133333333333333276e-01
7.799999999999999156e-01
5.433333333333333348e-01
1.159999999999999920e+00
2.133333333333333470e-01
3.366666666666666696e-01
9.766666666666665719e-01
4.000000000000000083e-02
1.299999999999999767e-01
1.410000000000000142e+00
9.000000000000001055e-02
1.000000000000000000e+00
1.300000000000000044e+00
2.233333333333333004e-01
1.083333333333333259e+00
4.700000000000000289e-01
0.000000000000000000e+00
4.333333333333333481e-02
9.599999999999999645e-01
7.333333333333331983e-02
0.000000000000000000e+00
2.033333333333333381e-01
8.000000000000000167e-02
8.999999999999998279e-02
0.000000000000000000e+00
3.866666666666667140e-01
1.000000000000000000e+00
0.000000000000000000e+00
4.000000000000000083e-02
1.360000000000000098e+00
7.333333333333333370e-02
3.666666666666666685e-02
5.933333333333333792e-01
8.900000000000000133e-01
8.000000000000000167e-02
8.199999999999999512e-01
7.666666666666667462e-02
9.966666666666667007e-01
4.799999999999999822e-01
2.000000000000000042e-02
5.166666666666667185e-01
2.000000000000000042e-02
6.666666666666667095e-03
0.000000000000000000e+00
2.700000000000000178e-01
8.333333333333332871e-02
0.000000000000000000e+00
4.833333333333333370e-01
1.233333333333333365e-01
3.333333333333333547e-03
2.800000000000000266e-01
1.366666666666666863e-01
9.333333333333333759e-02
3.099999999999999978e-01
1.666666666666666644e-02
1.866666666666666752e-01
2.020000000000000018e+00
1.883333333333333526e+00
6.933333333333333570e-01
