1.700000000000000122e-01
3.833333333333333037e-01
3.666666666666667379e-02
1.440000000000000169e+00
2.733333333333333171e-01
1.660000000000000142e+00
4.433333333333333570e-01
1.600000000000000033e-01
4.666666666666666879e-02
6.666666666666666574e-02
4.499999999999999556e-01
2.666666666666666838e-02
0.000000000000000000e+00
2.533333333333333548e-01
8.666666666666666963e-02
7.533333333333332993e-01
1.159999999999999920e+00
4.000000000000000083e-02
3.033333333333332882e-01
3.333333333333333547e-03
2.300000000000000100e-01
2.399999999999999911e-01
0.000000000000000000e+00
2.266666666666666829e-01
2.399999999999999911e-01
2.000000000000000389e-01
2.933333333333333903e-01
0.000000000000000000e+00
1.343333333333333490e+00
8.333333333333332871e-02
6.099999999999999867e-01
5.966666666666666785e-01
1.166666666666666546e-01
2.600000000000000089e-01
1.333333333333333315e-01
4.333333333333333481e-02
1.433333333333333126e-01
3.666666666666666685e-02
2.766666666666666718e-01
5.666666666666666380e-02
1.000000000000000194e-01
2.999999999999999889e-02
2.999999999999999889e-02
1.000000000000000021e-02
8.000000000000000167e-02
8.333333333333332871e-02
3.066666666666666430e-01
9.999999999999999167e-02
3.966666666666666674e-01
3.733333333333332948e-01
3.666666666666667379e-02
1.346666666666666679e+00
4.999999999999999584e-02
5.499999999999999334e-01
1.033333333333333326e-01
2.533333333333333548e-01
0.000000000000000000e+00
1.700000000000000122e-01
3.333333333333333547e-03
1.000000000000000194e-01
4.333333333333333481e-02
3.000000000000000236e-02
9.000000000000001055e-02
1.666666666666666644e-02
6.666666666666666574e-02
5.666666666666666380e-02
2.799999999999999711e-01
1.133333333333333276e-01
2.333333333333333093e-01
2.700000000000000178e-01
1.199999999999999956e-01
2.733333333333333726e-01
0.000000000000000000e+00
9.000000000000001055e-02
1.013333333333333419e+00
2.666666666666666838e-02
8.000000000000000167e-02
0.000000000000000000e+00
1.743333333333333401e+00
9.333333333333332371e-02
1.366666666666666585e-01
0.000000000000000000e+00
8.866666666666667140e-01
8.833333333333333037e-01
4.233333333333333393e-01
1.253333333333333410e+00
3.266666666666666607e-01
1.666666666666666574e-01
2.866666666666666807e-01
4.000000000000000083e-02
1.266666666666666774e-01
2.999999999999999889e-02
7.599999999999998979e-01
5.666666666666667074e-02
1.833333333333333204e-01
8.000000000000000167e-02
7.399999999999998801e-01
3.666666666666666963e-01
6.099999999999999867e-01
8.333333333333332871e-02
6.666666666666667095e-03
4.000000000000000083e-02
8.000000000000000167e-02
1.223333333333333384e+00
2.666666666666666838e-02
1.499999999999999944e-01
1.333333333333333419e-02
7.533333333333332993e-01
1.833333333333333481e-01
6.900000000000000577e-01
1.000000000000000021e-02
1.199999999999999956e-01
2.666666666666666838e-02
7.133333333333332638e-01
9.066666666666667318e-01
4.766666666666667385e-01
3.633333333333333415e-01
8.266666666666666607e-01
0.000000000000000000e+00
6.666666666666667095e-03
6.666666666666667095e-03
1.333333333333333315e-01
5.400000000000000355e-01
1.033333333333333326e-01
1.066666666666666735e-01
4.666666666666666879e-02
4.333333333333333481e-01
2.999999999999999889e-02
3.433333333333333237e-01
7.733333333333334281e-01
