1.099999999999999867e+00
5.999999999999999778e-02
1.363333333333333286e+00
1.833333333333333481e-01
5.633333333333333526e-01
5.933333333333332682e-01
1.333333333333333419e-02
6.666666666666667095e-03
7.799999999999999156e-01
6.466666666666667229e-01
3.333333333333333547e-03
3.333333333333333547e-03
1.020000000000000018e+00
3.333333333333333287e-02
0.000000000000000000e+00
6.666666666666667095e-03
2.666666666666666838e-02
2.666666666666666838e-02
1.000000000000000021e-02
3.066666666666666430e-01
1.333333333333333315e-01
1.343333333333333490e+00
9.000000000000001055e-02
9.899999999999998801e-01
1.270000000000000018e+00
1.666666666666666644e-02
4.933333333333333459e-01
9.333333333333333759e-02
1.626666666666666927e+00
3.000000000000000444e-01
6.999999999999999278e-02
2.666666666666666144e-02
2.300000000000000100e-01
3.033333333333333437e-01
7.333333333333333370e-02
8.000000000000000167e-02
6.666666666666667095e-03
6.566666666666666208e-01
1.366666666666666863e-01
3.666666666666667379e-02
2.999999999999999889e-02
3.333333333333333547e-03
8.000000000000000167e-02
8.466666666666666785e-01
0.000000000000000000e+00
0.000000000000000000e+00
1.033333333333333326e-01
6.666666666666667095e-03
0.000000000000000000e+00
4.666666666666666879e-02
1.233333333333333365e-01
5.666666666666667074e-02
1.566666666666666485e-01
1.066666666666666735e-01
5.666666666666667074e-02
2.333333333333333440e-02
5.333333333333333676e-02
8.933333333333332016e-01
2.333333333333333093e-02
2.666666666666666630e-01
7.333333333333334758e-02
2.333333333333333440e-02
5.766666666666666607e-01
7.766666666666667274e-01
1.333333333333333315e-01
8.666666666666666963e-02
3.666666666666666685e-02
3.333333333333333547e-03
1.000000000000000021e-02
1.666666666666666644e-02
0.000000000000000000e+00
0.000000000000000000e+00
8.366666666666665586e-01
2.999999999999999889e-01
0.000000000000000000e+00
3.333333333333333547e-03
9.666666666666666741e-01
3.666666666666666685e-02
2.999999999999999889e-01
3.033333333333333437e-01
1.503333333333333188e+00
