9.933333333333332904e-01
7.966666666666667451e-01
6.166666666666666963e-01
1.133333333333333526e+00
1.999999999999999833e-01
2.600000000000000089e-01
2.800000000000000266e-01
1.133333333333333276e-01
2.000000000000000042e-02
2.666666666666666630e-01
7.666666666666667462e-02
1.156666666666666510e+00
7.533333333333332993e-01
9.333333333333333759e-02
5.666666666666667074e-02
2.666666666666666630e-01
1.826666666666666439e+00
4.133333333333333304e-01
1.533333333333333215e-01
3.333333333333333547e-03
7.999999999999999334e-01
8.566666666666665764e-01
5.000000000000000971e-02
5.333333333333333676e-02
4.333333333333333481e-02
9.766666666666666829e-01
1.199999999999999956e-01
0.000000000000000000e+00
6.333333333333333870e-02
1.230000000000000204e+00
3.533333333333333326e-01
2.500000000000000000e-01
9.999999999999999167e-02
3.933333333333333126e-01
1.253333333333333188e+00
5.566666666666666430e-01
1.300000000000000044e-01
2.166666666666666741e-01
9.466666666666666563e-01
1.333333333333333315e-01
2.833333333333333814e-01
4.799999999999999822e-01
1.966666666666666841e-01
5.499999999999999334e-01
3.666666666666666685e-02
4.700000000000000289e-01
9.533333333333332549e-01
6.333333333333333037e-01
2.000000000000000042e-02
8.166666666666665408e-01
3.366666666666666696e-01
1.000000000000000021e-02
3.000000000000000236e-02
8.833333333333333037e-01
0.000000000000000000e+00
1.533333333333333215e-01
1.899999999999999745e-01
3.000000000000000236e-02
6.666666666666667095e-03
3.066666666666666430e-01
2.600000000000000089e-01
4.099999999999999756e-01
3.066666666666666430e-01
4.766666666666666274e-01
2.166666666666666741e-01
7.333333333333333370e-02
5.266666666666666163e-01
7.400000000000001021e-01
5.633333333333333526e-01
1.360000000000000098e+00
3.200000000000000067e-01
6.666666666666666297e-01
5.366666666666666252e-01
3.733333333333332948e-01
1.800000000000000211e-01
0.000000000000000000e+00
2.833333333333333259e-01
1.633333333333333304e-01
7.000000000000000666e-02
2.800000000000000266e-01
1.966666666666666563e-01
1.293333333333333224e+00
5.933333333333333792e-01
7.333333333333333370e-02
2.999999999999999889e-02
1.666666666666666574e-01
2.163333333333333552e+00
1.313333333333333464e+00
3.699999999999999400e-01
1.333333333333333419e-02
1.476666666666666572e+00
1.933333333333333348e+00
1.133333333333333276e-01
1.766666666666666663e-01
7.666666666666666075e-02
9.933333333333332904e-01
1.666666666666666574e-01
1.333333333333333419e-02
1.566666666666666485e-01
1.343333333333333490e+00
5.733333333333333615e-01
3.533333333333333326e-01
9.999999999999999167e-02
3.866666666666666585e-01
1.083333333333333259e+00
9.500000000000000666e-01
2.966666666666666341e-01
1.466666666666666397e-01
2.656666666666666732e+00
3.066666666666666430e-01
5.999999999999999778e-01
1.293333333333333224e+00
2.633333333333333637e-01
5.300000000000000266e-01
4.333333333333333481e-02
9.899999999999998801e-01
8.366666666666665586e-01
4.400000000000000022e-01
1.033333333333333326e-01
6.866666666666666474e-01
3.633333333333333415e-01
0.000000000000000000e+00
4.333333333333333481e-02
5.566666666666666430e-01
0.000000000000000000e+00
3.266666666666666607e-01
7.000000000000000666e-02
2.000000000000000042e-02
0.000000000000000000e+00
1.966666666666666563e-01
3.533333333333333326e-01
3.033333333333333992e-01
1.639999999999999902e+00
7.999999999999999334e-01
2.233333333333333004e-01
1.133333333333333276e-01
1.186666666666666758e+00
4.866666666666666363e-01
5.800000000000000711e-01
1.943333333333333135e+00
