1.080000000000000071e+00
8.666666666666666963e-02
6.333333333333333870e-02
8.066666666666666430e-01
3.733333333333333504e-01
1.133333333333333276e-01
0.000000000000000000e+00
5.499999999999999334e-01
1.966666666666666841e-01
2.200000000000000011e-01
9.599999999999999645e-01
5.999999999999999778e-02
1.866666666666666474e-01
1.000000000000000021e-02
1.166666666666666546e-01
2.500000000000000000e-01
0.000000000000000000e+00
2.033333333333333381e-01
1.400000000000000133e-01
1.300000000000000044e-01
5.233333333333333171e-01
1.063333333333333242e+00
0.000000000000000000e+00
0.000000000000000000e+00
2.666666666666666838e-02
3.333333333333333547e-03
2.266666666666666829e-01
1.133333333333333415e-01
2.166666666666666741e-01
1.466666666666666674e-01
1.100000000000000006e-01
9.000000000000001055e-02
1.133333333333333304e+00
8.333333333333332871e-02
2.699999999999999623e-01
2.700000000000000178e-01
7.333333333333333370e-02
2.800000000000000266e-01
1.006666666666666599e+00
8.000000000000000167e-02
2.733333333333333726e-01
2.399999999999999911e-01
2.466666666666666730e-01
2.166666666666666741e-01
1.833333333333333481e-01
6.333333333333333870e-02
1.533333333333333492e-01
1.066666666666666735e-01
4.333333333333333481e-02
5.666666666666667074e-02
0.000000000000000000e+00
1.066666666666666458e-01
2.333333333333333440e-02
4.999999999999999584e-02
5.099999999999998979e-01
2.700000000000000178e-01
7.600000000000001199e-01
1.216666666666666563e+00
0.000000000000000000e+00
0.000000000000000000e+00
0.000000000000000000e+00
0.000000000000000000e+00
1.666666666666666644e-02
0.000000000000000000e+00
7.000000000000000666e-02
1.999999999999999833e-01
1.333333333333333315e-01
2.333333333333333093e-01
2.899999999999999800e-01
9.833333333333333925e-01
5.233333333333333171e-01
1.133333333333333276e-01
3.566666666666666874e-01
4.333333333333333481e-02
3.533333333333332771e-01
1.499999999999999944e-01
8.699999999999999956e-01
1.370000000000000107e+00
9.000000000000000222e-01
