8.766666666666665941e-01
1.366666666666666585e-01
2.200000000000000011e-01
3.600000000000000422e-01
2.199999999999999734e-01
1.763333333333333419e+00
4.033333333333333215e-01
1.166666666666666546e-01
1.726666666666666572e+00
1.936666666666666536e+00
9.599999999999999645e-01
2.753333333333333410e+00
6.099999999999999867e-01
2.149999999999999911e+00
3.366666666666666696e-01
6.433333333333334236e-01
2.149999999999999911e+00
1.493333333333333401e+00
2.666666666666666838e-02
9.333333333333333759e-02
1.666666666666666574e-01
4.866666666666666363e-01
3.666666666666666963e-01
1.533333333333333492e-01
1.766666666666666663e-01
1.733333333333333393e-01
9.333333333333332371e-01
1.013333333333333419e+00
5.333333333333333676e-02
2.233333333333333559e-01
1.263333333333333419e+00
6.400000000000000133e-01
1.666666666666666644e-02
3.333333333333333287e-02
3.299999999999999600e-01
5.000000000000000971e-02
1.639999999999999902e+00
2.693333333333333357e+00
4.933333333333333459e-01
4.733333333333333282e-01
3.466666666666666785e-01
0.000000000000000000e+00
2.566666666666666541e-01
1.000000000000000021e-02
4.333333333333333481e-02
2.866666666666666807e-01
1.133333333333333276e-01
7.333333333333333370e-02
1.016666666666666607e+00
6.333333333333333870e-02
8.333333333333332871e-02
1.666666666666666574e-01
1.733333333333333393e-01
1.066666666666666735e-01
1.466666666666666952e-01
1.933333333333333293e-01
1.900000000000000300e-01
1.583333333333333259e+00
4.766666666666667385e-01
1.406666666666666510e+00
8.266666666666666607e-01
1.239999999999999991e+00
8.333333333333332871e-02
1.300000000000000044e-01
2.766666666666666718e-01
1.133333333333333276e-01
1.230000000000000204e+00
5.566666666666666430e-01
1.156666666666666732e+00
1.866666666666666752e-01
3.233333333333333059e-01
1.386666666666666714e+00
2.600000000000000089e-01
2.333333333333333093e-01
2.533333333333333548e-01
1.100000000000000006e-01
2.133333333333333470e-01
4.649999999999999467e+00
