2.149999999999999911e+00
4.533333333333333104e-01
1.566666666666666652e+00
2.466666666666666730e-01
3.066666666666666430e-01
1.033333333333333326e-01
9.133333333333334414e-01
8.000000000000000167e-02
9.333333333333333759e-02
9.166666666666666297e-01
1.000000000000000021e-02
2.400000000000000189e-01
3.366666666666666696e-01
7.599999999999998979e-01
3.400000000000000244e-01
1.533333333333333492e-01
1.096666666666666679e+00
2.166666666666666741e-01
7.500000000000000000e-01
2.333333333333333093e-01
1.233333333333333365e-01
1.766666666666666663e-01
1.346666666666666679e+00
3.333333333333333287e-02
1.766666666666666663e-01
5.166666666666667185e-01
4.999999999999999584e-02
1.250000000000000000e+00
2.199999999999999734e-01
1.873333333333333295e+00
1.146666666666666501e+00
1.533333333333333492e-01
1.933333333333333293e-01
1.020000000000000018e+00
2.466666666666666730e-01
9.666666666666667851e-02
3.533333333333333326e-01
4.666666666666666879e-02
1.570000000000000062e+00
1.566666666666666485e-01
2.633333333333333637e-01
2.399999999999999911e-01
4.466666666666666008e-01
6.400000000000000133e-01
1.423333333333333561e+00
4.599999999999999645e-01
8.900000000000000133e-01
5.933333333333332682e-01
5.033333333333332993e-01
7.099999999999999645e-01
2.676666666666667194e+00
