3.589999999999999858e+00
1.610000000000000098e+00
1.750000000000000000e+00
1.489999999999999991e+00
7.399999999999998801e-01
2.033333333333333381e-01
9.000000000000000222e-01
1.100000000000000006e-01
4.266666666666666941e-01
1.933333333333333570e-01
2.899999999999999800e-01
1.199999999999999956e-01
9.500000000000000666e-01
2.366666666666666641e-01
5.666666666666666380e-02
2.999999999999999889e-01
2.633333333333333082e-01
1.166666666666666546e-01
3.666666666666667379e-02
2.733333333333333726e-01
6.666666666666667095e-03
4.000000000000000083e-02
1.866666666666666752e-01
1.366666666666666918e+00
1.300000000000000044e-01
1.240000000000000213e+00
