6.699999999999999289e-01
3.866666666666667140e-01
1.400000000000000133e+00
5.733333333333333615e-01
5.433333333333333348e-01
1.276666666666666616e+00
6.666666666666666297e-01
2.000000000000000000e+00
2.433333333333333182e-01
4.333333333333333481e-01
4.333333333333333481e-02
7.799999999999999156e-01
0.000000000000000000e+00
1.123333333333333295e+00
1.110000000000000098e+00
0.000000000000000000e+00
0.000000000000000000e+00
2.766666666666666718e-01
6.033333333333333881e-01
5.400000000000000355e-01
1.399999999999999856e-01
4.000000000000000083e-02
3.000000000000000236e-02
8.333333333333332871e-02
8.333333333333332871e-02
1.433333333333333404e-01
2.366666666666666641e-01
1.666666666666666644e-02
1.333333333333333315e-01
5.600000000000000533e-01
1.266666666666666774e-01
2.000000000000000042e-02
6.666666666666666574e-02
3.099999999999999978e-01
1.333333333333333419e-02
0.000000000000000000e+00
1.700000000000000122e-01
2.733333333333333726e-01
7.966666666666667451e-01
1.776666666666666616e+00
4.166666666666666852e-01
2.000000000000000042e-02
1.120000000000000107e+00
1.419999999999999929e+00
0.000000000000000000e+00
1.833333333333333481e-01
2.566666666666666541e-01
9.000000000000001055e-02
5.333333333333333676e-02
3.833333333333333037e-01
9.566666666666666652e-01
3.066666666666666430e-01
6.666666666666666574e-02
1.666666666666666644e-02
8.233333333333332504e-01
6.633333333333333304e-01
8.666666666666666963e-02
1.000000000000000021e-02
1.533333333333333215e-01
1.466666666666666674e-01
1.033333333333333326e-01
1.100000000000000089e+00
6.333333333333333870e-02
0.000000000000000000e+00
9.666666666666667851e-02
2.000000000000000042e-02
0.000000000000000000e+00
6.666666666666667095e-03
3.699999999999999400e-01
3.666666666666666685e-02
4.333333333333333481e-02
1.500000000000000222e-01
6.633333333333333304e-01
1.033333333333333326e-01
0.000000000000000000e+00
3.366666666666666696e-01
2.800000000000000266e-01
4.999999999999999584e-02
9.666666666666667851e-02
6.633333333333333304e-01
7.200000000000000844e-01
7.333333333333331983e-02
9.999999999999999167e-02
7.166666666666666741e-01
5.066666666666667096e-01
6.333333333333333870e-02
4.099999999999999756e-01
3.833333333333333037e-01
7.666666666666667462e-02
1.499999999999999944e-01
1.366666666666666863e-01
1.666666666666666644e-02
1.266666666666666774e-01
9.233333333333333393e-01
9.666666666666666463e-02
1.666666666666666644e-02
5.399999999999999245e-01
1.100000000000000006e-01
3.666666666666667379e-02
3.466666666666666785e-01
3.233333333333333059e-01
9.666666666666666463e-02
7.333333333333334758e-02
9.999999999999999167e-02
1.700000000000000122e-01
1.666666666666666644e-02
5.166666666666666075e-01
1.666666666666666574e-01
7.666666666666667462e-02
0.000000000000000000e+00
7.000000000000000666e-02
5.333333333333333676e-02
0.000000000000000000e+00
3.433333333333333237e-01
9.666666666666667851e-02
5.066666666666667096e-01
4.000000000000000083e-02
7.233333333333332726e-01
5.999999999999999778e-02
3.333333333333333547e-03
7.666666666666667462e-02
6.166666666666666963e-01
1.666666666666666644e-02
3.333333333333333547e-03
2.200000000000000011e-01
3.666666666666666963e-01
5.866666666666666696e-01
4.899999999999999911e-01
2.433333333333333182e-01
6.666666666666667095e-03
1.473333333333333384e+00
3.666666666666666685e-02
7.666666666666667462e-02
2.233333333333333004e-01
1.699999999999999956e+00
1.523333333333333428e+00
1.666666666666666644e-02
1.040000000000000036e+00
2.339999999999999858e+00
2.216666666666666785e+00
1.349999999999999867e+00
1.260000000000000009e+00
3.133333333333332971e-01
1.496666666666666812e+00
7.000000000000000666e-02
4.000000000000000083e-02
6.666666666666666574e-02
4.333333333333333481e-01
1.000000000000000021e-02
1.093333333333333490e+00
1.313333333333333464e+00
4.666666666666666879e-02
0.000000000000000000e+00
8.066666666666666430e-01
3.633333333333333415e-01
1.463333333333333597e+00
5.033333333333332993e-01
7.799999999999999156e-01
1.733333333333333393e-01
4.666666666666666186e-01
2.833333333333333814e-01
3.400000000000000244e-01
2.999999999999999889e-01
2.333333333333333093e-02
1.333333333333333419e-02
6.733333333333333393e-01
2.433333333333333182e-01
0.000000000000000000e+00
4.333333333333333481e-02
4.033333333333333215e-01
6.666666666666667095e-03
9.666666666666666463e-02
3.366666666666666141e-01
1.900000000000000300e-01
6.700000000000000400e-01
9.166666666666666297e-01
4.400000000000000022e-01
5.466666666666667451e-01
7.200000000000000844e-01
8.800000000000000044e-01
3.333333333333333287e-02
3.033333333333332882e-01
1.133333333333333276e-01
1.333333333333333419e-02
5.333333333333333676e-02
3.000000000000000236e-02
8.966666666666666119e-01
4.000000000000000083e-02
0.000000000000000000e+00
5.333333333333334370e-02
1.330000000000000071e+00
7.633333333333333082e-01
2.433333333333333182e-01
3.666666666666667379e-02
2.466666666666666730e-01
8.566666666666667984e-01
2.766666666666666718e-01
5.266666666666667274e-01
0.000000000000000000e+00
5.333333333333333676e-02
1.700000000000000122e-01
2.133333333333333470e-01
1.000000000000000021e-02
0.000000000000000000e+00
2.766666666666666718e-01
6.666666666666667095e-03
2.000000000000000042e-02
1.100000000000000006e-01
2.700000000000000178e-01
1.300000000000000044e-01
2.999999999999999889e-02
8.966666666666666119e-01
3.066666666666666430e-01
9.999999999999999167e-02
1.499999999999999944e-01
0.000000000000000000e+00
2.449999999999999734e+00
2.200000000000000011e-01
2.999999999999999889e-02
3.300000000000000155e-01
3.800000000000000600e-01
0.000000000000000000e+00
3.066666666666666985e-01
7.399999999999998801e-01
2.000000000000000042e-02
4.000000000000000083e-02
2.299999999999999822e-01
4.000000000000000083e-02
3.333333333333333547e-03
4.833333333333333925e-01
5.666666666666666380e-02
3.333333333333333547e-03
3.166666666666666519e-01
4.333333333333333481e-02
1.866666666666666474e-01
1.800000000000000211e-01
2.433333333333333182e-01
1.133333333333333276e-01
1.966666666666666563e-01
1.466666666666666952e-01
2.333333333333333093e-01
6.666666666666667095e-03
6.600000000000000311e-01
2.266666666666666829e-01
2.099999999999999922e-01
0.000000000000000000e+00
9.666666666666667851e-02
4.666666666666666879e-02
3.333333333333333547e-03
3.233333333333333059e-01
8.000000000000000167e-02
3.866666666666667140e-01
0.000000000000000000e+00
9.466666666666666563e-01
4.999999999999999584e-02
1.333333333333333419e-02
6.333333333333333870e-02
8.699999999999999956e-01
6.333333333333333870e-02
1.000000000000000021e-02
2.266666666666666829e-01
4.199999999999999845e-01
3.366666666666666696e-01
4.500000000000000111e-01
7.833333333333333259e-01
3.333333333333333547e-03
7.933333333333333348e-01
8.333333333333332871e-02
1.899999999999999745e-01
1.399999999999999856e-01
1.536666666666666847e+00
1.823333333333333472e+00
1.033333333333333326e-01
8.266666666666666607e-01
2.649999999999999911e+00
3.056666666666666643e+00
1.283333333333333437e+00
2.800000000000000266e-01
2.000000000000000042e-02
3.666666666666666963e-01
1.466666666666666674e-01
5.000000000000000971e-02
7.400000000000001021e-01
1.600000000000000033e-01
7.700000000000000178e-01
0.000000000000000000e+00
1.060000000000000053e+00
2.333333333333333093e-01
2.999999999999999889e-02
2.333333333333333440e-02
1.086666666666666670e+00
2.233333333333333559e-01
4.666666666666666879e-02
3.799999999999999489e-01
4.999999999999999584e-02
6.666666666666666574e-02
3.333333333333333287e-02
4.666666666666666879e-02
9.766666666666665719e-01
0.000000000000000000e+00
3.000000000000000236e-02
7.333333333333334758e-02
1.533333333333333215e-01
3.666666666666666685e-02
3.233333333333333059e-01
3.733333333333332948e-01
1.966666666666666563e-01
3.833333333333333037e-01
5.999999999999999778e-02
1.266666666666666774e-01
4.000000000000000083e-02
1.000000000000000021e-02
6.733333333333333393e-01
1.000000000000000194e-01
4.666666666666666879e-02
4.000000000000000083e-02
2.666666666666666630e-01
4.999999999999999584e-02
1.133333333333333276e-01
2.566666666666666541e-01
4.666666666666666186e-01
0.000000000000000000e+00
6.199999999999999956e-01
3.333333333333333287e-02
1.666666666666666644e-02
4.666666666666666879e-02
1.219999999999999973e+00
2.366666666666666641e-01
0.000000000000000000e+00
1.433333333333333404e-01
1.466666666666666397e-01
4.199999999999999845e-01
0.000000000000000000e+00
3.866666666666667140e-01
1.600000000000000033e-01
2.299999999999999822e-01
1.566666666666666485e-01
2.200000000000000011e-01
1.090000000000000080e+00
1.633333333333333304e-01
1.466666666666666674e-01
1.169999999999999929e+00
3.600000000000000422e-01
4.333333333333333481e-02
7.000000000000000666e-02
2.899999999999999800e-01
1.120000000000000107e+00
4.333333333333333481e-02
5.233333333333333171e-01
1.666666666666666644e-02
1.263333333333333419e+00
3.600000000000000422e-01
3.666666666666666963e-01
1.250000000000000000e+00
7.099999999999999645e-01
1.133333333333333415e-01
0.000000000000000000e+00
3.200000000000000067e-01
4.166666666666666852e-01
4.966666666666666452e-01
4.666666666666666879e-02
3.966666666666666674e-01
8.033333333333332327e-01
5.333333333333333676e-02
0.000000000000000000e+00
4.466666666666667118e-01
9.666666666666666463e-02
9.666666666666667851e-02
1.199999999999999956e-01
3.066666666666666430e-01
1.416666666666666741e+00
