1.503333333333333188e+00
1.293333333333333224e+00
1.746666666666666812e+00
8.800000000000000044e-01
7.366666666666666918e-01
6.566666666666666208e-01
1.566666666666666763e-01
5.166666666666666075e-01
1.800000000000000211e-01
1.099999999999999867e+00
6.566666666666666208e-01
9.000000000000000222e-01
1.833333333333333481e-01
4.199999999999999845e-01
1.233333333333333365e-01
5.666666666666667074e-02
5.499999999999999334e-01
1.666666666666666644e-02
9.666666666666667851e-02
9.000000000000001055e-02
0.000000000000000000e+00
1.833333333333333204e-01
0.000000000000000000e+00
1.233333333333333365e-01
0.000000000000000000e+00
3.333333333333333287e-02
1.666666666666666644e-02
3.666666666666667379e-02
1.799999999999999656e-01
1.666666666666666574e-01
4.666666666666666879e-02
0.000000000000000000e+00
2.999999999999999889e-02
0.000000000000000000e+00
3.333333333333333547e-03
0.000000000000000000e+00
1.000000000000000021e-02
2.666666666666666630e-01
8.066666666666666430e-01
5.666666666666667074e-02
1.226666666666666572e+00
1.333333333333333419e-02
1.033333333333333326e-01
1.733333333333333393e-01
6.666666666666667095e-03
0.000000000000000000e+00
1.333333333333333419e-02
3.333333333333333547e-03
8.766666666666665941e-01
2.099999999999999922e-01
6.999999999999999278e-02
1.533333333333333492e-01
1.700000000000000122e-01
1.666666666666666644e-02
5.699999999999999512e-01
1.179999999999999938e+00
3.666666666666666963e-01
2.300000000000000100e-01
9.866666666666666918e-01
1.733333333333333393e-01
1.733333333333333393e-01
9.000000000000001055e-02
2.333333333333333093e-01
9.000000000000001055e-02
1.293333333333333224e+00
1.533333333333333215e-01
2.666666666666666838e-02
1.366666666666666863e-01
2.000000000000000389e-01
9.933333333333332904e-01
1.186666666666666758e+00
7.600000000000001199e-01
4.166666666666666852e-01
6.666666666666666574e-02
1.066666666666666735e-01
1.133333333333333415e-01
5.666666666666667074e-02
3.333333333333333287e-02
0.000000000000000000e+00
7.299999999999999822e-01
9.333333333333332371e-02
0.000000000000000000e+00
0.000000000000000000e+00
7.000000000000000666e-02
1.099999999999999867e-01
1.000000000000000021e-02
2.000000000000000042e-02
2.466666666666666730e-01
4.000000000000000777e-01
1.333333333333333419e-02
1.366666666666666863e-01
2.066666666666666652e-01
4.333333333333333481e-01
1.000000000000000194e-01
0.000000000000000000e+00
0.000000000000000000e+00
0.000000000000000000e+00
0.000000000000000000e+00
0.000000000000000000e+00
1.666666666666666644e-02
5.666666666666667074e-02
2.116666666666666696e+00
9.799999999999999822e-01
1.216666666666666785e+00
2.366666666666666918e-01
7.666666666666667462e-02
1.213333333333333375e+00
3.666666666666666685e-02
6.666666666666667095e-03
1.020000000000000240e+00
1.333333333333333315e-01
0.000000000000000000e+00
4.400000000000000022e-01
1.369999999999999885e+00
0.000000000000000000e+00
3.333333333333333287e-02
3.766666666666667052e-01
3.233333333333333059e-01
2.999999999999999889e-02
3.633333333333332860e-01
2.000000000000000042e-02
8.900000000000000133e-01
1.083333333333333259e+00
2.206666666666666554e+00
1.886666666666666714e+00
2.899999999999999800e-01
3.500000000000000333e-01
3.666666666666666963e-01
2.466666666666666730e-01
1.933333333333333293e-01
1.033333333333333326e-01
5.733333333333333615e-01
2.933333333333333903e-01
8.800000000000000044e-01
2.933333333333333348e-01
5.466666666666667451e-01
1.900000000000000300e-01
1.166666666666666546e-01
2.700000000000000178e-01
2.666666666666666838e-02
1.133333333333333415e-01
1.100000000000000006e-01
2.666666666666666838e-02
5.333333333333333676e-02
1.000000000000000021e-02
4.666666666666666879e-02
0.000000000000000000e+00
1.666666666666666644e-02
2.000000000000000042e-02
2.000000000000000042e-02
2.433333333333333182e-01
1.499999999999999944e-01
3.966666666666666674e-01
3.333333333333333547e-03
1.333333333333333419e-02
0.000000000000000000e+00
5.333333333333333676e-02
1.000000000000000021e-02
7.000000000000000666e-02
5.333333333333333676e-02
2.766666666666666718e-01
3.666666666666666685e-02
5.000000000000000000e-01
7.333333333333333370e-02
5.333333333333333676e-02
5.666666666666666380e-02
0.000000000000000000e+00
0.000000000000000000e+00
3.333333333333333547e-03
3.333333333333333547e-03
3.800000000000000600e-01
1.766666666666666663e-01
9.333333333333333759e-02
1.033333333333333326e-01
1.633333333333333304e-01
2.399999999999999911e-01
2.999999999999999889e-01
1.739999999999999991e+00
4.999999999999999584e-02
2.600000000000000089e-01
1.413333333333333330e+00
2.466666666666666730e-01
1.400000000000000133e-01
9.666666666666667851e-02
2.833333333333333814e-01
1.700000000000000122e-01
8.666666666666666963e-01
7.000000000000000666e-02
1.000000000000000194e-01
2.000000000000000389e-01
1.266666666666666774e-01
9.400000000000000577e-01
7.933333333333333348e-01
8.933333333333332016e-01
1.066666666666666735e-01
8.000000000000000167e-02
7.666666666666667462e-02
4.433333333333333570e-01
5.999999999999999778e-02
2.333333333333333440e-02
0.000000000000000000e+00
3.733333333333332948e-01
1.166666666666666824e-01
2.000000000000000042e-02
5.666666666666666380e-02
8.000000000000000167e-02
2.833333333333333259e-01
3.333333333333333547e-03
3.333333333333333287e-02
6.266666666666667052e-01
3.133333333333332971e-01
0.000000000000000000e+00
1.266666666666666774e-01
3.433333333333333237e-01
5.833333333333333703e-01
2.666666666666666838e-02
3.333333333333333547e-03
0.000000000000000000e+00
0.000000000000000000e+00
2.666666666666666838e-02
6.666666666666667095e-03
7.666666666666667462e-02
1.966666666666666841e-01
1.330000000000000071e+00
6.266666666666665941e-01
7.600000000000001199e-01
2.199999999999999734e-01
3.033333333333333437e-01
1.176666666666666750e+00
1.666666666666666644e-02
3.333333333333333547e-03
1.616666666666666474e+00
1.166666666666666546e-01
3.333333333333333547e-03
6.333333333333333037e-01
1.556666666666666643e+00
4.333333333333333481e-02
1.333333333333333419e-02
4.066666666666666763e-01
2.033333333333333381e-01
6.666666666666667095e-03
3.600000000000000422e-01
5.333333333333333676e-02
9.200000000000000400e-01
