2.053333333333333233e+00
2.366666666666666641e-01
2.483333333333333393e+00
9.133333333333334414e-01
1.966666666666666563e-01
3.133333333333332971e-01
4.299999999999999933e-01
1.366666666666666863e-01
1.563333333333333464e+00
2.000000000000000042e-02
1.366666666666666863e-01
1.199999999999999956e-01
5.333333333333333676e-02
3.866666666666667140e-01
1.566666666666666485e-01
1.393333333333333535e+00
4.500000000000000111e-01
4.333333333333333481e-01
4.833333333333333370e-01
6.333333333333333870e-02
5.333333333333333676e-02
2.999999999999999889e-02
5.733333333333333615e-01
5.000000000000000971e-02
8.333333333333332871e-02
1.833333333333333481e-01
1.066666666666666735e-01
3.666666666666666685e-02
4.666666666666666186e-01
9.999999999999999167e-02
4.566666666666667207e-01
3.366666666666666696e-01
2.966666666666666896e-01
1.000000000000000021e-02
2.033333333333333381e-01
3.300000000000000155e-01
9.033333333333333215e-01
1.053333333333333455e+00
1.699999999999999956e+00
9.666666666666667851e-02
1.333333333333333419e-02
6.666666666666666297e-01
2.999999999999999889e-02
1.733333333333333393e-01
3.333333333333333287e-02
1.366666666666666863e-01
1.000000000000000021e-02
1.166666666666666546e-01
1.199999999999999956e-01
7.700000000000000178e-01
4.333333333333333481e-01
4.566666666666667207e-01
1.550000000000000044e+00
1.199999999999999956e-01
1.266666666666666774e-01
4.000000000000000777e-01
1.200000000000000178e+00
0.000000000000000000e+00
4.533333333333333659e-01
0.000000000000000000e+00
9.333333333333333759e-02
2.666666666666666838e-02
7.299999999999999822e-01
1.656666666666666954e+00
1.536666666666666847e+00
8.566666666666667984e-01
9.333333333333333759e-02
9.999999999999999167e-02
1.833333333333333204e-01
4.333333333333333481e-02
1.800000000000000211e-01
7.000000000000000666e-02
7.666666666666667462e-02
1.666666666666666574e-01
1.133333333333333415e-01
1.666666666666666644e-02
1.666666666666666574e-01
6.666666666666667095e-03
2.166666666666666741e-01
9.666666666666667851e-02
1.006666666666666599e+00
8.000000000000000167e-02
1.543333333333333224e+00
5.666666666666667629e-01
1.000000000000000021e-02
1.666666666666666644e-02
1.086666666666666670e+00
3.333333333333333287e-02
4.000000000000000777e-01
0.000000000000000000e+00
1.300000000000000044e-01
0.000000000000000000e+00
2.000000000000000042e-02
3.333333333333333287e-02
1.800000000000000211e-01
4.700000000000000289e-01
4.666666666666666186e-01
1.316666666666666652e+00
1.133333333333333415e-01
2.733333333333333726e-01
6.666666666666666574e-02
2.166666666666666463e-01
4.000000000000000083e-02
1.196666666666666545e+00
4.000000000000000083e-02
1.066666666666666735e-01
4.333333333333333481e-01
2.333333333333333093e-02
8.666666666666666963e-02
3.666666666666666685e-02
3.333333333333333547e-03
1.333333333333333419e-02
2.000000000000000042e-02
1.666666666666666644e-02
0.000000000000000000e+00
1.900000000000000300e-01
7.333333333333333370e-02
8.666666666666666963e-02
7.333333333333334758e-02
4.000000000000000083e-02
1.433333333333333404e-01
1.290000000000000036e+00
1.223333333333333384e+00
1.106666666666666687e+00
3.366666666666666141e-01
1.399999999999999856e-01
2.233333333333333393e+00
2.073333333333333250e+00
2.233333333333333004e-01
6.366666666666667140e-01
2.066666666666666652e-01
2.666666666666666838e-02
7.233333333333332726e-01
6.099999999999999867e-01
6.666666666666666574e-02
9.666666666666667851e-02
1.100000000000000006e-01
4.233333333333333393e-01
4.333333333333333481e-02
0.000000000000000000e+00
0.000000000000000000e+00
1.000000000000000021e-02
5.066666666666667096e-01
6.333333333333333870e-02
8.000000000000000167e-02
1.366666666666666863e-01
2.766666666666666718e-01
8.000000000000000167e-02
9.000000000000001055e-02
4.599999999999999645e-01
4.933333333333333459e-01
2.376666666666666483e+00
2.103333333333333499e+00
1.900000000000000133e+00
2.199999999999999734e-01
2.333333333333333440e-02
1.366666666666666585e-01
1.563333333333333464e+00
1.733333333333333393e-01
1.366666666666666863e-01
8.333333333333332871e-02
8.666666666666666963e-02
0.000000000000000000e+00
4.333333333333333481e-02
8.000000000000000167e-02
1.966666666666666563e-01
0.000000000000000000e+00
9.666666666666666463e-02
2.999999999999999889e-02
6.666666666666667095e-03
1.666666666666666574e-01
7.333333333333333370e-02
4.333333333333333481e-02
1.233333333333333365e-01
6.333333333333333870e-02
1.333333333333333419e-02
0.000000000000000000e+00
6.233333333333334059e-01
2.266666666666666552e-01
1.366666666666666863e-01
9.333333333333333759e-02
2.099999999999999922e-01
6.333333333333333870e-02
2.666666666666666838e-02
8.766666666666665941e-01
1.353333333333333499e+00
2.266666666666666552e-01
1.683333333333333348e+00
2.833333333333333814e-01
1.000000000000000021e-02
1.833333333333333481e-01
6.366666666666667140e-01
8.666666666666666963e-02
3.333333333333333547e-03
1.166666666666666546e-01
7.900000000000000355e-01
8.000000000000000167e-02
1.000000000000000021e-02
2.733333333333333726e-01
4.999999999999999584e-02
1.056666666666666643e+00
5.066666666666667096e-01
4.033333333333333215e-01
2.433333333333333182e-01
3.933333333333333681e-01
3.333333333333333287e-02
1.333333333333333419e-02
7.000000000000000666e-02
3.500000000000000333e-01
5.733333333333333615e-01
6.999999999999999278e-02
5.499999999999999334e-01
2.999999999999999889e-02
0.000000000000000000e+00
1.333333333333333419e-02
6.666666666666667095e-03
4.666666666666666186e-01
3.333333333333333287e-02
1.066666666666666735e-01
8.033333333333333437e-01
1.999999999999999833e-01
8.666666666666666963e-02
1.866666666666666752e-01
1.266666666666666774e-01
1.106666666666666687e+00
4.633333333333333748e-01
5.733333333333333615e-01
1.300000000000000044e-01
9.666666666666667851e-02
5.333333333333333676e-02
0.000000000000000000e+00
0.000000000000000000e+00
2.000000000000000042e-02
6.666666666666667095e-03
0.000000000000000000e+00
0.000000000000000000e+00
0.000000000000000000e+00
6.666666666666667095e-03
1.333333333333333419e-02
2.433333333333333182e-01
1.366666666666666863e-01
1.233333333333333365e-01
1.060000000000000053e+00
1.466666666666666674e-01
4.533333333333333659e-01
6.666666666666667095e-03
1.053333333333333455e+00
1.333333333333333419e-02
1.333333333333333419e-02
3.333333333333333547e-03
0.000000000000000000e+00
1.333333333333333419e-02
0.000000000000000000e+00
2.666666666666666838e-02
5.566666666666666430e-01
6.666666666666666574e-02
9.000000000000001055e-02
8.333333333333332871e-02
2.666666666666666838e-02
2.733333333333333726e-01
0.000000000000000000e+00
2.533333333333333548e-01
1.466666666666666674e-01
1.000000000000000021e-02
5.666666666666665408e-01
3.966666666666666674e-01
9.400000000000000577e-01
1.700000000000000122e-01
2.600000000000000089e-01
2.866666666666666807e-01
1.083333333333333259e+00
4.766666666666666274e-01
0.000000000000000000e+00
1.666666666666666644e-02
9.999999999999999167e-02
3.333333333333333287e-02
6.666666666666667095e-03
3.966666666666666674e-01
4.499999999999999556e-01
1.366666666666666863e-01
6.666666666666666574e-02
2.033333333333333381e-01
4.333333333333333481e-02
1.000000000000000194e-01
7.033333333333334769e-01
4.000000000000000083e-02
7.333333333333334758e-02
1.000000000000000194e-01
3.333333333333333547e-03
4.999999999999999584e-02
1.000000000000000194e-01
0.000000000000000000e+00
2.800000000000000266e-01
1.833333333333333481e-01
8.866666666666667140e-01
4.699999999999999734e-01
5.000000000000000971e-02
8.666666666666666963e-02
8.333333333333332871e-02
1.540000000000000036e+00
2.000000000000000389e-01
2.966666666666666896e-01
3.600000000000000422e-01
2.666666666666666630e-01
2.299999999999999822e-01
2.666666666666666630e-01
1.733333333333333393e-01
3.133333333333332971e-01
1.499999999999999944e-01
7.933333333333333348e-01
1.100000000000000006e-01
4.333333333333333481e-02
6.500000000000000222e-01
3.666666666666666685e-02
7.000000000000000666e-02
1.933333333333333293e-01
1.766666666666666663e-01
0.000000000000000000e+00
0.000000000000000000e+00
4.466666666666666008e-01
4.566666666666667207e-01
1.666666666666666644e-02
8.666666666666666963e-02
5.966666666666666785e-01
2.999999999999999889e-02
1.333333333333333419e-02
1.233333333333333365e-01
5.799999999999999600e-01
0.000000000000000000e+00
1.033333333333333465e-01
1.433333333333333404e-01
1.013333333333333419e+00
1.333333333333333315e-01
9.666666666666667851e-02
9.833333333333333925e-01
1.756666666666666599e+00
4.333333333333333481e-02
3.666666666666666408e-01
3.333333333333333547e-03
9.000000000000001055e-02
6.999999999999999278e-02
3.133333333333333526e-01
6.666666666666666574e-02
1.966666666666666563e-01
7.666666666666666075e-02
8.000000000000000167e-02
2.900000000000000355e-01
1.900000000000000300e-01
2.999999999999999889e-01
5.666666666666667074e-02
9.000000000000001055e-02
2.433333333333333182e-01
1.399999999999999856e-01
6.700000000000000400e-01
1.933333333333333293e-01
6.133333333333332860e-01
5.666666666666667629e-01
2.999999999999999889e-02
1.266666666666666774e-01
1.223333333333333384e+00
2.800000000000000266e-01
1.000000000000000021e-02
1.266666666666666774e-01
2.200000000000000011e-01
0.000000000000000000e+00
2.333333333333333440e-02
0.000000000000000000e+00
4.199999999999999845e-01
5.000000000000000971e-02
3.033333333333332882e-01
3.600000000000000422e-01
1.000000000000000021e-02
2.666666666666666630e-01
6.666666666666667095e-03
4.333333333333333481e-02
8.199999999999999512e-01
2.633333333333333637e-01
1.366666666666666863e-01
7.066666666666666652e-01
2.633333333333333082e-01
5.999999999999999778e-02
0.000000000000000000e+00
2.666666666666666838e-02
6.666666666666667095e-03
3.666666666666667379e-02
6.666666666666667095e-03
3.333333333333333547e-03
5.200000000000000178e-01
4.999999999999999584e-02
1.666666666666666644e-02
1.013333333333333419e+00
5.500000000000000444e-01
1.966666666666666841e-01
1.606666666666666687e+00
1.389999999999999902e+00
2.933333333333333348e-01
7.333333333333334758e-02
7.966666666666667451e-01
6.666666666666667095e-03
6.666666666666667095e-03
3.799999999999999489e-01
8.333333333333332871e-02
3.333333333333333547e-03
6.666666666666667095e-03
3.366666666666667251e-01
9.999999999999999167e-02
0.000000000000000000e+00
2.266666666666666552e-01
9.999999999999999167e-02
3.999999999999999667e-01
1.833333333333333204e-01
1.000000000000000021e-02
2.099999999999999922e-01
8.333333333333332871e-02
1.593333333333333046e+00
4.799999999999999822e-01
0.000000000000000000e+00
0.000000000000000000e+00
1.433333333333333404e-01
1.366666666666666585e-01
1.300000000000000044e-01
1.333333333333333315e-01
1.033333333333333326e-01
2.399999999999999911e-01
0.000000000000000000e+00
3.466666666666666785e-01
0.000000000000000000e+00
0.000000000000000000e+00
9.000000000000001055e-02
1.000000000000000021e-02
2.666666666666666838e-02
1.766666666666666663e-01
9.333333333333333759e-02
3.533333333333333326e-01
1.099999999999999867e+00
8.066666666666666430e-01
9.266666666666667496e-01
1.466666666666666952e-01
6.666666666666667095e-03
5.666666666666666380e-02
1.866666666666666752e-01
6.666666666666666574e-02
2.566666666666666541e-01
0.000000000000000000e+00
7.666666666666667462e-02
1.000000000000000021e-02
1.733333333333333393e-01
3.666666666666666685e-02
1.440000000000000169e+00
7.000000000000000666e-02
3.066666666666666985e-01
1.239999999999999991e+00
3.500000000000000333e-01
7.299999999999999822e-01
1.000000000000000021e-02
5.333333333333333676e-02
1.000000000000000021e-02
4.000000000000000083e-02
2.733333333333333726e-01
1.050000000000000044e+00
3.699999999999999400e-01
0.000000000000000000e+00
1.566666666666666485e-01
2.500000000000000000e-01
2.133333333333333470e-01
5.333333333333333676e-02
7.666666666666667462e-02
1.666666666666666574e-01
2.000000000000000042e-02
6.166666666666666963e-01
1.400000000000000133e-01
1.023333333333333428e+00
4.866666666666666363e-01
6.933333333333333570e-01
5.699999999999999512e-01
4.000000000000000083e-02
2.669999999999999929e+00
3.733333333333333504e-01
0.000000000000000000e+00
1.466666666666666674e-01
0.000000000000000000e+00
0.000000000000000000e+00
8.666666666666666963e-02
0.000000000000000000e+00
4.999999999999999584e-02
2.966666666666666896e-01
1.700000000000000122e-01
2.999999999999999889e-02
4.666666666666666879e-02
0.000000000000000000e+00
5.000000000000000971e-02
0.000000000000000000e+00
1.333333333333333419e-02
0.000000000000000000e+00
6.333333333333333870e-02
1.499999999999999944e-01
1.933333333333333570e-01
9.000000000000001055e-02
1.190000000000000169e+00
0.000000000000000000e+00
1.199999999999999956e-01
1.433333333333333404e-01
3.433333333333332682e-01
5.633333333333333526e-01
3.333333333333333287e-02
8.166666666666667629e-01
3.433333333333333237e-01
6.666666666666667095e-03
7.900000000000000355e-01
1.933333333333333570e-01
2.633333333333333637e-01
7.633333333333333082e-01
0.000000000000000000e+00
3.333333333333333547e-03
0.000000000000000000e+00
4.000000000000000083e-02
0.000000000000000000e+00
4.000000000000000083e-02
1.040000000000000036e+00
1.326666666666666883e+00
3.266666666666666607e-01
4.433333333333333570e-01
5.999999999999999778e-02
1.833333333333333204e-01
5.166666666666667185e-01
3.333333333333333547e-03
5.566666666666666430e-01
2.000000000000000042e-02
1.000000000000000021e-02
7.000000000000000666e-02
0.000000000000000000e+00
4.000000000000000083e-02
0.000000000000000000e+00
8.666666666666666963e-02
1.066666666666666735e-01
1.666666666666666644e-02
1.633333333333333304e-01
5.666666666666666380e-02
1.233333333333333365e-01
3.233333333333333059e-01
