9.566666666666666652e-01
4.333333333333333481e-02
9.000000000000001055e-02
1.449999999999999956e+00
6.966666666666667673e-01
1.000000000000000021e-02
1.433333333333333404e-01
6.333333333333333870e-02
3.133333333333333526e-01
3.466666666666666785e-01
6.000000000000000472e-02
6.333333333333333870e-02
6.333333333333333870e-02
8.166666666666667629e-01
7.666666666666666075e-02
6.666666666666667095e-03
1.389999999999999902e+00
2.333333333333333093e-01
1.666666666666666574e-01
3.666666666666666685e-02
5.300000000000000266e-01
1.110000000000000098e+00
1.266666666666666774e-01
2.399999999999999911e-01
1.199999999999999956e-01
2.633333333333333637e-01
4.666666666666666879e-02
6.666666666666666574e-02
9.999999999999999167e-02
2.133333333333333470e-01
3.233333333333333059e-01
0.000000000000000000e+00
0.000000000000000000e+00
1.036666666666666847e+00
0.000000000000000000e+00
6.666666666666667095e-03
2.133333333333333470e-01
1.700000000000000122e-01
2.366666666666666641e-01
3.000000000000000236e-02
8.000000000000000167e-02
5.633333333333333526e-01
1.459999999999999964e+00
0.000000000000000000e+00
6.333333333333333870e-02
5.466666666666667451e-01
2.633333333333333082e-01
4.566666666666667207e-01
1.100000000000000006e-01
1.716666666666666785e+00
7.533333333333332993e-01
9.133333333333334414e-01
5.333333333333333676e-02
9.999999999999999167e-02
5.500000000000000444e-01
1.900000000000000300e-01
5.333333333333334370e-02
5.999999999999999778e-02
1.000000000000000021e-02
2.266666666666666552e-01
1.566666666666666485e-01
2.000000000000000042e-02
9.000000000000001055e-02
7.333333333333333370e-02
1.213333333333333153e+00
1.033333333333333465e-01
0.000000000000000000e+00
9.333333333333332371e-01
3.400000000000000244e-01
2.133333333333333470e-01
2.733333333333333726e-01
1.036666666666666625e+00
8.166666666666667629e-01
1.300000000000000044e-01
1.900000000000000300e-01
6.666666666666666574e-02
3.966666666666666674e-01
2.666666666666666838e-02
1.266666666666666774e-01
8.666666666666666963e-02
3.233333333333333059e-01
2.500000000000000000e-01
1.000000000000000021e-02
0.000000000000000000e+00
6.500000000000000222e-01
0.000000000000000000e+00
0.000000000000000000e+00
2.666666666666666630e-01
2.666666666666666630e-01
1.866666666666666752e-01
1.333333333333333419e-02
4.333333333333333481e-02
1.713333333333333153e+00
1.459999999999999964e+00
0.000000000000000000e+00
4.333333333333333481e-02
4.199999999999999845e-01
1.533333333333333215e-01
2.866666666666666807e-01
8.000000000000000167e-02
1.056666666666666643e+00
1.073333333333333472e+00
