7.500000000000000000e-01
1.666666666666666574e-01
3.666666666666666685e-02
9.333333333333333759e-02
6.666666666666666574e-02
4.999999999999999584e-02
1.666666666666666644e-02
1.033333333333333326e-01
1.666666666666666574e-01
1.266666666666666774e-01
1.866666666666666752e-01
1.223333333333333384e+00
1.466666666666666674e-01
5.666666666666666380e-02
1.380000000000000115e+00
4.766666666666667385e-01
1.833333333333333204e-01
5.266666666666667274e-01
1.703333333333333366e+00
2.273333333333333428e+00
1.000000000000000000e+00
1.193333333333333357e+00
2.333333333333333093e-02
1.466666666666666674e-01
1.733333333333333393e-01
7.500000000000000000e-01
