9.833333333333333925e-01
3.333333333333333148e-01
1.533333333333333215e-01
6.833333333333332371e-01
7.000000000000000666e-02
1.633333333333333304e-01
1.016666666666666607e+00
3.766666666666666496e-01
2.000000000000000042e-02
2.000000000000000042e-02
8.233333333333332504e-01
3.233333333333333059e-01
1.300000000000000044e-01
2.333333333333333440e-02
1.233333333333333365e-01
8.266666666666666607e-01
1.766666666666666663e-01
6.666666666666666574e-02
1.900000000000000300e-01
4.033333333333333215e-01
4.000000000000000083e-02
8.900000000000000133e-01
4.666666666666666879e-02
9.866666666666666918e-01
8.666666666666666963e-02
1.266666666666666496e-01
3.666666666666667379e-02
9.000000000000001055e-02
3.200000000000000067e-01
4.466666666666667118e-01
1.473333333333333384e+00
