6.699999999999999289e-01
2.299999999999999822e-01
2.399999999999999911e-01
7.000000000000000666e-02
9.333333333333333759e-02
4.000000000000000083e-02
4.999999999999999584e-02
2.000000000000000042e-02
0.000000000000000000e+00
1.000000000000000021e-02
7.000000000000000666e-02
3.666666666666667379e-02
1.666666666666666644e-02
4.000000000000000083e-02
2.333333333333333440e-02
0.000000000000000000e+00
7.333333333333333370e-02
6.666666666666667095e-03
1.366666666666666863e-01
7.000000000000000666e-02
2.000000000000000042e-02
6.666666666666666574e-02
2.666666666666666838e-02
3.333333333333333287e-02
2.333333333333333440e-02
6.833333333333332371e-01
1.530000000000000027e+00
6.199999999999999956e-01
1.333333333333333259e+00
4.250000000000000000e+00
6.933333333333333570e-01
8.000000000000000167e-02
1.600000000000000033e-01
3.666666666666666963e-01
5.333333333333333676e-02
1.666666666666666644e-02
5.000000000000000971e-02
4.000000000000000083e-02
6.666666666666667095e-03
7.666666666666666075e-02
4.000000000000000083e-02
4.666666666666666879e-02
0.000000000000000000e+00
2.000000000000000042e-02
2.333333333333333093e-02
2.333333333333333440e-02
1.000000000000000021e-02
2.333333333333333093e-02
5.333333333333333676e-02
1.000000000000000021e-02
7.666666666666667462e-02
7.000000000000000666e-02
0.000000000000000000e+00
1.766666666666666663e-01
7.000000000000000666e-02
4.233333333333333393e-01
2.026666666666666394e+00
1.063333333333333242e+00
1.150000000000000133e+00
4.053333333333333677e+00
7.600000000000001199e-01
5.166666666666666075e-01
1.499999999999999944e-01
1.366666666666666585e-01
9.000000000000001055e-02
5.999999999999999778e-02
1.000000000000000021e-02
5.666666666666667074e-02
1.000000000000000021e-02
9.000000000000001055e-02
1.333333333333333419e-02
4.000000000000000083e-02
0.000000000000000000e+00
1.666666666666666644e-02
0.000000000000000000e+00
0.000000000000000000e+00
1.000000000000000021e-02
1.333333333333333419e-02
7.333333333333334758e-02
9.666666666666667851e-02
1.499999999999999944e-01
7.666666666666667462e-02
3.333333333333333287e-02
2.999999999999999889e-02
2.999999999999999889e-02
6.066666666666666874e-01
2.206666666666666554e+00
1.733333333333333393e-01
5.999999999999999778e-01
3.863333333333333286e+00
