9.566666666666666652e-01
6.933333333333333570e-01
9.066666666666666208e-01
7.866666666666666252e-01
6.099999999999999867e-01
8.366666666666665586e-01
1.833333333333333481e-01
3.733333333333333504e-01
2.300000000000000100e-01
5.333333333333333676e-02
6.666666666666666574e-02
3.733333333333332948e-01
8.333333333333332871e-02
0.000000000000000000e+00
3.133333333333332971e-01
2.999999999999999889e-02
8.133333333333333526e-01
1.823333333333333250e+00
9.166666666666666297e-01
4.099999999999999756e-01
5.233333333333333171e-01
1.636666666666666714e+00
3.200000000000000067e-01
2.333333333333333093e-01
1.260000000000000009e+00
9.000000000000001055e-02
2.033333333333333215e+00
9.166666666666666297e-01
1.449999999999999956e+00
1.266666666666666774e-01
1.133333333333333415e-01
2.000000000000000389e-01
7.666666666666667462e-02
0.000000000000000000e+00
2.833333333333333259e-01
1.333333333333333419e-02
2.000000000000000042e-02
1.333333333333333419e-02
8.666666666666666963e-02
3.333333333333333287e-02
0.000000000000000000e+00
0.000000000000000000e+00
3.300000000000000155e-01
0.000000000000000000e+00
6.466666666666666119e-01
2.666666666666666630e-01
1.900000000000000300e-01
2.066666666666666652e-01
9.333333333333333759e-02
1.033333333333333326e-01
0.000000000000000000e+00
1.533333333333333215e-01
5.999999999999999778e-02
1.333333333333333315e-01
4.399999999999999467e-01
4.000000000000000083e-02
1.303333333333333455e+00
2.333333333333333093e-01
4.666666666666666186e-02
1.290000000000000036e+00
2.533333333333333548e-01
1.099999999999999867e-01
1.200000000000000094e-01
1.033333333333333326e-01
2.733333333333333171e-01
2.266666666666666829e-01
1.433333333333333404e-01
9.300000000000000488e-01
4.333333333333333481e-01
3.433333333333332682e-01
5.466666666666667451e-01
8.766666666666665941e-01
2.099999999999999645e-01
6.666666666666666297e-01
1.383333333333333526e+00
3.833333333333333037e-01
3.600000000000000422e-01
5.033333333333332993e-01
3.200000000000000067e-01
2.033333333333333381e-01
6.166666666666666963e-01
7.000000000000000666e-02
1.339999999999999858e+00
0.000000000000000000e+00
1.300000000000000044e-01
8.933333333333332016e-01
6.433333333333332016e-01
3.200000000000000067e-01
8.999999999999999112e-01
9.433333333333333570e-01
4.566666666666667207e-01
3.733333333333332948e-01
4.566666666666667207e-01
3.266666666666667163e-01
1.900000000000000300e-01
1.600000000000000033e-01
5.000000000000000000e-01
1.199999999999999956e-01
2.399999999999999911e-01
2.223333333333333162e+00
2.466666666666666730e-01
2.266666666666666552e-01
2.166666666666666463e-01
7.000000000000000666e-02
1.266666666666666774e-01
2.299999999999999822e-01
9.433333333333333570e-01
3.400000000000000244e-01
1.090000000000000080e+00
1.836666666666666670e+00
1.793333333333333224e+00
1.966666666666666785e+00
1.776666666666666616e+00
1.666666666666666574e-01
3.899999999999999578e-01
7.799999999999999156e-01
8.000000000000000167e-02
3.233333333333333059e-01
9.233333333333333393e-01
7.699999999999999067e-01
2.133333333333333470e-01
3.366666666666666696e-01
1.216666666666666785e+00
4.066666666666666763e-01
3.333333333333333547e-03
6.999999999999999278e-02
1.666666666666666574e-01
1.366666666666666863e-01
2.000000000000000042e-02
2.733333333333333171e-01
1.179999999999999938e+00
1.066666666666666735e-01
2.099999999999999645e-01
1.366666666666666585e-01
2.003333333333333410e+00
3.300000000000000155e-01
9.999999999999999167e-02
2.999999999999999889e-02
6.300000000000000044e-01
0.000000000000000000e+00
3.333333333333333547e-03
3.133333333333332971e-01
0.000000000000000000e+00
2.000000000000000042e-02
1.966666666666666563e-01
2.266666666666666829e-01
1.339999999999999858e+00
1.000000000000000000e+00
2.133333333333333470e-01
5.133333333333333082e-01
1.800000000000000211e-01
9.966666666666667007e-01
1.033333333333333215e+00
2.333333333333333648e-01
3.933333333333333681e-01
7.200000000000000844e-01
4.333333333333333481e-01
1.156666666666666510e+00
2.433333333333333182e-01
8.566666666666667984e-01
3.333333333333333287e-02
4.900000000000000466e-01
4.000000000000000083e-02
1.623333333333333295e+00
5.899999999999999689e-01
6.000000000000000472e-02
1.483333333333333393e+00
1.600000000000000033e-01
1.600000000000000033e-01
5.000000000000000971e-02
3.333333333333333547e-03
2.866666666666666807e-01
9.933333333333332904e-01
0.000000000000000000e+00
4.866666666666666363e-01
1.690000000000000169e+00
3.200000000000000067e-01
1.066666666666666735e-01
7.866666666666666252e-01
1.800000000000000211e-01
8.333333333333332871e-02
3.633333333333332860e-01
1.933333333333333570e-01
1.146666666666666723e+00
2.403333333333333321e+00
