6.466666666666667229e-01
6.000000000000000888e-01
5.299999999999999156e-01
1.866666666666666752e-01
2.999999999999999889e-02
3.633333333333332860e-01
3.766666666666666496e-01
2.233333333333333004e-01
4.000000000000000083e-02
2.333333333333333440e-02
0.000000000000000000e+00
6.000000000000000472e-02
1.666666666666666644e-02
5.400000000000000355e-01
1.000000000000000194e-01
5.666666666666667074e-02
2.366666666666666696e+00
3.099999999999999978e-01
1.856666666666666687e+00
1.300000000000000044e-01
4.899999999999999911e-01
2.999999999999999889e-02
1.033333333333333326e-01
1.066666666666666735e-01
3.666666666666666685e-02
0.000000000000000000e+00
7.333333333333333370e-02
0.000000000000000000e+00
7.399999999999998801e-01
5.766666666666666607e-01
2.000000000000000389e-01
2.366666666666666641e-01
1.000000000000000021e-02
5.666666666666667074e-02
4.133333333333333304e-01
1.800000000000000211e-01
3.733333333333333504e-01
4.033333333333333215e-01
7.133333333333333748e-01
6.199999999999999956e-01
2.066666666666666652e-01
4.566666666666666097e-01
4.766666666666667385e-01
9.799999999999999822e-01
4.666666666666666186e-01
3.166666666666666519e-01
4.666666666666666879e-02
6.033333333333333881e-01
4.333333333333333481e-02
2.233333333333333559e-01
1.666666666666666574e-01
6.666666666666667095e-03
1.119999999999999885e+00
5.233333333333333171e-01
1.126666666666666705e+00
1.433333333333333404e-01
2.299999999999999822e-01
1.353333333333333499e+00
3.499999999999999223e-01
1.100000000000000006e-01
4.066666666666666763e-01
8.299999999999999600e-01
8.766666666666665941e-01
3.333333333333333547e-03
2.666666666666666630e-01
4.433333333333333570e-01
3.333333333333333287e-02
7.500000000000000000e-01
1.066666666666666735e-01
3.933333333333333681e-01
6.666666666666667095e-03
4.266666666666665830e-01
4.033333333333333215e-01
3.000000000000000236e-02
1.003333333333333410e+00
1.566666666666666652e+00
7.700000000000000178e-01
1.000000000000000021e-02
1.903333333333333544e+00
5.000000000000000000e-01
0.000000000000000000e+00
9.333333333333333759e-02
1.283333333333333215e+00
8.666666666666666963e-02
2.433333333333333182e-01
1.300000000000000044e-01
3.433333333333332682e-01
2.933333333333333348e-01
1.940000000000000169e+00
2.199999999999999734e-01
2.000000000000000042e-02
3.333333333333333148e-01
3.366666666666666696e-01
9.999999999999999167e-02
4.333333333333333481e-02
8.333333333333332871e-02
0.000000000000000000e+00
1.333333333333333419e-02
1.533333333333333215e-01
2.000000000000000042e-02
0.000000000000000000e+00
3.333333333333333287e-02
3.000000000000000236e-02
1.000000000000000021e-02
9.333333333333333759e-02
5.133333333333333082e-01
1.066666666666666735e-01
2.070000000000000284e+00
6.500000000000000222e-01
1.733333333333333393e-01
5.933333333333333792e-01
6.666666666666667095e-03
1.933333333333333293e-01
8.666666666666666963e-02
3.400000000000000244e-01
4.000000000000000083e-02
2.666666666666666838e-02
2.433333333333333182e-01
6.133333333333333970e-01
1.766666666666666663e-01
1.550000000000000044e+00
8.633333333333332860e-01
5.999999999999999778e-01
3.333333333333333547e-03
4.666666666666666879e-02
9.999999999999999167e-02
1.933333333333333570e-01
9.866666666666666918e-01
1.213333333333333153e+00
1.333333333333333419e-02
7.333333333333332815e-01
4.533333333333333104e-01
1.466666666666666674e-01
1.766666666666666663e-01
4.999999999999999584e-02
3.166666666666666519e-01
1.383333333333333526e+00
1.766666666666666663e-01
1.333333333333333419e-02
3.333333333333333547e-03
1.600000000000000033e-01
1.333333333333333419e-02
3.666666666666666685e-02
2.266666666666666829e-01
1.323333333333333250e+00
4.600000000000000200e-01
4.566666666666666097e-01
1.169999999999999929e+00
1.266666666666666774e-01
4.333333333333333481e-02
1.639999999999999902e+00
2.333333333333333440e-02
5.000000000000000971e-02
1.070000000000000062e+00
2.899999999999999800e-01
1.066666666666666735e-01
9.899999999999998801e-01
2.033333333333333381e-01
5.433333333333333348e-01
0.000000000000000000e+00
6.366666666666666030e-01
1.000000000000000021e-02
9.900000000000001021e-01
0.000000000000000000e+00
5.333333333333333676e-02
7.799999999999999156e-01
3.799999999999999489e-01
0.000000000000000000e+00
1.026666666666666616e+00
8.533333333333333881e-01
4.999999999999999584e-02
3.333333333333333287e-02
1.593333333333333490e+00
5.766666666666666607e-01
0.000000000000000000e+00
8.366666666666665586e-01
8.366666666666665586e-01
2.500000000000000000e-01
8.999999999999998279e-02
5.166666666666667185e-01
9.266666666666667496e-01
1.500000000000000222e-01
2.500000000000000000e-01
1.499999999999999944e-01
0.000000000000000000e+00
1.243333333333333179e+00
6.999999999999999278e-02
6.866666666666666474e-01
0.000000000000000000e+00
7.666666666666667462e-02
1.700000000000000122e-01
4.033333333333333215e-01
2.033333333333333381e-01
1.999999999999999833e-01
2.366666666666666641e-01
1.146666666666666723e+00
1.073333333333333250e+00
6.900000000000000577e-01
6.666666666666667095e-03
5.333333333333333676e-02
0.000000000000000000e+00
1.199999999999999956e-01
0.000000000000000000e+00
6.333333333333333870e-02
0.000000000000000000e+00
2.000000000000000042e-02
6.333333333333333870e-02
0.000000000000000000e+00
2.666666666666666838e-02
1.300000000000000044e-01
1.666666666666666574e-01
1.969999999999999973e+00
1.133333333333333415e-01
4.033333333333333215e-01
6.666666666666667095e-03
1.566666666666666485e-01
0.000000000000000000e+00
2.933333333333333348e-01
6.333333333333333037e-01
1.176666666666666750e+00
1.266666666666666774e-01
1.550000000000000044e+00
7.133333333333333748e-01
1.833333333333333204e-01
2.233333333333333559e-01
8.000000000000001554e-01
1.119999999999999885e+00
2.000000000000000042e-02
1.260000000000000009e+00
4.299999999999999933e-01
6.999999999999999278e-02
9.799999999999998712e-01
1.633333333333333304e-01
6.333333333333333870e-02
4.000000000000000083e-02
2.666666666666666838e-02
1.499999999999999944e-01
1.370000000000000107e+00
6.099999999999999867e-01
1.499999999999999944e-01
9.000000000000001055e-02
0.000000000000000000e+00
1.300000000000000044e-01
8.000000000000000167e-02
0.000000000000000000e+00
5.999999999999999778e-02
1.000000000000000021e-02
1.833333333333333481e-01
0.000000000000000000e+00
1.300000000000000044e-01
3.533333333333333326e-01
2.666666666666666630e-01
6.199999999999999956e-01
1.866666666666666752e-01
5.333333333333333259e-01
1.559999999999999831e+00
1.566666666666666485e-01
1.066666666666666735e-01
0.000000000000000000e+00
1.999999999999999833e-01
0.000000000000000000e+00
2.099999999999999922e-01
7.666666666666667462e-02
1.959999999999999964e+00
2.000000000000000042e-02
1.166666666666666546e-01
9.000000000000001055e-02
8.966666666666666119e-01
3.066666666666666430e-01
1.133333333333333276e-01
2.333333333333333440e-02
2.333333333333333093e-01
1.563333333333333464e+00
2.999999999999999889e-01
2.556666666666666643e+00
1.429999999999999716e+00
9.533333333333332549e-01
7.200000000000000844e-01
3.366666666666666696e-01
1.483333333333333171e+00
8.033333333333333437e-01
7.333333333333334758e-02
2.106666666666666909e+00
2.500000000000000000e-01
4.533333333333333659e-01
2.666666666666666838e-02
3.666666666666667379e-02
4.000000000000000083e-02
5.166666666666666075e-01
7.099999999999999645e-01
4.700000000000000289e-01
2.766666666666666718e-01
8.566666666666667984e-01
3.066666666666666430e-01
2.999999999999999889e-02
1.036666666666666625e+00
4.600000000000000200e-01
9.333333333333332371e-02
3.400000000000000244e-01
1.666666666666666644e-02
1.666666666666666644e-02
4.000000000000000083e-02
4.799999999999999822e-01
1.766666666666666663e-01
1.433333333333333404e-01
3.666666666666666685e-02
0.000000000000000000e+00
3.499999999999999223e-01
1.633333333333333304e-01
6.333333333333333870e-02
1.339999999999999858e+00
2.133333333333333470e-01
1.543333333333333224e+00
1.466666666666666674e-01
3.233333333333333059e-01
1.000000000000000021e-02
4.666666666666666879e-02
1.239999999999999991e+00
5.699999999999999512e-01
1.233333333333333365e-01
1.356666666666666687e+00
1.040000000000000036e+00
8.000000000000000167e-02
1.199999999999999956e+00
2.256666666666666377e+00
3.133333333333333526e-01
1.036666666666666847e+00
3.866666666666666585e-01
1.533333333333333215e-01
3.166666666666666519e-01
1.666666666666666644e-02
1.333333333333333419e-02
1.666666666666666574e-01
4.066666666666666763e-01
2.726666666666666572e+00
7.433333333333332904e-01
3.600000000000000422e-01
3.500000000000000333e-01
2.666666666666666838e-02
4.766666666666666274e-01
2.666666666666666838e-02
3.666666666666667379e-02
1.333333333333333315e-01
7.666666666666666075e-02
1.199999999999999956e-01
1.286666666666666847e+00
6.666666666666667095e-03
8.666666666666666963e-02
0.000000000000000000e+00
1.133333333333333415e-01
6.533333333333333215e-01
1.416666666666666741e+00
2.700000000000000178e-01
7.399999999999998801e-01
2.633333333333333637e-01
2.666666666666666838e-02
0.000000000000000000e+00
4.400000000000000022e-01
2.000000000000000042e-02
1.666666666666666574e-01
1.133333333333333415e-01
1.766666666666666663e-01
2.133333333333333470e-01
1.600000000000000033e-01
1.700000000000000122e-01
1.733333333333333393e-01
4.333333333333333481e-02
6.566666666666667318e-01
1.466666666666666674e-01
2.133333333333333470e-01
1.896666666666666723e+00
2.033333333333333381e-01
1.510000000000000009e+00
1.050000000000000044e+00
3.166666666666666519e-01
7.333333333333333925e-01
