4.433333333333333570e-01
5.966666666666666785e-01
4.933333333333333459e-01
1.000000000000000194e-01
7.466666666666667007e-01
7.700000000000000178e-01
1.123333333333333295e+00
4.899999999999999911e-01
5.333333333333333676e-02
2.000000000000000042e-02
4.599999999999999645e-01
5.000000000000000971e-02
7.233333333333332726e-01
7.833333333333333259e-01
0.000000000000000000e+00
4.799999999999999822e-01
1.733333333333333393e-01
3.333333333333333287e-02
5.999999999999999778e-02
1.666666666666666574e-01
2.339999999999999858e+00
1.639999999999999902e+00
6.999999999999999278e-02
1.360000000000000098e+00
3.233333333333333059e-01
1.933333333333333293e-01
6.666666666666667095e-03
2.066666666666666652e-01
2.666666666666666838e-02
1.276666666666666616e+00
5.899999999999999689e-01
0.000000000000000000e+00
0.000000000000000000e+00
2.533333333333333548e-01
0.000000000000000000e+00
3.333333333333333547e-03
4.166666666666666852e-01
2.333333333333333440e-02
6.666666666666667095e-03
5.000000000000000971e-02
2.433333333333333182e-01
3.133333333333332971e-01
2.766666666666666718e-01
1.766666666666666663e-01
2.466666666666666730e-01
1.233333333333333365e-01
6.466666666666666119e-01
0.000000000000000000e+00
2.600000000000000089e-01
8.566666666666667984e-01
0.000000000000000000e+00
1.666666666666666644e-02
3.500000000000000333e-01
9.466666666666666563e-01
4.333333333333333481e-02
2.366666666666666641e-01
7.099999999999999645e-01
1.066666666666666652e+00
6.666666666666666574e-02
3.366666666666666141e-01
1.666666666666666644e-02
3.166666666666666519e-01
5.999999999999999778e-02
4.233333333333333393e-01
1.000000000000000021e-02
1.633333333333333304e-01
2.099999999999999922e-01
0.000000000000000000e+00
8.333333333333332871e-02
6.666666666666667095e-03
3.266666666666666607e-01
6.666666666666666574e-02
1.000000000000000194e-01
3.843333333333333712e+00
8.566666666666667984e-01
1.123333333333333295e+00
1.876666666666666705e+00
1.033333333333333326e-01
2.799999999999999711e-01
5.933333333333332682e-01
1.533333333333333215e-01
7.833333333333332149e-01
7.099999999999999645e-01
6.433333333333334236e-01
8.333333333333332871e-02
1.150000000000000133e+00
2.066666666666666652e-01
0.000000000000000000e+00
2.033333333333333381e-01
1.816666666666666652e+00
3.733333333333333504e-01
1.000000000000000021e-02
1.166666666666666546e-01
1.900000000000000133e+00
1.136666666666666714e+00
1.199999999999999956e-01
3.500000000000000333e-01
1.666666666666666644e-02
3.166666666666666519e-01
1.000000000000000021e-02
9.666666666666667851e-02
1.566666666666666485e-01
1.833333333333333481e-01
5.366666666666666252e-01
0.000000000000000000e+00
1.056666666666666865e+00
5.233333333333333171e-01
7.333333333333333370e-02
1.666666666666666644e-02
1.833333333333333481e-01
8.000000000000000167e-02
1.566666666666666763e-01
9.666666666666667851e-02
1.949999999999999956e+00
1.683333333333333348e+00
1.199999999999999956e-01
3.966666666666666674e-01
1.053333333333333455e+00
1.300000000000000044e+00
1.800000000000000211e-01
1.666666666666666574e-01
5.733333333333333615e-01
7.299999999999999822e-01
0.000000000000000000e+00
2.666666666666666838e-02
8.900000000000000133e-01
4.699999999999999734e-01
0.000000000000000000e+00
1.400000000000000133e-01
9.033333333333333215e-01
1.679999999999999938e+00
2.333333333333333440e-02
1.666666666666666741e+00
9.333333333333333759e-02
3.033333333333333437e-01
1.000000000000000021e-02
1.266666666666666774e-01
8.333333333333332871e-02
1.159999999999999920e+00
1.073333333333333250e+00
0.000000000000000000e+00
6.666666666666667095e-03
6.600000000000000311e-01
1.399999999999999856e-01
0.000000000000000000e+00
1.733333333333333393e-01
2.966666666666666341e-01
2.446666666666666767e+00
9.333333333333332371e-01
1.333333333333333315e-01
3.666666666666666963e-01
8.533333333333333881e-01
1.186666666666666758e+00
4.066666666666667318e-01
3.166666666666666519e-01
4.899999999999999911e-01
2.666666666666666630e-01
0.000000000000000000e+00
8.566666666666665764e-01
8.333333333333333703e-01
2.433333333333333182e-01
0.000000000000000000e+00
7.399999999999998801e-01
2.533333333333333548e-01
8.333333333333332871e-02
2.666666666666666838e-02
3.600000000000000422e-01
1.516666666666666607e+00
9.999999999999999167e-02
1.633333333333333526e+00
2.899999999999999800e-01
1.943333333333333357e+00
4.599999999999999645e-01
9.066666666666666208e-01
1.066666666666666735e-01
2.266666666666666552e-01
5.699999999999999512e-01
1.059999999999999831e+00
1.300000000000000044e-01
8.000000000000000167e-02
2.866666666666666807e-01
1.800000000000000211e-01
3.366666666666666696e-01
3.839999999999999858e+00
5.666666666666667629e-01
9.999999999999999167e-02
2.266666666666666829e-01
1.086666666666666670e+00
1.080000000000000071e+00
4.633333333333333748e-01
3.666666666666666963e-01
9.933333333333332904e-01
6.266666666666665941e-01
6.666666666666667095e-03
7.833333333333333259e-01
6.566666666666666208e-01
1.300000000000000044e-01
1.000000000000000021e-02
8.099999999999999423e-01
7.333333333333334758e-02
9.333333333333333759e-02
4.000000000000000083e-02
1.600000000000000033e-01
1.133333333333333304e+00
7.666666666666667462e-02
1.190000000000000169e+00
1.633333333333333304e-01
1.660000000000000142e+00
4.666666666666666186e-01
6.433333333333334236e-01
9.666666666666666463e-02
4.099999999999999756e-01
1.866666666666666752e-01
1.063333333333333464e+00
2.766666666666666718e-01
4.333333333333333481e-02
5.166666666666667185e-01
3.899999999999999578e-01
3.433333333333333237e-01
3.816666666666666430e+00
