1.169999999999999929e+00
2.700000000000000178e-01
3.666666666666666685e-02
1.033333333333333326e-01
6.166666666666666963e-01
1.550000000000000044e+00
2.433333333333333182e-01
1.043333333333333224e+00
1.733333333333333393e-01
2.299999999999999822e-01
5.999999999999999778e-02
2.600000000000000089e-01
1.900000000000000300e-01
1.466666666666666674e-01
3.133333333333332971e-01
8.333333333333332871e-02
0.000000000000000000e+00
2.999999999999999889e-02
5.033333333333332993e-01
7.333333333333333370e-02
0.000000000000000000e+00
4.000000000000000083e-02
9.666666666666666463e-02
5.100000000000000089e-01
7.666666666666667462e-02
2.033333333333333381e-01
2.500000000000000000e-01
2.533333333333333548e-01
5.999999999999999778e-02
1.036666666666666625e+00
2.066666666666666652e-01
5.333333333333332288e-02
3.666666666666666408e-01
1.666666666666666644e-02
7.666666666666667462e-02
6.066666666666666874e-01
1.000000000000000021e-02
3.899999999999999578e-01
1.250000000000000000e+00
5.566666666666666430e-01
2.326666666666666661e+00
1.353333333333333499e+00
9.999999999999999167e-02
3.366666666666666696e-01
1.099999999999999867e-01
1.000000000000000021e-02
4.199999999999999845e-01
1.099999999999999867e-01
6.199999999999999956e-01
3.570000000000000284e+00
