1.053333333333333233e+00
6.266666666666667052e-01
1.133333333333333415e-01
5.000000000000000971e-02
2.533333333333333548e-01
9.000000000000001055e-02
9.999999999999999167e-02
3.899999999999999578e-01
6.600000000000000311e-01
8.000000000000000167e-02
8.333333333333332871e-02
1.366666666666666863e-01
8.866666666666667140e-01
6.300000000000000044e-01
9.000000000000000222e-01
7.799999999999999156e-01
1.293333333333333224e+00
7.333333333333334758e-02
1.999999999999999833e-01
4.299999999999999933e-01
7.566666666666667096e-01
5.966666666666666785e-01
3.206666666666666998e+00
1.096666666666666679e+00
1.179999999999999938e+00
7.000000000000000666e-01
3.800000000000000600e-01
5.899999999999999689e-01
1.499999999999999944e-01
2.999999999999999889e-01
2.900000000000000355e-01
1.300000000000000044e-01
8.699999999999999956e-01
1.966666666666666841e-01
1.666666666666666644e-02
2.266666666666666552e-01
8.333333333333332871e-02
1.833333333333333481e-01
1.066666666666666735e-01
3.233333333333333059e-01
3.300000000000000155e-01
7.666666666666667462e-02
8.666666666666666963e-02
2.299999999999999822e-01
4.033333333333333215e-01
2.700000000000000178e-01
3.566666666666666319e-01
2.933333333333332793e-01
1.166666666666666824e-01
2.799999999999999711e-01
3.833333333333333037e-01
2.299999999999999822e-01
8.000000000000000167e-02
9.000000000000001055e-02
2.500000000000000000e-01
1.933333333333333570e-01
1.800000000000000211e-01
1.700000000000000122e-01
3.200000000000000067e-01
1.966666666666666841e-01
3.466666666666666785e-01
1.866666666666666474e-01
3.200000000000000067e-01
4.133333333333333304e-01
2.166666666666666741e-01
4.399999999999999467e-01
5.999999999999999778e-02
2.700000000000000178e-01
3.533333333333333326e-01
8.000000000000000167e-02
1.033333333333333326e-01
1.433333333333333404e-01
2.066666666666666652e-01
7.033333333333332549e-01
2.899999999999999800e-01
1.233333333333333365e-01
8.333333333333332871e-02
9.333333333333333759e-02
2.333333333333333093e-01
4.699999999999999734e-01
4.266666666666666941e-01
2.033333333333333381e-01
1.303333333333333455e+00
8.799999999999998934e-01
2.253333333333333410e+00
1.400000000000000133e-01
6.333333333333333870e-02
1.199999999999999956e-01
9.333333333333333759e-02
1.100000000000000006e-01
5.166666666666666075e-01
2.366666666666666918e-01
6.533333333333333215e-01
2.133333333333333470e-01
5.000000000000000000e-01
3.566666666666666319e-01
5.866666666666666696e-01
1.499999999999999944e-01
3.499999999999999223e-01
2.700000000000000178e-01
1.199999999999999956e-01
3.233333333333333059e-01
2.733333333333333171e-01
2.133333333333332915e-01
9.366666666666666474e-01
9.566666666666666652e-01
9.666666666666667851e-02
1.989999999999999991e+00
4.599999999999999645e-01
2.866666666666666807e-01
5.333333333333333259e-01
2.666666666666666838e-02
4.033333333333333215e-01
2.399999999999999911e-01
3.099999999999999978e-01
7.066666666666666652e-01
4.400000000000000022e-01
5.333333333333333259e-01
4.099999999999999756e-01
1.159999999999999920e+00
2.366666666666666641e-01
1.053333333333333455e+00
1.456666666666666776e+00
3.733333333333333504e-01
1.266666666666666774e-01
3.300000000000000155e-01
1.866666666666666752e-01
2.900000000000000355e-01
4.066666666666666763e-01
3.533333333333332771e-01
1.023333333333333428e+00
5.133333333333333082e-01
2.200000000000000011e-01
6.533333333333333215e-01
1.633333333333333304e-01
2.566666666666666541e-01
2.033333333333333381e-01
2.999999999999999889e-02
5.433333333333333348e-01
1.733333333333333393e-01
2.000000000000000042e-02
7.666666666666667462e-02
2.333333333333333440e-02
3.266666666666666607e-01
1.159999999999999920e+00
1.000000000000000021e-02
5.899999999999999689e-01
2.166666666666666741e-01
1.233333333333333365e-01
1.633333333333333304e-01
0.000000000000000000e+00
1.933333333333333570e-01
2.766666666666666718e-01
3.600000000000000422e-01
5.966666666666666785e-01
2.666666666666666838e-02
2.333333333333333440e-02
8.733333333333334059e-01
3.499999999999999223e-01
1.499999999999999944e-01
9.999999999999999167e-02
1.166666666666666546e-01
3.333333333333333148e-01
2.433333333333333182e-01
2.733333333333333171e-01
9.233333333333333393e-01
1.666666666666666574e-01
1.360000000000000098e+00
2.600000000000000089e-01
5.333333333333333259e-01
1.533333333333333215e-01
1.733333333333333393e-01
1.526666666666666616e+00
5.333333333333333676e-02
4.099999999999999756e-01
8.199999999999999512e-01
4.366666666666667029e-01
4.199999999999999845e-01
3.333333333333333148e-01
8.666666666666666963e-01
1.033333333333333326e-01
1.199999999999999956e-01
4.733333333333333282e-01
9.333333333333333759e-02
3.266666666666667163e-01
1.033333333333333326e-01
1.466666666666666952e-01
3.433333333333333237e-01
2.999999999999999889e-01
1.266666666666666774e-01
3.533333333333333326e-01
2.999999999999999889e-01
1.566666666666666763e-01
1.096666666666666679e+00
5.433333333333333348e-01
4.166666666666666852e-01
3.033333333333332882e-01
7.666666666666667462e-02
3.999999999999999667e-01
8.666666666666666963e-02
2.600000000000000089e-01
3.466666666666666785e-01
5.999999999999999778e-01
2.766666666666666718e-01
4.033333333333333215e-01
1.219999999999999973e+00
7.000000000000000666e-02
3.666666666666666963e-01
5.533333333333333437e-01
2.666666666666666838e-02
8.199999999999999512e-01
4.466666666666666008e-01
3.866666666666667140e-01
5.699999999999999512e-01
5.600000000000000533e-01
3.699999999999999400e-01
6.666666666666666574e-02
3.666666666666666963e-01
7.900000000000000355e-01
1.013333333333333419e+00
2.233333333333333004e-01
4.133333333333333304e-01
1.033333333333333326e-01
3.666666666666667379e-02
1.566666666666666763e-01
4.233333333333333393e-01
5.999999999999999778e-01
3.899999999999999578e-01
4.133333333333333304e-01
6.166666666666666963e-01
1.179999999999999938e+00
9.666666666666666463e-02
3.333333333333333287e-02
5.899999999999999689e-01
1.080000000000000071e+00
5.533333333333333437e-01
6.700000000000000400e-01
1.666666666666666574e-01
6.166666666666666963e-01
6.333333333333333870e-02
3.000000000000000444e-01
1.400000000000000133e-01
4.000000000000000083e-02
6.166666666666666963e-01
7.833333333333333259e-01
9.233333333333333393e-01
8.799999999999998934e-01
9.333333333333332371e-02
3.133333333333332971e-01
9.000000000000001055e-02
1.666666666666666644e-02
3.066666666666666430e-01
6.833333333333332371e-01
1.499999999999999944e-01
5.566666666666666430e-01
3.466666666666666785e-01
1.733333333333333393e-01
2.350000000000000089e+00
