8.066666666666666430e-01
2.099999999999999922e-01
4.366666666666667029e-01
2.266666666666666829e-01
7.033333333333332549e-01
1.130000000000000115e+00
1.833333333333333481e-01
3.433333333333333237e-01
3.233333333333333059e-01
3.233333333333333059e-01
3.666666666666666685e-02
3.333333333333333547e-03
6.666666666666666574e-02
1.466666666666666674e-01
1.833333333333333481e-01
2.633333333333333637e-01
1.666666666666666574e-01
5.200000000000000178e-01
1.316666666666666652e+00
2.166666666666666741e-01
2.700000000000000178e-01
1.966666666666666563e-01
4.966666666666666452e-01
1.366666666666666585e-01
1.866666666666666752e-01
2.666666666666666630e-01
2.900000000000000355e-01
1.276666666666666616e+00
2.633333333333333637e-01
2.563333333333333020e+00
9.466666666666666563e-01
3.600000000000000422e-01
2.466666666666666730e-01
3.600000000000000422e-01
6.566666666666667318e-01
3.133333333333333526e-01
8.599999999999999867e-01
1.933333333333333293e-01
1.233333333333333365e-01
3.366666666666666696e-01
0.000000000000000000e+00
1.333333333333333315e-01
9.999999999999999167e-02
1.000000000000000021e-02
4.333333333333333481e-02
2.000000000000000042e-02
0.000000000000000000e+00
1.333333333333333419e-02
3.233333333333333059e-01
1.833333333333333481e-01
3.566666666666666319e-01
6.233333333333334059e-01
2.200000000000000011e-01
4.799999999999999822e-01
2.333333333333333093e-02
2.333333333333333093e-01
1.979999999999999760e+00
1.000000000000000021e-02
4.666666666666666879e-02
4.333333333333333481e-02
3.533333333333333326e-01
2.966666666666666341e-01
5.333333333333333676e-02
0.000000000000000000e+00
1.000000000000000021e-02
1.600000000000000033e-01
3.666666666666667379e-02
1.066666666666666735e-01
2.133333333333332915e-01
2.393333333333333091e+00
6.400000000000000133e-01
3.366666666666666696e-01
1.636666666666666714e+00
4.433333333333333570e-01
7.833333333333332149e-01
2.666666666666666630e-01
1.933333333333333570e-01
1.100000000000000006e-01
9.333333333333332371e-01
3.166666666666667074e-01
7.033333333333332549e-01
1.133333333333333526e+00
1.466666666666666674e-01
1.266666666666666774e-01
2.000000000000000042e-02
2.233333333333333559e-01
4.666666666666666186e-01
9.833333333333333925e-01
1.406666666666666510e+00
3.056666666666666643e+00
3.733333333333333504e-01
1.330000000000000071e+00
6.366666666666666030e-01
6.566666666666667318e-01
2.186666666666666980e+00
1.453333333333333366e+00
7.500000000000000000e-01
6.300000000000000044e-01
8.466666666666666785e-01
1.963333333333333153e+00
2.833333333333333814e-01
7.333333333333334758e-02
4.666666666666666879e-02
1.000000000000000021e-02
7.333333333333333370e-02
1.933333333333333570e-01
1.050000000000000044e+00
3.000000000000000236e-02
2.000000000000000042e-02
1.000000000000000021e-02
6.366666666666667140e-01
2.666666666666666838e-02
1.023333333333333206e+00
2.033333333333333381e-01
1.033333333333333326e-01
4.666666666666666879e-02
2.000000000000000042e-02
2.200000000000000011e-01
0.000000000000000000e+00
2.133333333333333470e-01
3.333333333333333547e-03
6.666666666666667095e-03
1.966666666666666563e-01
0.000000000000000000e+00
1.333333333333333315e-01
7.333333333333333370e-02
4.666666666666666186e-01
3.799999999999999489e-01
9.533333333333332549e-01
8.666666666666666963e-02
0.000000000000000000e+00
6.333333333333333870e-02
0.000000000000000000e+00
7.666666666666666075e-02
3.066666666666666430e-01
1.033333333333333437e+00
3.033333333333333437e-01
2.566666666666666541e-01
3.666666666666667379e-02
2.133333333333333470e-01
9.000000000000001055e-02
3.000000000000000236e-02
3.000000000000000236e-02
4.666666666666666879e-02
0.000000000000000000e+00
6.666666666666667095e-03
1.000000000000000021e-02
0.000000000000000000e+00
0.000000000000000000e+00
2.333333333333333440e-02
1.423333333333333561e+00
1.099999999999999867e-01
9.100000000000000311e-01
6.333333333333333870e-02
0.000000000000000000e+00
1.286666666666666625e+00
5.666666666666667074e-02
0.000000000000000000e+00
2.133333333333333470e-01
4.999999999999999584e-02
1.099999999999999867e-01
8.000000000000000167e-02
6.666666666666667095e-03
1.366666666666666585e-01
1.333333333333333419e-02
1.566666666666666763e-01
6.666666666666667095e-03
1.833333333333333204e-01
7.233333333333332726e-01
8.333333333333332871e-02
3.733333333333333504e-01
1.933333333333333570e-01
2.066666666666666652e-01
6.199999999999999956e-01
4.400000000000000022e-01
8.800000000000000044e-01
2.493333333333333623e+00
9.999999999999999167e-02
4.966666666666666452e-01
2.600000000000000089e-01
1.133333333333333276e-01
1.366666666666666863e-01
6.333333333333333870e-02
2.066666666666666652e-01
5.000000000000000971e-02
1.153333333333333321e+00
1.250000000000000000e+00
2.833333333333332704e-01
9.933333333333332904e-01
1.000000000000000194e-01
6.933333333333333570e-01
2.333333333333333093e-01
1.000000000000000021e-02
2.999999999999999889e-01
3.333333333333333547e-03
2.333333333333333440e-02
0.000000000000000000e+00
1.666666666666666644e-02
1.126666666666666705e+00
5.000000000000000971e-02
4.066666666666667318e-01
1.766666666666666663e-01
1.836666666666666670e+00
4.266666666666666941e-01
8.133333333333333526e-01
4.000000000000000083e-02
1.800000000000000211e-01
1.000000000000000021e-02
3.000000000000000444e-01
1.666666666666666644e-02
3.333333333333333547e-03
1.600000000000000033e-01
3.333333333333333547e-03
3.433333333333332682e-01
4.333333333333333481e-02
5.433333333333333348e-01
2.933333333333333903e-01
1.999999999999999833e-01
4.000000000000000083e-02
9.000000000000001055e-02
4.000000000000000083e-02
1.533333333333333492e-01
1.333333333333333419e-02
1.666666666666666644e-02
2.799999999999999711e-01
3.333333333333333547e-03
4.000000000000000083e-02
1.166666666666666546e-01
1.183333333333333348e+00
2.533333333333333548e-01
6.366666666666667140e-01
3.000000000000000236e-02
9.333333333333333759e-02
1.566666666666666485e-01
7.333333333333333370e-02
4.599999999999999645e-01
3.333333333333333547e-03
1.866666666666666752e-01
6.666666666666667095e-03
0.000000000000000000e+00
6.666666666666666574e-02
1.966666666666666563e-01
2.666666666666666838e-02
8.333333333333332871e-02
0.000000000000000000e+00
1.333333333333333419e-02
6.766666666666667496e-01
2.299999999999999822e-01
2.033333333333333215e+00
3.866666666666667140e-01
5.433333333333333348e-01
1.296666666666666634e+00
1.146666666666666723e+00
6.266666666666665941e-01
1.209999999999999964e+00
1.900000000000000300e-01
4.999999999999999584e-02
1.066666666666666735e-01
1.866666666666666752e-01
5.033333333333332993e-01
4.699999999999999734e-01
4.233333333333333393e-01
5.100000000000000089e-01
2.666666666666666838e-02
9.666666666666667851e-02
3.333333333333333547e-03
2.000000000000000042e-02
0.000000000000000000e+00
1.000000000000000021e-02
0.000000000000000000e+00
2.333333333333333440e-02
2.000000000000000042e-02
1.000000000000000021e-02
1.600000000000000033e-01
3.666666666666667379e-02
8.666666666666666963e-02
2.266666666666666552e-01
2.333333333333333440e-02
1.733333333333333393e-01
2.999999999999999889e-02
8.266666666666666607e-01
1.000000000000000021e-02
1.433333333333333404e-01
0.000000000000000000e+00
1.000000000000000021e-02
5.000000000000000971e-02
0.000000000000000000e+00
7.533333333333334103e-01
8.333333333333332871e-02
1.566666666666666652e+00
3.166666666666666519e-01
4.466666666666666008e-01
2.899999999999999800e-01
1.933333333333333570e-01
2.866666666666666807e-01
3.333333333333333547e-03
1.966666666666666841e-01
3.466666666666666785e-01
9.700000000000000844e-01
4.999999999999999584e-02
9.666666666666667851e-02
3.099999999999999978e-01
2.266666666666666552e-01
1.056666666666666643e+00
2.433333333333333182e-01
6.666666666666666574e-02
3.333333333333333547e-03
1.333333333333333419e-02
0.000000000000000000e+00
9.566666666666666652e-01
4.033333333333333215e-01
5.466666666666667451e-01
1.166666666666666546e-01
2.046666666666666856e+00
2.033333333333333381e-01
5.300000000000000266e-01
1.133333333333333276e-01
1.489999999999999991e+00
3.566666666666666874e-01
1.563333333333333464e+00
3.233333333333333059e-01
3.966666666666666674e-01
2.033333333333333381e-01
1.466666666666666674e-01
7.333333333333334758e-02
1.499999999999999944e-01
4.266666666666665830e-01
0.000000000000000000e+00
2.000000000000000042e-02
8.333333333333332871e-02
1.000000000000000021e-02
6.666666666666667095e-03
2.000000000000000042e-02
2.433333333333333182e-01
2.333333333333333440e-02
5.299999999999999156e-01
1.333333333333333419e-02
2.266666666666666552e-01
2.633333333333333637e-01
1.433333333333333404e-01
1.333333333333333315e-01
2.333333333333333440e-02
2.066666666666666652e-01
1.400000000000000133e-01
3.000000000000000236e-02
4.666666666666666879e-02
1.333333333333333419e-02
0.000000000000000000e+00
1.000000000000000021e-02
1.633333333333333304e-01
2.000000000000000389e-01
5.666666666666666380e-02
2.166666666666666741e-01
0.000000000000000000e+00
2.399999999999999911e-01
3.966666666666666674e-01
4.000000000000000083e-02
1.253333333333333188e+00
7.000000000000000666e-02
7.000000000000000666e-02
7.400000000000001021e-01
1.633333333333333304e-01
1.800000000000000211e-01
2.233333333333333559e-01
4.666666666666666186e-01
5.000000000000000000e-01
5.999999999999999778e-01
4.666666666666666186e-01
3.999999999999999667e-01
8.566666666666665764e-01
3.200000000000000067e-01
8.900000000000000133e-01
5.133333333333333082e-01
2.500000000000000000e-01
6.666666666666667095e-03
2.933333333333333903e-01
6.666666666666667095e-03
2.999999999999999889e-02
7.500000000000000000e-01
6.666666666666666574e-02
2.300000000000000100e-01
3.133333333333332971e-01
1.499999999999999944e-01
5.333333333333333676e-02
6.866666666666666474e-01
1.943333333333333357e+00
1.999999999999999833e-01
1.516666666666666607e+00
6.666666666666666574e-02
7.833333333333333259e-01
5.333333333333333676e-02
2.333333333333333440e-02
7.333333333333334758e-02
1.000000000000000021e-02
1.036666666666666847e+00
1.033333333333333326e-01
4.133333333333333304e-01
8.000000000000000167e-02
4.000000000000000083e-02
1.833333333333333481e-01
2.466666666666666730e-01
1.356666666666666687e+00
2.866666666666666807e-01
1.269999999999999796e+00
2.633333333333333637e-01
5.733333333333333615e-01
4.966666666666666452e-01
2.600000000000000089e-01
3.500000000000000333e-01
1.276666666666666616e+00
2.600000000000000089e-01
9.333333333333333759e-02
1.166666666666666546e-01
2.133333333333332915e-01
4.899999999999999911e-01
5.566666666666667540e-01
4.033333333333333215e-01
2.033333333333333381e-01
4.666666666666666879e-02
0.000000000000000000e+00
8.666666666666666963e-02
1.353333333333333499e+00
4.000000000000000083e-02
1.666666666666666574e-01
1.533333333333333215e-01
5.666666666666667074e-02
2.666666666666666838e-02
2.666666666666666838e-02
6.666666666666666574e-02
7.333333333333334758e-02
3.700000000000000511e-01
2.400000000000000189e-01
3.500000000000000333e-01
2.166666666666666741e-01
1.646666666666666501e+00
