1.380000000000000115e+00
2.033333333333333381e-01
1.166666666666666741e+00
2.000000000000000042e-02
1.333333333333333315e-01
6.800000000000000488e-01
6.666666666666667095e-03
3.333333333333333547e-03
1.263333333333333419e+00
1.066666666666666735e-01
2.333333333333333440e-02
1.770000000000000240e+00
9.900000000000001021e-01
0.000000000000000000e+00
3.600000000000000422e-01
1.346666666666666679e+00
3.333333333333333287e-02
1.766666666666666663e-01
4.000000000000000083e-02
8.866666666666666030e-01
1.099999999999999867e-01
1.666666666666666644e-02
6.333333333333333870e-02
1.400000000000000133e-01
1.023333333333333206e+00
1.000000000000000194e-01
4.000000000000000083e-02
0.000000000000000000e+00
3.166666666666666519e-01
5.999999999999999778e-02
5.666666666666667074e-02
1.340000000000000080e+00
7.000000000000000666e-01
1.166666666666666546e-01
4.266666666666666941e-01
2.799999999999999711e-01
7.466666666666665897e-01
5.666666666666667074e-02
3.333333333333333547e-03
8.266666666666666607e-01
1.133333333333333276e-01
2.333333333333333440e-02
0.000000000000000000e+00
4.000000000000000083e-02
3.333333333333333287e-02
0.000000000000000000e+00
1.566666666666666485e-01
1.000000000000000021e-02
1.163333333333333330e+00
1.233333333333333365e-01
1.833333333333333481e-01
9.999999999999999167e-02
9.599999999999999645e-01
4.533333333333333104e-01
3.733333333333333504e-01
1.226666666666666572e+00
1.613333333333333286e+00
2.236666666666666803e+00
2.766666666666666718e-01
3.400000000000000244e-01
1.433333333333333404e-01
1.099999999999999867e-01
1.056666666666666643e+00
1.013333333333333419e+00
4.999999999999999584e-02
0.000000000000000000e+00
0.000000000000000000e+00
3.200000000000000067e-01
0.000000000000000000e+00
0.000000000000000000e+00
1.333333333333333419e-02
8.666666666666666963e-02
1.333333333333333419e-02
1.000000000000000021e-02
2.333333333333333440e-02
0.000000000000000000e+00
2.399999999999999911e-01
5.566666666666666430e-01
6.899999999999999467e-01
4.700000000000000289e-01
6.666666666666667095e-03
6.566666666666666208e-01
1.499999999999999944e-01
1.333333333333333315e-01
1.266666666666666774e-01
5.133333333333333082e-01
1.179999999999999938e+00
1.766666666666666663e-01
3.333333333333333287e-02
4.200000000000000955e-01
5.000000000000000971e-02
4.666666666666666879e-02
8.466666666666666785e-01
3.333333333333333547e-03
0.000000000000000000e+00
1.666666666666666644e-02
5.433333333333333348e-01
0.000000000000000000e+00
0.000000000000000000e+00
1.456666666666666776e+00
6.166666666666666963e-01
4.799999999999999822e-01
5.799999999999999600e-01
5.066666666666667096e-01
9.166666666666666297e-01
1.366666666666666863e-01
2.600000000000000089e-01
8.699999999999999956e-01
5.433333333333333348e-01
4.599999999999999645e-01
6.133333333333332860e-01
1.766666666666666663e-01
1.566666666666666763e-01
3.000000000000000236e-02
1.713333333333333597e+00
9.233333333333333393e-01
1.000000000000000021e-02
2.266666666666666552e-01
2.200000000000000011e-01
2.000000000000000042e-02
3.333333333333333287e-02
9.666666666666666463e-02
8.800000000000000044e-01
0.000000000000000000e+00
2.399999999999999911e-01
1.013333333333333419e+00
1.866666666666666752e-01
5.966666666666666785e-01
1.666666666666666574e-01
2.236666666666666803e+00
8.000000000000000167e-02
4.666666666666666186e-02
6.866666666666666474e-01
9.866666666666666918e-01
1.589999999999999858e+00
3.733333333333332948e-01
4.000000000000000083e-02
9.233333333333333393e-01
2.666666666666666630e-01
0.000000000000000000e+00
0.000000000000000000e+00
2.933333333333333348e-01
4.333333333333333481e-02
1.000000000000000021e-02
5.566666666666666430e-01
5.033333333333332993e-01
1.333333333333333419e-02
3.333333333333333287e-02
2.333333333333333440e-02
1.610000000000000098e+00
2.099999999999999922e-01
0.000000000000000000e+00
8.199999999999999512e-01
4.666666666666666879e-02
0.000000000000000000e+00
0.000000000000000000e+00
8.666666666666666963e-01
3.666666666666667379e-02
1.000000000000000021e-02
1.866666666666666752e-01
7.333333333333334758e-02
3.733333333333332948e-01
3.666666666666666685e-02
1.526666666666666616e+00
2.000000000000000042e-02
6.333333333333333870e-02
1.099999999999999867e-01
2.000000000000000042e-02
5.600000000000000533e-01
1.800000000000000211e-01
1.999999999999999833e-01
3.000000000000000236e-02
7.833333333333332149e-01
9.199999999999999289e-01
3.666666666666667379e-02
6.333333333333332482e-02
1.333333333333333419e-02
1.949999999999999956e+00
2.666666666666666838e-02
1.433333333333333404e-01
1.873333333333333295e+00
5.999999999999999778e-02
1.046666666666666634e+00
5.100000000000000089e-01
7.099999999999999645e-01
2.333333333333333440e-02
1.666666666666666644e-02
6.066666666666665764e-01
6.533333333333333215e-01
3.333333333333333547e-03
1.866666666666666752e-01
1.633333333333333581e-01
3.333333333333333547e-03
1.666666666666666644e-02
4.666666666666666879e-02
1.666666666666666644e-02
4.000000000000000083e-02
0.000000000000000000e+00
9.666666666666666463e-02
3.333333333333333287e-02
0.000000000000000000e+00
4.533333333333333104e-01
6.333333333333333870e-02
0.000000000000000000e+00
5.899999999999999689e-01
5.899999999999999689e-01
1.226666666666666794e+00
6.333333333333333870e-02
1.099999999999999867e-01
1.199999999999999956e+00
3.333333333333333287e-02
0.000000000000000000e+00
2.066666666666666652e-01
1.489999999999999991e+00
7.666666666666666075e-02
2.466666666666666730e-01
1.000000000000000194e-01
2.533333333333333548e-01
1.300000000000000044e-01
2.999999999999999889e-02
3.766666666666666496e-01
0.000000000000000000e+00
1.000000000000000021e-02
4.566666666666666097e-01
1.199999999999999956e-01
2.999999999999999889e-02
2.466666666666666730e-01
2.333333333333333093e-02
9.000000000000001055e-02
6.300000000000000044e-01
3.333333333333333287e-02
2.799999999999999711e-01
1.533333333333333215e-01
1.033333333333333326e-01
1.133333333333333526e+00
1.433333333333333404e-01
0.000000000000000000e+00
7.000000000000000666e-02
2.133333333333333470e-01
4.966666666666666452e-01
6.666666666666666574e-02
1.266666666666666774e-01
9.333333333333333759e-02
8.466666666666666785e-01
1.000000000000000021e-02
0.000000000000000000e+00
2.999999999999999889e-02
5.999999999999999778e-02
2.000000000000000042e-02
3.099999999999999978e-01
1.266666666666666774e-01
7.399999999999998801e-01
1.033333333333333326e-01
4.000000000000000083e-02
8.466666666666666785e-01
4.000000000000000083e-02
6.333333333333333870e-02
1.766666666666666663e-01
0.000000000000000000e+00
1.366666666666666863e-01
3.499999999999999223e-01
8.000000000000000167e-02
1.046666666666666634e+00
1.080000000000000071e+00
0.000000000000000000e+00
7.333333333333333370e-02
5.999999999999999778e-02
2.333333333333333093e-02
4.000000000000000083e-02
1.596666666666666679e+00
1.866666666666666474e+00
2.400000000000000189e-01
5.733333333333332504e-01
3.966666666666666674e-01
0.000000000000000000e+00
1.666666666666666644e-02
1.996666666666666812e+00
1.700000000000000122e-01
2.000000000000000042e-02
9.666666666666667851e-02
3.666666666666666685e-02
2.666666666666666838e-02
3.333333333333333287e-02
4.466666666666667118e-01
0.000000000000000000e+00
8.666666666666666963e-02
6.899999999999999467e-01
1.300000000000000044e-01
0.000000000000000000e+00
2.200000000000000011e-01
4.499999999999999556e-01
7.333333333333333370e-02
1.766666666666666663e-01
5.433333333333333348e-01
2.666666666666666838e-02
1.000000000000000021e-02
1.966666666666666563e-01
2.333333333333333440e-02
0.000000000000000000e+00
4.466666666666667118e-01
1.000000000000000021e-02
3.333333333333333287e-02
1.333333333333333419e-02
1.933333333333333293e-01
7.666666666666667462e-02
2.426666666666666305e+00
5.633333333333333526e-01
4.033333333333333215e-01
1.346666666666666679e+00
3.600000000000000422e-01
1.946666666666666545e+00
5.833333333333333703e-01
8.266666666666666607e-01
3.366666666666666696e-01
1.399999999999999856e-01
0.000000000000000000e+00
2.133333333333333470e-01
6.166666666666666963e-01
0.000000000000000000e+00
3.333333333333333287e-02
2.043333333333333446e+00
7.933333333333333348e-01
8.900000000000000133e-01
1.800000000000000211e-01
5.466666666666667451e-01
2.466666666666666730e-01
1.803333333333333455e+00
1.076666666666666883e+00
2.000000000000000042e-02
8.000000000000000167e-02
9.266666666666666385e-01
1.520000000000000240e+00
1.433333333333333404e-01
4.166666666666666852e-01
1.666666666666666644e-02
4.466666666666667118e-01
9.333333333333333759e-02
5.999999999999999778e-02
8.333333333333332871e-02
5.000000000000000000e-01
0.000000000000000000e+00
4.000000000000000083e-02
3.666666666666666685e-02
7.000000000000000666e-02
1.333333333333333419e-02
1.733333333333333393e-01
6.333333333333333870e-02
7.333333333333332815e-01
3.799999999999999489e-01
3.666666666666666685e-02
7.666666666666666075e-02
7.166666666666666741e-01
1.866666666666666752e-01
4.033333333333333215e-01
2.666666666666666838e-02
2.000000000000000042e-02
4.499999999999999556e-01
4.666666666666666879e-02
1.966666666666666841e-01
5.966666666666666785e-01
6.833333333333332371e-01
3.666666666666667379e-02
7.599999999999998979e-01
8.133333333333334636e-01
6.999999999999999278e-02
1.600000000000000033e-01
5.899999999999999689e-01
2.756666666666666377e+00
1.933333333333333293e-01
1.013333333333333419e+00
6.433333333333333126e-01
6.666666666666666574e-02
9.500000000000000666e-01
2.666666666666666630e-01
1.666666666666666644e-02
4.833333333333333370e-01
1.266666666666666774e-01
1.066666666666666735e-01
1.033333333333333326e-01
8.333333333333332871e-02
9.100000000000000311e-01
1.216666666666666785e+00
4.233333333333333393e-01
1.003333333333333410e+00
3.266666666666667163e-01
1.000000000000000021e-02
8.233333333333332504e-01
1.256666666666666599e+00
5.666666666666667074e-02
9.000000000000001055e-02
9.166666666666666297e-01
7.766666666666667274e-01
6.666666666666667095e-03
1.300000000000000044e-01
1.293333333333333224e+00
2.299999999999999822e-01
7.666666666666667462e-02
3.433333333333333237e-01
4.166666666666666852e-01
0.000000000000000000e+00
0.000000000000000000e+00
1.700000000000000122e-01
0.000000000000000000e+00
4.666666666666666879e-02
9.533333333333334769e-01
3.666666666666667379e-02
4.699999999999999734e-01
5.666666666666666380e-02
4.333333333333333481e-01
9.333333333333333759e-02
6.166666666666666963e-01
6.666666666666666574e-02
3.666666666666667379e-02
3.133333333333332971e-01
1.756666666666666599e+00
1.199999999999999956e-01
6.899999999999999467e-01
1.496666666666666812e+00
2.666666666666666838e-02
0.000000000000000000e+00
6.233333333333334059e-01
3.333333333333333547e-03
6.733333333333333393e-01
1.766666666666666663e-01
3.766666666666666496e-01
5.366666666666666252e-01
1.410000000000000142e+00
8.399999999999999689e-01
1.333333333333333419e-02
3.000000000000000444e-01
0.000000000000000000e+00
3.333333333333333547e-03
8.666666666666666963e-02
2.333333333333333093e-02
0.000000000000000000e+00
6.666666666666667095e-03
5.633333333333333526e-01
6.366666666666667140e-01
4.000000000000000083e-02
1.656666666666666954e+00
4.999999999999999584e-02
1.726666666666666572e+00
1.150000000000000133e+00
9.666666666666667851e-02
3.566666666666666874e-01
9.666666666666666463e-02
8.666666666666666963e-02
3.000000000000000236e-02
8.333333333333332871e-02
8.000000000000000167e-02
1.266666666666666774e-01
6.666666666666667095e-03
0.000000000000000000e+00
0.000000000000000000e+00
1.633333333333333304e-01
5.033333333333332993e-01
2.466666666666666730e-01
1.666666666666666741e+00
5.000000000000000000e-01
1.233333333333333504e-01
1.690000000000000169e+00
1.433333333333333404e-01
2.933333333333333348e-01
4.799999999999999822e-01
5.666666666666667074e-02
1.000000000000000021e-02
1.366666666666666585e-01
0.000000000000000000e+00
1.600000000000000033e-01
3.300000000000000155e-01
3.166666666666666519e-01
2.633333333333333637e-01
6.199999999999999956e-01
9.700000000000000844e-01
1.389999999999999902e+00
1.933333333333333570e-01
8.333333333333332871e-02
1.833333333333333481e-01
2.399999999999999911e-01
1.300000000000000044e-01
1.333333333333333315e-01
1.110000000000000098e+00
1.100000000000000006e-01
0.000000000000000000e+00
7.066666666666666652e-01
2.700000000000000178e-01
7.333333333333334758e-02
8.000000000000000167e-02
2.566666666666666541e-01
1.263333333333333419e+00
1.476666666666666572e+00
1.533333333333333215e+00
2.999999999999999889e-01
1.629999999999999893e+00
4.633333333333333748e-01
3.666666666666665991e-02
5.833333333333333703e-01
6.333333333333333870e-02
5.833333333333333703e-01
2.233333333333333004e-01
9.799999999999998712e-01
1.300000000000000044e-01
3.333333333333333287e-02
3.333333333333333547e-03
2.266666666666666552e-01
0.000000000000000000e+00
1.499999999999999944e-01
1.633333333333333304e-01
4.566666666666666097e-01
5.466666666666667451e-01
4.000000000000000083e-02
6.933333333333333570e-01
1.303333333333333455e+00
5.333333333333333676e-02
2.133333333333333470e-01
1.533333333333333215e+00
5.000000000000000000e-01
3.303333333333333233e+00
9.000000000000001055e-02
0.000000000000000000e+00
1.666666666666666574e-01
2.666666666666666838e-02
1.266666666666666774e-01
1.026666666666666616e+00
7.066666666666666652e-01
8.000000000000000167e-02
8.399999999999999689e-01
4.566666666666666097e-01
2.233333333333333004e-01
9.333333333333333759e-02
3.500000000000000333e-01
9.466666666666666563e-01
1.476666666666666572e+00
2.333333333333333093e-01
1.443333333333333357e+00
1.799999999999999656e-01
5.000000000000000971e-02
1.176666666666666750e+00
2.146666666666666945e+00
1.000000000000000021e-02
3.600000000000000422e-01
2.366666666666666641e-01
1.266666666666666774e-01
1.623333333333333295e+00
1.020000000000000240e+00
0.000000000000000000e+00
5.000000000000000971e-02
4.599999999999999645e-01
4.666666666666666879e-02
6.400000000000000133e-01
2.256666666666666377e+00
4.233333333333333393e-01
2.933333333333333348e-01
1.986666666666666581e+00
5.086666666666666892e+00
