1.393333333333333535e+00
8.633333333333332860e-01
6.466666666666666119e-01
7.000000000000000666e-02
1.023333333333333428e+00
2.999999999999999889e-02
5.633333333333333526e-01
0.000000000000000000e+00
1.066666666666666735e-01
1.123333333333333295e+00
4.000000000000000083e-02
1.000000000000000021e-02
5.100000000000000089e-01
2.166666666666666741e-01
7.466666666666667007e-01
3.133333333333332971e-01
1.766666666666666607e+00
2.149999999999999911e+00
2.733333333333333726e-01
8.700000000000001066e-01
2.333333333333333093e-01
2.533333333333333548e-01
9.333333333333333759e-02
2.333333333333333093e-02
8.333333333333332871e-02
2.333333333333333440e-02
0.000000000000000000e+00
3.333333333333333547e-03
1.333333333333333259e+00
3.700000000000000511e-01
1.333333333333333419e-02
6.333333333333333037e-01
1.343333333333333490e+00
6.933333333333333570e-01
5.266666666666667274e-01
2.033333333333333215e+00
0.000000000000000000e+00
0.000000000000000000e+00
3.099999999999999978e-01
4.533333333333333104e-01
0.000000000000000000e+00
8.666666666666666963e-02
1.116666666666666696e+00
0.000000000000000000e+00
0.000000000000000000e+00
3.333333333333333547e-03
2.666666666666666838e-02
4.566666666666666097e-01
1.000000000000000021e-02
4.666666666666666879e-02
9.333333333333333759e-02
2.233333333333333559e-01
2.200000000000000011e-01
4.099999999999999756e-01
3.433333333333332682e-01
2.799999999999999711e-01
2.333333333333333440e-02
2.000000000000000042e-02
2.333333333333333440e-02
0.000000000000000000e+00
3.000000000000000236e-02
7.000000000000000666e-02
3.333333333333333547e-03
0.000000000000000000e+00
4.033333333333333215e-01
2.333333333333333440e-02
0.000000000000000000e+00
2.999999999999999889e-02
9.000000000000000222e-01
5.666666666666666380e-02
1.066666666666666735e-01
1.133333333333333415e-01
1.333333333333333259e+00
1.370000000000000107e+00
1.000000000000000021e-02
1.633333333333333304e-01
1.066666666666666652e+00
4.333333333333333481e-01
0.000000000000000000e+00
4.333333333333333481e-02
8.433333333333333792e-01
1.066666666666666735e-01
2.540000000000000036e+00
2.333333333333333440e-02
2.333333333333333440e-02
8.000000000000000167e-02
3.666666666666666963e-01
1.166666666666666546e-01
8.000000000000000167e-02
6.800000000000000488e-01
1.000000000000000021e-02
0.000000000000000000e+00
3.333333333333333287e-02
1.233333333333333365e-01
1.980000000000000204e+00
6.166666666666666963e-01
1.666666666666666574e-01
0.000000000000000000e+00
2.466666666666666730e-01
2.540000000000000036e+00
1.900000000000000300e-01
1.499999999999999944e-01
1.290000000000000036e+00
8.966666666666666119e-01
2.333333333333333440e-02
2.900000000000000355e-01
3.866666666666666585e-01
6.400000000000000133e-01
6.000000000000000472e-02
8.333333333333332871e-02
7.133333333333332638e-01
1.066666666666666735e-01
2.233333333333333004e-01
3.600000000000000422e-01
7.000000000000000666e-02
5.666666666666667074e-02
1.000000000000000021e-02
5.000000000000000971e-02
4.333333333333333481e-02
1.866666666666666752e-01
3.999999999999999667e-01
1.410000000000000142e+00
9.933333333333332904e-01
1.233333333333333365e-01
4.033333333333333215e-01
6.666666666666667095e-03
6.666666666666667095e-03
1.023333333333333206e+00
0.000000000000000000e+00
4.333333333333333481e-02
2.199999999999999734e-01
2.466666666666666730e-01
2.999999999999999889e-02
3.733333333333332948e-01
9.533333333333332549e-01
5.333333333333333259e-01
8.333333333333332871e-02
1.300000000000000044e-01
2.000000000000000042e-02
3.799999999999999378e+00
1.733333333333333393e+00
1.423333333333333117e+00
7.299999999999999822e-01
1.933333333333333570e-01
5.566666666666667540e-01
9.333333333333333759e-02
5.966666666666666785e-01
0.000000000000000000e+00
2.600000000000000089e-01
1.516666666666666607e+00
0.000000000000000000e+00
0.000000000000000000e+00
3.800000000000000600e-01
3.366666666666666696e-01
9.133333333333334414e-01
1.133333333333333276e-01
1.953333333333333366e+00
1.379999999999999893e+00
4.666666666666666879e-02
1.866666666666666752e-01
2.766666666666666718e-01
1.700000000000000122e-01
0.000000000000000000e+00
0.000000000000000000e+00
9.666666666666667851e-02
1.333333333333333419e-02
3.333333333333333547e-03
5.333333333333333676e-02
1.373333333333333295e+00
6.900000000000000577e-01
1.199999999999999956e-01
2.933333333333333903e-01
1.683333333333333570e+00
6.633333333333334414e-01
3.833333333333333037e-01
2.589999999999999858e+00
0.000000000000000000e+00
4.999999999999999584e-02
4.000000000000000777e-01
6.933333333333333570e-01
0.000000000000000000e+00
1.066666666666666735e-01
6.166666666666665853e-01
0.000000000000000000e+00
1.666666666666666644e-02
3.666666666666667379e-02
7.333333333333333370e-02
4.066666666666666763e-01
3.333333333333333287e-02
9.433333333333333570e-01
1.199999999999999956e-01
3.899999999999999578e-01
3.233333333333333059e-01
5.933333333333332682e-01
1.633333333333333304e-01
4.000000000000000083e-02
6.666666666666667095e-03
2.000000000000000042e-02
0.000000000000000000e+00
0.000000000000000000e+00
0.000000000000000000e+00
5.000000000000000971e-02
3.333333333333333547e-03
0.000000000000000000e+00
6.233333333333334059e-01
7.000000000000000666e-02
1.000000000000000194e-01
1.666666666666666644e-02
1.040000000000000036e+00
2.033333333333333381e-01
1.600000000000000033e-01
4.733333333333333282e-01
1.730000000000000204e+00
1.290000000000000036e+00
9.999999999999999167e-02
2.399999999999999911e-01
8.866666666666667140e-01
1.199999999999999956e-01
0.000000000000000000e+00
2.666666666666666838e-02
1.026666666666666616e+00
1.966666666666666563e-01
2.103333333333333055e+00
4.333333333333333481e-02
6.666666666666666574e-02
6.333333333333333870e-02
6.800000000000000488e-01
2.066666666666666652e-01
1.400000000000000133e-01
9.400000000000000577e-01
3.666666666666666685e-02
6.666666666666667095e-03
2.000000000000000042e-02
2.766666666666666718e-01
1.350000000000000311e+00
5.399999999999999245e-01
9.266666666666667496e-01
0.000000000000000000e+00
5.466666666666667451e-01
2.366666666666666696e+00
2.033333333333333381e-01
3.466666666666666785e-01
1.233333333333333393e+00
4.199999999999999845e-01
1.666666666666666644e-02
2.866666666666666807e-01
4.333333333333332926e-01
2.999999999999999889e-01
0.000000000000000000e+00
3.666666666666666685e-02
5.466666666666667451e-01
4.000000000000000083e-02
2.999999999999999889e-02
1.700000000000000122e-01
4.000000000000000083e-02
1.666666666666666644e-02
1.066666666666666735e-01
4.999999999999999584e-02
6.666666666666666574e-02
1.400000000000000133e-01
2.099999999999999922e-01
1.610000000000000098e+00
1.370000000000000107e+00
1.766666666666666663e-01
4.866666666666667473e-01
1.333333333333333419e-02
7.666666666666666075e-02
1.013333333333333419e+00
4.333333333333333481e-02
6.666666666666666574e-02
2.399999999999999911e-01
6.666666666666666574e-02
0.000000000000000000e+00
3.233333333333333059e-01
1.260000000000000009e+00
3.666666666666666963e-01
1.300000000000000044e-01
1.366666666666666863e-01
9.333333333333333759e-02
1.423333333333333117e+00
1.943333333333333357e+00
3.266666666666666607e-01
1.596666666666666679e+00
1.550000000000000044e+00
3.999999999999999667e-01
3.200000000000000067e-01
2.899999999999999911e+00
1.570000000000000062e+00
3.866666666666667140e-01
3.033333333333332882e-01
1.709999999999999964e+00
4.799999999999999822e-01
2.666666666666666630e-01
1.643333333333333313e+00
