1.070000000000000062e+00
1.120000000000000107e+00
5.633333333333333526e-01
7.299999999999999822e-01
2.333333333333333440e-02
2.196666666666666767e+00
2.066666666666666652e-01
1.766666666666666663e-01
2.566666666666666541e-01
1.666666666666666644e-02
5.466666666666667451e-01
2.333333333333333440e-02
2.133333333333332915e-01
1.126666666666666705e+00
1.366666666666666863e-01
1.306666666666666643e+00
1.733333333333333393e-01
2.666666666666666838e-02
2.933333333333333348e-01
9.666666666666667851e-02
2.033333333333333381e-01
6.666666666666666574e-02
1.233333333333333365e-01
0.000000000000000000e+00
8.666666666666666963e-02
1.199999999999999956e-01
9.999999999999999167e-02
3.099999999999999978e-01
8.566666666666667984e-01
7.233333333333332726e-01
0.000000000000000000e+00
1.433333333333333404e-01
8.566666666666665764e-01
0.000000000000000000e+00
1.666666666666666644e-02
9.333333333333333759e-02
5.633333333333333526e-01
6.800000000000000488e-01
1.666666666666666644e-02
6.666666666666666297e-01
0.000000000000000000e+00
1.266666666666666774e-01
2.199999999999999734e-01
8.666666666666666963e-01
3.033333333333333437e-01
3.600000000000000422e-01
1.933333333333333293e-01
5.633333333333333526e-01
1.300000000000000044e+00
3.166666666666666519e-01
1.199999999999999956e-01
4.099999999999999756e-01
2.333333333333333440e-02
3.000000000000000236e-02
3.666666666666667379e-02
3.333333333333333547e-03
3.333333333333333547e-03
9.666666666666667851e-02
3.666666666666666685e-02
3.333333333333333547e-03
2.900000000000000355e-01
4.000000000000000083e-02
3.333333333333333547e-03
3.500000000000000333e-01
5.433333333333333348e-01
4.033333333333333215e-01
2.766666666666666718e-01
1.066666666666666735e-01
2.266666666666666552e-01
2.566666666666666541e-01
8.633333333333332860e-01
9.899999999999998801e-01
0.000000000000000000e+00
2.999999999999999889e-02
0.000000000000000000e+00
1.433333333333333404e-01
1.333333333333333315e-01
3.666666666666667379e-02
4.666666666666666879e-02
4.633333333333333748e-01
0.000000000000000000e+00
3.666666666666666685e-02
6.666666666666666574e-02
1.199999999999999956e-01
1.733333333333333393e-01
4.000000000000000083e-02
6.666666666666667095e-03
0.000000000000000000e+00
1.166666666666666546e-01
0.000000000000000000e+00
2.399999999999999911e-01
0.000000000000000000e+00
6.333333333333333870e-02
1.059999999999999831e+00
4.166666666666666852e-01
3.333333333333333547e-03
3.400000000000000244e-01
6.666666666666667095e-03
1.233333333333333365e-01
7.000000000000000666e-02
6.000000000000000472e-02
7.666666666666667462e-02
1.000000000000000000e+00
1.000000000000000194e-01
1.333333333333333315e-01
1.666666666666666574e-01
1.033333333333333326e-01
4.666666666666666879e-02
2.666666666666666630e-01
1.133333333333333276e-01
2.333333333333333440e-02
1.179999999999999938e+00
5.833333333333333703e-01
6.666666666666667095e-03
5.333333333333333259e-01
4.666666666666666879e-02
1.233333333333333365e-01
1.333333333333333419e-02
4.366666666666667029e-01
2.466666666666666730e-01
5.033333333333332993e-01
3.133333333333332971e-01
2.999999999999999889e-02
1.156666666666666510e+00
3.666666666666666963e-01
1.766666666666666663e-01
1.633333333333333304e-01
8.333333333333332871e-02
9.866666666666666918e-01
1.099999999999999867e-01
4.600000000000000200e-01
1.199999999999999956e-01
0.000000000000000000e+00
4.566666666666667207e-01
6.666666666666667095e-03
5.466666666666667451e-01
0.000000000000000000e+00
7.000000000000000666e-02
3.133333333333332971e-01
2.666666666666666838e-02
2.199999999999999734e-01
9.999999999999999167e-02
6.666666666666667095e-03
1.033333333333333326e-01
8.666666666666666963e-02
2.999999999999999889e-02
6.333333333333333870e-02
2.033333333333333659e-01
3.866666666666667140e-01
2.900000000000000355e-01
8.566666666666665764e-01
4.666666666666666879e-02
2.366666666666666641e-01
5.200000000000000178e-01
2.099999999999999922e-01
9.666666666666667851e-02
6.666666666666667095e-03
9.666666666666666463e-02
0.000000000000000000e+00
2.566666666666666541e-01
1.700000000000000122e-01
8.666666666666666963e-02
9.999999999999999167e-02
9.333333333333332371e-01
7.333333333333333370e-02
3.666666666666666685e-02
6.333333333333333037e-01
3.666666666666666685e-02
1.600000000000000033e-01
2.800000000000000266e-01
1.110000000000000098e+00
7.333333333333331983e-02
1.636666666666666714e+00
2.533333333333333548e-01
3.300000000000000155e-01
5.200000000000000178e-01
2.999999999999999889e-02
0.000000000000000000e+00
1.266666666666666774e-01
1.566666666666666485e-01
0.000000000000000000e+00
0.000000000000000000e+00
4.199999999999999845e-01
1.899999999999999745e-01
1.433333333333333404e-01
4.000000000000000083e-02
0.000000000000000000e+00
2.000000000000000042e-02
2.000000000000000042e-02
0.000000000000000000e+00
2.999999999999999889e-02
8.333333333333332871e-02
6.099999999999999867e-01
2.333333333333333648e-01
6.800000000000000488e-01
4.033333333333333215e-01
1.383333333333333526e+00
2.966666666666666896e-01
1.370000000000000107e+00
2.040000000000000036e+00
6.099999999999999867e-01
3.333333333333333547e-03
2.199999999999999734e-01
4.999999999999999584e-02
6.833333333333332371e-01
1.986666666666666581e+00
1.356666666666666687e+00
1.933333333333333293e-01
1.000000000000000194e-01
2.666666666666666630e-01
1.366666666666666863e-01
1.899999999999999745e-01
4.966666666666666452e-01
5.333333333333333676e-02
2.633333333333333637e-01
1.900000000000000133e+00
2.666666666666666838e-02
1.866666666666666474e+00
9.333333333333332371e-02
2.600000000000000089e-01
2.366666666666666641e-01
1.333333333333333419e-02
1.333333333333333315e-01
4.333333333333333481e-02
5.999999999999999778e-02
6.466666666666667229e-01
6.633333333333332194e-01
5.999999999999999778e-01
6.666666666666667095e-03
0.000000000000000000e+00
1.266666666666666774e-01
1.666666666666666644e-02
1.269999999999999796e+00
2.999999999999999889e-01
4.000000000000000083e-02
4.333333333333333481e-02
1.066666666666666735e-01
0.000000000000000000e+00
0.000000000000000000e+00
4.666666666666666879e-02
9.999999999999999167e-02
9.300000000000000488e-01
1.033333333333333326e-01
8.333333333333332871e-02
0.000000000000000000e+00
1.333333333333333419e-02
3.333333333333333547e-03
3.333333333333333287e-02
2.000000000000000042e-02
4.000000000000000083e-02
0.000000000000000000e+00
6.533333333333333215e-01
1.700000000000000122e-01
6.000000000000000472e-02
4.333333333333333481e-02
6.999999999999999278e-02
3.333333333333333547e-03
1.000000000000000194e-01
0.000000000000000000e+00
0.000000000000000000e+00
1.499999999999999944e-01
5.333333333333333676e-02
3.666666666666667379e-02
4.000000000000000083e-02
0.000000000000000000e+00
1.033333333333333465e-01
9.233333333333333393e-01
1.033333333333333465e-01
1.766666666666666663e-01
2.866666666666666807e-01
1.076666666666666661e+00
1.999999999999999833e-01
2.166666666666666741e-01
3.000000000000000444e-01
4.266666666666666941e-01
1.533333333333333492e-01
5.299999999999999156e-01
2.133333333333332915e-01
0.000000000000000000e+00
3.333333333333333547e-03
4.633333333333333193e-01
0.000000000000000000e+00
0.000000000000000000e+00
1.166666666666666546e-01
5.666666666666667074e-02
2.000000000000000042e-02
5.200000000000000178e-01
2.133333333333333470e-01
5.666666666666667074e-02
1.966666666666666563e-01
1.233333333333333504e-01
4.000000000000000083e-02
3.333333333333333547e-03
3.333333333333333287e-02
2.099999999999999922e-01
5.999999999999999778e-01
1.666666666666666574e-01
6.333333333333333870e-02
1.866666666666666752e-01
9.000000000000001055e-02
1.400000000000000133e-01
1.066666666666666458e-01
2.600000000000000089e-01
8.000000000000000167e-02
1.633333333333333304e-01
1.433333333333333404e-01
2.733333333333333726e-01
0.000000000000000000e+00
4.899999999999999911e-01
3.500000000000000333e-01
2.500000000000000000e-01
1.333333333333333419e-02
1.000000000000000021e-02
6.333333333333333870e-02
2.999999999999999889e-02
4.000000000000000083e-02
5.333333333333333676e-02
6.666666666666666574e-02
4.900000000000000466e-01
4.066666666666666763e-01
4.166666666666666852e-01
1.036666666666666847e+00
3.600000000000000422e-01
1.523333333333333428e+00
4.599999999999999645e-01
9.599999999999999645e-01
9.333333333333333759e-02
2.699999999999999623e-01
3.333333333333333287e-02
4.666666666666666879e-02
3.333333333333333547e-03
2.333333333333333093e-02
3.333333333333333287e-02
7.333333333333334758e-02
0.000000000000000000e+00
3.299999999999999600e-01
0.000000000000000000e+00
0.000000000000000000e+00
4.000000000000000083e-02
2.433333333333333182e-01
4.000000000000000083e-02
4.000000000000000083e-02
3.366666666666666141e-01
8.666666666666666963e-02
9.733333333333332726e-01
7.666666666666667462e-02
3.233333333333333059e-01
1.093333333333333268e+00
3.233333333333333059e-01
1.633333333333333304e-01
2.133333333333332915e-01
2.133333333333333470e-01
5.999999999999999778e-02
3.666666666666666963e-01
1.000000000000000194e-01
1.033333333333333326e-01
1.000000000000000021e-02
1.499999999999999944e-01
2.666666666666666838e-02
0.000000000000000000e+00
0.000000000000000000e+00
0.000000000000000000e+00
0.000000000000000000e+00
1.600000000000000033e-01
2.600000000000000089e-01
4.833333333333333370e-01
8.133333333333333526e-01
0.000000000000000000e+00
2.500000000000000000e-01
1.666666666666666644e-02
1.066666666666666735e-01
5.133333333333333082e-01
4.000000000000000083e-02
1.733333333333333393e-01
6.033333333333333881e-01
4.666666666666666879e-02
0.000000000000000000e+00
2.533333333333333548e-01
1.666666666666666644e-02
6.766666666666666385e-01
1.666666666666666644e-02
2.333333333333333093e-02
0.000000000000000000e+00
5.333333333333333676e-02
1.333333333333333419e-02
0.000000000000000000e+00
3.666666666666667379e-02
8.099999999999999423e-01
4.000000000000000083e-02
0.000000000000000000e+00
0.000000000000000000e+00
4.433333333333333570e-01
2.999999999999999889e-02
4.766666666666667385e-01
4.433333333333333570e-01
1.966666666666666841e-01
4.499999999999999556e-01
0.000000000000000000e+00
8.333333333333332871e-02
0.000000000000000000e+00
5.000000000000000000e-01
3.766666666666667052e-01
3.333333333333333547e-03
6.666666666666666574e-02
1.000000000000000021e-02
1.233333333333333365e-01
6.666666666666667095e-03
1.666666666666666644e-02
1.199999999999999956e-01
3.300000000000000155e-01
2.333333333333333440e-02
2.333333333333333440e-02
0.000000000000000000e+00
0.000000000000000000e+00
6.666666666666667095e-03
9.333333333333333759e-02
2.333333333333333440e-02
7.733333333333334281e-01
2.166666666666666741e-01
8.666666666666666963e-02
1.473333333333333384e+00
2.099999999999999922e-01
1.166666666666666546e-01
1.013333333333333419e+00
7.133333333333332638e-01
9.333333333333333759e-02
1.866666666666666752e-01
0.000000000000000000e+00
1.266666666666666774e-01
2.466666666666667007e-01
3.333333333333333547e-03
7.666666666666667462e-02
5.333333333333333676e-02
0.000000000000000000e+00
3.333333333333333287e-02
2.333333333333333440e-02
1.199999999999999956e-01
2.000000000000000042e-02
1.133333333333333276e-01
5.733333333333333615e-01
3.233333333333333059e-01
2.899999999999999800e-01
2.866666666666666807e-01
4.366666666666667029e-01
2.833333333333333259e-01
3.600000000000000422e-01
2.000000000000000042e-02
0.000000000000000000e+00
0.000000000000000000e+00
0.000000000000000000e+00
0.000000000000000000e+00
6.666666666666667095e-03
0.000000000000000000e+00
6.666666666666667095e-03
6.666666666666666574e-02
4.033333333333333215e-01
6.400000000000000133e-01
6.633333333333333304e-01
3.233333333333333059e-01
9.333333333333333759e-02
2.633333333333333637e-01
1.499999999999999944e-01
4.666666666666666879e-02
5.466666666666667451e-01
3.333333333333333547e-03
3.200000000000000067e-01
1.533333333333333215e-01
3.766666666666667052e-01
6.333333333333333870e-02
1.366666666666666863e-01
3.666666666666667379e-02
6.899999999999999467e-01
3.000000000000000444e-01
5.333333333333333676e-02
8.466666666666666785e-01
1.000000000000000021e-02
9.433333333333333570e-01
2.466666666666666730e-01
0.000000000000000000e+00
2.366666666666666641e-01
2.000000000000000042e-02
1.199999999999999956e-01
1.666666666666666574e-01
7.666666666666667462e-02
0.000000000000000000e+00
0.000000000000000000e+00
2.333333333333333440e-02
9.999999999999999167e-02
5.999999999999999778e-02
7.333333333333334758e-02
3.666666666666666685e-02
1.166666666666666546e-01
3.333333333333333287e-02
3.333333333333333287e-02
2.000000000000000042e-02
1.333333333333333315e-01
4.666666666666666879e-02
7.500000000000000000e-01
2.266666666666666829e-01
0.000000000000000000e+00
4.266666666666666941e-01
4.000000000000000083e-02
5.066666666666667096e-01
1.766666666666666663e-01
1.666666666666666644e-02
2.099999999999999922e-01
0.000000000000000000e+00
5.899999999999999689e-01
8.666666666666666963e-02
1.633333333333333304e-01
2.333333333333333093e-02
1.666666666666666644e-02
2.333333333333333093e-02
2.766666666666666718e-01
3.099999999999999978e-01
4.000000000000000083e-02
7.000000000000000666e-02
0.000000000000000000e+00
2.666666666666666838e-02
7.666666666666667462e-02
4.666666666666666186e-01
3.666666666666666685e-02
8.133333333333333526e-01
6.699999999999999289e-01
1.066666666666666735e-01
1.666666666666666644e-02
9.666666666666667851e-02
2.299999999999999822e-01
1.266666666666666774e-01
2.333333333333333093e-02
9.566666666666666652e-01
1.006666666666666599e+00
0.000000000000000000e+00
9.366666666666666474e-01
9.999999999999999167e-02
6.666666666666666574e-02
4.599999999999999645e-01
1.033333333333333465e-01
1.366666666666666863e-01
3.300000000000000155e-01
1.219999999999999973e+00
1.433333333333333404e-01
2.733333333333333726e-01
0.000000000000000000e+00
0.000000000000000000e+00
2.000000000000000042e-02
1.499999999999999944e-01
4.466666666666667118e-01
2.100000000000000477e-01
2.600000000000000089e-01
3.333333333333333547e-03
0.000000000000000000e+00
1.666666666666666574e-01
1.066666666666666735e-01
7.999999999999999334e-01
7.666666666666667462e-02
4.000000000000000083e-02
2.666666666666666838e-02
5.666666666666667629e-01
4.566666666666667207e-01
1.600000000000000033e-01
7.233333333333332726e-01
2.333333333333333440e-02
1.199999999999999956e-01
1.666666666666666644e-02
6.900000000000000577e-01
5.066666666666667096e-01
1.166666666666666546e-01
1.433333333333333404e-01
0.000000000000000000e+00
3.166666666666666519e-01
2.000000000000000042e-02
1.433333333333333404e-01
1.766666666666666663e-01
2.766666666666666718e-01
8.000000000000000167e-02
6.266666666666667052e-01
8.333333333333332871e-02
5.399999999999999245e-01
1.966666666666666841e-01
1.666666666666666644e-02
3.333333333333333287e-02
2.933333333333333903e-01
2.999999999999999889e-02
1.333333333333333259e+00
1.526666666666666616e+00
1.176666666666666750e+00
