1.520000000000000240e+00
9.999999999999999167e-02
1.966666666666666563e-01
0.000000000000000000e+00
1.033333333333333326e-01
1.553333333333333455e+00
2.433333333333333182e-01
1.800000000000000211e-01
7.666666666666667462e-02
3.033333333333332882e-01
3.999999999999999667e-01
5.500000000000000444e-01
2.566666666666666541e-01
5.133333333333333082e-01
9.000000000000001055e-02
1.419999999999999929e+00
1.333333333333333419e-02
1.860000000000000098e+00
9.333333333333333759e-02
6.333333333333333870e-02
1.199999999999999956e-01
1.066666666666666735e-01
3.333333333333333547e-03
2.533333333333333548e-01
1.313333333333333242e+00
5.333333333333333676e-02
1.433333333333333404e-01
2.633333333333333082e-01
2.633333333333333637e-01
0.000000000000000000e+00
1.550000000000000044e+00
1.400000000000000133e+00
1.509999999999999787e+00
1.699999999999999956e+00
6.666666666666667095e-03
7.033333333333332549e-01
0.000000000000000000e+00
8.333333333333332871e-02
4.666666666666666879e-02
4.266666666666666941e-01
0.000000000000000000e+00
1.233333333333333365e-01
8.333333333333332871e-02
1.066666666666666735e-01
1.166666666666666546e-01
1.233333333333333365e-01
5.333333333333333676e-02
0.000000000000000000e+00
4.366666666666667029e-01
4.299999999999999933e-01
4.333333333333333481e-02
3.366666666666666696e-01
6.633333333333334414e-01
2.200000000000000011e-01
1.836666666666666670e+00
1.383333333333333526e+00
9.666666666666667851e-02
0.000000000000000000e+00
2.433333333333333182e-01
6.999999999999999278e-02
3.666666666666666685e-02
5.466666666666666341e-01
4.000000000000000083e-02
1.233333333333333365e-01
1.700000000000000122e-01
9.666666666666667851e-02
1.666666666666666644e-02
0.000000000000000000e+00
1.999999999999999833e-01
9.666666666666667851e-02
1.433333333333333404e-01
7.666666666666666075e-02
0.000000000000000000e+00
2.000000000000000042e-02
9.666666666666667851e-02
6.666666666666667095e-03
2.666666666666666838e-02
8.666666666666666963e-02
1.000000000000000021e-02
2.666666666666666630e-01
1.393333333333333313e+00
2.600000000000000089e-01
4.000000000000000083e-02
2.999999999999999889e-01
1.633333333333333304e-01
7.266666666666666829e-01
1.676666666666666528e+00
2.733333333333333726e-01
3.196666666666666767e+00
1.000000000000000021e-02
9.266666666666667496e-01
0.000000000000000000e+00
1.666666666666666644e-02
3.333333333333333287e-02
3.666666666666666685e-02
1.566666666666666763e-01
2.166666666666666741e-01
9.333333333333333759e-02
5.733333333333333615e-01
4.966666666666666452e-01
6.999999999999999278e-02
1.469999999999999973e+00
1.866666666666666474e-01
3.333333333333333287e-02
2.333333333333333093e-01
7.666666666666667462e-02
6.566666666666667318e-01
4.333333333333333481e-02
1.000000000000000021e-02
3.333333333333333547e-03
1.666666666666666644e-02
0.000000000000000000e+00
2.000000000000000042e-02
4.666666666666666186e-01
4.666666666666666879e-02
0.000000000000000000e+00
0.000000000000000000e+00
7.733333333333333171e-01
1.266666666666666774e-01
0.000000000000000000e+00
1.000000000000000021e-02
1.219999999999999973e+00
9.733333333333332726e-01
1.300000000000000044e-01
3.666666666666666963e-01
4.733333333333333282e-01
0.000000000000000000e+00
2.466666666666666730e-01
2.333333333333333440e-02
0.000000000000000000e+00
1.066666666666666458e-01
2.000000000000000042e-02
0.000000000000000000e+00
1.766666666666666663e-01
9.000000000000001055e-02
4.333333333333333481e-01
1.090000000000000080e+00
1.300000000000000044e-01
4.833333333333333370e-01
2.833333333333333814e-01
3.266666666666666607e-01
1.999999999999999833e-01
4.500000000000000111e-01
2.933333333333333903e-01
3.366666666666666696e-01
1.353333333333333499e+00
5.899999999999999689e-01
1.333333333333333315e-01
2.180000000000000160e+00
8.900000000000000133e-01
0.000000000000000000e+00
1.766666666666666663e-01
6.566666666666666208e-01
1.000000000000000021e-02
3.333333333333333547e-03
8.433333333333333792e-01
1.000000000000000021e-02
1.666666666666666644e-02
1.366666666666666863e-01
6.333333333333333870e-02
4.333333333333333481e-02
2.999999999999999889e-01
1.733333333333333393e-01
7.400000000000001021e-01
6.999999999999999278e-02
4.299999999999999933e-01
2.133333333333333470e-01
6.666666666666666574e-02
8.799999999999998934e-01
3.333333333333333287e-02
6.800000000000000488e-01
2.066666666666666652e-01
1.199999999999999956e-01
8.666666666666666963e-02
2.700000000000000178e-01
5.433333333333333348e-01
2.433333333333333182e-01
3.799999999999999489e-01
8.333333333333332871e-02
4.500000000000000111e-01
2.766666666666666718e-01
1.966666666666666563e-01
2.399999999999999911e-01
4.366666666666667029e-01
4.266666666666666941e-01
3.333333333333333547e-03
2.133333333333333470e-01
4.899999999999999911e-01
2.733333333333333726e-01
5.833333333333333703e-01
1.999999999999999833e-01
0.000000000000000000e+00
1.233333333333333365e-01
6.699999999999999289e-01
2.233333333333333004e-01
0.000000000000000000e+00
3.666666666666666685e-02
2.666666666666666630e-01
2.999999999999999889e-02
0.000000000000000000e+00
0.000000000000000000e+00
1.143333333333333313e+00
7.000000000000000666e-02
0.000000000000000000e+00
9.000000000000001055e-02
1.899999999999999745e-01
2.999999999999999889e-02
0.000000000000000000e+00
9.333333333333333759e-02
1.163333333333333330e+00
1.066666666666666735e-01
1.003333333333333188e+00
