1.026666666666666616e+00
2.866666666666666807e-01
9.799999999999999822e-01
8.000000000000000167e-02
3.000000000000000236e-02
3.333333333333333287e-02
6.333333333333333870e-02
0.000000000000000000e+00
2.000000000000000042e-02
2.000000000000000042e-02
1.666666666666666644e-02
0.000000000000000000e+00
2.000000000000000042e-02
1.000000000000000021e-02
2.000000000000000042e-02
1.333333333333333419e-02
1.000000000000000021e-02
1.000000000000000021e-02
2.999999999999999889e-02
2.000000000000000042e-02
1.000000000000000021e-02
2.000000000000000042e-02
2.000000000000000042e-02
1.000000000000000021e-02
1.000000000000000021e-02
2.000000000000000042e-02
1.333333333333333315e-01
1.356666666666666687e+00
1.103333333333333277e+00
1.750000000000000000e+00
