1.986666666666667025e+00
1.600000000000000033e-01
2.333333333333333093e-02
1.466666666666666674e-01
1.309999999999999831e+00
1.333333333333333419e-02
3.666666666666666685e-02
5.666666666666667074e-02
0.000000000000000000e+00
0.000000000000000000e+00
1.066666666666666735e-01
6.466666666666666119e-01
0.000000000000000000e+00
3.566666666666666319e-01
6.666666666666666574e-02
6.033333333333333881e-01
1.966666666666666563e-01
0.000000000000000000e+00
8.666666666666666963e-01
8.733333333333334059e-01
2.000000000000000042e-02
2.999999999999999889e-02
6.699999999999999289e-01
8.966666666666666119e-01
3.033333333333332882e-01
1.799999999999999656e-01
2.666666666666666630e-01
5.299999999999999156e-01
4.000000000000000083e-02
2.500000000000000000e-01
1.499999999999999944e-01
2.766666666666666718e-01
1.000000000000000021e-02
1.270000000000000018e+00
6.166666666666666963e-01
2.433333333333333182e-01
8.366666666666665586e-01
4.000000000000000083e-02
4.000000000000000083e-02
2.999999999999999889e-02
7.666666666666667462e-02
1.233333333333333365e-01
0.000000000000000000e+00
7.666666666666667462e-02
9.333333333333333759e-02
4.000000000000000083e-02
8.666666666666666963e-02
4.266666666666666941e-01
1.566666666666666485e-01
0.000000000000000000e+00
2.333333333333333093e-02
4.500000000000000111e-01
7.000000000000000666e-02
0.000000000000000000e+00
4.000000000000000083e-02
9.266666666666667496e-01
3.899999999999999578e-01
1.333333333333333315e-01
1.133333333333333415e-01
2.700000000000000178e-01
5.333333333333333676e-02
2.766666666666666718e-01
4.666666666666666879e-02
4.766666666666666274e-01
2.166666666666666463e-01
5.566666666666666430e-01
2.199999999999999734e-01
2.333333333333333093e-02
3.766666666666667052e-01
1.666666666666666644e-02
3.333333333333333287e-02
1.333333333333333419e-02
2.666666666666666838e-02
1.266666666666666774e-01
0.000000000000000000e+00
0.000000000000000000e+00
7.799999999999999156e-01
5.666666666666667074e-02
2.999999999999999889e-02
6.333333333333333870e-02
1.066666666666666458e-01
7.299999999999999822e-01
3.666666666666666685e-02
0.000000000000000000e+00
8.900000000000000133e-01
2.666666666666666630e-01
1.333333333333333419e-02
7.000000000000000666e-02
1.290000000000000036e+00
5.833333333333333703e-01
1.000000000000000194e-01
2.000000000000000042e-02
2.833333333333333814e-01
6.666666666666667095e-03
2.866666666666666807e-01
2.166666666666666741e-01
1.733333333333333393e-01
3.133333333333332971e-01
8.666666666666666963e-02
3.766666666666666496e-01
3.333333333333333547e-03
2.999999999999999889e-02
0.000000000000000000e+00
0.000000000000000000e+00
0.000000000000000000e+00
6.666666666666667095e-03
9.666666666666667851e-02
0.000000000000000000e+00
0.000000000000000000e+00
6.099999999999999867e-01
5.200000000000000178e-01
8.000000000000000167e-02
2.133333333333333470e-01
2.600000000000000089e-01
6.000000000000000472e-02
6.666666666666667095e-03
0.000000000000000000e+00
9.333333333333332371e-02
6.233333333333334059e-01
0.000000000000000000e+00
0.000000000000000000e+00
3.400000000000000244e-01
1.469999999999999973e+00
0.000000000000000000e+00
1.533333333333333492e-01
8.666666666666666963e-02
1.236666666666666581e+00
7.200000000000000844e-01
8.133333333333333526e-01
1.033333333333333465e-01
4.666666666666666879e-02
2.069999999999999840e+00
3.000000000000000236e-02
2.000000000000000042e-02
4.666666666666666879e-02
0.000000000000000000e+00
3.333333333333333287e-02
8.333333333333332871e-02
8.000000000000000167e-02
0.000000000000000000e+00
4.000000000000000083e-02
2.399999999999999911e-01
5.999999999999999778e-01
5.999999999999999778e-02
1.666666666666666644e-02
2.066666666666666652e-01
1.039999999999999813e+00
3.333333333333333547e-03
0.000000000000000000e+00
9.133333333333334414e-01
1.433333333333333404e-01
0.000000000000000000e+00
9.999999999999999167e-02
1.366666666666666863e-01
4.166666666666666852e-01
1.480000000000000204e+00
