1.250000000000000000e+00
6.733333333333333393e-01
1.419999999999999929e+00
2.999999999999999889e-01
1.833333333333333481e-01
3.866666666666667140e-01
3.666666666666666685e-02
2.966666666666666896e-01
9.599999999999999645e-01
1.333333333333333315e-01
1.966666666666666841e-01
1.000000000000000021e-02
5.333333333333333676e-02
1.099999999999999867e-01
3.700000000000000511e-01
9.933333333333332904e-01
3.600000000000000422e-01
1.966666666666666785e+00
1.210000000000000187e+00
1.766666666666666663e-01
6.133333333333332860e-01
1.326666666666666661e+00
4.299999999999999933e-01
9.000000000000001055e-02
5.966666666666666785e-01
1.183333333333333348e+00
5.899999999999999689e-01
1.499999999999999944e-01
3.466666666666666785e-01
1.399999999999999856e-01
1.000000000000000021e-02
9.666666666666667851e-02
9.000000000000001055e-02
4.000000000000000777e-01
4.766666666666666274e-01
2.033333333333333381e-01
1.426666666666666750e+00
1.833333333333333481e-01
1.326666666666666883e+00
8.666666666666666963e-02
2.033333333333333659e-01
1.476666666666666572e+00
1.493333333333333401e+00
8.099999999999999423e-01
3.300000000000000155e-01
3.666666666666666963e-01
1.833333333333333481e-01
5.400000000000000355e-01
1.133333333333333276e-01
0.000000000000000000e+00
1.033333333333333465e-01
3.166666666666667074e-01
7.333333333333333370e-02
4.033333333333333215e-01
4.000000000000000083e-02
2.066666666666666652e-01
1.833333333333333481e-01
2.299999999999999822e-01
9.333333333333333759e-02
5.400000000000000355e-01
2.300000000000000100e-01
7.666666666666667462e-02
0.000000000000000000e+00
6.700000000000000400e-01
1.133333333333333276e-01
3.133333333333332971e-01
1.866666666666666752e-01
5.166666666666667185e-01
0.000000000000000000e+00
0.000000000000000000e+00
0.000000000000000000e+00
0.000000000000000000e+00
2.666666666666666630e-01
2.500000000000000000e-01
2.366666666666666641e-01
1.583333333333333259e+00
1.163333333333333330e+00
1.033333333333333437e+00
1.000000000000000021e-02
7.000000000000000666e-02
0.000000000000000000e+00
5.333333333333333676e-02
1.433333333333333404e-01
6.333333333333333870e-02
1.033333333333333326e-01
3.333333333333333287e-02
5.666666666666666380e-02
4.433333333333333570e-01
2.233333333333333004e-01
9.333333333333333759e-02
9.199999999999999289e-01
1.900000000000000300e-01
1.766666666666666663e-01
1.110000000000000098e+00
8.633333333333332860e-01
2.466666666666666730e-01
4.099999999999999756e-01
3.366666666666666696e-01
2.000000000000000389e-01
1.166666666666666546e-01
2.333333333333333093e-01
0.000000000000000000e+00
5.999999999999999778e-02
5.300000000000000266e-01
0.000000000000000000e+00
1.333333333333333419e-02
0.000000000000000000e+00
3.333333333333333547e-03
1.166666666666666546e-01
1.166666666666666546e-01
7.166666666666666741e-01
1.266666666666666774e-01
1.666666666666666644e-02
3.533333333333333326e-01
2.566666666666666541e-01
1.866666666666666752e-01
1.300000000000000044e-01
1.100000000000000006e-01
3.533333333333333326e-01
1.666666666666666644e-02
3.733333333333332948e-01
8.266666666666666607e-01
4.066666666666666763e-01
1.040000000000000036e+00
5.666666666666667629e-01
2.566666666666666541e-01
6.533333333333333215e-01
6.666666666666666574e-02
1.066666666666666458e-01
2.266666666666666552e-01
3.733333333333333504e-01
1.250000000000000000e+00
3.333333333333333287e-02
2.066666666666666652e-01
2.033333333333333381e-01
5.666666666666666380e-02
3.099999999999999978e-01
8.666666666666666963e-02
7.000000000000000666e-02
1.190000000000000169e+00
1.150000000000000133e+00
1.333333333333333419e-02
3.233333333333333059e-01
1.533333333333333437e+00
2.333333333333333648e-01
1.333333333333333315e-01
2.766666666666666718e-01
3.333333333333333287e-02
1.499999999999999944e-01
9.499999999999998446e-01
6.000000000000000472e-02
1.666666666666666644e-02
1.800000000000000211e-01
3.666666666666666685e-02
1.000000000000000194e-01
2.666666666666666838e-02
1.333333333333333419e-02
2.933333333333332793e-01
1.000000000000000021e-02
7.033333333333332549e-01
2.666666666666666838e-02
0.000000000000000000e+00
8.333333333333332871e-02
1.183333333333333348e+00
1.233333333333333365e-01
8.699999999999999956e-01
3.333333333333333547e-03
0.000000000000000000e+00
2.999999999999999889e-01
8.666666666666666963e-01
6.699999999999999289e-01
3.366666666666666696e-01
6.666666666666667095e-03
9.666666666666667851e-02
3.333333333333333547e-03
8.666666666666666963e-02
0.000000000000000000e+00
1.666666666666666644e-02
5.333333333333333676e-02
0.000000000000000000e+00
0.000000000000000000e+00
0.000000000000000000e+00
0.000000000000000000e+00
0.000000000000000000e+00
0.000000000000000000e+00
0.000000000000000000e+00
0.000000000000000000e+00
0.000000000000000000e+00
0.000000000000000000e+00
9.666666666666667851e-02
6.666666666666666574e-02
0.000000000000000000e+00
3.033333333333332882e-01
1.833333333333333204e-01
1.333333333333333419e-02
9.033333333333333215e-01
5.066666666666667096e-01
0.000000000000000000e+00
1.333333333333333419e-02
0.000000000000000000e+00
1.000000000000000021e-02
1.833333333333333481e-01
1.066666666666666735e-01
1.433333333333333404e-01
0.000000000000000000e+00
2.999999999999999889e-02
4.000000000000000083e-02
1.000000000000000021e-02
7.000000000000000666e-01
5.100000000000001199e-01
6.666666666666667095e-03
3.366666666666666696e-01
8.300000000000000711e-01
2.766666666666666718e-01
3.099999999999999978e-01
1.166666666666666546e-01
8.833333333333334147e-01
1.290000000000000036e+00
5.333333333333333676e-02
1.199999999999999956e-01
4.666666666666666879e-02
9.566666666666665542e-01
2.099999999999999645e-01
0.000000000000000000e+00
5.333333333333333676e-02
2.533333333333333548e-01
9.333333333333333759e-02
5.666666666666666380e-02
2.233333333333333559e-01
1.966666666666666841e-01
8.300000000000000711e-01
6.000000000000000472e-02
2.000000000000000389e-01
5.000000000000000971e-02
7.133333333333333748e-01
3.600000000000000422e-01
6.866666666666666474e-01
6.266666666666665941e-01
1.620000000000000107e+00
5.366666666666667362e-01
0.000000000000000000e+00
1.000000000000000021e-02
3.733333333333333504e-01
3.333333333333333547e-03
0.000000000000000000e+00
9.999999999999999167e-02
5.899999999999999689e-01
1.366666666666666863e-01
9.333333333333333759e-02
2.000000000000000042e-02
2.333333333333333440e-02
1.133333333333333276e-01
6.333333333333333870e-02
6.666666666666667095e-03
2.366666666666666641e-01
1.376666666666666705e+00
1.366666666666666863e-01
1.713333333333333597e+00
1.000000000000000021e-02
1.866666666666666474e-01
1.133333333333333276e-01
4.666666666666666879e-02
1.766666666666666663e-01
1.333333333333333419e-02
0.000000000000000000e+00
4.000000000000000083e-02
1.000000000000000021e-02
1.330000000000000071e+00
2.733333333333333726e-01
1.330000000000000071e+00
1.700000000000000122e-01
1.766666666666666663e-01
3.333333333333333547e-03
0.000000000000000000e+00
1.199999999999999956e-01
8.666666666666666963e-02
1.866666666666666752e-01
0.000000000000000000e+00
3.333333333333333547e-03
1.333333333333333419e-02
3.300000000000000155e-01
1.833333333333333481e-01
4.299999999999999933e-01
2.399999999999999911e-01
2.233333333333333559e-01
6.666666666666666574e-02
5.699999999999999512e-01
1.159999999999999920e+00
2.633333333333333637e-01
4.666666666666666879e-02
2.366666666666666641e-01
4.666666666666666879e-02
3.666666666666666685e-02
6.000000000000000472e-02
6.666666666666666297e-01
6.666666666666666297e-01
2.266666666666666829e-01
6.033333333333333881e-01
2.560000000000000053e+00
1.820000000000000284e+00
6.033333333333333881e-01
2.900000000000000355e-01
1.566666666666666652e+00
3.400000000000000244e-01
6.666666666666666574e-02
7.299999999999999822e-01
2.866666666666666807e-01
6.666666666666667095e-03
7.266666666666665719e-01
1.343333333333333490e+00
2.666666666666666630e-01
1.733333333333333393e+00
