1.233333333333333393e+00
3.666666666666666685e-02
6.333333333333333870e-02
0.000000000000000000e+00
8.000000000000000167e-02
1.433333333333333404e-01
7.666666666666666075e-02
6.000000000000000472e-02
1.000000000000000021e-02
3.200000000000000067e-01
1.900000000000000300e-01
1.600000000000000033e-01
5.700000000000000622e-01
4.333333333333333481e-02
1.466666666666666674e-01
1.300000000000000044e-01
2.000000000000000042e-02
1.566666666666666485e-01
8.699999999999999956e-01
6.233333333333334059e-01
1.166666666666666546e-01
0.000000000000000000e+00
1.199999999999999956e-01
5.733333333333333615e-01
0.000000000000000000e+00
4.333333333333332926e-01
1.153333333333333544e+00
1.440000000000000169e+00
3.099999999999999978e-01
2.266666666666666552e-01
3.566666666666666319e-01
1.333333333333333315e-01
3.666666666666666685e-02
1.000000000000000021e-02
2.966666666666666896e-01
2.633333333333333082e-01
2.299999999999999822e-01
1.280000000000000027e+00
2.666666666666666838e-02
1.433333333333333404e-01
1.370000000000000107e+00
8.266666666666666607e-01
9.533333333333334769e-01
7.699999999999999067e-01
6.800000000000000488e-01
4.000000000000000083e-02
0.000000000000000000e+00
1.266666666666666774e-01
3.533333333333333326e-01
6.666666666666667095e-03
1.199999999999999956e-01
2.666666666666666838e-02
1.666666666666666644e-02
2.066666666666666652e-01
1.866666666666666474e-01
2.033333333333333381e-01
3.266666666666666607e-01
1.273333333333333206e+00
3.833333333333333037e-01
8.333333333333332871e-02
2.066666666666666652e-01
0.000000000000000000e+00
4.000000000000000083e-02
2.666666666666666838e-02
1.333333333333333419e-02
1.033333333333333465e-01
2.299999999999999822e-01
4.833333333333333370e-01
2.600000000000000089e-01
2.333333333333333440e-02
3.333333333333333287e-02
3.133333333333332971e-01
0.000000000000000000e+00
2.666666666666666838e-02
2.633333333333333637e-01
4.666666666666666879e-02
8.000000000000000167e-02
1.166666666666666546e-01
4.000000000000000083e-02
3.166666666666667074e-01
1.000000000000000021e-02
9.666666666666667851e-02
7.233333333333332726e-01
5.266666666666667274e-01
3.666666666666666685e-02
4.000000000000000083e-02
1.100000000000000006e-01
2.799999999999999711e-01
0.000000000000000000e+00
1.433333333333333404e-01
1.066666666666666735e-01
6.933333333333333570e-01
3.466666666666666785e-01
4.500000000000000111e-01
5.566666666666667540e-01
1.666666666666666644e-02
3.666666666666666685e-02
2.999999999999999889e-01
1.233333333333333365e-01
3.333333333333333287e-02
4.666666666666666879e-02
1.999999999999999833e-01
3.666666666666666963e-01
9.666666666666667851e-02
6.266666666666665941e-01
1.433333333333333404e-01
3.266666666666667163e-01
2.700000000000000178e-01
9.466666666666666563e-01
2.700000000000000178e-01
2.500000000000000000e-01
2.333333333333333440e-02
2.333333333333333093e-02
3.333333333333333547e-03
1.260000000000000009e+00
1.533333333333333215e-01
4.700000000000000289e-01
6.333333333333333870e-02
4.666666666666666879e-02
0.000000000000000000e+00
0.000000000000000000e+00
0.000000000000000000e+00
0.000000000000000000e+00
7.666666666666667462e-02
4.000000000000000083e-02
1.366666666666666585e-01
1.333333333333333419e-02
1.000000000000000021e-02
3.499999999999999223e-01
4.733333333333333282e-01
9.333333333333333759e-02
1.000000000000000194e-01
4.999999999999999584e-02
7.666666666666667462e-02
7.533333333333332993e-01
1.893333333333333313e+00
1.100000000000000006e-01
4.666666666666666879e-02
1.276666666666666616e+00
2.633333333333333637e-01
1.833333333333333481e-01
1.833333333333333481e-01
8.966666666666666119e-01
3.666666666666666685e-02
1.233333333333333365e-01
2.046666666666666412e+00
3.233333333333333059e-01
6.666666666666667095e-03
1.366666666666666863e-01
5.333333333333333259e-01
0.000000000000000000e+00
1.199999999999999956e-01
9.599999999999999645e-01
3.333333333333333287e-02
3.666666666666666685e-02
7.666666666666666075e-02
1.733333333333333393e-01
7.666666666666667462e-02
1.043333333333333224e+00
2.333333333333333440e-02
0.000000000000000000e+00
1.333333333333333419e-02
2.333333333333333440e-02
1.999999999999999833e-01
1.066666666666666735e-01
2.133333333333332915e-01
1.266666666666666774e-01
1.386666666666666714e+00
4.366666666666667029e-01
3.333333333333333547e-03
4.000000000000000083e-02
1.733333333333333393e-01
7.666666666666667462e-02
1.499999999999999944e-01
6.000000000000000472e-02
2.333333333333333440e-02
1.133333333333333415e-01
1.666666666666666574e-01
2.099999999999999922e-01
1.733333333333333393e-01
1.666666666666666574e-01
7.333333333333333370e-02
1.333333333333333419e-02
1.700000000000000122e-01
2.899999999999999800e-01
4.666666666666666879e-02
1.016666666666666607e+00
1.199999999999999956e+00
6.166666666666666963e-01
2.299999999999999822e-01
8.666666666666666963e-02
4.333333333333333481e-02
1.666666666666666574e-01
3.033333333333332882e-01
7.999999999999999334e-01
3.899999999999999578e-01
6.666666666666666574e-02
0.000000000000000000e+00
1.666666666666666644e-02
9.000000000000001055e-02
3.333333333333333287e-02
0.000000000000000000e+00
1.866666666666666752e-01
1.766666666666666663e-01
1.333333333333333419e-02
5.466666666666667451e-01
2.166666666666666741e-01
6.666666666666667095e-03
8.333333333333332871e-02
3.866666666666667140e-01
1.333333333333333419e-02
3.999999999999999667e-01
1.100000000000000006e-01
2.999999999999999889e-02
1.666666666666666644e-02
1.800000000000000211e-01
2.899999999999999800e-01
8.000000000000000167e-02
4.333333333333333481e-01
4.166666666666666852e-01
1.466666666666666674e-01
4.666666666666666879e-02
4.366666666666667029e-01
3.866666666666667140e-01
1.000000000000000021e-02
2.333333333333333440e-02
3.899999999999999578e-01
4.333333333333333481e-02
3.366666666666666696e-01
4.666666666666666879e-02
1.333333333333333419e-02
0.000000000000000000e+00
0.000000000000000000e+00
1.666666666666666574e-01
2.666666666666666838e-02
7.666666666666667462e-02
3.666666666666667379e-02
5.333333333333333676e-02
2.233333333333333559e-01
7.666666666666667462e-02
2.333333333333333093e-01
6.666666666666666574e-02
3.333333333333333547e-03
2.299999999999999822e-01
1.900000000000000300e-01
2.433333333333333182e-01
9.999999999999999167e-02
1.540000000000000036e+00
5.866666666666666696e-01
1.626666666666666705e+00
1.533333333333333215e-01
4.333333333333333481e-02
3.333333333333333287e-02
4.333333333333333481e-02
1.233333333333333365e-01
9.666666666666667851e-02
2.366666666666666641e-01
3.266666666666667163e-01
1.000000000000000021e-02
4.466666666666667118e-01
1.233333333333333171e+00
3.333333333333333287e-02
4.999999999999999584e-02
5.333333333333333676e-02
6.666666666666667095e-03
0.000000000000000000e+00
0.000000000000000000e+00
1.766666666666666663e-01
0.000000000000000000e+00
3.600000000000000422e-01
1.266666666666666774e-01
0.000000000000000000e+00
7.333333333333333370e-02
1.233333333333333365e-01
1.133333333333333276e-01
5.666666666666667074e-02
1.933333333333333293e-01
1.456666666666666776e+00
2.633333333333333637e-01
7.666666666666666075e-02
6.199999999999999956e-01
1.613333333333333286e+00
4.833333333333333370e-01
3.433333333333332682e-01
1.666666666666666574e-01
1.633333333333333304e-01
0.000000000000000000e+00
0.000000000000000000e+00
4.099999999999999756e-01
2.666666666666666838e-02
2.666666666666666838e-02
2.666666666666666838e-02
1.666666666666666644e-02
2.533333333333333548e-01
5.333333333333333676e-02
1.066666666666666735e-01
1.999999999999999833e-01
4.666666666666667296e-01
0.000000000000000000e+00
4.000000000000000083e-02
2.000000000000000042e-02
2.433333333333333182e-01
6.733333333333333393e-01
9.333333333333333759e-02
7.700000000000000178e-01
2.333333333333333093e-01
1.366666666666666863e-01
9.666666666666667851e-02
2.400000000000000189e-01
3.933333333333333681e-01
2.333333333333333440e-02
4.000000000000000083e-02
3.200000000000000067e-01
1.059999999999999831e+00
3.433333333333333237e-01
0.000000000000000000e+00
2.833333333333333259e-01
7.900000000000000355e-01
8.633333333333332860e-01
3.333333333333333287e-02
2.466666666666666730e-01
5.999999999999999778e-01
5.433333333333333348e-01
1.333333333333333315e-01
3.500000000000000333e-01
2.333333333333333440e-02
7.333333333333333370e-02
1.370000000000000107e+00
2.099999999999999922e-01
2.333333333333333093e-01
8.033333333333333437e-01
1.000000000000000021e-02
7.466666666666665897e-01
1.333333333333333315e-01
2.000000000000000042e-02
9.666666666666667851e-02
1.083333333333333259e+00
2.666666666666666838e-02
1.133333333333333415e-01
8.000000000000000167e-02
1.700000000000000122e-01
1.066666666666666735e-01
7.799999999999999156e-01
1.156666666666666510e+00
3.300000000000000155e-01
3.800000000000000600e-01
3.600000000000000422e-01
0.000000000000000000e+00
2.233333333333333004e-01
1.000000000000000021e-02
1.300000000000000044e-01
1.333333333333333419e-02
3.766666666666666496e-01
4.533333333333333104e-01
1.000000000000000021e-02
1.600000000000000033e-01
2.416666666666666519e+00
1.066666666666666735e-01
1.300000000000000044e-01
3.666666666666666685e-02
1.266666666666666774e-01
6.999999999999999278e-02
1.499999999999999944e-01
2.566666666666666541e-01
8.666666666666666963e-02
6.666666666666667095e-03
3.333333333333333547e-03
4.366666666666667029e-01
1.119999999999999885e+00
2.666666666666666838e-02
6.333333333333333870e-02
1.133333333333333304e+00
7.333333333333334758e-02
3.799999999999999489e-01
9.199999999999999289e-01
1.199999999999999956e-01
2.866666666666666807e-01
8.333333333333332871e-02
7.666666666666667462e-02
2.166666666666666741e-01
1.333333333333333315e-01
7.833333333333333259e-01
5.899999999999999689e-01
0.000000000000000000e+00
3.499999999999999223e-01
1.666666666666666574e-01
2.000000000000000042e-02
2.999999999999999889e-02
8.666666666666665853e-01
1.363333333333333286e+00
3.466666666666666785e-01
3.166666666666666519e-01
2.250000000000000000e+00
