9.666666666666667851e-01
4.466666666666667118e-01
2.533333333333333548e-01
1.133333333333333276e-01
5.033333333333332993e-01
4.766666666666666274e-01
2.266666666666666552e-01
3.799999999999999489e-01
5.466666666666667451e-01
1.496666666666666812e+00
4.366666666666667029e-01
3.433333333333333237e-01
9.333333333333333759e-02
9.333333333333332371e-01
7.666666666666667462e-02
3.666666666666666963e-01
2.900000000000000355e-01
7.833333333333333259e-01
1.073333333333333250e+00
3.433333333333333237e-01
9.333333333333332371e-02
1.283333333333333437e+00
5.066666666666667096e-01
1.033333333333333326e-01
7.933333333333333348e-01
7.866666666666666252e-01
2.200000000000000011e-01
1.933333333333333570e-01
1.533333333333333215e+00
8.866666666666667140e-01
1.333333333333333419e-02
9.433333333333333570e-01
1.456666666666666776e+00
1.333333333333333315e-01
5.666666666666667074e-02
4.700000000000000289e-01
1.600000000000000033e-01
9.999999999999999167e-02
1.166666666666666546e-01
1.266666666666666774e-01
2.313333333333333020e+00
