8.499999999999999778e-01
6.300000000000000044e-01
2.109999999999999876e+00
1.033333333333333326e-01
1.200000000000000178e+00
9.666666666666666463e-02
3.666666666666667379e-02
1.133333333333333276e-01
1.666666666666666644e-02
1.199999999999999956e-01
8.699999999999999956e-01
1.000000000000000021e-02
9.333333333333333759e-02
3.333333333333333287e-02
2.163333333333333552e+00
1.333333333333333419e-02
2.900000000000000355e-01
2.666666666666666838e-02
1.276666666666666616e+00
7.333333333333334758e-02
1.366666666666666863e-01
9.333333333333333759e-02
1.653333333333333321e+00
1.333333333333333419e-02
5.999999999999999778e-02
1.766666666666666663e-01
1.333333333333333419e-02
1.366666666666666863e-01
5.066666666666667096e-01
7.700000000000000178e-01
3.099999999999999978e-01
1.999999999999999833e-01
5.333333333333333676e-02
1.699999999999999956e+00
3.899999999999999578e-01
2.183333333333333126e+00
1.076666666666666883e+00
4.199999999999999845e-01
1.000000000000000194e-01
2.333333333333333440e-02
4.333333333333333481e-02
4.433333333333333570e-01
2.333333333333333093e-02
6.666666666666667095e-03
4.333333333333333481e-02
1.000000000000000021e-02
7.000000000000000666e-02
4.333333333333333481e-01
2.999999999999999889e-02
2.000000000000000389e-01
1.333333333333333419e-02
3.000000000000000236e-02
1.833333333333333481e-01
4.299999999999999933e-01
1.729999999999999760e+00
2.000000000000000000e+00
2.833333333333333814e-01
2.066666666666666652e-01
3.533333333333333326e-01
5.666666666666667074e-02
4.000000000000000083e-02
7.333333333333334758e-02
5.166666666666667185e-01
5.100000000000000089e-01
1.066666666666666735e-01
2.333333333333333440e-02
1.399999999999999856e-01
7.666666666666667462e-02
9.333333333333332371e-02
1.666666666666666644e-02
1.466666666666666952e-01
0.000000000000000000e+00
1.666666666666666644e-02
6.333333333333333037e-01
1.133333333333333276e-01
1.873333333333333295e+00
2.199999999999999734e-01
5.333333333333334370e-02
3.433333333333332682e-01
1.036666666666666625e+00
7.666666666666667462e-02
2.766666666666666718e-01
4.266666666666666941e-01
8.000000000000000167e-02
1.260000000000000009e+00
5.333333333333333676e-02
1.833333333333333481e-01
5.333333333333333676e-02
1.233333333333333365e-01
8.000000000000000167e-02
7.666666666666667462e-02
1.666666666666666574e-01
1.479999999999999760e+00
4.666666666666666879e-02
9.366666666666666474e-01
1.666666666666666644e-02
7.900000000000000355e-01
4.000000000000000083e-02
1.666666666666666574e-01
2.000000000000000000e+00
1.086666666666666670e+00
8.666666666666666963e-02
1.163333333333333330e+00
2.199999999999999734e-01
1.440000000000000169e+00
2.833333333333333814e-01
6.666666666666667095e-03
2.099999999999999645e-01
1.166666666666666546e-01
3.433333333333333237e-01
9.200000000000000400e-01
1.333333333333333419e-02
3.133333333333332971e-01
3.666666666666667379e-02
9.800000000000000933e-01
3.333333333333333547e-03
3.600000000000000422e-01
4.999999999999999584e-02
2.899999999999999800e-01
9.000000000000001055e-02
6.666666666666666574e-02
7.033333333333334769e-01
1.480000000000000204e+00
4.666666666666666879e-02
2.333333333333333440e-02
2.999999999999999889e-01
3.333333333333333547e-03
2.399999999999999911e-01
3.599999999999999312e-01
6.800000000000000488e-01
4.466666666666666008e-01
1.433333333333333404e-01
3.233333333333333059e-01
2.199999999999999734e+00
2.966666666666666896e-01
1.596666666666666679e+00
1.066666666666666652e+00
5.400000000000000355e-01
1.766666666666666663e-01
1.000000000000000194e-01
1.333333333333333419e-02
8.333333333333332871e-02
6.666666666666667095e-03
1.000000000000000021e-02
2.566666666666666541e-01
3.333333333333333547e-03
3.666666666666667379e-02
6.099999999999999867e-01
4.000000000000000083e-02
3.166666666666666519e-01
2.999999999999999889e-02
1.199999999999999956e-01
8.666666666666666963e-02
7.333333333333333370e-02
8.333333333333333703e-01
1.360000000000000098e+00
5.766666666666666607e-01
2.566666666666666541e-01
4.066666666666666763e-01
2.666666666666666838e-02
7.666666666666667462e-02
1.166666666666666546e-01
2.766666666666666718e-01
1.800000000000000211e-01
2.833333333333333814e-01
2.233333333333333559e-01
1.700000000000000122e-01
6.666666666666667095e-03
1.333333333333333419e-02
0.000000000000000000e+00
8.666666666666666963e-02
0.000000000000000000e+00
1.333333333333333419e-02
4.599999999999999645e-01
2.199999999999999734e-01
1.556666666666666643e+00
2.233333333333333559e-01
8.000000000000000167e-02
5.400000000000000355e-01
1.380000000000000115e+00
1.733333333333333393e-01
6.166666666666665853e-01
3.600000000000000422e-01
1.933333333333333293e-01
9.966666666666665897e-01
5.666666666666667074e-02
1.166666666666666546e-01
9.000000000000001055e-02
2.466666666666666730e-01
1.666666666666666574e-01
5.333333333333333676e-02
2.999999999999999889e-02
1.093333333333333268e+00
1.066666666666666735e-01
7.599999999999998979e-01
2.666666666666666838e-02
7.266666666666666829e-01
5.366666666666666252e-01
5.200000000000000178e-01
3.119999999999999662e+00
