1.326666666666666883e+00
2.800000000000000266e-01
3.099999999999999978e-01
6.333333333333333037e-01
1.406666666666666954e+00
2.166666666666666741e-01
2.666666666666666630e-01
2.233333333333333004e-01
6.733333333333333393e-01
3.333333333333333547e-03
1.000000000000000021e-02
4.666666666666666879e-02
9.000000000000001055e-02
3.666666666666667379e-02
5.566666666666667540e-01
5.566666666666667540e-01
4.099999999999999756e-01
7.399999999999998801e-01
6.666666666666667095e-03
8.333333333333332871e-02
2.199999999999999734e-01
7.133333333333332638e-01
2.666666666666666630e-01
5.233333333333333171e-01
8.666666666666666963e-02
1.366666666666666863e-01
1.033333333333333326e-01
6.666666666666666574e-02
7.666666666666667462e-02
5.200000000000000178e-01
2.333333333333333440e-02
3.333333333333333547e-03
1.899999999999999745e-01
1.833333333333333204e-01
1.000000000000000021e-02
1.443333333333333357e+00
1.166666666666666546e-01
1.300000000000000044e-01
7.666666666666667462e-02
2.400000000000000189e-01
8.333333333333332871e-02
0.000000000000000000e+00
8.966666666666666119e-01
1.056666666666666643e+00
1.000000000000000021e-02
3.333333333333333547e-03
1.149999999999999689e+00
1.303333333333333455e+00
3.333333333333333547e-03
8.000000000000000167e-02
1.000000000000000000e+00
1.066666666666666458e-01
2.399999999999999911e-01
2.733333333333333726e-01
2.999999999999999889e-02
8.466666666666666785e-01
2.466666666666666730e-01
7.333333333333334758e-02
2.600000000000000089e-01
1.746666666666666812e+00
1.700000000000000122e-01
1.766666666666666663e-01
1.600000000000000033e-01
4.133333333333333304e-01
1.030000000000000027e+00
4.000000000000000083e-02
5.333333333333333676e-02
2.433333333333333182e-01
6.666666666666666574e-02
2.999999999999999889e-02
2.233333333333333004e-01
2.999999999999999889e-01
3.333333333333333547e-03
3.333333333333333287e-02
7.900000000000000355e-01
3.633333333333332860e-01
1.000000000000000021e-02
9.666666666666666741e-01
1.266666666666666774e-01
3.333333333333333287e-02
1.143333333333333313e+00
