1.073333333333333472e+00
1.410000000000000142e+00
8.433333333333333792e-01
1.600000000000000033e-01
4.666666666666666879e-02
1.800000000000000211e-01
4.933333333333333459e-01
3.066666666666666985e-01
1.333333333333333419e-02
3.333333333333333287e-02
1.633333333333333304e-01
4.999999999999999584e-02
3.333333333333333287e-02
4.000000000000000083e-02
3.666666666666666963e-01
3.366666666666666696e-01
2.066666666666666652e-01
2.933333333333332793e-01
4.599999999999999645e-01
4.333333333333333481e-02
2.933333333333332793e-01
1.599999999999999867e+00
5.199999999999999067e-01
6.533333333333333215e-01
1.500000000000000000e+00
7.333333333333332815e-01
3.699999999999999400e-01
1.000000000000000021e-02
1.000000000000000021e-02
1.366666666666666863e-01
6.666666666666666574e-02
2.299999999999999822e-01
5.999999999999999778e-02
9.000000000000000222e-01
6.666666666666666574e-02
1.333333333333333419e-02
5.333333333333333676e-02
8.333333333333332871e-02
3.333333333333333287e-02
2.500000000000000000e-01
4.133333333333333304e-01
2.466666666666666730e-01
3.599999999999999312e-01
4.433333333333333570e-01
1.466666666666666674e-01
4.933333333333333459e-01
5.333333333333334370e-02
5.799999999999999600e-01
1.666666666666666574e-01
9.666666666666666463e-02
0.000000000000000000e+00
2.333333333333333440e-02
9.699999999999998623e-01
1.199999999999999956e-01
9.666666666666667851e-02
1.233333333333333365e-01
8.333333333333332871e-02
9.333333333333333759e-02
9.999999999999999167e-02
2.200000000000000011e-01
8.900000000000000133e-01
8.800000000000000044e-01
2.933333333333332793e-01
4.033333333333333215e-01
2.999999999999999889e-02
1.199999999999999956e-01
9.999999999999999167e-02
3.566666666666666874e-01
4.666666666666666879e-02
2.033333333333333381e-01
1.100000000000000006e-01
4.033333333333333215e-01
1.000000000000000021e-02
5.333333333333333676e-02
2.333333333333333440e-02
3.666666666666666963e-01
4.099999999999999756e-01
1.766666666666666663e-01
8.666666666666666963e-02
6.666666666666666574e-02
6.666666666666666574e-02
2.033333333333333381e-01
0.000000000000000000e+00
2.999999999999999889e-02
1.933333333333333293e-01
4.333333333333333481e-02
3.366666666666666696e-01
6.666666666666667095e-03
4.266666666666666941e-01
4.000000000000000083e-02
3.833333333333333037e-01
1.046666666666666634e+00
9.300000000000000488e-01
2.933333333333333348e-01
4.433333333333333570e-01
1.566666666666666485e-01
5.333333333333334370e-02
7.666666666666667462e-02
9.333333333333333759e-02
2.033333333333333381e-01
4.000000000000000083e-02
2.099999999999999922e-01
2.999999999999999889e-02
3.666666666666667379e-02
4.500000000000000111e-01
3.666666666666666963e-01
1.633333333333333304e-01
5.333333333333333259e-01
1.543333333333333224e+00
1.800000000000000211e-01
1.766666666666666663e-01
2.000000000000000042e-02
1.333333333333333419e-02
0.000000000000000000e+00
5.999999999999999778e-02
4.299999999999999933e-01
1.600000000000000033e-01
1.666666666666666574e-01
8.466666666666666785e-01
1.100000000000000006e-01
1.199999999999999956e-01
7.000000000000000666e-01
7.700000000000000178e-01
6.866666666666666474e-01
1.900000000000000133e+00
3.183333333333333570e+00
3.666666666666666963e-01
5.000000000000000971e-02
2.900000000000000355e-01
5.833333333333333703e-01
1.499999999999999944e-01
2.666666666666666838e-02
0.000000000000000000e+00
5.666666666666667074e-02
6.000000000000000472e-02
1.333333333333333419e-02
0.000000000000000000e+00
2.866666666666666807e-01
9.000000000000001055e-02
1.900000000000000300e-01
3.666666666666666963e-01
1.433333333333333404e-01
6.666666666666667095e-03
1.533333333333333215e-01
1.756666666666666599e+00
2.633333333333333637e-01
2.666666666666666630e-01
4.866666666666666363e-01
1.333333333333333419e-02
2.399999999999999911e-01
0.000000000000000000e+00
1.666666666666666644e-02
1.166666666666666546e-01
3.333333333333333287e-02
2.633333333333333637e-01
9.000000000000001055e-02
4.700000000000000289e-01
7.666666666666667462e-02
1.666666666666666644e-02
2.000000000000000042e-02
1.499999999999999944e-01
5.666666666666666380e-02
2.700000000000000178e-01
3.966666666666666674e-01
2.700000000000000178e-01
2.633333333333333637e-01
6.666666666666666297e-01
1.833333333333333481e-01
2.900000000000000355e-01
3.333333333333333547e-03
5.299999999999999156e-01
4.333333333333333481e-02
7.666666666666667462e-02
6.999999999999999278e-02
3.333333333333333547e-03
1.193333333333333357e+00
6.099999999999999867e-01
3.333333333333333287e-02
3.333333333333333287e-02
2.233333333333333559e-01
5.666666666666667074e-02
3.866666666666666585e-01
2.900000000000000355e-01
9.300000000000000488e-01
1.053333333333333455e+00
2.866666666666666807e-01
3.499999999999999223e-01
7.666666666666667462e-02
2.566666666666666541e-01
1.666666666666666574e-01
2.600000000000000089e-01
4.666666666666666879e-02
3.266666666666666607e-01
1.433333333333333404e-01
1.066666666666666735e-01
0.000000000000000000e+00
5.000000000000000971e-02
4.000000000000000083e-02
1.666666666666666574e-01
5.999999999999999778e-01
4.333333333333333481e-02
3.000000000000000236e-02
0.000000000000000000e+00
0.000000000000000000e+00
0.000000000000000000e+00
2.999999999999999889e-02
1.666666666666666644e-02
6.333333333333333870e-02
0.000000000000000000e+00
2.233333333333333004e-01
6.666666666666667095e-03
2.966666666666666896e-01
3.000000000000000236e-02
5.766666666666666607e-01
1.936666666666666536e+00
7.333333333333333925e-01
3.633333333333332860e-01
1.600000000000000033e-01
2.866666666666666807e-01
3.666666666666666685e-02
5.333333333333333676e-02
2.099999999999999922e-01
3.366666666666666696e-01
4.000000000000000083e-02
2.266666666666666829e-01
2.999999999999999889e-02
0.000000000000000000e+00
4.500000000000000111e-01
1.966666666666666563e-01
1.000000000000000194e-01
5.866666666666665586e-01
1.253333333333333188e+00
4.666666666666666879e-02
1.899999999999999745e-01
1.666666666666666644e-02
0.000000000000000000e+00
6.666666666666667095e-03
2.333333333333333093e-02
2.966666666666666896e-01
4.000000000000000083e-02
1.733333333333333393e-01
1.036666666666666847e+00
2.666666666666666630e-01
3.566666666666666874e-01
1.823333333333333250e+00
