6.433333333333332016e-01
9.700000000000000844e-01
1.899999999999999745e-01
7.000000000000000666e-02
4.633333333333333193e-01
6.499999999999999112e-01
4.666666666666666186e-01
5.000000000000000971e-02
2.299999999999999822e-01
1.350000000000000311e+00
6.099999999999999867e-01
9.000000000000001055e-02
7.833333333333333259e-01
7.233333333333332726e-01
8.733333333333334059e-01
2.933333333333333348e-01
7.666666666666667462e-02
5.899999999999999689e-01
1.800000000000000211e-01
1.533333333333333492e-01
4.566666666666667207e-01
1.766666666666666663e-01
1.433333333333333404e-01
1.333333333333333315e-01
5.333333333333333676e-02
8.933333333333332016e-01
6.366666666666667140e-01
1.146666666666666723e+00
