1.013333333333333419e+00
2.333333333333333440e-02
9.333333333333333759e-02
0.000000000000000000e+00
1.133333333333333276e-01
9.999999999999999167e-02
5.333333333333333676e-02
0.000000000000000000e+00
2.166666666666666741e-01
8.333333333333332871e-02
4.666666666666666879e-02
2.666666666666666630e-01
1.333333333333333315e-01
4.599999999999999645e-01
6.833333333333334592e-01
2.033333333333333215e+00
1.533333333333333492e-01
2.666666666666666838e-02
5.333333333333333676e-02
1.210000000000000187e+00
9.300000000000000488e-01
2.666666666666666838e-02
1.666666666666666644e-02
1.266666666666666774e-01
9.666666666666667851e-02
3.666666666666666685e-02
1.600000000000000033e-01
1.166666666666666546e-01
2.999999999999999889e-02
7.333333333333334758e-02
1.400000000000000133e-01
1.266666666666666774e-01
8.333333333333332871e-02
1.400000000000000133e-01
2.000000000000000042e-02
1.199999999999999956e-01
1.250000000000000000e+00
8.033333333333333437e-01
1.333333333333333315e-01
1.066666666666666458e-01
6.166666666666666963e-01
2.666666666666666838e-02
1.036666666666666625e+00
2.733333333333333171e-01
7.666666666666667462e-02
4.666666666666666879e-02
1.600000000000000033e-01
1.656666666666666510e+00
3.400000000000000244e-01
1.000000000000000021e-02
2.866666666666666807e-01
1.709999999999999964e+00
3.600000000000000422e-01
8.766666666666665941e-01
5.733333333333333615e-01
1.833333333333333481e-01
1.000000000000000021e-02
1.383333333333333526e+00
2.900000000000000355e-01
1.699999999999999956e+00
0.000000000000000000e+00
9.700000000000000844e-01
1.176666666666666528e+00
4.999999999999999584e-02
1.110000000000000098e+00
4.999999999999999584e-02
7.333333333333333370e-02
5.233333333333333171e-01
1.463333333333333597e+00
2.700000000000000178e-01
1.166666666666666546e-01
6.900000000000000577e-01
1.833333333333333481e-01
3.333333333333333547e-03
6.333333333333333870e-02
0.000000000000000000e+00
3.666666666666666685e-02
3.666666666666666685e-02
8.000000000000000167e-02
0.000000000000000000e+00
2.266666666666666552e-01
1.066666666666666735e-01
7.666666666666666075e-02
1.533333333333333215e-01
4.000000000000000083e-02
1.000000000000000021e-02
2.333333333333333440e-02
2.333333333333333440e-02
1.333333333333333419e-02
5.333333333333333676e-02
1.366666666666666863e-01
4.999999999999999584e-02
1.300000000000000044e-01
3.166666666666667074e-01
6.666666666666667095e-03
3.333333333333333287e-02
4.199999999999999845e-01
1.000000000000000194e-01
0.000000000000000000e+00
3.066666666666666430e-01
1.116666666666666696e+00
1.300000000000000044e-01
4.533333333333333104e-01
2.333333333333333440e-02
7.733333333333334281e-01
8.333333333333332871e-02
1.333333333333333419e-02
1.599999999999999867e+00
2.766666666666666718e-01
0.000000000000000000e+00
3.333333333333333148e-01
2.633333333333333637e-01
2.333333333333333093e-02
8.000000000000000167e-02
1.016666666666666607e+00
2.833333333333333259e-01
3.000000000000000444e-01
2.666666666666666630e-01
2.666666666666666630e-01
1.700000000000000122e-01
9.000000000000001055e-02
1.366666666666666585e-01
1.333333333333333419e-02
6.666666666666666574e-02
4.333333333333333481e-02
1.066666666666666735e-01
1.000000000000000021e-02
6.666666666666667095e-03
2.333333333333333440e-02
1.633333333333333304e-01
2.833333333333333814e-01
0.000000000000000000e+00
4.033333333333333215e-01
2.399999999999999911e-01
8.000000000000000167e-02
9.000000000000001055e-02
2.666666666666666838e-02
1.266666666666666774e-01
6.500000000000000222e-01
2.000000000000000042e-02
1.033333333333333465e-01
1.366666666666666863e-01
5.999999999999999778e-02
3.333333333333333547e-03
5.599999999999999423e-01
4.833333333333333370e-01
1.000000000000000021e-02
3.333333333333333547e-03
1.183333333333333348e+00
1.063333333333333242e+00
5.200000000000000178e-01
5.699999999999999512e-01
7.999999999999999334e-01
9.799999999999999822e-01
1.700000000000000122e-01
1.000000000000000021e-02
9.999999999999999167e-02
5.633333333333333526e-01
7.333333333333334758e-02
1.666666666666666574e-01
1.179999999999999938e+00
1.016666666666666829e+00
7.333333333333333370e-02
4.433333333333333570e-01
1.866666666666666752e-01
9.666666666666667851e-02
1.166666666666666546e-01
6.133333333333332860e-01
7.133333333333333748e-01
1.679999999999999938e+00
2.666666666666666630e-01
4.499999999999999556e-01
5.000000000000000000e-01
6.900000000000000577e-01
1.316666666666666652e+00
5.333333333333333259e-01
3.400000000000000244e-01
4.666666666666666186e-01
1.533333333333333492e-01
5.766666666666666607e-01
4.899999999999999911e-01
2.356666666666666909e+00
1.099999999999999867e+00
1.610000000000000098e+00
6.466666666666666119e-01
1.999999999999999833e-01
1.036666666666666847e+00
3.566666666666666874e-01
3.866666666666666585e-01
1.113333333333333286e+00
2.006666666666666377e+00
