8.466666666666666785e-01
1.886666666666666714e+00
7.933333333333333348e-01
1.093333333333333490e+00
5.999999999999999778e-01
4.499999999999999556e-01
2.043333333333333446e+00
4.333333333333333481e-02
4.966666666666667562e-01
1.523333333333333428e+00
7.300000000000000933e-01
0.000000000000000000e+00
3.266666666666666607e-01
1.440000000000000169e+00
1.066666666666666735e-01
8.333333333333332871e-02
1.999999999999999833e-01
6.366666666666667140e-01
9.333333333333333759e-02
1.000000000000000021e-02
2.933333333333333903e-01
1.643333333333333535e+00
4.666666666666666879e-02
7.200000000000000844e-01
1.090000000000000080e+00
3.333333333333333148e-01
4.000000000000000083e-02
5.000000000000000000e-01
6.666666666666667095e-03
1.900000000000000300e-01
1.400000000000000133e-01
1.243333333333333401e+00
8.333333333333332871e-02
3.333333333333333287e-02
1.096666666666666679e+00
4.599999999999999645e-01
0.000000000000000000e+00
3.333333333333333547e-03
7.333333333333333925e-01
1.000000000000000021e-02
3.666666666666667379e-02
0.000000000000000000e+00
1.766666666666666663e-01
0.000000000000000000e+00
0.000000000000000000e+00
4.666666666666666186e-02
1.000000000000000021e-02
2.033333333333333381e-01
4.699999999999999734e-01
3.533333333333333326e-01
1.166666666666666546e-01
4.633333333333333748e-01
2.299999999999999822e-01
1.223333333333333384e+00
8.066666666666666430e-01
3.333333333333333547e-03
4.633333333333333193e-01
9.466666666666666563e-01
0.000000000000000000e+00
0.000000000000000000e+00
1.323333333333333472e+00
5.933333333333332682e-01
0.000000000000000000e+00
6.666666666666667095e-03
4.033333333333333215e-01
2.999999999999999889e-02
0.000000000000000000e+00
4.333333333333333481e-02
1.943333333333333357e+00
5.333333333333333676e-02
0.000000000000000000e+00
1.219999999999999973e+00
1.506666666666666821e+00
3.666666666666667379e-02
1.800000000000000211e-01
9.999999999999999167e-02
4.033333333333333215e-01
1.133333333333333276e-01
1.563333333333333464e+00
2.866666666666666807e-01
3.666666666666667379e-02
5.399999999999999245e-01
6.600000000000000311e-01
0.000000000000000000e+00
4.000000000000000083e-02
3.400000000000000244e-01
9.666666666666666741e-01
5.000000000000000971e-02
6.966666666666666563e-01
6.833333333333332371e-01
2.333333333333333440e-02
9.666666666666667851e-02
5.666666666666667074e-02
6.366666666666666030e-01
3.333333333333333287e-02
3.799999999999999489e-01
4.000000000000000083e-02
4.999999999999999584e-02
1.733333333333333393e-01
0.000000000000000000e+00
6.000000000000000472e-02
6.333333333333333037e-01
0.000000000000000000e+00
0.000000000000000000e+00
1.733333333333333393e-01
3.333333333333333547e-03
4.999999999999999584e-02
1.400000000000000133e-01
0.000000000000000000e+00
4.333333333333333481e-02
2.299999999999999822e-01
1.000000000000000021e-02
3.333333333333333547e-03
3.333333333333333148e-01
2.700000000000000178e-01
0.000000000000000000e+00
2.133333333333333470e-01
6.999999999999998446e-01
1.123333333333333295e+00
1.300000000000000044e-01
1.853333333333333499e+00
3.400000000000000244e-01
1.426666666666666750e+00
1.566666666666666652e+00
1.756666666666666821e+00
2.449999999999999734e+00
1.773333333333333428e+00
1.633333333333333304e-01
3.699999999999999400e-01
1.223333333333333384e+00
1.553333333333333455e+00
3.733333333333333504e-01
3.433333333333333237e-01
3.400000000000000244e-01
6.900000000000000577e-01
3.800000000000000600e-01
1.726666666666666572e+00
