1.063333333333333242e+00
1.266666666666666774e-01
6.900000000000000577e-01
1.056666666666666643e+00
5.899999999999999689e-01
6.333333333333333870e-02
1.466666666666666674e-01
6.433333333333334236e-01
1.666666666666666574e-01
3.666666666666666963e-01
3.300000000000000155e-01
4.766666666666666274e-01
1.466666666666666674e-01
3.033333333333332882e-01
0.000000000000000000e+00
3.666666666666667379e-02
1.000000000000000021e-02
0.000000000000000000e+00
1.000000000000000021e-02
4.000000000000000083e-02
7.666666666666667462e-02
0.000000000000000000e+00
1.000000000000000021e-02
5.000000000000000971e-02
2.333333333333333440e-02
0.000000000000000000e+00
4.999999999999999584e-02
1.333333333333333419e-02
1.666666666666666644e-02
1.333333333333333419e-02
2.366666666666666641e-01
1.266666666666666774e-01
1.300000000000000044e-01
1.700000000000000122e-01
9.333333333333333759e-02
3.200000000000000067e-01
3.333333333333333547e-03
0.000000000000000000e+00
6.666666666666666297e-01
2.333333333333333440e-02
1.766666666666666663e-01
3.333333333333333547e-03
6.199999999999999956e-01
1.600000000000000033e-01
8.333333333333332871e-02
0.000000000000000000e+00
3.466666666666666785e-01
2.999999999999999889e-02
0.000000000000000000e+00
5.999999999999999778e-02
1.126666666666666705e+00
1.000000000000000021e-02
3.666666666666666685e-02
1.093333333333333268e+00
6.999999999999999278e-02
6.666666666666667095e-03
3.666666666666667379e-02
9.666666666666666463e-02
6.666666666666667095e-03
5.999999999999999778e-02
1.300000000000000044e-01
5.333333333333334370e-02
0.000000000000000000e+00
6.666666666666667095e-03
1.000000000000000021e-02
1.000000000000000021e-02
2.333333333333333440e-02
0.000000000000000000e+00
6.666666666666667095e-03
4.999999999999999584e-02
2.800000000000000266e-01
1.466666666666666397e-01
2.866666666666666807e-01
9.666666666666667851e-02
2.000000000000000042e-02
1.073333333333333472e+00
0.000000000000000000e+00
3.333333333333333287e-02
7.333333333333333925e-01
0.000000000000000000e+00
0.000000000000000000e+00
2.000000000000000042e-02
1.733333333333333393e-01
0.000000000000000000e+00
1.333333333333333419e-02
3.333333333333333547e-03
6.666666666666666574e-02
2.033333333333333381e-01
2.999999999999999889e-02
6.666666666666667095e-03
1.100000000000000006e-01
7.666666666666667462e-02
2.333333333333333440e-02
4.000000000000000083e-02
0.000000000000000000e+00
4.333333333333333481e-02
4.000000000000000083e-02
1.333333333333333419e-02
6.666666666666667095e-03
0.000000000000000000e+00
4.999999999999999584e-02
2.333333333333333440e-02
1.666666666666666644e-02
9.766666666666665719e-01
1.133333333333333415e-01
3.233333333333333059e-01
6.500000000000000222e-01
8.666666666666666963e-02
0.000000000000000000e+00
1.433333333333333404e-01
1.499999999999999944e-01
1.233333333333333365e-01
5.766666666666666607e-01
1.199999999999999956e-01
1.666666666666666574e-01
9.999999999999999167e-02
4.000000000000000083e-02
8.333333333333332871e-02
3.366666666666666141e-01
3.300000000000000155e-01
1.866666666666666752e-01
3.466666666666666785e-01
1.433333333333333404e-01
5.799999999999999600e-01
2.666666666666666630e-01
4.666666666666666879e-02
2.066666666666666652e-01
1.033333333333333326e-01
2.000000000000000042e-02
4.000000000000000083e-02
1.033333333333333326e-01
2.733333333333333726e-01
1.000000000000000021e-02
8.333333333333332871e-02
1.313333333333333242e+00
4.000000000000000083e-02
1.566666666666666485e-01
1.066666666666666458e-01
3.899999999999999578e-01
1.133333333333333276e-01
2.333333333333333440e-02
7.666666666666666075e-02
7.000000000000000666e-02
1.399999999999999856e-01
5.666666666666667074e-02
8.666666666666666963e-02
4.033333333333333215e-01
7.333333333333333370e-02
1.050000000000000044e+00
1.300000000000000044e-01
2.299999999999999822e-01
5.999999999999999778e-02
1.000000000000000021e-02
1.000000000000000021e-02
2.666666666666666838e-02
0.000000000000000000e+00
1.666666666666666644e-02
6.666666666666667095e-03
1.000000000000000021e-02
1.666666666666666644e-02
1.000000000000000021e-02
2.666666666666666838e-02
0.000000000000000000e+00
6.666666666666667095e-03
1.966666666666666841e-01
1.133333333333333415e-01
1.000000000000000021e-02
9.666666666666667851e-02
3.033333333333332882e-01
4.000000000000000083e-02
2.433333333333333126e+00
1.700000000000000122e-01
9.266666666666667496e-01
4.733333333333333282e-01
1.000000000000000021e-02
5.233333333333333171e-01
9.766666666666665719e-01
0.000000000000000000e+00
0.000000000000000000e+00
4.500000000000000111e-01
1.166666666666666546e-01
1.000000000000000021e-02
3.333333333333333287e-02
1.103333333333333277e+00
1.000000000000000021e-02
0.000000000000000000e+00
3.400000000000000244e-01
5.333333333333333676e-02
1.000000000000000021e-02
0.000000000000000000e+00
1.013333333333333419e+00
1.333333333333333419e-02
0.000000000000000000e+00
1.199999999999999956e-01
8.166666666666667629e-01
1.333333333333333419e-02
1.000000000000000021e-02
3.333333333333333287e-02
1.333333333333333419e-02
0.000000000000000000e+00
0.000000000000000000e+00
4.533333333333333104e-01
2.666666666666666838e-02
0.000000000000000000e+00
2.666666666666666838e-02
5.666666666666667074e-02
0.000000000000000000e+00
0.000000000000000000e+00
2.999999999999999889e-02
0.000000000000000000e+00
5.333333333333333676e-02
0.000000000000000000e+00
0.000000000000000000e+00
5.133333333333333082e-01
0.000000000000000000e+00
1.000000000000000021e-02
0.000000000000000000e+00
8.666666666666666963e-01
1.333333333333333315e-01
3.333333333333333547e-03
7.666666666666666075e-02
2.200000000000000011e-01
5.999999999999999778e-02
3.266666666666666607e-01
8.333333333333332871e-02
2.299999999999999822e-01
1.666666666666666644e-02
3.333333333333333547e-03
4.799999999999999822e-01
0.000000000000000000e+00
6.666666666666667095e-03
0.000000000000000000e+00
0.000000000000000000e+00
0.000000000000000000e+00
2.666666666666666838e-02
1.000000000000000021e-02
0.000000000000000000e+00
0.000000000000000000e+00
2.000000000000000042e-02
1.000000000000000021e-02
0.000000000000000000e+00
6.666666666666667095e-03
7.333333333333331983e-02
9.666666666666666463e-02
1.000000000000000021e-02
4.666666666666666879e-02
5.000000000000000971e-02
1.199999999999999956e-01
0.000000000000000000e+00
0.000000000000000000e+00
7.833333333333333259e-01
6.000000000000000472e-02
1.133333333333333276e-01
1.900000000000000300e-01
1.900000000000000300e-01
6.466666666666666119e-01
4.999999999999999584e-02
1.833333333333333481e-01
2.866666666666666807e-01
5.000000000000000971e-02
1.266666666666666774e-01
1.583333333333333259e+00
9.700000000000000844e-01
2.000000000000000042e-02
3.233333333333333059e-01
2.133333333333333470e-01
0.000000000000000000e+00
3.666666666666667379e-02
0.000000000000000000e+00
0.000000000000000000e+00
0.000000000000000000e+00
0.000000000000000000e+00
1.333333333333333419e-02
1.666666666666666644e-02
9.433333333333333570e-01
2.633333333333333637e-01
1.733333333333333393e-01
1.250000000000000000e+00
2.333333333333333440e-02
2.666666666666666838e-02
2.399999999999999911e-01
1.300000000000000044e-01
1.000000000000000021e-02
1.000000000000000021e-02
5.666666666666667074e-02
4.433333333333333570e-01
2.000000000000000042e-02
3.333333333333333547e-03
1.223333333333333384e+00
1.170000000000000151e+00
3.366666666666666696e-01
1.999999999999999833e-01
4.999999999999999584e-02
1.866666666666666474e-01
4.833333333333333370e-01
0.000000000000000000e+00
1.333333333333333419e-02
5.333333333333333676e-02
2.333333333333333440e-02
0.000000000000000000e+00
0.000000000000000000e+00
7.666666666666667462e-02
9.999999999999999167e-02
3.000000000000000236e-02
3.333333333333333547e-03
1.233333333333333365e-01
4.833333333333333925e-01
9.666666666666667851e-02
1.233333333333333365e-01
4.233333333333333393e-01
1.133333333333333276e-01
2.333333333333333440e-02
3.333333333333333287e-02
1.000000000000000021e-02
6.666666666666667095e-03
2.999999999999999889e-02
1.333333333333333419e-02
2.999999999999999889e-02
0.000000000000000000e+00
0.000000000000000000e+00
0.000000000000000000e+00
5.333333333333333676e-02
0.000000000000000000e+00
0.000000000000000000e+00
0.000000000000000000e+00
1.433333333333333404e-01
1.333333333333333419e-02
1.033333333333333326e-01
6.999999999999999278e-02
1.533333333333333215e-01
8.599999999999999867e-01
1.433333333333333404e-01
2.133333333333333470e-01
9.333333333333333759e-02
1.666666666666666644e-02
1.499999999999999944e-01
7.666666666666667462e-02
3.666666666666666685e-02
9.666666666666667851e-02
2.666666666666666838e-02
0.000000000000000000e+00
1.666666666666666644e-02
2.999999999999999889e-02
0.000000000000000000e+00
1.666666666666666644e-02
1.233333333333333365e-01
0.000000000000000000e+00
3.333333333333333547e-03
9.666666666666667851e-02
2.333333333333333440e-02
1.266666666666666774e-01
3.900000000000000688e-01
5.633333333333333526e-01
3.966666666666666674e-01
1.193333333333333357e+00
2.800000000000000266e-01
1.333333333333333419e-02
2.666666666666666838e-02
0.000000000000000000e+00
1.040000000000000036e+00
1.666666666666666574e-01
0.000000000000000000e+00
1.333333333333333419e-02
6.666666666666667095e-03
0.000000000000000000e+00
0.000000000000000000e+00
3.200000000000000067e-01
1.966666666666666841e-01
7.000000000000000666e-02
5.666666666666667074e-02
1.333333333333333419e-02
1.933333333333333570e-01
4.000000000000000083e-02
5.599999999999999423e-01
1.023333333333333428e+00
2.333333333333333093e-01
1.666666666666666574e-01
0.000000000000000000e+00
6.666666666666667095e-03
0.000000000000000000e+00
0.000000000000000000e+00
0.000000000000000000e+00
0.000000000000000000e+00
2.666666666666666838e-02
0.000000000000000000e+00
1.499999999999999944e-01
4.000000000000000083e-02
3.333333333333333547e-03
0.000000000000000000e+00
1.133333333333333276e-01
0.000000000000000000e+00
6.666666666666667095e-03
1.199999999999999956e-01
0.000000000000000000e+00
0.000000000000000000e+00
1.100000000000000006e-01
3.666666666666666685e-02
0.000000000000000000e+00
0.000000000000000000e+00
9.000000000000001055e-02
1.666666666666666644e-02
7.666666666666667462e-02
0.000000000000000000e+00
3.333333333333333547e-03
6.666666666666666574e-02
0.000000000000000000e+00
0.000000000000000000e+00
6.666666666666667095e-03
2.000000000000000042e-02
3.333333333333333547e-03
1.666666666666666644e-02
8.333333333333332871e-02
1.949999999999999956e+00
1.899999999999999745e-01
1.169999999999999929e+00
