3.056666666666666643e+00
1.843333333333333490e+00
7.333333333333333370e-02
9.799999999999999822e-01
2.333333333333333093e-01
1.300000000000000044e-01
7.333333333333334758e-02
1.026666666666666616e+00
4.333333333333333481e-02
1.300000000000000044e+00
6.899999999999999467e-01
1.946666666666666545e+00
3.300000000000000155e-01
1.760000000000000009e+00
1.756666666666666599e+00
3.033333333333332882e-01
2.000000000000000042e-02
5.300000000000000266e-01
4.333333333333333481e-02
1.233333333333333365e-01
2.000000000000000042e-02
5.166666666666666075e-01
6.666666666666667095e-03
7.999999999999999334e-01
4.833333333333333370e-01
4.333333333333333481e-02
5.266666666666667274e-01
4.166666666666666852e-01
0.000000000000000000e+00
0.000000000000000000e+00
1.099999999999999867e-01
1.003333333333333410e+00
