1.686666666666666536e+00
2.766666666666666718e-01
1.466666666666666397e-01
5.666666666666667629e-01
1.399999999999999856e-01
6.166666666666666963e-01
0.000000000000000000e+00
6.699999999999999289e-01
1.333333333333333315e-01
0.000000000000000000e+00
6.666666666666667095e-03
5.733333333333332504e-01
3.300000000000000155e-01
2.333333333333333440e-02
6.333333333333333870e-02
9.100000000000000311e-01
3.499999999999999223e-01
9.333333333333333759e-02
9.333333333333334592e-01
1.973333333333333384e+00
1.800000000000000211e-01
1.800000000000000211e-01
1.033333333333333326e-01
1.466666666666666952e-01
2.066666666666666652e-01
4.566666666666667207e-01
1.933333333333333293e-01
2.266666666666666552e-01
1.733333333333333393e-01
1.033333333333333326e-01
4.666666666666666186e-01
2.133333333333332915e-01
1.766666666666666663e-01
4.099999999999999756e-01
0.000000000000000000e+00
1.333333333333333419e-02
2.333333333333333440e-02
1.933333333333333293e-01
1.066666666666666735e-01
1.166666666666666546e-01
4.099999999999999756e-01
5.366666666666667362e-01
8.366666666666665586e-01
5.799999999999999600e-01
8.666666666666666963e-02
9.266666666666666385e-01
1.610000000000000098e+00
8.333333333333332871e-02
2.933333333333333348e-01
2.099999999999999645e-01
4.566666666666667207e-01
1.666666666666666644e-02
4.699999999999999734e-01
4.000000000000000083e-02
8.233333333333333615e-01
4.733333333333333282e-01
0.000000000000000000e+00
0.000000000000000000e+00
2.033333333333333381e-01
7.333333333333333370e-02
4.666666666666666879e-02
2.233333333333333837e-01
4.866666666666666363e-01
1.266666666666666774e-01
9.033333333333333215e-01
5.266666666666667274e-01
2.000000000000000042e-02
0.000000000000000000e+00
1.999999999999999833e-01
5.800000000000000711e-01
4.000000000000000083e-02
4.933333333333333459e-01
3.483333333333332948e+00
1.306666666666666865e+00
8.166666666666667629e-01
3.233333333333333059e-01
6.199999999999999956e-01
1.133333333333333276e-01
7.799999999999999156e-01
6.666666666666667095e-03
4.266666666666666941e-01
2.133333333333333470e-01
3.333333333333333547e-03
1.666666666666666644e-02
1.313333333333333242e+00
6.266666666666665941e-01
2.000000000000000042e-02
1.133333333333333276e-01
5.233333333333333171e-01
3.366666666666666696e-01
8.000000000000000167e-02
7.500000000000000000e-01
6.800000000000000488e-01
1.000000000000000194e-01
6.666666666666666574e-02
5.000000000000000971e-02
2.233333333333333004e-01
5.333333333333333676e-02
2.333333333333333093e-01
1.400000000000000133e-01
1.300000000000000044e-01
2.733333333333333171e-01
2.166666666666666741e-01
2.033333333333333381e-01
7.666666666666667462e-02
2.133333333333333470e-01
6.499999999999999112e-01
3.333333333333333547e-03
5.666666666666666380e-02
5.000000000000000971e-02
1.333333333333333315e-01
2.666666666666666838e-02
2.600000000000000089e-01
6.333333333333333037e-01
7.700000000000000178e-01
2.566666666666666541e-01
4.199999999999999845e-01
3.333333333333333287e-02
1.333333333333333259e+00
5.633333333333333526e-01
7.000000000000000666e-02
2.366666666666666641e-01
5.866666666666666696e-01
1.156666666666666510e+00
9.000000000000001055e-02
2.566666666666666541e-01
4.333333333333333481e-02
1.099999999999999867e+00
7.399999999999998801e-01
1.000000000000000021e-02
1.333333333333333419e-02
7.466666666666667007e-01
9.333333333333333759e-02
6.333333333333333870e-02
3.866666666666667140e-01
1.250000000000000000e+00
1.266666666666666774e-01
8.799999999999998934e-01
6.733333333333333393e-01
1.333333333333333419e-02
1.000000000000000021e-02
1.533333333333333215e-01
1.600000000000000033e-01
3.666666666666666685e-02
5.233333333333333171e-01
4.123333333333333961e+00
