5.700000000000000622e-01
6.066666666666666874e-01
6.099999999999999867e-01
7.000000000000000666e-01
9.033333333333333215e-01
3.433333333333333237e-01
5.666666666666667629e-01
5.566666666666666430e-01
3.300000000000000155e-01
3.099999999999999978e-01
4.366666666666667029e-01
1.113333333333333286e+00
3.966666666666666674e-01
4.333333333333333481e-02
1.199999999999999956e-01
1.489999999999999991e+00
5.433333333333333348e-01
6.333333333333333870e-02
3.033333333333332882e-01
3.666666666666666963e-01
3.133333333333333526e-01
1.366666666666666863e-01
9.666666666666666463e-02
6.666666666666666574e-02
4.666666666666666879e-02
4.333333333333333481e-01
6.666666666666667095e-03
9.000000000000001055e-02
0.000000000000000000e+00
1.666666666666666644e-02
4.666666666666666879e-02
1.100000000000000006e-01
1.666666666666666574e-01
4.366666666666667029e-01
4.299999999999999933e-01
3.666666666666666408e-01
4.033333333333333215e-01
2.433333333333333182e-01
5.233333333333333171e-01
2.900000000000000355e-01
0.000000000000000000e+00
1.133333333333333304e+00
2.466666666666666730e-01
9.666666666666667851e-02
0.000000000000000000e+00
6.666666666666666574e-02
5.833333333333333703e-01
1.800000000000000211e-01
4.333333333333333481e-02
1.239999999999999991e+00
7.666666666666667462e-02
1.626666666666666705e+00
3.733333333333333504e-01
8.000000000000000167e-02
2.466666666666666730e-01
4.999999999999999584e-02
1.133333333333333276e-01
1.506666666666666821e+00
1.533333333333333492e-01
3.166666666666666519e-01
6.333333333333333870e-02
1.300000000000000044e-01
7.600000000000001199e-01
9.700000000000000844e-01
2.666666666666666630e-01
1.033333333333333437e+00
2.666666666666666838e-02
5.666666666666667074e-02
0.000000000000000000e+00
1.666666666666666644e-02
0.000000000000000000e+00
4.000000000000000083e-02
7.333333333333331983e-02
1.966666666666666841e-01
3.500000000000000333e-01
1.166666666666666824e-01
1.533333333333333492e-01
2.999999999999999889e-02
2.999999999999999889e-02
7.200000000000000844e-01
6.366666666666666030e-01
0.000000000000000000e+00
4.499999999999999556e-01
1.100000000000000006e-01
1.566666666666666485e-01
1.999999999999999833e-01
4.066666666666666763e-01
1.366666666666666863e-01
6.199999999999999956e-01
1.600000000000000033e-01
6.366666666666667140e-01
3.466666666666666785e-01
7.900000000000000355e-01
4.066666666666666763e-01
7.000000000000000666e-02
7.200000000000000844e-01
1.666666666666666644e-02
1.326666666666666661e+00
3.133333333333332971e-01
0.000000000000000000e+00
3.333333333333333148e-01
4.566666666666666097e-01
2.790000000000000480e+00
1.696666666666666545e+00
4.066666666666666763e-01
6.899999999999999467e-01
3.200000000000000067e-01
2.339999999999999858e+00
4.899999999999999911e-01
1.033333333333333326e-01
2.233333333333333004e-01
1.123333333333333295e+00
2.633333333333333637e-01
1.413333333333333330e+00
1.886666666666666714e+00
