1.356666666666666687e+00
1.216666666666666563e+00
5.766666666666666607e-01
3.000000000000000236e-02
8.566666666666667984e-01
3.666666666666666963e-01
6.666666666666666574e-02
1.290000000000000036e+00
9.000000000000001055e-02
1.466666666666666785e+00
2.033333333333333381e-01
3.233333333333333059e-01
5.300000000000000266e-01
1.306666666666666643e+00
6.833333333333332371e-01
1.833333333333333204e-01
1.733333333333333393e-01
7.099999999999999645e-01
3.200000000000000067e-01
5.666666666666667074e-02
1.600000000000000033e-01
3.000000000000000236e-02
0.000000000000000000e+00
1.866666666666666752e-01
2.666666666666666838e-02
7.333333333333333370e-02
1.033333333333333326e-01
9.599999999999999645e-01
1.733333333333333393e-01
2.333333333333333440e-02
1.066666666666666735e-01
2.000000000000000042e-02
0.000000000000000000e+00
5.533333333333333437e-01
1.066666666666666735e-01
1.316666666666666652e+00
7.333333333333333370e-02
4.333333333333333481e-02
2.616666666666666696e+00
1.766666666666666663e-01
8.699999999999999956e-01
4.000000000000000083e-02
1.600000000000000033e-01
2.700000000000000178e-01
6.666666666666666574e-02
0.000000000000000000e+00
4.733333333333333282e-01
1.620000000000000107e+00
1.733333333333333393e-01
3.200000000000000067e-01
3.473333333333333162e+00
