8.133333333333333526e-01
1.833333333333333481e-01
5.999999999999999778e-02
1.933333333333333570e-01
2.800000000000000266e-01
1.213333333333333153e+00
1.393333333333333313e+00
4.666666666666666186e-01
5.000000000000000971e-02
1.250000000000000000e+00
1.396666666666666723e+00
2.333333333333333648e-01
5.699999999999999512e-01
4.333333333333333481e-02
2.133333333333333470e-01
2.099999999999999922e-01
2.566666666666666541e-01
3.000000000000000236e-02
2.000000000000000389e-01
9.333333333333332371e-02
4.666666666666666879e-02
3.133333333333332971e-01
9.333333333333332371e-02
1.000000000000000021e-02
1.333333333333333315e-01
7.000000000000000666e-02
4.033333333333333215e-01
2.266666666666666552e-01
5.999999999999999778e-02
1.499999999999999944e-01
2.533333333333333548e-01
4.933333333333333459e-01
2.399999999999999911e-01
6.433333333333333126e-01
1.073333333333333472e+00
9.000000000000001055e-02
6.566666666666666208e-01
2.400000000000000189e-01
6.666666666666667095e-03
1.866666666666666474e-01
1.833333333333333481e-01
5.000000000000000000e-01
2.033333333333333381e-01
9.333333333333332371e-02
4.366666666666667029e-01
8.333333333333332871e-02
6.666666666666667095e-03
1.733333333333333393e-01
2.466666666666666730e-01
0.000000000000000000e+00
4.099999999999999756e-01
7.500000000000000000e-01
4.266666666666665830e-01
4.333333333333333481e-02
8.466666666666666785e-01
1.499999999999999944e-01
0.000000000000000000e+00
2.333333333333333440e-02
5.633333333333333526e-01
4.666666666666666879e-02
1.583333333333333259e+00
1.166666666666666546e-01
6.166666666666666963e-01
