9.599999999999999645e-01
3.066666666666666985e-01
1.343333333333333490e+00
3.029999999999999805e+00
6.066666666666666874e-01
3.966666666666666674e-01
1.326666666666666661e+00
1.600000000000000033e-01
3.233333333333333059e-01
1.506666666666666821e+00
4.633333333333333748e-01
1.996666666666666812e+00
7.699999999999999067e-01
1.666666666666666574e-01
8.833333333333333037e-01
6.033333333333333881e-01
5.999999999999999778e-02
1.333333333333333419e-02
1.113333333333333286e+00
7.900000000000000355e-01
2.700000000000000178e-01
3.333333333333333547e-03
2.899999999999999800e-01
3.133333333333332971e-01
0.000000000000000000e+00
3.333333333333333547e-03
5.000000000000000971e-02
6.199999999999999956e-01
1.333333333333333419e-02
3.333333333333333287e-02
9.733333333333332726e-01
5.333333333333333676e-02
7.033333333333332549e-01
5.333333333333333259e-01
2.266666666666666552e-01
8.566666666666665764e-01
1.400000000000000133e-01
7.400000000000001021e-01
8.333333333333332871e-02
2.000000000000000042e-02
2.933333333333333903e-01
1.800000000000000211e-01
9.333333333333333759e-02
1.666666666666666644e-02
4.033333333333333215e-01
2.166666666666666463e-01
2.999999999999999889e-02
2.399999999999999911e-01
4.066666666666667318e-01
2.233333333333333004e-01
2.400000000000000189e-01
5.000000000000000971e-02
1.033333333333333326e-01
1.666666666666666644e-02
5.666666666666667629e-01
3.666666666666666685e-02
1.666666666666666644e-02
2.666666666666666838e-02
1.900000000000000300e-01
0.000000000000000000e+00
6.666666666666667095e-03
1.286666666666666847e+00
5.666666666666666380e-02
0.000000000000000000e+00
5.400000000000000355e-01
1.936666666666666536e+00
2.899999999999999800e-01
4.099999999999999756e-01
1.296666666666666856e+00
1.766666666666666663e-01
7.933333333333333348e-01
4.333333333333333481e-02
1.983333333333333171e+00
6.466666666666666119e-01
1.266666666666666774e-01
3.333333333333333547e-03
1.966666666666666785e+00
9.566666666666666652e-01
2.999999999999999889e-02
3.533333333333333326e-01
9.799999999999999822e-01
1.866666666666666752e-01
2.133333333333333470e-01
3.666666666666666685e-02
4.000000000000000083e-02
1.133333333333333276e-01
1.333333333333333419e-02
1.233333333333333365e-01
1.366666666666666585e-01
1.133333333333333276e-01
1.399999999999999856e-01
2.999999999999999889e-02
1.666666666666666644e-02
9.999999999999999167e-02
1.933333333333333570e-01
1.000000000000000194e-01
1.633333333333333304e-01
1.933333333333333293e-01
0.000000000000000000e+00
1.233333333333333393e+00
4.799999999999999822e-01
1.399999999999999856e-01
2.299999999999999822e-01
1.023333333333333206e+00
1.066666666666666735e-01
3.200000000000000067e-01
2.999999999999999889e-02
9.433333333333333570e-01
1.499999999999999944e-01
4.333333333333333481e-02
1.083333333333333259e+00
5.200000000000000178e-01
5.666666666666667074e-02
0.000000000000000000e+00
1.333333333333333315e-01
8.966666666666666119e-01
2.199999999999999734e-01
0.000000000000000000e+00
2.133333333333333470e-01
9.633333333333333748e-01
9.666666666666666463e-02
2.533333333333333548e-01
6.133333333333332860e-01
1.050000000000000044e+00
1.333333333333333419e-02
0.000000000000000000e+00
1.299999999999999767e-01
1.899999999999999745e-01
1.300000000000000044e-01
1.533333333333333492e-01
9.000000000000001055e-02
4.000000000000000083e-02
1.916666666666666741e+00
1.033333333333333465e-01
