9.033333333333333215e-01
6.666666666666666574e-02
8.333333333333332871e-02
2.233333333333333004e-01
1.033333333333333326e-01
1.966666666666666841e-01
2.159999999999999698e+00
8.266666666666666607e-01
7.999999999999999334e-01
1.253333333333333188e+00
1.666666666666666574e-01
2.666666666666666630e-01
9.000000000000001055e-02
1.400000000000000133e-01
9.666666666666667851e-02
2.000000000000000042e-02
1.040000000000000036e+00
4.199999999999999845e-01
3.799999999999999489e-01
2.833333333333333259e-01
1.233333333333333365e-01
1.666666666666666574e-01
6.133333333333332860e-01
2.433333333333333182e-01
7.000000000000000666e-02
1.196666666666666545e+00
4.733333333333333282e-01
6.333333333333333870e-02
2.066666666666666652e-01
2.899999999999999800e-01
1.280000000000000027e+00
