4.000000000000000777e-01
2.800000000000000266e-01
2.066666666666666652e-01
2.733333333333333726e-01
1.146666666666666723e+00
1.633333333333333304e-01
2.133333333333333470e-01
1.466666666666666397e-01
7.000000000000000666e-02
6.333333333333333870e-02
7.666666666666666075e-02
1.600000000000000033e-01
1.000000000000000021e-02
8.000000000000000167e-02
3.000000000000000236e-02
8.000000000000000167e-02
2.566666666666666541e-01
1.000000000000000021e-02
4.266666666666666941e-01
8.566666666666665764e-01
5.333333333333333676e-02
3.966666666666666674e-01
1.110000000000000098e+00
1.766666666666666663e-01
1.000000000000000021e-02
1.866666666666666752e-01
5.333333333333333676e-02
2.466666666666666730e-01
1.033333333333333326e-01
5.033333333333332993e-01
2.466666666666666730e-01
6.266666666666665941e-01
4.000000000000000083e-02
2.166666666666666741e-01
8.000000000000000167e-02
6.733333333333332282e-01
6.533333333333333215e-01
1.133333333333333276e-01
5.066666666666667096e-01
6.933333333333333570e-01
7.000000000000000666e-02
7.666666666666667462e-02
1.766666666666666663e-01
3.433333333333333237e-01
2.999999999999999889e-02
4.533333333333333104e-01
9.333333333333333759e-02
8.533333333333333881e-01
7.333333333333334758e-02
2.933333333333333348e-01
1.436666666666666536e+00
1.800000000000000211e-01
4.000000000000000083e-02
1.166666666666666546e-01
7.000000000000000666e-02
8.666666666666666963e-02
8.799999999999998934e-01
6.166666666666665853e-01
2.333333333333333093e-02
7.500000000000000000e-01
5.966666666666666785e-01
1.666666666666666644e-02
1.333333333333333419e-02
4.766666666666666274e-01
7.333333333333333370e-02
1.000000000000000021e-02
6.333333333333333870e-02
2.166666666666666741e-01
1.800000000000000211e-01
9.999999999999999167e-02
9.300000000000000488e-01
1.060000000000000053e+00
3.466666666666666785e-01
2.033333333333333381e-01
2.383333333333333304e+00
6.966666666666666563e-01
3.913333333333333552e+00
1.743333333333333401e+00
4.000000000000000000e+00
2.933333333333333126e+00
5.466666666666667451e-01
2.803333333333333233e+00
7.566666666666667096e-01
1.713333333333333153e+00
