5.200000000000000178e-01
2.600000000000000089e-01
1.399999999999999856e-01
2.133333333333333470e-01
8.666666666666666963e-02
1.733333333333333393e-01
1.499999999999999944e-01
2.633333333333333637e-01
1.159999999999999920e+00
3.433333333333333237e-01
6.666666666666667095e-03
3.333333333333333547e-03
3.266666666666666607e-01
5.300000000000000266e-01
8.000000000000000167e-02
3.066666666666666430e-01
4.366666666666667029e-01
4.966666666666666452e-01
4.566666666666667207e-01
4.700000000000000289e-01
3.089999999999999858e+00
2.766666666666666718e-01
2.833333333333333259e-01
8.000000000000000167e-02
2.066666666666666652e-01
2.099999999999999645e-01
2.066666666666666652e-01
2.466666666666666730e-01
8.166666666666667629e-01
8.066666666666666430e-01
3.666666666666666408e-01
1.666666666666666644e-02
4.333333333333333481e-02
5.699999999999999512e-01
1.266666666666666774e-01
1.466666666666666397e-01
1.050000000000000044e+00
5.266666666666667274e-01
1.363333333333333286e+00
2.233333333333333004e-01
9.400000000000000577e-01
1.563333333333333464e+00
