9.433333333333333570e-01
8.900000000000000133e-01
3.000000000000000236e-02
8.999999999999998279e-02
2.233333333333333559e-01
0.000000000000000000e+00
1.033333333333333326e-01
0.000000000000000000e+00
1.600000000000000033e-01
9.000000000000001055e-02
1.333333333333333419e-02
7.200000000000000844e-01
0.000000000000000000e+00
6.933333333333333570e-01
8.433333333333333792e-01
2.069999999999999840e+00
6.666666666666666297e-01
1.433333333333333126e-01
1.499999999999999944e-01
1.666666666666666574e-01
3.666666666666667379e-02
3.866666666666667140e-01
8.333333333333332871e-02
8.266666666666666607e-01
1.866666666666666474e+00
1.493333333333333401e+00
3.766666666666666496e-01
2.399999999999999911e-01
2.433333333333333182e-01
1.666666666666666644e-02
4.999999999999999584e-02
2.033333333333333381e-01
8.000000000000000167e-02
4.133333333333333304e-01
7.299999999999999822e-01
2.266666666666666552e-01
8.566666666666667984e-01
1.336666666666666670e+00
5.899999999999999689e-01
1.000000000000000021e-02
0.000000000000000000e+00
3.333333333333333547e-03
9.999999999999999167e-02
7.333333333333333370e-02
2.000000000000000042e-02
4.666666666666666186e-02
2.700000000000000178e-01
1.099999999999999867e-01
1.133333333333333304e+00
8.766666666666665941e-01
1.466666666666666952e-01
2.933333333333332793e-01
3.700000000000000511e-01
1.633333333333333304e-01
2.099999999999999922e-01
9.266666666666667496e-01
0.000000000000000000e+00
1.633333333333333304e-01
0.000000000000000000e+00
6.999999999999999278e-02
4.666666666666666879e-02
1.110000000000000098e+00
1.219999999999999973e+00
1.510000000000000009e+00
6.466666666666667229e-01
4.966666666666666452e-01
7.633333333333333082e-01
6.666666666666666574e-02
2.666666666666666630e-01
2.666666666666666838e-02
7.133333333333332638e-01
3.333333333333333287e-02
1.233333333333333365e-01
6.633333333333334414e-01
9.999999999999999167e-02
3.166666666666666519e-01
5.566666666666666430e-01
1.276666666666666616e+00
2.233333333333333004e-01
4.166666666666666852e-01
9.133333333333332194e-01
3.166666666666666519e-01
5.833333333333333703e-01
1.733333333333333393e-01
1.213333333333333375e+00
1.766666666666666663e-01
1.193333333333333357e+00
1.040000000000000036e+00
2.366666666666666641e-01
2.033333333333333381e-01
7.333333333333333370e-02
5.666666666666666380e-02
1.476666666666666572e+00
3.466666666666666785e-01
1.000000000000000021e-02
3.666666666666667379e-02
8.466666666666666785e-01
6.266666666666665941e-01
9.666666666666667851e-02
2.333333333333333093e-02
8.033333333333332327e-01
4.333333333333333481e-01
2.099999999999999922e-01
5.799999999999999600e-01
3.700000000000000511e-01
4.000000000000000083e-02
1.100000000000000006e-01
2.333333333333333440e-02
4.999999999999999584e-02
5.666666666666667074e-02
2.433333333333333182e-01
3.833333333333333037e-01
5.666666666666666519e-01
3.300000000000000155e-01
7.333333333333333370e-02
1.000000000000000000e+00
2.066666666666666652e-01
1.199999999999999956e-01
1.000000000000000194e-01
0.000000000000000000e+00
3.333333333333333547e-03
2.333333333333333093e-02
3.333333333333333287e-02
9.999999999999999167e-02
1.633333333333333304e-01
1.333333333333333315e-01
1.233333333333333365e-01
2.199999999999999734e-01
8.666666666666666963e-02
3.300000000000000155e-01
3.666666666666666685e-02
1.600000000000000033e-01
1.199999999999999956e-01
5.566666666666666430e-01
1.099999999999999867e-01
0.000000000000000000e+00
5.733333333333332504e-01
3.333333333333333547e-03
7.600000000000001199e-01
5.000000000000000971e-02
2.866666666666666807e-01
2.500000000000000000e-01
1.723333333333333384e+00
1.666666666666666741e+00
5.066666666666667096e-01
1.466666666666666397e-01
1.833333333333333204e-01
3.899999999999999578e-01
3.999999999999999667e-01
2.133333333333333470e-01
0.000000000000000000e+00
6.666666666666667095e-03
1.499999999999999944e-01
1.000000000000000021e-02
1.123333333333333295e+00
4.333333333333333481e-02
2.733333333333333171e-01
2.099999999999999922e-01
1.333333333333333419e-02
5.333333333333334370e-02
4.333333333333333481e-02
5.000000000000000971e-02
2.999999999999999889e-01
3.333333333333333547e-03
0.000000000000000000e+00
0.000000000000000000e+00
8.000000000000000167e-02
0.000000000000000000e+00
2.000000000000000042e-02
0.000000000000000000e+00
4.799999999999999822e-01
3.666666666666667379e-02
2.666666666666666838e-02
1.099999999999999867e+00
6.999999999999998446e-01
2.399999999999999911e-01
2.500000000000000000e-01
7.866666666666667362e-01
1.166666666666666546e-01
9.999999999999999167e-02
1.333333333333333315e-01
0.000000000000000000e+00
1.099999999999999867e-01
6.666666666666667095e-03
0.000000000000000000e+00
4.000000000000000083e-02
2.333333333333333440e-02
4.000000000000000083e-02
1.399999999999999856e-01
4.000000000000000083e-02
1.000000000000000021e-02
4.000000000000000083e-02
4.000000000000000083e-02
2.333333333333333440e-02
2.099999999999999922e-01
0.000000000000000000e+00
8.333333333333332871e-02
2.266666666666666552e-01
5.333333333333333676e-02
7.599999999999998979e-01
1.466666666666666674e-01
4.666666666666666186e-01
8.666666666666666963e-02
1.306666666666666643e+00
1.766666666666666663e-01
1.666666666666666644e-02
1.000000000000000194e-01
9.033333333333333215e-01
1.333333333333333419e-02
1.066666666666666652e+00
2.299999999999999822e-01
7.666666666666666075e-02
4.499999999999999556e-01
2.533333333333333548e-01
1.766666666666666663e-01
2.000000000000000042e-02
6.333333333333333870e-02
2.999999999999999889e-02
1.666666666666666574e-01
2.266666666666666552e-01
1.866666666666666752e-01
6.666666666666666574e-02
1.230000000000000204e+00
3.166666666666666519e-01
1.766666666666666663e-01
3.333333333333333287e-02
3.400000000000000244e-01
5.166666666666667185e-01
0.000000000000000000e+00
4.099999999999999756e-01
2.333333333333333093e-02
1.666666666666666644e-02
0.000000000000000000e+00
3.333333333333333547e-03
0.000000000000000000e+00
2.366666666666666641e-01
1.700000000000000122e-01
1.073333333333333250e+00
5.066666666666667096e-01
1.000000000000000021e-02
2.199999999999999734e-01
1.000000000000000021e-02
1.499999999999999944e-01
1.166666666666666546e-01
0.000000000000000000e+00
6.666666666666667095e-03
1.166666666666666546e-01
1.300000000000000044e-01
2.000000000000000042e-02
1.000000000000000021e-02
3.000000000000000236e-02
6.333333333333333870e-02
7.000000000000000666e-02
1.300000000000000044e-01
2.700000000000000178e-01
1.366666666666666474e+00
1.866666666666666752e-01
1.600000000000000033e-01
2.833333333333333814e-01
7.733333333333333171e-01
4.099999999999999756e-01
1.196666666666666545e+00
