6.933333333333333570e-01
2.200000000000000011e-01
1.633333333333333304e-01
3.666666666666667379e-02
3.333333333333333547e-03
6.666666666666667095e-03
0.000000000000000000e+00
1.333333333333333419e-02
2.666666666666666838e-02
4.599999999999999645e-01
1.199999999999999956e-01
5.866666666666665586e-01
7.666666666666667462e-02
0.000000000000000000e+00
3.233333333333333059e-01
8.333333333333332871e-02
0.000000000000000000e+00
2.333333333333333440e-02
9.933333333333332904e-01
1.833333333333333204e-01
0.000000000000000000e+00
5.666666666666666380e-02
9.666666666666667851e-02
6.766666666666667496e-01
2.999999999999999889e-01
2.999999999999999889e-01
1.733333333333333393e-01
1.166666666666666546e-01
5.333333333333333676e-02
3.333333333333333547e-03
3.333333333333333547e-03
6.666666666666667095e-03
1.196666666666666545e+00
3.666666666666666685e-02
8.000000000000000167e-02
9.000000000000001055e-02
1.203333333333333366e+00
0.000000000000000000e+00
3.233333333333333615e-01
5.699999999999999512e-01
1.000000000000000021e-02
9.333333333333332371e-02
5.366666666666667362e-01
1.866666666666666752e-01
1.566666666666666485e-01
4.099999999999999756e-01
2.266666666666666829e-01
1.833333333333333481e-01
1.380000000000000115e+00
1.966666666666666563e-01
2.999999999999999889e-02
2.033333333333333381e-01
1.966666666666666841e-01
3.133333333333333526e-01
1.433333333333333404e-01
1.333333333333333419e-02
1.703333333333333144e+00
5.933333333333333792e-01
2.666666666666666630e-01
7.333333333333333370e-02
2.700000000000000178e-01
1.449999999999999956e+00
2.899999999999999800e-01
2.333333333333333440e-02
7.333333333333333370e-02
2.700000000000000178e-01
1.503333333333333188e+00
6.666666666666667095e-03
8.666666666666666963e-02
1.700000000000000122e-01
1.306666666666666643e+00
2.533333333333333548e-01
6.333333333333333870e-02
1.843333333333333046e+00
6.666666666666667095e-03
3.366666666666666696e-01
0.000000000000000000e+00
3.333333333333333547e-03
0.000000000000000000e+00
8.666666666666666963e-02
4.666666666666666879e-02
1.566666666666666485e-01
5.600000000000000533e-01
2.033333333333333381e-01
1.543333333333333224e+00
1.526666666666666616e+00
7.700000000000000178e-01
9.300000000000000488e-01
2.500000000000000000e-01
5.066666666666667096e-01
6.733333333333333393e-01
6.666666666666666574e-02
1.003333333333333410e+00
1.053333333333333455e+00
3.833333333333333037e-01
2.266666666666666552e-01
1.333333333333333419e-02
3.966666666666666674e-01
7.666666666666667462e-02
2.666666666666666838e-02
4.333333333333333481e-02
8.233333333333332504e-01
1.000000000000000021e-02
1.000000000000000021e-02
1.136666666666666714e+00
0.000000000000000000e+00
3.333333333333333287e-02
1.333333333333333419e-02
3.433333333333333237e-01
3.333333333333333287e-02
6.333333333333333870e-02
6.166666666666665853e-01
4.500000000000000111e-01
2.233333333333333559e-01
6.666666666666666574e-02
6.233333333333332948e-01
6.666666666666666574e-02
7.666666666666667462e-02
5.600000000000000533e-01
4.799999999999999822e-01
0.000000000000000000e+00
0.000000000000000000e+00
1.000000000000000021e-02
2.666666666666666630e-01
9.999999999999999167e-02
1.766666666666666663e-01
3.066666666666666430e-01
1.066666666666666735e-01
0.000000000000000000e+00
0.000000000000000000e+00
2.533333333333333548e-01
8.666666666666666963e-02
6.533333333333333215e-01
2.700000000000000178e-01
2.089999999999999858e+00
5.766666666666666607e-01
2.666666666666666630e-01
6.099999999999999867e-01
1.159999999999999920e+00
1.700000000000000122e-01
7.666666666666666075e-02
1.766666666666666663e-01
1.166666666666666546e-01
1.400000000000000133e-01
1.300000000000000044e-01
1.053333333333333455e+00
6.733333333333333393e-01
5.433333333333333348e-01
4.666666666666666879e-02
1.186666666666666536e+00
1.166666666666666546e-01
1.600000000000000033e-01
6.900000000000000577e-01
2.099999999999999922e-01
3.533333333333333326e-01
3.333333333333333547e-03
2.266666666666666552e-01
1.633333333333333304e-01
7.000000000000000666e-02
9.333333333333333759e-02
1.033333333333333326e-01
3.333333333333333287e-02
0.000000000000000000e+00
4.866666666666666363e-01
1.093333333333333490e+00
0.000000000000000000e+00
1.666666666666666644e-02
9.666666666666666741e-01
2.233333333333333559e-01
4.000000000000000083e-02
2.666666666666666838e-02
6.666666666666667095e-03
9.633333333333333748e-01
2.666666666666666838e-02
2.000000000000000042e-02
1.200000000000000094e-01
3.400000000000000244e-01
1.233333333333333365e-01
3.133333333333332971e-01
1.666666666666666741e+00
2.333333333333333093e-01
2.199999999999999734e-01
1.876666666666666705e+00
8.233333333333332504e-01
6.999999999999999278e-02
1.666666666666666741e+00
7.666666666666667462e-02
4.333333333333333481e-02
6.666666666666666574e-02
0.000000000000000000e+00
2.666666666666666838e-02
1.000000000000000021e-02
2.333333333333333093e-02
1.000000000000000021e-02
2.999999999999999889e-02
8.499999999999999778e-01
8.000000000000000167e-02
7.399999999999998801e-01
1.833333333333333481e-01
6.666666666666666574e-02
3.366666666666666141e-01
1.499999999999999944e-01
2.666666666666666630e-01
2.666666666666666838e-02
5.066666666666667096e-01
7.299999999999999822e-01
1.733333333333333393e-01
1.456666666666666776e+00
7.200000000000000844e-01
3.366666666666666141e-01
2.099999999999999922e-01
6.866666666666666474e-01
2.433333333333333182e-01
1.600000000000000033e-01
2.633333333333333637e-01
2.999999999999999889e-02
2.999999999999999889e-02
5.999999999999999778e-02
2.000000000000000042e-02
0.000000000000000000e+00
1.000000000000000021e-02
1.466666666666666397e-01
5.400000000000000355e-01
3.233333333333333059e-01
5.733333333333333615e-01
9.999999999999999167e-02
1.000000000000000194e-01
1.666666666666666574e-01
2.999999999999999889e-01
2.299999999999999822e-01
1.400000000000000133e-01
3.333333333333333148e-01
1.466666666666666952e-01
1.176666666666666750e+00
2.000000000000000042e-02
1.000000000000000021e-02
2.099999999999999922e-01
4.000000000000000083e-02
4.000000000000000083e-02
0.000000000000000000e+00
3.300000000000000155e-01
4.000000000000000083e-02
6.666666666666667095e-03
0.000000000000000000e+00
4.166666666666666852e-01
0.000000000000000000e+00
1.000000000000000021e-02
0.000000000000000000e+00
1.500000000000000222e-01
2.000000000000000042e-02
7.666666666666666075e-02
1.800000000000000211e-01
1.333333333333333315e-01
7.433333333333332904e-01
1.159999999999999920e+00
0.000000000000000000e+00
7.133333333333332638e-01
2.533333333333333548e-01
5.333333333333333259e-01
3.433333333333333237e-01
0.000000000000000000e+00
0.000000000000000000e+00
0.000000000000000000e+00
5.333333333333333676e-02
3.599999999999999312e-01
9.999999999999999167e-02
6.699999999999999289e-01
4.333333333333333481e-02
1.333333333333333419e-02
5.000000000000000971e-02
3.366666666666666141e-01
1.033333333333333465e-01
0.000000000000000000e+00
0.000000000000000000e+00
1.336666666666666670e+00
5.999999999999999778e-02
0.000000000000000000e+00
3.533333333333333326e-01
1.213333333333333375e+00
5.433333333333333348e-01
1.100000000000000006e-01
3.099999999999999978e-01
9.766666666666665719e-01
1.000000000000000021e-02
1.000000000000000000e+00
8.333333333333332871e-02
5.166666666666666075e-01
7.000000000000000666e-02
5.000000000000000971e-02
2.700000000000000178e-01
3.300000000000000155e-01
2.500000000000000000e-01
2.933333333333332793e-01
2.099999999999999922e-01
2.166666666666666741e-01
1.330000000000000071e+00
5.000000000000000971e-02
3.000000000000000236e-02
2.333333333333333440e-02
1.233333333333333365e-01
3.366666666666666696e-01
1.266666666666666774e-01
2.099999999999999645e-01
3.333333333333333547e-03
1.300000000000000044e-01
1.966666666666666563e-01
8.366666666666665586e-01
9.333333333333333759e-02
3.933333333333333681e-01
1.980000000000000204e+00
0.000000000000000000e+00
7.399999999999998801e-01
9.433333333333333570e-01
9.000000000000001055e-02
3.333333333333333547e-03
1.633333333333333304e-01
3.933333333333333126e-01
3.003333333333333410e+00
3.600000000000000422e-01
7.933333333333333348e-01
7.600000000000001199e-01
4.333333333333333481e-01
1.110000000000000098e+00
3.533333333333333326e-01
2.666666666666666838e-02
2.999999999999999889e-02
4.233333333333333393e-01
4.000000000000000083e-02
4.000000000000000083e-02
1.333333333333333419e-02
1.070000000000000062e+00
1.066666666666666735e-01
8.000000000000000167e-02
1.166666666666666546e-01
2.633333333333333637e-01
9.666666666666667851e-02
8.433333333333333792e-01
3.699999999999999734e+00
