1.099999999999999867e+00
7.900000000000000355e-01
7.400000000000001021e-01
2.399999999999999911e-01
1.119999999999999885e+00
2.366666666666666641e-01
7.599999999999998979e-01
1.446666666666666545e+00
1.360000000000000098e+00
4.133333333333333304e-01
7.933333333333333348e-01
2.333333333333333648e-01
1.139999999999999902e+00
9.766666666666665719e-01
3.066666666666666430e-01
5.333333333333333259e-01
8.466666666666666785e-01
6.500000000000000222e-01
1.263333333333333419e+00
2.200000000000000011e-01
4.433333333333333570e-01
2.399999999999999911e-01
6.666666666666666297e-01
4.700000000000000289e-01
1.163333333333333330e+00
4.066666666666666763e-01
9.000000000000001055e-02
8.833333333333334147e-01
5.999999999999999778e-02
1.066666666666666735e-01
9.533333333333332549e-01
2.700000000000000178e-01
6.666666666666666574e-02
4.666666666666666879e-02
2.999999999999999889e-02
1.099999999999999867e-01
2.266666666666666552e-01
5.866666666666666696e-01
9.700000000000000844e-01
1.473333333333333384e+00
