1.093333333333333490e+00
4.866666666666666363e-01
5.833333333333333703e-01
2.233333333333333004e-01
9.033333333333333215e-01
9.666666666666667851e-02
1.343333333333333490e+00
4.366666666666667029e-01
6.933333333333333570e-01
6.666666666666667095e-03
1.419999999999999929e+00
1.700000000000000122e-01
4.099999999999999756e-01
3.266666666666666607e-01
2.000000000000000042e-02
0.000000000000000000e+00
4.333333333333333481e-02
1.000000000000000021e-02
1.333333333333333419e-02
7.333333333333334758e-02
6.266666666666667052e-01
6.366666666666667140e-01
4.999999999999999584e-02
3.433333333333332682e-01
1.700000000000000122e-01
3.333333333333333547e-03
0.000000000000000000e+00
3.666666666666666963e-01
9.933333333333332904e-01
0.000000000000000000e+00
3.333333333333333287e-02
1.719999999999999973e+00
4.666666666666666879e-02
2.999999999999999889e-02
2.033333333333333381e-01
1.183333333333333348e+00
0.000000000000000000e+00
2.000000000000000042e-02
2.833333333333333259e-01
1.483333333333333393e+00
3.533333333333333326e-01
1.533333333333333492e-01
4.666666666666666879e-02
1.936666666666666758e+00
6.766666666666666385e-01
1.726666666666666572e+00
6.800000000000000488e-01
9.666666666666667851e-02
2.399999999999999911e-01
5.300000000000000266e-01
2.399999999999999911e-01
1.520000000000000240e+00
3.333333333333333547e-03
1.633333333333333304e-01
1.933333333333333570e-01
2.399999999999999911e-01
3.166666666666666519e-01
8.466666666666666785e-01
0.000000000000000000e+00
3.666666666666666685e-02
2.533333333333333548e-01
5.999999999999999778e-02
3.333333333333333547e-03
6.666666666666667095e-03
1.216666666666666563e+00
4.666666666666666879e-02
5.000000000000000971e-02
1.543333333333333224e+00
1.133333333333333304e+00
1.883333333333333526e+00
6.933333333333333570e-01
2.000000000000000042e-02
3.166666666666666519e-01
0.000000000000000000e+00
0.000000000000000000e+00
5.666666666666667074e-02
0.000000000000000000e+00
1.666666666666666644e-02
6.666666666666667095e-03
1.166666666666666546e-01
1.666666666666666574e-01
1.333333333333333315e-01
8.599999999999999867e-01
1.266666666666666774e-01
5.666666666666667074e-02
1.433333333333333404e-01
1.433333333333333126e-01
1.233333333333333365e-01
1.733333333333333393e-01
2.399999999999999911e-01
1.700000000000000122e-01
4.333333333333333481e-02
0.000000000000000000e+00
3.000000000000000236e-02
1.033333333333333465e-01
3.333333333333333547e-03
5.333333333333333676e-02
5.733333333333333615e-01
3.333333333333333287e-02
0.000000000000000000e+00
4.666666666666666879e-02
1.233333333333333365e-01
1.100000000000000006e-01
9.666666666666666463e-02
1.266666666666666774e-01
1.306666666666666643e+00
5.166666666666667185e-01
1.226666666666666794e+00
5.200000000000000178e-01
4.000000000000000083e-02
9.999999999999999167e-02
2.333333333333333440e-02
2.966666666666666341e-01
0.000000000000000000e+00
0.000000000000000000e+00
9.333333333333333759e-02
3.166666666666666519e-01
6.666666666666666574e-02
4.899999999999999911e-01
1.300000000000000044e-01
1.166666666666666546e-01
1.156666666666666510e+00
3.900000000000000688e-01
0.000000000000000000e+00
2.700000000000000178e-01
1.356666666666666687e+00
7.900000000000000355e-01
1.666666666666666644e-02
1.666666666666666644e-02
3.200000000000000067e-01
1.646666666666666501e+00
1.046666666666666634e+00
2.266666666666666552e-01
1.566666666666666763e-01
8.466666666666666785e-01
1.000000000000000021e-02
2.966666666666666896e-01
6.800000000000000488e-01
1.666666666666666644e-02
3.333333333333333547e-03
1.466666666666666952e-01
1.466666666666666674e-01
0.000000000000000000e+00
6.666666666666667095e-03
8.199999999999999512e-01
2.233333333333333004e-01
1.000000000000000021e-02
1.800000000000000211e-01
4.000000000000000083e-02
3.966666666666666674e-01
1.383333333333333526e+00
6.666666666666666574e-02
2.833333333333333259e-01
3.890000000000000124e+00
