1.713333333333333153e+00
4.133333333333333304e-01
9.633333333333333748e-01
1.766666666666666663e-01
3.333333333333333287e-02
1.433333333333333404e-01
1.199999999999999956e-01
2.166666666666666741e-01
3.766666666666666496e-01
5.200000000000000178e-01
2.500000000000000000e-01
2.099999999999999922e-01
9.700000000000000844e-01
8.866666666666667140e-01
1.866666666666666474e-01
1.913333333333333330e+00
1.370000000000000107e+00
1.733333333333333393e+00
2.603333333333333499e+00
1.790000000000000036e+00
9.000000000000001055e-02
2.133333333333333304e+00
5.566666666666666430e-01
4.433333333333333570e-01
3.200000000000000067e-01
3.766666666666666496e-01
1.169999999999999929e+00
9.333333333333332371e-01
1.499999999999999944e-01
2.063333333333333464e+00
8.100000000000000533e-01
1.000000000000000021e-02
3.233333333333333059e-01
2.933333333333333348e-01
7.333333333333333370e-02
2.999999999999999889e-02
6.633333333333334414e-01
1.010000000000000009e+00
3.333333333333333547e-03
1.366666666666666863e-01
1.433333333333333404e-01
9.933333333333332904e-01
7.233333333333332726e-01
5.999999999999999778e-02
6.333333333333333870e-02
6.766666666666666385e-01
0.000000000000000000e+00
3.666666666666667379e-02
7.166666666666667851e-01
2.666666666666666838e-02
0.000000000000000000e+00
1.099999999999999867e-01
1.899999999999999745e-01
1.466666666666666785e+00
6.333333333333333870e-02
4.533333333333333104e-01
1.533333333333333492e-01
9.666666666666666463e-02
1.190000000000000169e+00
1.050000000000000044e+00
2.133333333333333470e-01
5.633333333333333526e-01
6.333333333333333037e-01
1.573333333333333250e+00
9.366666666666666474e-01
7.666666666666666075e-02
2.163333333333333552e+00
2.633333333333333637e-01
4.566666666666666097e-01
7.000000000000000666e-02
1.286666666666666847e+00
4.766666666666667385e-01
5.999999999999999778e-02
9.800000000000000933e-01
1.866666666666666474e-01
9.333333333333333759e-02
6.666666666666667095e-03
0.000000000000000000e+00
1.060000000000000053e+00
9.333333333333332371e-01
0.000000000000000000e+00
3.933333333333333126e-01
5.233333333333333171e-01
4.266666666666666941e-01
0.000000000000000000e+00
1.700000000000000122e-01
2.233333333333333004e-01
1.099999999999999867e-01
4.999999999999999584e-02
1.083333333333333259e+00
7.133333333333332638e-01
8.033333333333333437e-01
2.066666666666666652e-01
1.363333333333333286e+00
1.563333333333333464e+00
1.333333333333333315e-01
3.666666666666666963e-01
1.966666666666666563e-01
3.400000000000000244e-01
1.576666666666666883e+00
1.699999999999999956e+00
3.799999999999999489e-01
7.066666666666666652e-01
1.466666666666666952e-01
1.013333333333333419e+00
2.566666666666666541e-01
9.333333333333332371e-01
1.236666666666666581e+00
5.966666666666666785e-01
1.899999999999999745e-01
1.633333333333333304e-01
1.733333333333333393e-01
9.133333333333334414e-01
6.066666666666666874e-01
7.866666666666666252e-01
8.466666666666666785e-01
2.700000000000000178e-01
1.066666666666666735e-01
1.866666666666666474e-01
4.299999999999999933e-01
5.866666666666667806e-01
5.333333333333333676e-02
1.999999999999999833e-01
3.999999999999999667e-01
2.466666666666666730e-01
8.333333333333332871e-02
4.333333333333333481e-02
1.900000000000000300e-01
3.000000000000000444e-01
2.666666666666666630e-01
5.066666666666667096e-01
8.699999999999999956e-01
