6.366666666666667140e-01
1.499999999999999944e-01
1.916666666666666741e+00
3.833333333333333037e-01
1.233333333333333365e-01
3.266666666666667163e-01
1.583333333333333259e+00
1.866666666666666474e-01
6.600000000000000311e-01
1.000000000000000194e-01
4.599999999999999645e-01
2.699999999999999623e-01
7.599999999999998979e-01
1.113333333333333508e+00
2.866666666666666807e-01
1.166666666666666741e+00
1.099999999999999867e-01
8.333333333333333703e-01
3.333333333333333547e-03
1.086666666666666670e+00
8.000000000000000167e-02
3.000000000000000236e-02
1.966666666666666563e-01
0.000000000000000000e+00
5.266666666666667274e-01
2.433333333333333182e-01
5.666666666666665408e-01
1.000000000000000021e-02
6.033333333333332771e-01
1.013333333333333419e+00
0.000000000000000000e+00
9.333333333333333759e-02
5.466666666666667451e-01
2.466666666666666730e-01
6.500000000000000222e-01
2.233333333333333004e-01
3.333333333333333148e-01
5.799999999999999600e-01
3.000000000000000236e-02
2.700000000000000178e-01
9.233333333333333393e-01
3.333333333333333547e-03
9.333333333333332371e-02
2.399999999999999911e-01
1.113333333333333286e+00
9.666666666666666741e-01
4.633333333333333748e-01
8.000000000000000167e-02
3.266666666666666607e-01
1.639999999999999902e+00
5.999999999999999778e-02
6.666666666666667095e-03
9.000000000000001055e-02
6.666666666666666574e-02
5.333333333333332288e-02
0.000000000000000000e+00
1.016666666666666607e+00
6.166666666666666963e-01
3.333333333333333547e-03
5.066666666666667096e-01
1.389999999999999902e+00
1.196666666666666545e+00
5.666666666666667074e-02
7.033333333333332549e-01
9.000000000000001055e-02
5.899999999999999689e-01
3.333333333333333287e-02
4.000000000000000083e-02
1.466666666666666397e-01
3.866666666666667140e-01
1.866666666666666752e-01
3.066666666666666430e-01
1.400000000000000133e+00
1.986666666666666581e+00
2.126666666666666483e+00
7.733333333333334281e-01
9.366666666666666474e-01
1.886666666666666714e+00
7.833333333333332149e-01
9.599999999999999645e-01
1.916666666666666741e+00
