7.200000000000000844e-01
2.899999999999999800e-01
8.199999999999999512e-01
2.799999999999999711e-01
2.600000000000000089e-01
8.000000000000000167e-02
7.166666666666667851e-01
2.366666666666666641e-01
3.200000000000000067e-01
4.500000000000000111e-01
5.233333333333333171e-01
9.866666666666666918e-01
1.219999999999999973e+00
4.733333333333333282e-01
1.133333333333333526e+00
4.333333333333333481e-02
8.333333333333332871e-02
4.000000000000000083e-02
2.933333333333333348e-01
1.650000000000000133e+00
1.436666666666666758e+00
1.899999999999999745e-01
3.366666666666666696e-01
9.000000000000001055e-02
1.300000000000000044e-01
1.290000000000000036e+00
1.230000000000000204e+00
4.333333333333333481e-02
9.300000000000000488e-01
1.433333333333333404e-01
1.063333333333333464e+00
0.000000000000000000e+00
1.050000000000000044e+00
4.566666666666667207e-01
9.300000000000000488e-01
0.000000000000000000e+00
9.933333333333332904e-01
7.933333333333333348e-01
5.000000000000000971e-02
1.899999999999999745e-01
2.000000000000000389e-01
1.600000000000000033e-01
3.333333333333333547e-03
2.299999999999999822e-01
3.233333333333333059e-01
1.000000000000000021e-02
2.333333333333333440e-02
1.313333333333333242e+00
6.500000000000000222e-01
3.333333333333333287e-02
8.233333333333332504e-01
2.233333333333333004e-01
4.466666666666667118e-01
1.103333333333333277e+00
4.633333333333333193e-01
1.033333333333333326e-01
4.333333333333333481e-02
2.266666666666667052e+00
3.333333333333333287e-02
5.266666666666666163e-01
3.333333333333333547e-03
9.333333333333333759e-02
6.666666666666666574e-02
0.000000000000000000e+00
3.333333333333333547e-03
6.400000000000000133e-01
3.333333333333333287e-02
2.666666666666666838e-02
1.166666666666666546e-01
1.553333333333333455e+00
1.733333333333333393e-01
1.000000000000000194e-01
8.266666666666666607e-01
7.666666666666666075e-02
1.193333333333333357e+00
1.666666666666666644e-02
1.700000000000000122e-01
5.599999999999999423e-01
6.000000000000000472e-02
3.333333333333333547e-03
1.800000000000000211e-01
1.033333333333333326e-01
9.999999999999999167e-02
2.343333333333333268e+00
1.233333333333333365e-01
2.500000000000000000e-01
2.600000000000000089e-01
1.933333333333333293e-01
1.433333333333333348e+00
9.566666666666666652e-01
2.000000000000000042e-02
2.100000000000000089e+00
3.300000000000000155e-01
1.499999999999999944e-01
6.666666666666667095e-03
5.099999999999998979e-01
4.833333333333333370e-01
2.666666666666666630e-01
4.366666666666667029e-01
5.433333333333333348e-01
3.333333333333333547e-03
1.000000000000000021e-02
3.333333333333333287e-02
2.166666666666666741e-01
9.399999999999999467e-01
1.800000000000000211e-01
8.000000000000000167e-02
3.333333333333333148e-01
1.223333333333333384e+00
