2.966666666666666896e-01
1.900000000000000300e-01
8.666666666666666963e-02
1.499999999999999944e-01
5.666666666666667629e-01
9.000000000000001055e-02
6.066666666666666874e-01
5.333333333333333676e-02
1.533333333333333215e-01
3.666666666666667379e-02
1.226666666666666572e+00
4.166666666666666852e-01
4.566666666666667207e-01
3.633333333333332860e-01
2.933333333333333903e-01
0.000000000000000000e+00
8.266666666666667718e-01
1.250000000000000000e+00
3.899999999999999578e-01
4.233333333333333393e-01
4.833333333333333925e-01
1.333333333333333315e-01
2.833333333333333259e-01
4.566666666666667207e-01
1.773333333333333428e+00
