8.199999999999999512e-01
3.766666666666666496e-01
1.400000000000000133e-01
4.966666666666665897e-01
2.033333333333333381e-01
9.266666666666666385e-01
1.869999999999999885e+00
1.000000000000000021e-02
1.300000000000000044e-01
2.099999999999999922e-01
1.133333333333333415e-01
0.000000000000000000e+00
9.100000000000000311e-01
9.000000000000001055e-02
8.666666666666666963e-02
6.333333333333333870e-02
1.333333333333333419e-02
1.833333333333333481e-01
3.666666666666667379e-02
4.500000000000000111e-01
5.333333333333333676e-02
6.666666666666666574e-02
2.000000000000000042e-02
4.433333333333333570e-01
1.436666666666666536e+00
9.666666666666666463e-02
5.333333333333333676e-02
5.999999999999999778e-02
1.033333333333333326e-01
2.333333333333333093e-01
2.003333333333333410e+00
