1.290000000000000036e+00
3.166666666666666519e-01
4.366666666666667029e-01
1.933333333333333348e+00
5.233333333333333171e-01
2.120000000000000107e+00
6.199999999999999956e-01
5.233333333333333171e-01
9.333333333333333759e-02
3.899999999999999578e-01
4.700000000000000289e-01
2.633333333333333637e-01
1.910000000000000142e+00
4.999999999999999584e-02
7.000000000000000666e-02
1.316666666666666652e+00
7.133333333333333748e-01
2.366666666666666641e-01
1.433333333333333404e-01
1.600000000000000033e-01
1.266666666666666829e+00
