5.966666666666666785e-01
4.599999999999999645e-01
3.666666666666666963e-01
4.733333333333333282e-01
2.899999999999999800e-01
4.533333333333333659e-01
1.433333333333333404e-01
9.000000000000001055e-02
8.000000000000000167e-02
1.666666666666666644e-02
1.666666666666666644e-02
1.666666666666666644e-02
1.000000000000000021e-02
0.000000000000000000e+00
2.666666666666666838e-02
2.333333333333333440e-02
2.666666666666666838e-02
0.000000000000000000e+00
3.333333333333333547e-03
1.300000000000000044e-01
1.966666666666666563e-01
1.133333333333333276e-01
3.733333333333333504e-01
7.599999999999998979e-01
1.199999999999999956e+00
2.999999999999999889e-01
7.099999999999999645e-01
6.466666666666666119e-01
2.866666666666666807e-01
2.166666666666666741e-01
2.099999999999999922e-01
3.866666666666667140e-01
2.133333333333333470e-01
2.666666666666666838e-02
4.333333333333333481e-02
3.666666666666667379e-02
2.999999999999999889e-02
2.000000000000000042e-02
1.666666666666666644e-02
2.000000000000000042e-02
0.000000000000000000e+00
6.666666666666667095e-03
3.666666666666666685e-02
4.000000000000000083e-02
0.000000000000000000e+00
1.333333333333333419e-02
1.233333333333333365e-01
1.466666666666666674e-01
1.666666666666666644e-02
1.633333333333333304e-01
1.606666666666666687e+00
1.596666666666666679e+00
2.199999999999999734e-01
9.300000000000000488e-01
