1.223333333333333384e+00
1.350000000000000311e+00
8.666666666666666963e-01
1.330000000000000071e+00
8.300000000000000711e-01
4.466666666666666008e-01
1.080000000000000071e+00
1.326666666666666883e+00
1.166666666666666546e-01
1.133333333333333276e-01
1.729999999999999760e+00
5.000000000000000971e-02
1.866666666666666752e-01
2.533333333333333548e-01
1.033333333333333326e-01
1.870000000000000107e+00
8.933333333333332016e-01
2.253333333333333410e+00
5.133333333333333082e-01
5.766666666666666607e-01
1.276666666666666616e+00
2.166666666666666741e-01
5.999999999999999778e-02
2.433333333333333182e-01
3.899999999999999578e-01
1.620000000000000107e+00
3.366666666666666696e-01
9.133333333333334414e-01
1.366666666666666863e-01
2.333333333333333440e-02
7.700000000000000178e-01
3.566666666666666874e-01
1.146666666666666723e+00
1.333333333333333315e-01
1.400000000000000133e-01
6.666666666666666574e-02
6.666666666666666574e-02
1.320000000000000062e+00
2.999999999999999889e-02
1.240000000000000213e+00
2.333333333333333440e-02
8.333333333333332871e-02
2.666666666666666838e-02
1.133333333333333276e-01
9.333333333333333759e-02
2.666666666666666838e-02
2.133333333333333470e-01
1.000000000000000000e+00
6.666666666666666574e-02
9.000000000000001055e-02
2.399999999999999911e-01
6.933333333333333570e-01
1.366666666666666863e-01
2.600000000000000089e-01
3.766666666666667052e-01
1.133333333333333276e-01
1.766666666666666663e-01
2.166666666666666741e-01
2.166666666666666741e-01
1.086666666666666670e+00
2.933333333333332793e-01
3.666666666666666685e-02
9.899999999999998801e-01
2.000000000000000042e-02
1.266666666666666774e-01
2.633333333333333637e-01
5.333333333333333676e-02
7.666666666666667462e-02
5.799999999999999600e-01
5.200000000000000178e-01
2.266666666666666552e-01
5.466666666666667451e-01
9.366666666666666474e-01
1.873333333333333295e+00
2.173333333333333339e+00
5.000000000000000000e-01
2.093333333333333268e+00
1.119999999999999885e+00
1.583333333333333259e+00
2.073333333333333250e+00
