1.153333333333333321e+00
6.933333333333333570e-01
4.666666666666666186e-01
3.466666666666666785e-01
1.190000000000000169e+00
1.353333333333333499e+00
1.999999999999999833e-01
1.766666666666666663e-01
2.600000000000000089e-01
6.466666666666666119e-01
6.333333333333333870e-02
0.000000000000000000e+00
1.433333333333333404e-01
5.999999999999999778e-02
1.666666666666666574e-01
1.639999999999999902e+00
3.133333333333333526e-01
1.066666666666666735e-01
1.433333333333333404e-01
3.566666666666666874e-01
9.866666666666666918e-01
3.666666666666666408e-01
6.666666666666667095e-03
8.366666666666667806e-01
6.566666666666667318e-01
1.000000000000000021e-02
1.199999999999999956e-01
3.500000000000000333e-01
3.833333333333333037e-01
2.899999999999999800e-01
1.000000000000000021e-02
4.066666666666666763e-01
6.400000000000000133e-01
2.000000000000000042e-02
3.900000000000000688e-01
1.133333333333333276e-01
6.933333333333333570e-01
4.333333333333333481e-01
2.733333333333333171e-01
1.173333333333333339e+00
2.333333333333333093e-01
7.433333333333332904e-01
2.699999999999999623e-01
8.266666666666666607e-01
1.000000000000000021e-02
1.500000000000000000e+00
2.566666666666666541e-01
6.699999999999999289e-01
4.999999999999999584e-02
8.000000000000000167e-02
1.066666666666666458e-01
1.333333333333333419e-02
2.000000000000000042e-02
5.266666666666667274e-01
0.000000000000000000e+00
1.766666666666666663e-01
9.700000000000000844e-01
3.333333333333333547e-03
0.000000000000000000e+00
2.800000000000000266e-01
3.733333333333333504e-01
2.029999999999999805e+00
2.366666666666666641e-01
4.366666666666667029e-01
1.303333333333333455e+00
1.129999999999999893e+00
1.000000000000000194e-01
3.266666666666666607e-01
5.433333333333333348e-01
1.399999999999999856e-01
5.433333333333333348e-01
9.999999999999999167e-02
1.546666666666666856e+00
