7.000000000000000666e-01
3.099999999999999978e-01
5.099999999999998979e-01
8.666666666666666963e-02
1.300000000000000044e-01
2.333333333333333440e-02
2.500000000000000000e-01
1.266666666666666774e-01
3.366666666666666696e-01
4.999999999999999584e-02
1.000000000000000021e-02
0.000000000000000000e+00
9.333333333333333759e-02
4.400000000000000022e-01
2.766666666666666718e-01
2.766666666666666718e-01
1.330000000000000071e+00
1.066666666666666735e-01
4.366666666666667029e-01
1.333333333333333315e-01
2.566666666666666541e-01
3.333333333333333547e-03
5.000000000000000971e-02
0.000000000000000000e+00
1.000000000000000021e-02
0.000000000000000000e+00
1.066666666666666735e-01
5.999999999999999778e-02
1.146666666666666723e+00
5.133333333333333082e-01
2.600000000000000089e-01
1.166666666666666546e-01
4.000000000000000083e-02
2.666666666666666838e-02
6.666666666666666297e-01
0.000000000000000000e+00
1.099999999999999867e-01
1.233333333333333365e-01
9.566666666666666652e-01
2.766666666666666718e-01
2.399999999999999911e-01
3.666666666666666408e-01
2.299999999999999822e-01
1.443333333333333357e+00
1.099999999999999867e-01
4.400000000000000022e-01
1.833333333333333481e-01
9.266666666666667496e-01
5.666666666666667074e-02
9.333333333333333759e-02
1.466666666666666674e-01
2.666666666666666838e-02
2.199999999999999734e-01
2.733333333333333726e-01
9.199999999999999289e-01
2.366666666666666641e-01
8.266666666666667718e-01
1.236666666666666581e+00
5.033333333333332993e-01
8.333333333333332871e-02
3.333333333333333148e-01
1.169999999999999929e+00
4.399999999999999467e-01
1.666666666666666644e-02
1.599999999999999867e+00
5.599999999999999423e-01
3.333333333333333547e-03
1.086666666666666670e+00
1.063333333333333242e+00
2.666666666666666838e-02
4.000000000000000083e-02
5.599999999999999423e-01
4.666666666666666879e-02
1.933333333333333293e-01
1.333333333333333419e-02
1.233333333333333365e-01
0.000000000000000000e+00
1.000000000000000021e-02
1.399999999999999856e-01
7.333333333333333370e-02
3.333333333333333547e-03
8.066666666666666430e-01
1.666666666666666644e-02
1.700000000000000122e-01
3.666666666666666963e-01
1.166666666666666546e-01
3.166666666666666519e-01
1.800000000000000211e-01
1.466666666666666785e+00
8.000000000000000167e-02
5.333333333333333676e-02
2.466666666666666730e-01
5.133333333333333082e-01
3.333333333333333287e-02
2.666666666666666838e-02
1.000000000000000021e-02
8.333333333333332871e-02
2.666666666666666838e-02
1.833333333333333481e-01
1.000000000000000021e-02
2.666666666666666838e-02
4.566666666666667207e-01
1.166666666666666546e-01
1.666666666666666644e-02
3.733333333333332948e-01
1.139999999999999902e+00
2.333333333333333440e-02
2.333333333333333093e-01
1.566666666666666763e-01
5.666666666666667074e-02
3.133333333333332971e-01
0.000000000000000000e+00
1.666666666666666644e-02
3.666666666666666408e-01
3.533333333333333326e-01
1.000000000000000021e-02
0.000000000000000000e+00
1.399999999999999856e-01
9.533333333333334769e-01
4.666666666666666879e-02
1.999999999999999833e-01
1.086666666666666670e+00
2.000000000000000042e-02
0.000000000000000000e+00
4.666666666666666879e-02
3.666666666666666685e-02
2.266666666666666829e-01
1.583333333333333259e+00
4.533333333333333104e-01
1.233333333333333365e-01
2.199999999999999734e+00
1.533333333333333215e-01
1.066666666666666735e-01
2.433333333333333182e-01
2.999999999999999889e-02
2.233333333333333559e-01
4.099999999999999756e-01
2.433333333333333182e-01
6.666666666666667095e-03
0.000000000000000000e+00
2.733333333333333171e-01
2.833333333333333814e-01
2.666666666666666838e-02
4.733333333333333282e-01
9.666666666666667851e-01
7.966666666666665231e-01
8.666666666666666963e-02
6.466666666666666119e-01
1.566666666666666485e-01
1.999999999999999833e-01
1.466666666666666785e+00
2.066666666666666652e-01
1.166666666666666546e-01
1.003333333333333188e+00
6.366666666666667140e-01
1.133333333333333276e-01
7.766666666666667274e-01
1.833333333333333481e-01
1.833333333333333204e-01
0.000000000000000000e+00
2.633333333333333082e-01
5.999999999999999778e-02
2.500000000000000000e-01
1.333333333333333419e-02
1.000000000000000194e-01
1.146666666666666501e+00
2.333333333333333093e-02
3.666666666666666685e-02
1.036666666666666847e+00
1.156666666666666510e+00
5.666666666666666380e-02
3.333333333333333287e-02
1.459999999999999964e+00
1.533333333333333492e-01
1.666666666666666644e-02
1.079999999999999849e+00
4.533333333333333104e-01
2.933333333333333348e-01
2.766666666666666718e-01
2.366666666666666641e-01
1.316666666666666652e+00
1.466666666666666674e-01
1.966666666666666841e-01
2.000000000000000042e-02
0.000000000000000000e+00
3.966666666666666674e-01
2.099999999999999922e-01
7.733333333333333171e-01
3.200000000000000067e-01
1.100000000000000006e-01
5.566666666666666430e-01
2.533333333333333548e-01
3.133333333333332971e-01
3.966666666666666674e-01
5.066666666666667096e-01
1.063333333333333242e+00
2.133333333333333470e-01
2.333333333333333440e-02
0.000000000000000000e+00
1.033333333333333326e-01
9.333333333333333759e-02
4.400000000000000022e-01
0.000000000000000000e+00
5.499999999999999334e-01
1.666666666666666644e-02
1.566666666666666485e-01
3.333333333333333547e-03
0.000000000000000000e+00
3.300000000000000155e-01
2.700000000000000178e-01
1.616666666666666474e+00
1.383333333333333526e+00
6.000000000000000472e-02
2.033333333333333381e-01
1.666666666666666644e-02
1.866666666666666752e-01
1.800000000000000211e-01
9.999999999999999167e-02
1.626666666666666705e+00
2.596666666666666679e+00
1.499999999999999944e-01
3.733333333333332948e-01
1.756666666666666599e+00
6.899999999999999467e-01
3.333333333333333287e-02
7.799999999999999156e-01
1.086666666666666670e+00
1.666666666666666574e-01
1.393333333333333313e+00
4.333333333333333481e-01
2.833333333333333259e-01
8.066666666666666430e-01
2.700000000000000178e-01
1.999999999999999833e-01
3.666666666666666685e-02
2.999999999999999889e-02
6.666666666666666574e-02
5.299999999999999156e-01
1.066666666666666735e-01
1.533333333333333215e-01
9.333333333333333759e-02
5.333333333333333676e-02
2.766666666666666718e-01
7.133333333333332638e-01
0.000000000000000000e+00
0.000000000000000000e+00
3.333333333333333287e-02
2.133333333333333470e-01
3.000000000000000236e-02
1.066666666666666735e-01
1.333333333333333315e-01
1.933333333333333570e-01
1.260000000000000009e+00
1.166666666666666546e-01
6.766666666666666385e-01
1.700000000000000122e-01
3.466666666666666785e-01
5.666666666666667074e-02
2.666666666666666838e-02
1.766666666666666663e-01
1.333333333333333419e-02
1.566666666666666485e-01
2.000000000000000042e-02
7.466666666666667007e-01
2.666666666666666838e-02
9.000000000000001055e-02
5.366666666666666252e-01
1.296666666666666634e+00
1.433333333333333126e-01
1.899999999999999745e-01
2.299999999999999822e-01
1.733333333333333393e-01
1.986666666666667025e+00
2.176666666666666750e+00
4.976666666666666572e+00
5.266666666666667274e-01
7.866666666666666252e-01
1.366666666666666863e-01
0.000000000000000000e+00
1.333333333333333259e+00
8.666666666666666963e-02
2.133333333333332915e-01
1.066666666666666735e-01
0.000000000000000000e+00
1.000000000000000021e-02
4.166666666666666852e-01
3.733333333333333504e-01
3.466666666666666785e-01
1.666666666666666574e-01
1.103333333333333277e+00
3.766666666666666496e-01
6.666666666666667095e-03
9.566666666666666652e-01
1.766666666666666663e-01
5.000000000000000971e-02
2.266666666666666552e-01
3.000000000000000236e-02
0.000000000000000000e+00
0.000000000000000000e+00
8.666666666666666963e-02
0.000000000000000000e+00
7.666666666666666075e-02
6.000000000000000472e-02
0.000000000000000000e+00
5.033333333333332993e-01
1.066666666666666735e-01
1.000000000000000021e-02
3.499999999999999223e-01
5.333333333333333676e-02
8.900000000000000133e-01
8.333333333333332871e-02
2.700000000000000178e-01
4.333333333333333481e-02
7.000000000000000666e-02
5.133333333333333082e-01
2.600000000000000089e-01
2.600000000000000089e-01
1.520000000000000240e+00
1.726666666666666572e+00
2.766666666666666718e-01
3.766666666666666496e-01
1.333333333333333315e-01
1.169999999999999929e+00
8.466666666666666785e-01
1.300000000000000044e-01
4.199999999999999845e-01
1.566666666666666763e-01
4.666666666666666879e-02
2.999999999999999889e-02
1.600000000000000033e-01
8.366666666666667806e-01
4.899999999999999911e-01
2.033333333333333381e-01
4.666666666666666879e-02
3.666666666666666685e-02
4.733333333333333282e-01
4.666666666666666186e-02
6.666666666666667095e-03
3.333333333333333547e-03
1.733333333333333393e-01
1.133333333333333415e-01
1.316666666666666652e+00
1.166666666666666546e-01
1.466666666666666674e-01
1.000000000000000021e-02
1.366666666666666863e-01
9.999999999999999167e-02
1.066666666666666735e-01
1.333333333333333315e-01
5.499999999999999334e-01
1.033333333333333326e-01
2.999999999999999889e-02
1.333333333333333419e-02
7.166666666666666741e-01
6.666666666666667095e-03
1.553333333333333455e+00
0.000000000000000000e+00
2.666666666666666630e-01
4.000000000000000083e-02
2.299999999999999822e-01
1.276666666666666616e+00
1.179999999999999938e+00
1.100000000000000006e-01
5.566666666666666430e-01
4.099999999999999756e-01
3.233333333333333059e-01
1.083333333333333259e+00
2.000000000000000042e-02
2.966666666666666896e-01
3.300000000000000155e-01
1.353333333333333499e+00
2.289999999999999591e+00
3.206666666666666998e+00
4.833333333333333370e-01
9.566666666666666652e-01
1.733333333333333393e-01
5.199999999999999067e-01
2.800000000000000266e-01
3.066666666666666430e-01
3.800000000000000600e-01
1.666666666666666574e-01
1.773333333333333428e+00
5.599999999999999423e-01
1.983333333333333393e+00
