8.100000000000000533e-01
2.666666666666666630e-01
4.499999999999999556e-01
3.233333333333333059e-01
2.333333333333333093e-02
6.333333333333333870e-02
1.243333333333333401e+00
9.000000000000001055e-02
2.033333333333333381e-01
1.366666666666666585e-01
0.000000000000000000e+00
4.666666666666666879e-02
6.666666666666667095e-03
7.666666666666666075e-01
7.766666666666667274e-01
4.333333333333333481e-01
1.360000000000000098e+00
2.166666666666666741e-01
1.300000000000000044e+00
8.666666666666666963e-02
8.000000000000000167e-02
6.666666666666667095e-03
2.666666666666666838e-02
1.333333333333333419e-02
3.233333333333333059e-01
1.866666666666666752e-01
8.000000000000000167e-02
1.040000000000000036e+00
3.200000000000000067e-01
6.333333333333334147e-01
3.300000000000000155e-01
1.440000000000000169e+00
1.399999999999999856e-01
1.780000000000000027e+00
3.233333333333333059e-01
1.553333333333333455e+00
3.166666666666666519e-01
9.333333333333333759e-02
1.686666666666666758e+00
1.603333333333333499e+00
1.666666666666666644e-02
2.666666666666666838e-02
2.799999999999999711e-01
2.666666666666666838e-02
2.566666666666666541e-01
1.866666666666666752e-01
1.336666666666666670e+00
5.333333333333333676e-02
8.000000000000000167e-02
1.133333333333333276e-01
3.700000000000000511e-01
7.666666666666667462e-02
8.466666666666666785e-01
1.209999999999999964e+00
2.299999999999999822e-01
2.333333333333333440e-02
2.000000000000000389e-01
5.966666666666666785e-01
3.333333333333333547e-03
1.433333333333333404e-01
6.866666666666666474e-01
3.333333333333333547e-03
3.333333333333333287e-02
1.136666666666666492e+00
1.186666666666666758e+00
1.519999999999999796e+00
8.066666666666666430e-01
2.433333333333333182e-01
3.933333333333333126e-01
4.500000000000000111e-01
6.666666666666667095e-03
9.333333333333333759e-02
1.333333333333333259e+00
1.933333333333333293e-01
9.466666666666666563e-01
1.233333333333333365e-01
3.333333333333333547e-03
1.099999999999999867e-01
1.000000000000000021e-02
1.143333333333333313e+00
6.400000000000000133e-01
4.033333333333333215e-01
1.536666666666666847e+00
2.833333333333333814e-01
1.320000000000000062e+00
8.333333333333332871e-02
9.999999999999999167e-02
6.666666666666667095e-03
8.333333333333332871e-02
6.666666666666666574e-02
3.133333333333332971e-01
5.066666666666667096e-01
1.233333333333333365e-01
1.153333333333333321e+00
2.099999999999999922e-01
3.033333333333333437e-01
3.066666666666666430e-01
1.203333333333333366e+00
6.999999999999999278e-02
9.599999999999999645e-01
1.733333333333333393e-01
8.633333333333332860e-01
3.300000000000000155e-01
5.999999999999999778e-02
1.950000000000000178e+00
1.566666666666666652e+00
2.333333333333333440e-02
3.333333333333333547e-03
9.000000000000001055e-02
0.000000000000000000e+00
2.566666666666666541e-01
1.633333333333333304e-01
1.343333333333333490e+00
9.666666666666667851e-02
7.666666666666666075e-02
1.766666666666666663e-01
5.566666666666666430e-01
8.000000000000000167e-02
6.033333333333332771e-01
1.436666666666666758e+00
3.233333333333333059e-01
2.900000000000000355e-01
2.333333333333333093e-01
9.166666666666666297e-01
6.999999999999999278e-02
3.899999999999999578e-01
9.633333333333333748e-01
3.333333333333333287e-02
2.133333333333333748e-01
1.413333333333333330e+00
1.096666666666666679e+00
1.940000000000000169e+00
