1.216666666666666785e+00
4.833333333333333925e-01
3.433333333333333237e-01
2.433333333333333182e-01
4.566666666666667207e-01
7.566666666666667096e-01
7.900000000000000355e-01
2.149999999999999911e+00
2.206666666666666998e+00
6.199999999999999956e-01
5.933333333333333792e-01
1.570000000000000062e+00
7.799999999999999156e-01
3.566666666666666319e-01
2.433333333333333182e-01
4.866666666666666363e-01
2.033333333333333381e-01
1.866666666666666752e-01
4.333333333333333481e-02
6.666666666666666574e-02
7.399999999999998801e-01
1.566666666666666485e-01
7.099999999999999645e-01
8.333333333333332871e-02
1.133333333333333415e-01
5.000000000000000971e-02
4.699999999999999734e-01
4.366666666666667029e-01
7.900000000000000355e-01
0.000000000000000000e+00
4.000000000000000777e-01
1.633333333333333304e-01
1.179999999999999938e+00
1.000000000000000021e-02
2.300000000000000100e-01
2.933333333333333903e-01
4.000000000000000083e-02
1.999999999999999833e-01
1.100000000000000006e-01
1.896666666666666723e+00
2.266666666666666829e-01
1.700000000000000122e-01
9.000000000000001055e-02
1.466666666666666674e-01
1.199999999999999956e-01
5.400000000000000355e-01
9.133333333333334414e-01
3.600000000000000422e-01
6.666666666666667095e-03
2.666666666666666838e-02
7.733333333333333171e-01
1.000000000000000021e-02
8.666666666666666963e-02
1.166666666666666824e-01
1.000000000000000021e-02
7.700000000000000178e-01
1.333333333333333315e-01
2.633333333333333637e-01
9.999999999999999167e-02
1.966666666666666785e+00
1.213333333333333375e+00
5.266666666666667274e-01
2.200000000000000011e-01
6.566666666666667318e-01
3.200000000000000067e-01
9.666666666666667851e-02
2.166666666666666741e-01
6.500000000000000222e-01
4.500000000000000111e-01
1.076666666666666661e+00
1.966666666666666841e-01
5.433333333333333348e-01
2.276666666666666838e+00
2.433333333333333182e-01
1.219999999999999973e+00
8.966666666666666119e-01
1.453333333333333366e+00
