4.933333333333333459e-01
1.800000000000000211e-01
1.133333333333333304e+00
1.199999999999999956e-01
1.463333333333333597e+00
1.146666666666666723e+00
1.566666666666666485e-01
1.559999999999999831e+00
4.033333333333333215e-01
5.666666666666666380e-02
2.266666666666666552e-01
7.666666666666667462e-02
5.133333333333333082e-01
4.866666666666666363e-01
3.000000000000000236e-02
3.000000000000000236e-02
2.233333333333333004e-01
8.466666666666666785e-01
2.999999999999999889e-01
3.833333333333333037e-01
2.899999999999999800e-01
5.566666666666666430e-01
1.239999999999999991e+00
2.343333333333333268e+00
1.050000000000000044e+00
6.566666666666666208e-01
7.633333333333333082e-01
2.666666666666666630e-01
6.866666666666666474e-01
1.163333333333333330e+00
1.523333333333333428e+00
1.853333333333333499e+00
1.060000000000000053e+00
