6.833333333333332371e-01
3.333333333333333287e-02
3.333333333333333547e-03
1.566666666666666485e-01
5.666666666666667074e-02
1.333333333333333419e-02
2.800000000000000266e-01
4.333333333333333481e-02
1.833333333333333481e-01
4.000000000000000083e-02
7.099999999999999645e-01
5.333333333333333676e-02
4.599999999999999645e-01
9.466666666666666563e-01
1.133333333333333276e-01
7.766666666666667274e-01
3.533333333333333326e-01
2.366666666666666641e-01
4.099999999999999756e-01
2.866666666666666807e-01
8.333333333333332871e-02
6.666666666666667095e-03
1.123333333333333295e+00
3.666666666666666685e-02
1.100000000000000006e-01
1.266666666666666774e-01
2.566666666666666541e-01
1.166666666666666546e-01
1.833333333333333481e-01
2.666666666666666838e-02
1.166666666666666546e-01
3.500000000000000333e-01
8.333333333333332871e-02
1.000000000000000021e-02
8.000000000000000167e-02
2.500000000000000000e-01
8.333333333333332871e-02
2.066666666666666929e-01
9.933333333333332904e-01
2.233333333333333004e-01
8.333333333333332871e-02
1.099999999999999867e-01
5.333333333333333676e-02
1.666666666666666644e-02
9.599999999999999645e-01
7.299999999999999822e-01
2.766666666666666718e-01
9.000000000000001055e-02
8.900000000000000133e-01
8.333333333333332871e-02
3.333333333333333547e-03
8.000000000000000167e-02
2.000000000000000042e-02
5.333333333333333259e-01
1.533333333333333215e-01
1.733333333333333393e-01
5.333333333333333676e-02
1.766666666666666663e-01
1.666666666666666574e-01
5.333333333333333259e-01
3.899999999999999578e-01
2.933333333333333903e-01
5.000000000000000000e-01
1.133333333333333276e-01
2.233333333333333559e-01
3.666666666666667379e-02
3.866666666666667140e-01
2.600000000000000089e-01
4.000000000000000083e-02
3.200000000000000067e-01
1.126666666666666705e+00
3.933333333333333126e-01
7.433333333333332904e-01
3.033333333333332882e-01
3.133333333333333526e-01
1.666666666666666574e-01
1.866666666666666752e-01
3.966666666666666674e-01
6.066666666666666874e-01
6.833333333333332371e-01
8.566666666666667984e-01
1.333333333333333419e-02
9.566666666666666652e-01
2.666666666666666838e-02
4.066666666666667318e-01
1.233333333333333365e-01
1.066666666666666735e-01
2.433333333333333182e-01
8.800000000000000044e-01
1.033333333333333326e-01
5.333333333333333676e-02
6.099999999999999867e-01
2.000000000000000042e-02
9.333333333333333759e-02
2.999999999999999889e-01
8.000000000000000167e-02
7.000000000000000666e-02
1.193333333333333357e+00
2.099999999999999645e-01
2.866666666666666807e-01
1.266666666666666774e-01
2.833333333333333259e-01
1.546666666666666856e+00
3.333333333333333287e-02
1.933333333333333293e-01
1.066666666666666735e-01
6.333333333333333870e-02
4.000000000000000777e-01
4.333333333333333481e-01
1.266666666666666774e-01
2.900000000000000355e-01
1.443333333333333357e+00
6.333333333333333870e-02
6.099999999999999867e-01
0.000000000000000000e+00
4.333333333333333481e-02
1.666666666666666644e-02
1.099999999999999867e-01
4.000000000000000083e-02
1.333333333333333315e-01
1.066666666666666735e-01
1.833333333333333481e-01
1.866666666666666752e-01
2.533333333333333548e-01
1.066666666666666735e-01
0.000000000000000000e+00
6.666666666666666574e-02
1.933333333333333570e-01
2.333333333333333440e-02
8.666666666666666963e-02
3.233333333333333059e-01
1.826666666666666883e+00
2.466666666666666785e+00
