9.066666666666666208e-01
3.999999999999999667e-01
1.616666666666666474e+00
8.266666666666666607e-01
3.800000000000000600e-01
7.000000000000000666e-02
2.566666666666666541e-01
5.300000000000000266e-01
1.146666666666666723e+00
1.666666666666666644e-02
1.666666666666666574e-01
2.066666666666666929e-01
8.000000000000000167e-02
3.799999999999999489e-01
6.000000000000000472e-02
2.199999999999999734e-01
1.000000000000000021e-02
7.666666666666667462e-02
6.199999999999999956e-01
3.333333333333333287e-02
2.366666666666666918e-01
9.333333333333332371e-02
2.566666666666666541e-01
1.410000000000000142e+00
2.999999999999999889e-02
2.433333333333333182e-01
1.000000000000000021e-02
9.899999999999998801e-01
1.333333333333333419e-02
1.466666666666666674e-01
5.333333333333333676e-02
4.199999999999999845e-01
1.600000000000000033e-01
1.666666666666666644e-02
6.800000000000000488e-01
1.333333333333333419e-02
7.000000000000000666e-02
8.000000000000000167e-02
1.000000000000000021e-02
7.033333333333332549e-01
2.033333333333333381e-01
4.333333333333333481e-02
9.333333333333332371e-01
1.166666666666666546e-01
6.666666666666666574e-02
7.333333333333331983e-02
3.666666666666666685e-02
2.033333333333333381e-01
9.000000000000001055e-02
4.500000000000000111e-01
2.099999999999999922e-01
5.999999999999999778e-02
2.600000000000000089e-01
6.933333333333333570e-01
5.699999999999999512e-01
1.700000000000000122e-01
5.333333333333333676e-02
2.366666666666666641e-01
1.033333333333333465e-01
1.266666666666666774e-01
1.533333333333333215e-01
8.666666666666666963e-02
3.166666666666666519e-01
9.666666666666666463e-02
1.000000000000000021e-02
3.600000000000000422e-01
0.000000000000000000e+00
2.133333333333332915e-01
3.333333333333333547e-03
5.266666666666667274e-01
6.666666666666667095e-03
4.333333333333333481e-02
0.000000000000000000e+00
7.666666666666667462e-02
3.899999999999999578e-01
2.199999999999999734e-01
2.000000000000000042e-02
1.469999999999999973e+00
2.266666666666666829e-01
6.633333333333333304e-01
1.666666666666666644e-02
1.066666666666666735e-01
1.666666666666666644e-02
1.666666666666666644e-02
1.933333333333333570e-01
1.129999999999999893e+00
5.766666666666666607e-01
1.366666666666666863e-01
4.266666666666666941e-01
1.700000000000000122e-01
3.666666666666666963e-01
9.933333333333332904e-01
2.199999999999999734e-01
4.333333333333332926e-01
1.166666666666666741e+00
1.533333333333333215e+00
1.966666666666666563e-01
7.333333333333334758e-02
4.666666666666666879e-02
6.333333333333333870e-02
1.146666666666666723e+00
1.000000000000000021e-02
1.666666666666666574e-01
0.000000000000000000e+00
4.900000000000000466e-01
