4.799999999999999822e-01
1.966666666666666563e-01
8.333333333333332871e-02
1.700000000000000122e-01
2.800000000000000266e-01
1.366666666666666863e-01
1.073333333333333472e+00
1.166666666666666546e-01
2.356666666666666909e+00
6.166666666666666963e-01
6.333333333333333870e-02
2.500000000000000000e-01
2.266666666666666829e-01
8.566666666666667984e-01
3.066666666666666985e-01
4.866666666666666363e-01
2.666666666666666838e-02
2.666666666666666838e-02
6.333333333333332482e-02
1.600000000000000033e-01
7.333333333333331983e-02
7.200000000000000844e-01
5.666666666666667074e-02
4.000000000000000083e-02
3.066666666666666430e-01
8.333333333333332871e-02
8.333333333333332871e-02
2.333333333333333440e-02
1.199999999999999956e-01
1.033333333333333326e-01
1.766666666666666663e-01
3.333333333333333547e-03
2.199999999999999734e-01
1.403333333333333321e+00
0.000000000000000000e+00
2.566666666666666541e-01
7.000000000000000666e-01
6.999999999999999278e-02
6.666666666666667095e-03
9.266666666666666385e-01
8.766666666666665941e-01
4.866666666666666363e-01
9.333333333333333759e-02
2.999999999999999889e-02
3.833333333333333592e-01
2.800000000000000266e-01
3.833333333333333037e-01
2.633333333333333637e-01
2.700000000000000178e-01
2.700000000000000178e-01
1.099999999999999867e-01
5.533333333333333437e-01
3.866666666666667140e-01
4.500000000000000111e-01
1.600000000000000033e-01
2.266666666666666552e-01
0.000000000000000000e+00
0.000000000000000000e+00
5.266666666666667274e-01
8.000000000000000167e-02
0.000000000000000000e+00
1.666666666666666644e-02
1.133333333333333276e-01
7.666666666666667462e-02
3.000000000000000236e-02
2.633333333333333637e-01
3.966666666666666674e-01
1.366666666666666863e-01
1.126666666666666705e+00
5.233333333333333171e-01
