5.299999999999999156e-01
2.033333333333333381e-01
2.199999999999999734e-01
3.700000000000000511e-01
2.933333333333333903e-01
6.666666666666666574e-02
6.199999999999999956e-01
8.666666666666666963e-01
1.550000000000000044e+00
9.000000000000001055e-02
8.566666666666667984e-01
5.733333333333333615e-01
4.666666666666666186e-02
4.333333333333333481e-02
1.150000000000000133e+00
9.933333333333332904e-01
7.200000000000000844e-01
4.000000000000000083e-02
3.966666666666666674e-01
1.303333333333333455e+00
8.333333333333332871e-02
5.899999999999999689e-01
6.333333333333333870e-02
1.146666666666666723e+00
7.433333333333332904e-01
5.366666666666666252e-01
3.200000000000000067e-01
4.166666666666666852e-01
7.666666666666667462e-02
5.499999999999999334e-01
5.133333333333333082e-01
0.000000000000000000e+00
2.466666666666666730e-01
6.566666666666666208e-01
2.000000000000000042e-02
0.000000000000000000e+00
5.533333333333333437e-01
4.133333333333333304e-01
3.333333333333333547e-03
5.333333333333334370e-02
8.833333333333333037e-01
7.233333333333332726e-01
1.133333333333333415e-01
9.366666666666665364e-01
4.000000000000000083e-02
4.333333333333333481e-02
1.033333333333333326e-01
1.666666666666666644e-02
2.666666666666666838e-02
4.000000000000000083e-02
5.066666666666667096e-01
1.833333333333333204e-01
8.666666666666666963e-02
5.999999999999999778e-02
3.333333333333333287e-02
1.000000000000000021e-02
1.000000000000000021e-02
2.000000000000000042e-02
4.266666666666666941e-01
3.133333333333333526e-01
1.963333333333333153e+00
8.100000000000000533e-01
3.333333333333333287e-02
4.000000000000000083e-02
1.429999999999999938e+00
6.066666666666665764e-01
2.999999999999999889e-02
6.333333333333333037e-01
9.533333333333334769e-01
2.099999999999999922e-01
2.000000000000000042e-02
1.833333333333333481e-01
6.366666666666666030e-01
1.100000000000000006e-01
1.333333333333333315e-01
3.333333333333333287e-02
2.533333333333333548e-01
6.733333333333333393e-01
1.389999999999999902e+00
9.000000000000001055e-02
1.866666666666666752e-01
7.299999999999999822e-01
1.000000000000000021e-02
2.233333333333333004e-01
1.866666666666666752e-01
7.933333333333333348e-01
1.496666666666666812e+00
2.233333333333333004e-01
4.333333333333333481e-02
1.260000000000000009e+00
4.133333333333333304e-01
3.333333333333333547e-03
5.666666666666667074e-02
1.119999999999999885e+00
2.053333333333333233e+00
1.499999999999999944e-01
5.799999999999999600e-01
1.303333333333333455e+00
1.333333333333333315e-01
7.833333333333333259e-01
1.550000000000000044e+00
4.733333333333333282e-01
3.333333333333333148e-01
1.699999999999999956e+00
5.366666666666667362e-01
3.033333333333332882e-01
2.866666666666666807e-01
5.466666666666667451e-01
6.699999999999999289e-01
1.716666666666666785e+00
