2.873333333333333517e+00
1.499999999999999944e-01
1.306666666666666643e+00
7.000000000000000666e-02
2.033333333333333381e-01
3.500000000000000333e-01
2.999999999999999889e-01
3.366666666666666696e-01
1.313333333333333242e+00
1.700000000000000122e-01
1.366666666666666863e-01
2.833333333333333259e-01
2.800000000000000266e-01
3.233333333333333059e-01
2.133333333333333470e-01
4.433333333333333570e-01
1.000000000000000021e-02
3.433333333333333237e-01
1.600000000000000033e-01
4.066666666666666763e-01
1.733333333333333393e-01
1.733333333333333393e-01
3.833333333333333037e-01
1.133333333333333276e-01
6.000000000000000472e-02
5.300000000000000266e-01
1.300000000000000044e-01
4.000000000000000083e-02
5.999999999999999778e-02
2.199999999999999734e-01
6.300000000000000044e-01
1.899999999999999745e-01
3.133333333333332971e-01
9.666666666666666463e-02
2.766666666666666163e-01
5.466666666666667451e-01
