2.300000000000000266e+00
1.900000000000000300e-01
9.566666666666666652e-01
2.166666666666666741e-01
9.666666666666666463e-02
1.066666666666666735e-01
2.433333333333333182e-01
6.366666666666666030e-01
1.733333333333333393e-01
1.770000000000000240e+00
3.733333333333333504e-01
1.233333333333333365e-01
1.276666666666666616e+00
3.733333333333333504e-01
5.233333333333333171e-01
1.466666666666666674e-01
1.833333333333333481e-01
7.333333333333333370e-02
0.000000000000000000e+00
6.999999999999999278e-02
1.000000000000000021e-02
0.000000000000000000e+00
1.666666666666666644e-02
7.799999999999999156e-01
0.000000000000000000e+00
3.333333333333333547e-03
0.000000000000000000e+00
2.666666666666666838e-02
9.000000000000001055e-02
3.533333333333333326e-01
2.833333333333333814e-01
1.766666666666666663e-01
4.233333333333333393e-01
8.333333333333332871e-02
6.999999999999999278e-02
2.700000000000000178e-01
2.066666666666666929e-01
1.676666666666666750e+00
1.633333333333333304e-01
3.666666666666667379e-02
1.666666666666666644e-02
1.000000000000000021e-02
4.566666666666667207e-01
1.333333333333333419e-02
3.333333333333333287e-02
1.366666666666666863e-01
1.499999999999999944e-01
1.666666666666666644e-02
1.066666666666666735e-01
2.133333333333333470e-01
3.799999999999999489e-01
6.699999999999999289e-01
3.333333333333333287e-02
0.000000000000000000e+00
0.000000000000000000e+00
2.333333333333333093e-02
0.000000000000000000e+00
2.999999999999999889e-02
9.433333333333332460e-01
8.833333333333333037e-01
1.333333333333333419e-02
5.333333333333333259e-01
1.253333333333333188e+00
3.333333333333333547e-03
0.000000000000000000e+00
0.000000000000000000e+00
1.000000000000000021e-02
0.000000000000000000e+00
0.000000000000000000e+00
4.333333333333333481e-02
0.000000000000000000e+00
6.333333333333333870e-02
2.999999999999999889e-02
8.233333333333332504e-01
1.466666666666666785e+00
9.000000000000001055e-02
2.546666666666666856e+00
2.359999999999999876e+00
4.089999999999999858e+00
1.119999999999999885e+00
1.533333333333333492e-01
7.766666666666667274e-01
4.033333333333333215e-01
2.366666666666666641e-01
3.333333333333333547e-03
1.666666666666666644e-02
8.466666666666666785e-01
1.633333333333333304e-01
5.833333333333333703e-01
7.000000000000000666e-02
2.000000000000000042e-02
1.179999999999999938e+00
8.666666666666666963e-02
1.100000000000000006e-01
7.333333333333333370e-02
4.999999999999999584e-02
7.666666666666667462e-02
3.333333333333333287e-02
4.666666666666666879e-02
0.000000000000000000e+00
1.666666666666666644e-02
1.433333333333333404e-01
7.066666666666666652e-01
0.000000000000000000e+00
1.133333333333333415e-01
3.333333333333333547e-03
1.000000000000000021e-02
3.333333333333333547e-03
2.033333333333333381e-01
2.066666666666666652e-01
1.666666666666666644e-02
8.333333333333332871e-02
4.666666666666666879e-02
4.666666666666666879e-02
2.666666666666666838e-02
6.000000000000000472e-02
1.070000000000000062e+00
6.333333333333333870e-02
7.333333333333334758e-02
0.000000000000000000e+00
7.666666666666666075e-02
1.376666666666666705e+00
6.666666666666667095e-03
4.000000000000000083e-02
2.800000000000000266e-01
6.133333333333332860e-01
2.999999999999999889e-02
3.333333333333333547e-03
2.000000000000000042e-02
1.399999999999999856e-01
1.066666666666666652e+00
1.399999999999999856e-01
0.000000000000000000e+00
8.000000000000000167e-02
4.333333333333333481e-02
1.000000000000000021e-02
3.333333333333333547e-03
2.303333333333333233e+00
8.233333333333332504e-01
6.666666666666667095e-03
5.699999999999999512e-01
1.440000000000000169e+00
2.000000000000000042e-02
0.000000000000000000e+00
2.666666666666666838e-02
0.000000000000000000e+00
2.000000000000000042e-02
2.999999999999999889e-02
2.000000000000000042e-02
0.000000000000000000e+00
2.666666666666666838e-02
1.866666666666666752e-01
5.300000000000000266e-01
8.766666666666665941e-01
1.899999999999999745e-01
1.986666666666666581e+00
1.133333333333333526e+00
1.900000000000000133e+00
