4.166666666666666852e-01
2.999999999999999889e-01
7.366666666666666918e-01
1.556666666666666643e+00
2.333333333333333093e-01
8.666666666666666963e-02
1.000000000000000194e-01
2.133333333333333470e-01
1.053333333333333233e+00
5.000000000000000971e-02
8.199999999999999512e-01
2.333333333333333440e-02
4.666666666666666879e-02
9.666666666666666741e-01
1.199999999999999956e-01
7.666666666666667462e-02
2.000000000000000042e-02
2.399999999999999911e-01
1.099999999999999867e-01
8.866666666666667140e-01
9.100000000000000311e-01
1.066666666666666735e-01
6.466666666666666119e-01
3.933333333333333681e-01
3.410000000000000142e+00
