1.276666666666666616e+00
8.000000000000000167e-02
9.999999999999999167e-02
1.499999999999999944e-01
2.899999999999999800e-01
1.000000000000000021e-02
5.666666666666666380e-02
6.333333333333333870e-02
3.066666666666666430e-01
1.333333333333333419e-02
9.333333333333333759e-02
6.666666666666666574e-02
2.999999999999999889e-01
1.166666666666666546e-01
4.266666666666666941e-01
2.866666666666666807e-01
4.533333333333333104e-01
5.600000000000000533e-01
6.766666666666667496e-01
1.683333333333333570e+00
1.399999999999999856e-01
1.666666666666666644e-02
3.166666666666666519e-01
1.666666666666666644e-02
1.333333333333333315e-01
2.000000000000000042e-02
5.166666666666667185e-01
1.433333333333333570e+00
2.099999999999999922e-01
5.633333333333333526e-01
1.066666666666666735e-01
2.999999999999999889e-01
1.666666666666666574e-01
3.400000000000000244e-01
4.433333333333333570e-01
5.000000000000000971e-02
2.500000000000000000e-01
8.666666666666666963e-02
9.333333333333333759e-02
5.266666666666667274e-01
2.033333333333333381e-01
3.333333333333333148e-01
3.466666666666666785e-01
2.433333333333333182e-01
1.533333333333333215e+00
8.000000000000000167e-02
2.000000000000000042e-02
1.433333333333333404e-01
6.666666666666666574e-02
4.000000000000000083e-02
6.666666666666666574e-02
5.333333333333333676e-02
1.266666666666666774e-01
1.143333333333333313e+00
8.466666666666666785e-01
0.000000000000000000e+00
2.000000000000000042e-02
2.333333333333333440e-02
1.866666666666666752e-01
7.333333333333333370e-02
3.666666666666667379e-02
1.073333333333333472e+00
6.300000000000000044e-01
8.666666666666666963e-02
2.633333333333333637e-01
5.033333333333332993e-01
7.333333333333334758e-02
4.333333333333333481e-02
1.399999999999999856e-01
0.000000000000000000e+00
4.333333333333333481e-01
1.866666666666666752e-01
8.366666666666665586e-01
1.809999999999999831e+00
4.866666666666666363e-01
2.433333333333333182e-01
6.733333333333333393e-01
2.666666666666666838e-02
2.233333333333333004e-01
3.333333333333333547e-03
3.300000000000000155e-01
1.133333333333333276e-01
2.043333333333333446e+00
8.000000000000000167e-02
1.866666666666666752e-01
1.106666666666666687e+00
1.033333333333333326e-01
2.666666666666666838e-02
1.000000000000000021e-02
0.000000000000000000e+00
2.399999999999999911e-01
1.023333333333333428e+00
4.366666666666667029e-01
