8.599999999999999867e-01
1.800000000000000211e-01
2.666666666666666838e-02
1.300000000000000044e-01
1.700000000000000122e-01
0.000000000000000000e+00
1.266666666666666774e-01
0.000000000000000000e+00
6.466666666666666119e-01
9.133333333333334414e-01
1.000000000000000021e-02
3.333333333333333547e-03
1.416666666666666741e+00
9.666666666666666463e-02
5.666666666666666380e-02
2.933333333333333348e-01
1.156666666666666732e+00
4.733333333333333282e-01
0.000000000000000000e+00
9.133333333333334414e-01
7.000000000000000666e-02
9.033333333333333215e-01
2.666666666666666838e-02
2.253333333333333410e+00
5.000000000000000971e-02
3.233333333333333059e-01
2.533333333333333548e-01
3.033333333333333992e-01
2.666666666666666630e-01
0.000000000000000000e+00
0.000000000000000000e+00
2.666666666666666838e-02
5.633333333333333526e-01
2.333333333333333440e-02
2.666666666666666838e-02
4.466666666666666008e-01
9.000000000000001055e-02
8.666666666666666963e-02
2.016666666666666607e+00
3.200000000000000067e-01
2.466666666666666730e-01
4.199999999999999845e-01
0.000000000000000000e+00
1.800000000000000211e-01
3.666666666666666685e-02
4.433333333333333570e-01
2.999999999999999889e-02
1.216666666666666563e+00
1.499999999999999944e-01
1.766666666666666663e-01
2.733333333333333726e-01
7.299999999999999822e-01
8.833333333333333037e-01
3.333333333333333547e-03
1.016666666666666607e+00
1.733333333333333393e-01
1.666666666666666644e-02
7.333333333333333370e-02
2.333333333333333440e-02
1.443333333333333357e+00
1.433333333333333404e-01
8.466666666666666785e-01
1.533333333333333215e-01
7.666666666666666075e-02
1.533333333333333215e-01
9.000000000000001055e-02
2.066666666666666374e-01
7.833333333333333259e-01
7.533333333333334103e-01
1.000000000000000021e-02
1.700000000000000122e-01
4.000000000000000083e-02
1.669999999999999929e+00
2.666666666666666838e-02
0.000000000000000000e+00
5.333333333333333676e-02
1.150000000000000133e+00
8.599999999999999867e-01
0.000000000000000000e+00
2.666666666666666838e-02
5.333333333333333676e-02
1.433333333333333404e-01
2.200000000000000011e-01
7.333333333333333370e-02
1.243333333333333401e+00
3.149999999999999911e+00
1.143333333333333313e+00
0.000000000000000000e+00
4.000000000000000083e-02
0.000000000000000000e+00
2.333333333333333440e-02
7.000000000000000666e-02
8.666666666666666963e-02
1.300000000000000044e-01
4.000000000000000777e-01
1.050000000000000044e+00
1.466666666666666674e-01
1.800000000000000211e-01
7.166666666666667851e-01
2.666666666666666630e-01
5.666666666666667074e-02
1.546666666666666634e+00
1.766666666666666663e-01
5.699999999999999512e-01
2.066666666666666430e+00
0.000000000000000000e+00
1.433333333333333404e-01
7.666666666666666075e-01
6.333333333333333870e-02
1.400000000000000133e-01
2.600000000000000089e-01
1.433333333333333404e-01
4.199999999999999845e-01
2.533333333333333548e-01
7.000000000000000666e-02
0.000000000000000000e+00
7.699999999999999067e-01
1.333333333333333419e-02
3.200000000000000067e-01
1.066666666666666735e-01
1.499999999999999944e-01
7.333333333333333370e-02
1.600000000000000033e-01
1.333333333333333315e-01
0.000000000000000000e+00
1.006666666666666599e+00
1.333333333333333419e-02
2.333333333333333093e-01
4.000000000000000083e-02
4.333333333333333481e-02
6.666666666666667095e-03
1.873333333333333295e+00
1.866666666666666752e-01
1.933333333333333293e-01
1.133333333333333415e-01
2.000000000000000042e-02
0.000000000000000000e+00
1.900000000000000300e-01
0.000000000000000000e+00
3.333333333333333287e-02
1.000000000000000021e-02
2.999999999999999889e-02
0.000000000000000000e+00
6.699999999999999289e-01
0.000000000000000000e+00
9.666666666666667851e-02
6.133333333333333970e-01
3.899999999999999578e-01
3.633333333333332860e-01
2.333333333333333440e-02
5.999999999999999778e-02
3.666666666666666963e-01
6.666666666666667095e-03
1.293333333333333446e+00
4.333333333333333481e-02
6.199999999999999956e-01
1.596666666666666679e+00
2.999999999999999889e-02
4.999999999999999584e-02
1.666666666666666644e-02
1.000000000000000194e-01
0.000000000000000000e+00
1.403333333333333321e+00
3.033333333333332882e-01
8.900000000000000133e-01
5.533333333333333437e-01
1.333333333333333419e-02
0.000000000000000000e+00
1.020000000000000018e+00
3.333333333333333287e-02
1.000000000000000021e-02
1.000000000000000021e-02
0.000000000000000000e+00
0.000000000000000000e+00
2.666666666666666838e-02
2.366666666666666641e-01
8.233333333333333615e-01
3.766666666666666496e-01
7.399999999999998801e-01
1.000000000000000021e-02
1.433333333333333404e-01
1.800000000000000211e-01
4.066666666666666763e-01
2.966666666666666341e-01
1.666666666666666644e-02
4.466666666666666008e-01
1.900000000000000300e-01
2.296666666666666856e+00
1.133333333333333276e-01
1.480000000000000204e+00
1.473333333333333384e+00
2.333333333333333093e-01
6.666666666666666574e-02
1.533333333333333437e+00
1.666666666666666644e-02
2.233333333333333004e-01
9.866666666666666918e-01
1.879999999999999893e+00
3.566666666666666874e-01
2.333333333333333093e-01
8.333333333333332871e-02
1.133333333333333276e-01
5.333333333333333676e-02
0.000000000000000000e+00
2.700000000000000178e-01
1.433333333333333404e-01
7.000000000000000666e-02
9.933333333333331794e-01
1.999999999999999833e-01
1.733333333333333393e-01
2.033333333333333381e-01
1.333333333333333315e-01
1.036666666666666625e+00
5.066666666666667096e-01
5.899999999999999689e-01
3.733333333333333504e-01
8.333333333333332871e-02
9.666666666666667851e-01
6.366666666666666030e-01
1.666666666666666644e-02
0.000000000000000000e+00
5.333333333333333676e-02
3.333333333333333547e-03
2.666666666666666838e-02
4.000000000000000083e-02
2.233333333333333559e-01
2.466666666666666730e-01
6.833333333333332371e-01
5.999999999999999778e-02
1.583333333333333259e+00
1.266666666666666774e-01
1.813333333333333242e+00
9.333333333333333759e-02
1.363333333333333286e+00
2.500000000000000000e-01
1.166666666666666546e-01
4.000000000000000083e-02
3.333333333333333287e-02
1.266666666666666774e-01
2.399999999999999911e-01
7.333333333333333370e-02
1.033333333333333326e-01
5.999999999999999778e-02
3.333333333333333287e-02
7.633333333333333082e-01
6.666666666666666574e-02
3.333333333333333547e-03
6.333333333333333870e-02
0.000000000000000000e+00
6.333333333333333870e-02
1.333333333333333419e-02
1.933333333333333293e-01
2.200000000000000011e-01
4.066666666666667318e-01
1.333333333333333419e-02
0.000000000000000000e+00
9.999999999999999167e-02
1.266666666666666774e-01
5.333333333333333676e-02
3.333333333333333287e-02
1.633333333333333304e-01
3.666666666666666685e-02
0.000000000000000000e+00
5.666666666666667074e-02
2.333333333333333093e-02
0.000000000000000000e+00
3.333333333333333547e-03
1.000000000000000021e-02
0.000000000000000000e+00
0.000000000000000000e+00
5.100000000000000089e-01
1.000000000000000021e-02
8.666666666666666963e-02
2.333333333333333093e-01
4.733333333333333282e-01
1.676666666666666528e+00
4.116666666666667140e+00
