1.216666666666666563e+00
4.666666666666666186e-01
4.966666666666666452e-01
3.033333333333333437e-01
1.033333333333333326e-01
3.999999999999999667e-01
8.333333333333332871e-02
2.000000000000000042e-02
2.766666666666666718e-01
7.400000000000001021e-01
1.333333333333333419e-02
1.499999999999999944e-01
0.000000000000000000e+00
7.500000000000000000e-01
0.000000000000000000e+00
3.000000000000000236e-02
1.469999999999999973e+00
4.499999999999999556e-01
4.000000000000000083e-02
5.000000000000000971e-02
1.199999999999999956e-01
4.666666666666666879e-02
2.566666666666666541e-01
6.233333333333332948e-01
5.999999999999999778e-02
1.699999999999999956e+00
5.933333333333332682e-01
2.666666666666666838e-02
8.333333333333332871e-02
6.766666666666666385e-01
7.733333333333334281e-01
1.159999999999999920e+00
4.666666666666666879e-02
2.000000000000000042e-02
0.000000000000000000e+00
1.600000000000000033e-01
5.100000000000000089e-01
5.000000000000000971e-02
1.666666666666666574e-01
1.766666666666666663e-01
1.236666666666666581e+00
2.233333333333333004e-01
2.299999999999999822e-01
1.060000000000000053e+00
1.419999999999999929e+00
5.333333333333333676e-02
3.866666666666666585e-01
3.999999999999999667e-01
2.000000000000000042e-02
6.666666666666666574e-02
1.533333333333333215e-01
8.000000000000000167e-02
1.199999999999999956e-01
4.333333333333333481e-01
1.100000000000000006e-01
1.300000000000000044e-01
3.566666666666666874e-01
1.253333333333333410e+00
1.886666666666666714e+00
1.613333333333333286e+00
8.700000000000001066e-01
9.133333333333334414e-01
3.899999999999999578e-01
1.623333333333333295e+00
3.733333333333333504e-01
5.366666666666667362e-01
3.066666666666666430e-01
2.600000000000000089e-01
5.333333333333333676e-02
1.276666666666666616e+00
1.999999999999999833e-01
7.399999999999998801e-01
1.166666666666666546e-01
0.000000000000000000e+00
6.500000000000000222e-01
3.333333333333333547e-03
1.166666666666666546e-01
2.666666666666666838e-02
2.933333333333333903e-01
2.066666666666666652e-01
3.499999999999999223e-01
1.333333333333333419e-02
3.166666666666666519e-01
2.300000000000000100e-01
8.666666666666666963e-02
1.453333333333333366e+00
4.166666666666666852e-01
1.639999999999999902e+00
1.063333333333333242e+00
2.333333333333333093e-01
8.333333333333332871e-02
5.999999999999999778e-02
3.333333333333333547e-03
1.099999999999999867e-01
3.066666666666666985e-01
9.500000000000000666e-01
2.433333333333333182e-01
1.000000000000000021e-02
1.466666666666666674e-01
1.436666666666666758e+00
2.700000000000000178e-01
0.000000000000000000e+00
1.733333333333333393e-01
6.733333333333333393e-01
0.000000000000000000e+00
1.766666666666666663e-01
1.356666666666666687e+00
4.866666666666666363e-01
4.000000000000000083e-02
4.500000000000000111e-01
8.333333333333332871e-02
1.159999999999999920e+00
5.706666666666666998e+00
