1.426666666666666750e+00
4.266666666666666941e-01
6.166666666666665853e-01
1.509999999999999787e+00
1.400000000000000133e-01
4.266666666666666941e-01
1.116666666666666696e+00
1.553333333333333455e+00
5.433333333333333348e-01
1.000000000000000194e-01
2.566666666666666541e-01
1.333333333333333419e-02
3.333333333333333547e-03
2.733333333333333171e-01
5.333333333333333676e-02
0.000000000000000000e+00
1.300000000000000044e-01
4.399999999999999467e-01
6.333333333333333037e-01
0.000000000000000000e+00
6.700000000000000400e-01
6.300000000000000044e-01
1.499999999999999944e-01
5.933333333333332682e-01
2.233333333333333004e-01
1.823333333333333250e+00
1.666666666666666574e-01
1.866666666666666752e-01
5.000000000000000971e-02
7.000000000000000666e-02
5.666666666666666380e-02
1.666666666666666574e-01
2.800000000000000266e-01
5.266666666666666163e-01
9.166666666666666297e-01
9.333333333333333759e-02
1.733333333333333393e+00
2.266666666666666829e-01
3.533333333333333326e-01
3.833333333333333037e-01
2.333333333333333093e-01
1.799999999999999656e-01
1.100000000000000006e-01
8.333333333333332871e-02
5.299999999999999156e-01
1.333333333333333419e-02
1.300000000000000044e-01
1.266666666666666774e-01
2.166666666666666741e-01
4.799999999999999822e-01
5.566666666666666430e-01
9.599999999999999645e-01
1.966666666666666841e-01
1.233333333333333365e-01
3.666666666666667379e-02
1.000000000000000021e-02
2.933333333333332793e-01
6.333333333333333870e-02
7.433333333333332904e-01
8.000000000000000167e-02
1.139999999999999902e+00
1.290000000000000036e+00
4.000000000000000083e-02
5.333333333333333676e-02
1.233333333333333365e-01
1.666666666666666644e-02
4.333333333333333481e-02
1.333333333333333315e-01
2.899999999999999800e-01
1.566666666666666485e-01
6.333333333333333870e-02
1.333333333333333419e-02
2.166666666666666741e-01
7.933333333333333348e-01
2.200000000000000011e-01
2.833333333333333814e-01
3.166666666666666519e-01
5.033333333333332993e-01
2.000000000000000042e-02
3.366666666666666696e-01
8.533333333333333881e-01
2.466666666666666730e-01
3.433333333333333237e-01
1.700000000000000122e-01
1.796666666666666856e+00
0.000000000000000000e+00
1.133333333333333415e-01
5.000000000000000000e-01
4.599999999999999645e-01
6.633333333333334414e-01
2.366666666666666641e-01
1.336666666666666670e+00
6.300000000000000044e-01
9.199999999999999289e-01
1.523333333333333428e+00
1.600000000000000033e-01
3.766666666666666496e-01
8.333333333333333703e-01
7.666666666666667462e-02
3.866666666666667140e-01
1.376666666666666705e+00
8.800000000000000044e-01
6.266666666666665941e-01
2.000000000000000389e-01
6.800000000000000488e-01
4.333333333333333481e-02
0.000000000000000000e+00
9.666666666666666463e-02
1.333333333333333419e-02
7.333333333333334758e-02
5.333333333333333676e-02
5.566666666666666430e-01
1.370000000000000107e+00
5.333333333333333676e-02
1.766666666666666663e-01
1.173333333333333339e+00
1.766666666666666663e-01
1.006666666666666599e+00
1.400000000000000133e-01
1.399999999999999856e-01
1.266666666666666774e-01
2.399999999999999911e-01
3.666666666666666685e-02
1.433333333333333404e-01
7.333333333333334758e-02
4.466666666666667118e-01
5.333333333333333676e-02
7.333333333333333370e-02
1.300000000000000044e-01
2.666666666666666838e-02
1.463333333333333597e+00
9.666666666666666463e-02
1.433333333333333404e-01
1.199999999999999956e-01
9.666666666666667851e-02
3.266666666666666607e-01
1.000000000000000194e-01
3.000000000000000236e-02
1.900000000000000300e-01
2.299999999999999822e-01
1.499999999999999944e-01
9.999999999999999167e-02
3.866666666666667140e-01
1.576666666666666883e+00
6.666666666666666297e-01
1.053333333333333455e+00
2.866666666666666807e-01
2.299999999999999822e-01
5.666666666666667074e-02
2.333333333333333440e-02
2.933333333333333903e-01
4.666666666666666879e-02
4.199999999999999845e-01
4.666666666666666879e-02
1.060000000000000053e+00
1.330000000000000071e+00
1.633333333333333304e-01
2.766666666666666718e-01
2.133333333333333470e-01
5.000000000000000971e-02
7.000000000000000666e-02
3.733333333333333504e-01
8.100000000000000533e-01
1.333333333333333315e-01
1.800000000000000211e-01
3.000000000000000236e-02
1.433333333333333404e-01
3.099999999999999978e-01
6.666666666666667095e-03
2.999999999999999889e-02
4.666666666666666879e-02
2.533333333333333548e-01
1.000000000000000021e-02
1.333333333333333315e-01
5.599999999999999423e-01
1.400000000000000133e-01
1.833333333333333481e-01
2.666666666666666838e-02
1.133333333333333304e+00
1.066666666666666735e-01
4.833333333333333370e-01
4.733333333333333282e-01
1.366666666666666863e-01
1.013333333333333419e+00
2.466666666666666730e-01
1.453333333333333366e+00
5.899999999999999689e-01
1.506666666666666599e+00
