2.373333333333333073e+00
2.233333333333333004e-01
2.566666666666666541e-01
6.999999999999999278e-02
6.666666666666666574e-02
0.000000000000000000e+00
5.000000000000000971e-02
0.000000000000000000e+00
3.200000000000000067e-01
0.000000000000000000e+00
3.066666666666666985e-01
6.400000000000000133e-01
4.333333333333333481e-02
4.566666666666666097e-01
0.000000000000000000e+00
7.999999999999999334e-01
0.000000000000000000e+00
1.666666666666666644e-02
0.000000000000000000e+00
1.466666666666666952e-01
1.000000000000000021e-02
2.800000000000000266e-01
4.033333333333333215e-01
0.000000000000000000e+00
1.666666666666666574e-01
9.166666666666666297e-01
2.333333333333333440e-02
1.666666666666666644e-02
1.333333333333333315e-01
2.999999999999999889e-02
1.300000000000000044e-01
2.000000000000000042e-02
3.333333333333333547e-03
0.000000000000000000e+00
3.666666666666667379e-02
3.066666666666666985e-01
3.333333333333333287e-02
3.800000000000000600e-01
1.036666666666666625e+00
1.900000000000000133e+00
5.666666666666667074e-02
5.133333333333333082e-01
1.999999999999999833e-01
2.766666666666666718e-01
3.666666666666666685e-02
1.533333333333333215e-01
1.000000000000000021e-02
6.666666666666667095e-03
0.000000000000000000e+00
2.099999999999999922e-01
2.199999999999999734e-01
4.333333333333333481e-02
2.766666666666666718e-01
0.000000000000000000e+00
1.300000000000000044e-01
3.666666666666667379e-02
9.333333333333333759e-02
9.000000000000001055e-02
6.199999999999999956e-01
6.666666666666666574e-02
1.033333333333333326e-01
8.366666666666665586e-01
9.666666666666667851e-02
3.366666666666666141e-01
8.300000000000000711e-01
1.533333333333333215e-01
9.999999999999999167e-02
6.666666666666667095e-03
0.000000000000000000e+00
2.000000000000000042e-02
3.333333333333333547e-03
5.666666666666667074e-02
5.333333333333333676e-02
5.999999999999999778e-02
2.399999999999999911e-01
2.333333333333333440e-02
2.833333333333333814e-01
4.666666666666666879e-02
1.163333333333333330e+00
8.333333333333332871e-02
9.000000000000001055e-02
3.333333333333333547e-03
1.800000000000000211e-01
5.933333333333333792e-01
1.160000000000000142e+00
2.866666666666666807e-01
1.833333333333333481e-01
1.866666666666666474e-01
1.833333333333333204e-01
6.633333333333333304e-01
6.333333333333333037e-01
3.733333333333333504e-01
8.599999999999999867e-01
4.766666666666666274e-01
4.599999999999999645e-01
1.600000000000000033e-01
1.100000000000000006e-01
7.699999999999999067e-01
1.733333333333333393e-01
5.666666666666667074e-02
1.500000000000000222e-01
0.000000000000000000e+00
2.666666666666666838e-02
2.633333333333333637e-01
6.333333333333333870e-02
4.666666666666667296e-01
1.500000000000000222e-01
4.666666666666666879e-02
2.866666666666666807e-01
5.333333333333333676e-02
9.999999999999999167e-02
2.233333333333333559e-01
1.933333333333333570e-01
1.033333333333333326e-01
1.300000000000000044e-01
2.000000000000000042e-02
7.666666666666667462e-02
4.000000000000000083e-02
1.133333333333333276e-01
1.199999999999999956e-01
2.266666666666666552e-01
1.583333333333333259e+00
2.666666666666666838e-02
1.233333333333333365e-01
2.099999999999999922e-01
2.666666666666666838e-02
9.999999999999999167e-02
1.273333333333333428e+00
1.209999999999999964e+00
2.833333333333333259e-01
1.166666666666666546e-01
8.000000000000000167e-02
0.000000000000000000e+00
0.000000000000000000e+00
6.266666666666665941e-01
1.000000000000000021e-02
2.333333333333333093e-01
4.333333333333332926e-01
2.866666666666666252e-01
1.303333333333333455e+00
0.000000000000000000e+00
2.133333333333332915e-01
9.833333333333332815e-01
1.666666666666666644e-02
0.000000000000000000e+00
5.600000000000000533e-01
1.066666666666666735e-01
1.666666666666666644e-02
1.333333333333333419e-02
1.163333333333333330e+00
3.433333333333333237e-01
1.000000000000000194e-01
3.400000000000000244e-01
3.266666666666666607e-01
1.300000000000000044e-01
7.933333333333333348e-01
8.233333333333332504e-01
9.899999999999998801e-01
1.966666666666666841e-01
1.800000000000000211e-01
5.333333333333333259e-01
4.033333333333333215e-01
4.000000000000000083e-02
1.333333333333333419e-02
6.666666666666667095e-03
6.000000000000000888e-01
9.999999999999999167e-02
7.000000000000000666e-02
2.533333333333333548e-01
2.733333333333333726e-01
8.566666666666667984e-01
1.820000000000000062e+00
3.333333333333333148e-01
2.399999999999999911e-01
7.666666666666667462e-02
2.133333333333333470e-01
3.333333333333333547e-03
4.000000000000000083e-02
1.333333333333333419e-02
1.999999999999999833e-01
1.333333333333333419e-02
3.966666666666666674e-01
1.229999999999999982e+00
3.666666666666667379e-02
9.433333333333333570e-01
0.000000000000000000e+00
6.466666666666666119e-01
3.333333333333333547e-03
6.666666666666667095e-03
0.000000000000000000e+00
3.666666666666667379e-02
2.333333333333333440e-02
3.366666666666666696e-01
7.600000000000001199e-01
1.000000000000000021e-02
8.666666666666666963e-02
4.899999999999999911e-01
2.333333333333333440e-02
0.000000000000000000e+00
3.666666666666667379e-02
1.933333333333333293e-01
3.433333333333332682e-01
2.000000000000000042e-02
0.000000000000000000e+00
1.000000000000000021e-02
6.333333333333333870e-02
1.199999999999999956e-01
2.333333333333333440e-02
3.966666666666666674e-01
1.110000000000000098e+00
1.276666666666666616e+00
2.233333333333333559e-01
5.266666666666667274e-01
1.866666666666666752e-01
4.599999999999999645e-01
1.000000000000000194e-01
1.666666666666666574e-01
2.200000000000000011e-01
1.433333333333333404e-01
3.333333333333333287e-02
2.866666666666666807e-01
3.600000000000000422e-01
6.666666666666666574e-02
6.133333333333333970e-01
2.000000000000000042e-02
2.766666666666666718e-01
4.099999999999999756e-01
3.333333333333333287e-02
9.333333333333333759e-02
3.300000000000000155e-01
1.333333333333333419e-02
4.000000000000000083e-02
8.966666666666666119e-01
0.000000000000000000e+00
4.133333333333333304e-01
7.466666666666665897e-01
1.533333333333333215e-01
1.999999999999999833e-01
2.000000000000000042e-02
1.333333333333333419e-02
1.300000000000000044e-01
3.333333333333333547e-03
5.666666666666667074e-02
9.666666666666667851e-02
1.199999999999999956e-01
1.433333333333333404e-01
6.666666666666666574e-02
1.499999999999999944e-01
1.000000000000000194e-01
7.000000000000000666e-01
0.000000000000000000e+00
1.333333333333333419e-02
6.666666666666667095e-03
5.333333333333333676e-02
3.300000000000000155e-01
9.066666666666667318e-01
2.833333333333333814e-01
2.399999999999999911e-01
3.566666666666666319e-01
4.566666666666666097e-01
1.373333333333333295e+00
5.000000000000000000e-01
4.433333333333333570e-01
1.036666666666666847e+00
2.399999999999999911e-01
4.500000000000000111e-01
1.800000000000000211e-01
8.666666666666666963e-01
1.756666666666666599e+00
1.900000000000000300e-01
6.666666666666666574e-02
1.199999999999999956e-01
1.400000000000000133e-01
3.333333333333333287e-02
9.333333333333333759e-02
7.333333333333333370e-02
2.000000000000000389e-01
3.433333333333333237e-01
5.333333333333333676e-02
5.633333333333333526e-01
6.666666666666666574e-02
9.000000000000001055e-02
9.000000000000001055e-02
5.999999999999999778e-02
1.800000000000000211e-01
2.200000000000000011e-01
1.199999999999999956e-01
4.000000000000000083e-02
3.666666666666666685e-02
1.133333333333333415e-01
4.999999999999999584e-02
1.166666666666666546e-01
1.340000000000000080e+00
3.666666666666666685e-02
4.666666666666666879e-02
2.333333333333333648e-01
7.666666666666667462e-02
3.200000000000000067e-01
1.793333333333333224e+00
1.406666666666666510e+00
3.699999999999999400e-01
9.666666666666667851e-02
6.333333333333333870e-02
4.666666666666666879e-02
0.000000000000000000e+00
2.099999999999999922e-01
2.000000000000000042e-02
1.466666666666666674e-01
1.666666666666666574e-01
9.333333333333333759e-02
9.566666666666666652e-01
6.666666666666667095e-03
2.133333333333333470e-01
1.110000000000000098e+00
1.000000000000000021e-02
0.000000000000000000e+00
2.800000000000000266e-01
1.666666666666666644e-02
0.000000000000000000e+00
1.333333333333333419e-02
1.306666666666666643e+00
2.899999999999999800e-01
2.166666666666666741e-01
2.833333333333333814e-01
2.366666666666666641e-01
1.566666666666666485e-01
9.199999999999999289e-01
9.100000000000000311e-01
9.266666666666667496e-01
4.333333333333333481e-02
1.800000000000000211e-01
1.536666666666666847e+00
3.866666666666667140e-01
1.666666666666666644e-02
4.666666666666666879e-02
0.000000000000000000e+00
7.599999999999998979e-01
8.333333333333332871e-02
1.766666666666666663e-01
1.966666666666666563e-01
4.000000000000000083e-02
8.399999999999999689e-01
