3.866666666666667140e-01
3.200000000000000067e-01
3.333333333333333287e-02
9.533333333333332549e-01
1.166666666666666824e-01
6.666666666666667095e-03
0.000000000000000000e+00
1.000000000000000021e-02
1.233333333333333365e-01
3.000000000000000236e-02
3.600000000000000422e-01
2.266666666666666829e-01
1.443333333333333357e+00
3.766666666666667052e-01
6.333333333333333870e-02
8.000000000000000167e-02
1.000000000000000021e-02
3.333333333333333547e-03
0.000000000000000000e+00
2.633333333333333637e-01
8.000000000000000167e-02
4.333333333333333481e-02
9.333333333333333759e-02
1.666666666666666644e-02
1.213333333333333375e+00
4.700000000000000289e-01
3.966666666666666674e-01
4.766666666666666274e-01
1.800000000000000044e+00
3.300000000000000155e-01
3.666666666666666685e-02
1.333333333333333419e-02
1.700000000000000122e-01
1.666666666666666644e-02
1.300000000000000044e+00
0.000000000000000000e+00
1.033333333333333437e+00
5.000000000000000971e-02
9.000000000000001055e-02
6.666666666666667095e-03
7.866666666666667362e-01
4.266666666666666941e-01
3.933333333333333126e-01
0.000000000000000000e+00
6.666666666666667095e-03
3.666666666666667379e-02
0.000000000000000000e+00
3.099999999999999978e-01
4.666666666666666879e-02
1.333333333333333419e-02
1.200000000000000094e-01
1.133333333333333276e-01
6.666666666666666574e-02
1.133333333333333304e+00
2.566666666666666541e-01
1.933333333333333570e-01
5.666666666666666380e-02
5.133333333333333082e-01
1.100000000000000006e-01
4.000000000000000083e-02
3.066666666666666985e-01
4.066666666666666763e-01
7.666666666666667462e-02
4.866666666666666363e-01
1.300000000000000044e-01
9.666666666666666463e-02
1.833333333333333481e-01
1.033333333333333326e-01
1.633333333333333304e-01
2.200000000000000011e-01
4.666666666666666186e-01
2.600000000000000089e-01
9.000000000000001055e-02
1.466666666666666785e+00
3.333333333333333547e-03
3.233333333333333059e-01
1.130000000000000115e+00
6.333333333333333870e-02
1.199999999999999956e-01
4.966666666666667562e-01
9.633333333333333748e-01
1.000000000000000021e-02
1.066666666666666735e-01
3.666666666666667379e-02
2.999999999999999889e-01
2.566666666666666541e-01
1.000000000000000021e-02
5.899999999999999689e-01
1.716666666666666785e+00
2.933333333333333348e-01
7.600000000000001199e-01
2.426666666666666750e+00
2.076666666666666661e+00
7.533333333333332993e-01
0.000000000000000000e+00
1.333333333333333419e-02
7.000000000000000666e-01
1.399999999999999856e-01
2.999999999999999889e-02
9.999999999999999167e-02
1.399999999999999856e-01
3.333333333333333287e-02
4.866666666666666363e-01
3.666666666666666685e-02
1.166666666666666546e-01
0.000000000000000000e+00
5.333333333333333676e-02
7.666666666666667462e-02
3.066666666666666430e-01
7.166666666666666741e-01
9.333333333333333759e-02
1.459999999999999964e+00
4.799999999999999822e-01
4.266666666666666941e-01
3.099999999999999978e-01
1.433333333333333404e-01
4.900000000000000466e-01
4.066666666666666763e-01
9.666666666666667851e-02
4.000000000000000083e-02
1.666666666666666644e-02
3.333333333333333547e-03
2.333333333333333440e-02
0.000000000000000000e+00
3.333333333333333287e-02
6.333333333333333870e-02
1.133333333333333276e-01
1.166666666666666546e-01
3.366666666666666696e-01
1.933333333333333570e-01
5.999999999999999778e-01
5.666666666666667074e-02
4.633333333333333748e-01
1.333333333333333315e-01
2.333333333333333093e-01
2.000000000000000042e-02
5.333333333333333676e-02
3.333333333333333547e-03
4.899999999999999911e-01
7.000000000000000666e-02
2.999999999999999889e-02
2.666666666666666838e-02
1.086666666666666670e+00
1.499999999999999944e-01
2.200000000000000011e-01
7.333333333333333370e-02
1.880000000000000115e+00
2.399999999999999911e-01
1.566666666666666485e-01
8.966666666666666119e-01
8.366666666666665586e-01
8.000000000000000167e-02
0.000000000000000000e+00
1.933333333333333293e-01
7.833333333333333259e-01
3.333333333333333547e-03
1.733333333333333393e-01
1.476666666666666572e+00
1.700000000000000122e-01
4.666666666666666879e-02
1.383333333333333526e+00
3.033333333333333437e-01
1.033333333333333326e-01
2.266666666666666552e-01
0.000000000000000000e+00
1.333333333333333419e-02
0.000000000000000000e+00
0.000000000000000000e+00
0.000000000000000000e+00
0.000000000000000000e+00
0.000000000000000000e+00
3.333333333333333547e-03
0.000000000000000000e+00
4.000000000000000083e-02
1.666666666666666644e-02
0.000000000000000000e+00
0.000000000000000000e+00
1.666666666666666644e-02
3.333333333333333547e-03
6.666666666666667095e-03
0.000000000000000000e+00
1.333333333333333419e-02
0.000000000000000000e+00
4.266666666666665830e-01
9.000000000000001055e-02
1.010000000000000009e+00
1.633333333333333304e-01
0.000000000000000000e+00
0.000000000000000000e+00
1.899999999999999745e-01
1.333333333333333419e-02
0.000000000000000000e+00
0.000000000000000000e+00
1.533333333333333215e-01
5.999999999999999778e-02
6.666666666666667095e-03
0.000000000000000000e+00
0.000000000000000000e+00
1.766666666666666663e-01
3.499999999999999223e-01
3.333333333333333547e-03
4.666666666666666879e-02
1.466666666666666397e-01
3.999999999999999667e-01
6.666666666666667095e-03
1.733333333333333393e-01
2.299999999999999822e-01
1.133333333333333276e-01
9.533333333333334769e-01
5.133333333333333082e-01
9.066666666666667318e-01
3.000000000000000236e-02
1.666666666666666644e-02
4.000000000000000083e-02
7.000000000000000666e-02
1.166666666666666546e-01
2.666666666666666838e-02
2.700000000000000178e-01
1.366666666666666863e-01
3.666666666666666408e-01
1.199999999999999956e-01
8.300000000000000711e-01
7.666666666666666075e-02
1.999999999999999833e-01
2.700000000000000178e-01
1.916666666666666741e+00
5.033333333333332993e-01
2.999999999999999889e-01
4.333333333333333481e-02
3.766666666666666496e-01
2.333333333333333440e-02
2.000000000000000042e-02
1.666666666666666644e-02
6.333333333333333870e-02
3.066666666666666985e-01
7.333333333333331983e-02
2.533333333333333548e-01
6.666666666666666574e-02
5.933333333333333792e-01
3.966666666666666674e-01
1.000000000000000021e-02
6.666666666666666574e-02
3.000000000000000236e-02
9.000000000000001055e-02
6.666666666666666574e-02
4.099999999999999756e-01
6.666666666666666574e-02
2.000000000000000042e-02
1.466666666666666674e-01
1.966666666666666841e-01
1.446666666666666545e+00
8.166666666666667629e-01
6.500000000000000222e-01
7.500000000000000000e-01
2.316666666666666874e+00
7.200000000000000844e-01
8.666666666666666963e-02
4.666666666666666879e-02
2.566666666666666541e-01
3.666666666666666685e-02
1.766666666666666607e+00
8.666666666666666963e-02
1.290000000000000036e+00
4.333333333333333481e-02
1.066666666666666735e-01
9.666666666666666463e-02
6.433333333333333126e-01
5.266666666666667274e-01
1.333333333333333315e-01
1.333333333333333419e-02
0.000000000000000000e+00
2.000000000000000042e-02
0.000000000000000000e+00
3.300000000000000155e-01
0.000000000000000000e+00
1.333333333333333419e-02
1.133333333333333415e-01
3.333333333333333287e-02
1.566666666666666485e-01
1.163333333333333330e+00
1.600000000000000033e-01
4.400000000000000022e-01
3.800000000000000600e-01
4.500000000000000111e-01
6.666666666666666574e-02
6.666666666666667095e-03
2.066666666666666929e-01
6.666666666666666574e-02
2.333333333333333440e-02
3.500000000000000333e-01
3.666666666666666685e-02
5.666666666666666380e-02
3.366666666666666696e-01
6.000000000000000472e-02
4.099999999999999756e-01
1.666666666666666644e-02
1.700000000000000122e-01
6.666666666666666574e-02
7.333333333333333370e-02
7.433333333333332904e-01
0.000000000000000000e+00
5.233333333333333171e-01
5.733333333333333615e-01
0.000000000000000000e+00
3.666666666666666685e-02
3.233333333333333615e-01
2.533333333333333548e-01
0.000000000000000000e+00
0.000000000000000000e+00
0.000000000000000000e+00
2.333333333333333440e-02
8.333333333333332871e-02
6.666666666666667095e-03
1.133333333333333415e-01
1.286666666666666847e+00
1.466666666666666952e-01
4.799999999999999822e-01
1.256666666666666821e+00
1.040000000000000036e+00
3.333333333333333148e-01
6.666666666666667095e-03
2.999999999999999889e-02
7.733333333333333171e-01
7.000000000000000666e-02
1.666666666666666644e-02
2.000000000000000042e-02
1.300000000000000044e-01
0.000000000000000000e+00
2.199999999999999734e-01
1.666666666666666644e-02
3.333333333333333287e-02
3.333333333333333547e-03
2.666666666666666838e-02
1.333333333333333419e-02
4.999999999999999584e-02
4.133333333333333304e-01
9.333333333333333759e-02
8.366666666666667806e-01
1.666666666666666574e-01
8.666666666666666963e-02
1.366666666666666863e-01
3.333333333333333287e-02
3.133333333333332971e-01
9.666666666666667851e-02
1.133333333333333415e-01
2.000000000000000042e-02
0.000000000000000000e+00
1.000000000000000021e-02
1.000000000000000021e-02
3.666666666666666685e-02
6.666666666666667095e-03
1.933333333333333293e-01
1.333333333333333419e-02
6.666666666666667095e-03
8.666666666666666963e-02
2.333333333333333440e-02
9.033333333333333215e-01
6.666666666666667095e-03
5.866666666666665586e-01
2.899999999999999800e-01
2.466666666666666730e-01
4.333333333333333481e-02
3.333333333333333547e-03
0.000000000000000000e+00
5.533333333333333437e-01
1.333333333333333419e-02
3.333333333333333547e-03
1.333333333333333419e-02
8.599999999999999867e-01
2.700000000000000178e-01
1.300000000000000044e-01
4.666666666666666879e-02
1.816666666666666652e+00
8.366666666666665586e-01
1.199999999999999956e-01
7.633333333333333082e-01
1.046666666666666634e+00
5.999999999999999778e-02
2.666666666666666838e-02
2.133333333333333748e-01
5.633333333333333526e-01
0.000000000000000000e+00
6.000000000000000472e-02
1.556666666666666643e+00
6.000000000000000472e-02
9.000000000000001055e-02
1.793333333333333224e+00
2.333333333333333648e-01
4.333333333333333481e-02
3.700000000000000511e-01
0.000000000000000000e+00
2.133333333333333470e-01
1.733333333333333393e-01
0.000000000000000000e+00
0.000000000000000000e+00
0.000000000000000000e+00
0.000000000000000000e+00
0.000000000000000000e+00
0.000000000000000000e+00
8.000000000000000167e-02
1.199999999999999956e-01
0.000000000000000000e+00
0.000000000000000000e+00
2.666666666666666838e-02
1.000000000000000021e-02
6.999999999999999278e-02
4.666666666666666879e-02
5.999999999999999778e-02
1.000000000000000021e-02
2.399999999999999911e-01
3.466666666666666785e-01
7.200000000000000844e-01
8.333333333333332871e-02
0.000000000000000000e+00
0.000000000000000000e+00
2.000000000000000042e-02
0.000000000000000000e+00
0.000000000000000000e+00
0.000000000000000000e+00
0.000000000000000000e+00
1.333333333333333419e-02
1.333333333333333419e-02
0.000000000000000000e+00
0.000000000000000000e+00
4.000000000000000083e-02
6.133333333333333970e-01
0.000000000000000000e+00
3.033333333333333437e-01
2.799999999999999711e-01
5.266666666666667274e-01
0.000000000000000000e+00
2.566666666666666541e-01
7.666666666666666075e-02
7.000000000000000666e-02
6.800000000000000488e-01
3.666666666666666963e-01
7.799999999999999156e-01
3.333333333333333547e-03
4.299999999999999933e-01
1.499999999999999944e-01
2.133333333333333470e-01
5.333333333333333259e-01
2.333333333333333440e-02
1.206666666666666776e+00
4.366666666666667029e-01
4.166666666666666852e-01
1.100000000000000006e-01
1.353333333333333499e+00
2.333333333333333440e-02
1.233333333333333365e-01
5.066666666666667096e-01
2.386666666666666714e+00
5.533333333333333437e-01
2.866666666666666807e-01
7.666666666666666075e-02
8.766666666666665941e-01
8.000000000000000167e-02
6.666666666666667095e-03
0.000000000000000000e+00
2.000000000000000042e-02
2.200000000000000011e-01
2.000000000000000042e-02
2.933333333333333348e-01
1.033333333333333326e-01
1.730000000000000204e+00
2.299999999999999822e-01
5.333333333333333676e-02
2.500000000000000000e-01
9.333333333333333759e-02
2.033333333333333381e-01
9.000000000000001055e-02
1.400000000000000133e+00
1.199999999999999956e-01
6.666666666666667095e-03
8.666666666666666963e-02
2.366666666666666641e-01
9.266666666666666385e-01
3.966666666666666674e-01
5.100000000000000089e-01
8.466666666666666785e-01
1.763333333333333419e+00
1.469999999999999973e+00
3.500000000000000333e-01
1.199999999999999956e-01
2.233333333333333004e-01
2.333333333333333440e-02
1.306666666666666643e+00
9.666666666666667851e-02
1.360000000000000098e+00
1.099999999999999867e-01
1.766666666666666663e-01
1.000000000000000194e-01
9.333333333333334592e-01
2.700000000000000178e-01
3.766666666666666496e-01
4.666666666666666879e-02
3.333333333333333547e-03
0.000000000000000000e+00
0.000000000000000000e+00
8.733333333333331838e-01
7.666666666666667462e-02
1.633333333333333304e-01
2.799999999999999711e-01
2.133333333333332915e-01
4.699999999999999734e-01
1.716666666666666785e+00
1.700000000000000122e-01
1.933333333333333570e-01
2.400000000000000189e-01
6.200000000000001066e-01
4.633333333333333748e-01
7.666666666666667462e-02
2.433333333333333182e-01
2.733333333333333171e-01
9.999999999999999167e-02
2.199999999999999734e-01
1.199999999999999956e-01
6.666666666666666574e-02
1.833333333333333481e-01
1.433333333333333126e-01
1.733333333333333393e-01
1.266666666666666774e-01
7.333333333333332815e-01
3.666666666666666963e-01
2.766666666666666718e-01
8.233333333333333615e-01
0.000000000000000000e+00
4.866666666666666363e-01
1.169999999999999929e+00
2.999999999999999889e-02
1.233333333333333365e-01
7.200000000000000844e-01
1.119999999999999885e+00
3.466666666666666785e-01
1.000000000000000021e-02
2.000000000000000042e-02
4.733333333333333282e-01
1.166666666666666546e-01
8.666666666666666963e-02
4.166666666666666852e-01
1.143333333333333313e+00
4.733333333333333282e-01
9.766666666666666829e-01
1.716666666666666785e+00
1.550000000000000044e+00
6.333333333333334147e-01
0.000000000000000000e+00
2.000000000000000042e-02
3.099999999999999978e-01
2.333333333333333440e-02
8.333333333333332871e-02
4.000000000000000083e-02
1.633333333333333304e-01
5.333333333333333676e-02
1.833333333333333481e-01
5.333333333333333676e-02
8.000000000000000167e-02
2.999999999999999889e-02
1.666666666666666644e-02
1.166666666666666546e-01
1.366666666666666863e-01
3.733333333333333504e-01
9.999999999999999167e-02
7.599999999999998979e-01
1.866666666666666752e-01
2.066666666666666652e-01
1.366666666666666863e-01
9.999999999999999167e-02
1.266666666666666774e-01
1.666666666666666574e-01
8.666666666666666963e-02
1.000000000000000021e-02
3.333333333333333287e-02
3.000000000000000236e-02
3.666666666666666685e-02
0.000000000000000000e+00
2.000000000000000042e-02
0.000000000000000000e+00
1.233333333333333365e-01
8.666666666666666963e-02
1.133333333333333276e-01
7.000000000000000666e-02
3.633333333333332860e-01
0.000000000000000000e+00
1.100000000000000006e-01
9.666666666666667851e-02
1.466666666666666397e-01
7.666666666666667462e-02
0.000000000000000000e+00
0.000000000000000000e+00
7.700000000000000178e-01
1.666666666666666644e-02
3.333333333333333287e-02
1.000000000000000021e-02
7.566666666666667096e-01
3.666666666666666685e-02
2.333333333333333093e-01
5.333333333333333676e-02
9.366666666666666474e-01
3.333333333333333148e-01
1.800000000000000211e-01
2.136666666666666714e+00
1.653333333333333321e+00
9.000000000000001055e-02
2.033333333333333659e-01
1.866666666666666752e-01
4.933333333333333459e-01
4.000000000000000083e-02
2.566666666666666541e-01
9.733333333333332726e-01
8.000000000000000167e-02
1.133333333333333276e-01
1.886666666666666714e+00
1.000000000000000021e-02
1.266666666666666774e-01
2.800000000000000266e-01
3.666666666666667379e-02
2.666666666666666838e-02
1.066666666666666735e-01
0.000000000000000000e+00
0.000000000000000000e+00
0.000000000000000000e+00
0.000000000000000000e+00
0.000000000000000000e+00
0.000000000000000000e+00
2.333333333333333093e-01
8.000000000000000167e-02
0.000000000000000000e+00
0.000000000000000000e+00
3.333333333333333547e-03
0.000000000000000000e+00
3.333333333333333287e-02
3.333333333333333547e-03
2.000000000000000042e-02
2.333333333333333440e-02
8.333333333333332871e-02
7.566666666666667096e-01
6.933333333333333570e-01
1.199999999999999956e-01
0.000000000000000000e+00
4.500000000000000111e-01
6.500000000000000222e-01
3.333333333333333547e-03
1.000000000000000021e-02
5.666666666666667074e-02
4.366666666666667029e-01
1.000000000000000021e-02
4.000000000000000083e-02
0.000000000000000000e+00
0.000000000000000000e+00
1.433333333333333404e-01
6.066666666666666874e-01
0.000000000000000000e+00
5.666666666666666380e-02
3.166666666666667074e-01
5.733333333333332504e-01
0.000000000000000000e+00
2.000000000000000389e-01
2.899999999999999800e-01
3.033333333333332882e-01
8.199999999999999512e-01
2.866666666666666807e-01
9.533333333333334769e-01
4.000000000000000083e-02
2.000000000000000042e-02
3.133333333333332971e-01
2.099999999999999922e-01
1.066666666666666735e-01
3.333333333333333547e-03
6.366666666666667140e-01
7.799999999999999156e-01
1.499999999999999944e-01
2.000000000000000042e-02
1.979999999999999760e+00
1.833333333333333481e-01
9.999999999999999167e-02
3.266666666666666607e-01
2.963333333333333375e+00
