5.733333333333333615e-01
1.366666666666666863e-01
1.466666666666666397e-01
1.433333333333333404e-01
5.000000000000000000e-01
7.333333333333333370e-02
8.000000000000000167e-02
1.700000000000000122e-01
2.933333333333333348e-01
2.196666666666666767e+00
2.833333333333333259e-01
4.666666666666666879e-02
1.503333333333333188e+00
5.099999999999998979e-01
2.166666666666666741e-01
1.159999999999999920e+00
1.499999999999999944e-01
1.266666666666666607e+00
2.633333333333333637e-01
2.500000000000000000e-01
1.550000000000000044e+00
1.216666666666666563e+00
4.999999999999999584e-02
1.333333333333333419e-02
1.200000000000000094e-01
2.833333333333333259e-01
3.566666666666666319e-01
2.333333333333333440e-02
2.666666666666666838e-02
1.833333333333333481e-01
1.936666666666666758e+00
1.580000000000000071e+00
1.366666666666666585e-01
1.200000000000000094e-01
6.266666666666665941e-01
7.999999999999999334e-01
6.333333333333333870e-02
0.000000000000000000e+00
0.000000000000000000e+00
1.333333333333333419e-02
1.483333333333333393e+00
1.836666666666666670e+00
2.999999999999999889e-01
5.299999999999999156e-01
4.366666666666667029e-01
1.066666666666666735e-01
1.833333333333333481e-01
1.400000000000000133e-01
3.000000000000000236e-02
3.800000000000000600e-01
1.433333333333333404e-01
4.733333333333333282e-01
1.189999999999999947e+00
1.633333333333333304e-01
1.066666666666666735e-01
2.333333333333333093e-01
2.899999999999999800e-01
1.366666666666666863e-01
9.000000000000001055e-02
5.666666666666667074e-02
9.999999999999999167e-02
7.200000000000000844e-01
3.499999999999999223e-01
4.799999999999999822e-01
9.333333333333333759e-02
1.016666666666666607e+00
9.666666666666667851e-02
2.399999999999999911e-01
7.200000000000000844e-01
4.000000000000000083e-02
5.933333333333333792e-01
6.566666666666666208e-01
6.066666666666666874e-01
5.333333333333333259e-01
9.233333333333333393e-01
1.330000000000000071e+00
1.776666666666666616e+00
2.999999999999999889e-01
7.999999999999999334e-01
2.833333333333333259e-01
1.866666666666666752e-01
2.133333333333332915e-01
3.600000000000000422e-01
1.916666666666666741e+00
2.083333333333333481e+00
5.233333333333333171e-01
4.000000000000000083e-02
6.999999999999998446e-01
6.999999999999999278e-02
3.333333333333333547e-03
2.700000000000000178e-01
1.966666666666666841e-01
4.666666666666666879e-02
1.399999999999999856e-01
1.506666666666666821e+00
7.000000000000000666e-01
6.666666666666666574e-02
9.999999999999999167e-02
7.666666666666666075e-02
3.099999999999999978e-01
4.666666666666666879e-02
8.799999999999998934e-01
7.433333333333332904e-01
4.333333333333333481e-02
5.666666666666667074e-02
1.160000000000000142e+00
1.166666666666666546e-01
2.899999999999999800e-01
5.666666666666667074e-02
7.900000000000000355e-01
2.366666666666666641e-01
4.433333333333333570e-01
8.066666666666666430e-01
1.666666666666666574e-01
4.933333333333333459e-01
5.333333333333333676e-02
2.866666666666666807e-01
1.596666666666666679e+00
2.366666666666666641e-01
1.250000000000000000e+00
2.173333333333333339e+00
1.713333333333333597e+00
2.466666666666666730e-01
1.466666666666666785e+00
6.666666666666666574e-02
1.389999999999999902e+00
