9.533333333333334769e-01
5.033333333333332993e-01
7.766666666666667274e-01
3.966666666666666674e-01
1.666666666666666574e-01
4.366666666666667029e-01
8.599999999999999867e-01
1.833333333333333481e-01
2.166666666666666741e-01
3.499999999999999223e-01
1.036666666666666625e+00
6.666666666666667095e-03
9.000000000000001055e-02
1.833333333333333481e-01
6.666666666666667095e-03
0.000000000000000000e+00
1.033333333333333326e-01
1.113333333333333286e+00
0.000000000000000000e+00
2.999999999999999889e-02
4.666666666666666879e-02
5.666666666666667074e-02
3.333333333333333547e-03
2.000000000000000042e-02
4.699999999999999734e-01
3.333333333333333287e-02
1.666666666666666644e-02
1.133333333333333276e-01
4.333333333333333481e-02
6.666666666666667095e-03
1.333333333333333419e-02
2.999999999999999889e-02
0.000000000000000000e+00
0.000000000000000000e+00
1.133333333333333276e-01
7.333333333333334758e-02
1.000000000000000021e-02
6.999999999999998446e-01
6.300000000000000044e-01
1.000000000000000000e+00
4.433333333333333570e-01
1.466666666666666674e-01
1.600000000000000033e-01
1.400000000000000133e-01
1.506666666666666821e+00
8.000000000000000167e-02
0.000000000000000000e+00
0.000000000000000000e+00
5.266666666666666163e-01
2.033333333333333659e-01
0.000000000000000000e+00
4.966666666666667562e-01
9.000000000000000222e-01
2.333333333333333093e-02
1.000000000000000021e-02
1.123333333333333295e+00
8.799999999999998934e-01
1.366666666666666863e-01
7.600000000000001199e-01
7.799999999999999156e-01
3.333333333333333547e-03
0.000000000000000000e+00
7.900000000000000355e-01
1.096666666666666679e+00
3.333333333333333547e-03
1.233333333333333365e-01
1.223333333333333384e+00
1.333333333333333419e-02
0.000000000000000000e+00
4.199999999999999845e-01
2.933333333333333348e-01
4.000000000000000777e-01
3.000000000000000236e-02
2.666666666666666838e-02
1.650000000000000133e+00
4.666666666666666879e-02
4.166666666666666852e-01
3.599999999999999312e-01
5.999999999999999778e-01
9.666666666666666741e-01
1.600000000000000033e-01
3.566666666666666874e-01
9.466666666666666563e-01
1.966666666666666563e-01
3.533333333333333326e-01
4.866666666666666363e-01
3.899999999999999578e-01
4.833333333333333925e-01
1.399999999999999856e-01
1.600000000000000033e-01
1.733333333333333393e-01
1.000000000000000021e-02
8.666666666666666963e-02
2.000000000000000389e-01
0.000000000000000000e+00
3.666666666666667379e-02
4.966666666666666452e-01
2.333333333333333440e-02
0.000000000000000000e+00
1.666666666666666644e-02
2.999999999999999889e-02
1.233333333333333365e-01
1.266666666666666774e-01
3.799999999999999489e-01
1.333333333333333419e-02
9.000000000000001055e-02
1.766666666666666663e-01
4.333333333333333481e-01
3.666666666666667379e-02
4.666666666666666879e-02
1.466666666666666397e-01
4.866666666666666363e-01
1.666666666666666644e-02
1.633333333333333304e-01
4.333333333333333481e-02
5.999999999999999778e-02
0.000000000000000000e+00
1.400000000000000133e-01
4.999999999999999584e-02
2.866666666666666807e-01
1.900000000000000300e-01
2.399999999999999911e-01
4.533333333333333104e-01
6.733333333333333393e-01
2.000000000000000042e-02
1.666666666666666644e-02
1.226666666666666572e+00
4.666666666666666879e-02
2.999999999999999889e-02
6.933333333333333570e-01
2.833333333333333259e-01
4.533333333333333104e-01
3.333333333333333287e-02
1.800000000000000211e-01
1.516666666666666607e+00
1.006666666666666599e+00
2.033333333333333381e-01
3.033333333333333437e-01
1.273333333333333428e+00
1.333333333333333419e-02
1.900000000000000300e-01
1.639999999999999902e+00
1.433333333333333348e+00
2.000000000000000042e-02
3.666666666666666685e-02
7.399999999999998801e-01
2.166666666666666741e-01
2.000000000000000042e-02
3.433333333333333237e-01
2.500000000000000000e-01
1.000000000000000021e-02
7.333333333333334758e-02
5.633333333333333526e-01
0.000000000000000000e+00
4.999999999999999584e-02
2.666666666666666838e-02
4.999999999999999584e-02
8.000000000000000167e-02
5.999999999999999778e-02
1.533333333333333492e-01
3.333333333333333287e-02
0.000000000000000000e+00
4.000000000000000083e-02
1.733333333333333393e-01
1.000000000000000021e-02
1.333333333333333419e-02
1.000000000000000021e-02
6.033333333333333881e-01
6.666666666666666574e-02
1.066666666666666735e-01
2.033333333333333381e-01
8.599999999999999867e-01
1.190000000000000169e+00
4.280000000000000249e+00
