3.300000000000000155e-01
1.399999999999999856e-01
1.133333333333333276e-01
1.666666666666666574e-01
2.799999999999999711e-01
5.000000000000000971e-02
2.299999999999999822e-01
1.466666666666666674e-01
1.000000000000000021e-02
1.333333333333333419e-02
6.666666666666667095e-03
6.366666666666667140e-01
1.666666666666666644e-02
1.333333333333333419e-02
1.499999999999999944e-01
2.533333333333333548e-01
9.666666666666666463e-02
8.266666666666666607e-01
2.266666666666666552e-01
4.033333333333333215e-01
2.099999999999999922e-01
1.533333333333333215e-01
0.000000000000000000e+00
2.500000000000000000e-01
2.666666666666666838e-02
6.066666666666666874e-01
1.516666666666666607e+00
2.266666666666666552e-01
0.000000000000000000e+00
0.000000000000000000e+00
4.499999999999999556e-01
9.000000000000001055e-02
1.666666666666666644e-02
0.000000000000000000e+00
0.000000000000000000e+00
4.333333333333333481e-02
1.000000000000000021e-02
2.000000000000000042e-02
4.000000000000000083e-02
3.333333333333333547e-03
0.000000000000000000e+00
0.000000000000000000e+00
3.300000000000000155e-01
2.799999999999999711e-01
5.566666666666666430e-01
1.600000000000000033e-01
1.866666666666666752e-01
1.066666666666666735e-01
1.133333333333333415e-01
6.900000000000000577e-01
6.333333333333333870e-02
1.050000000000000044e+00
2.333333333333333093e-02
3.999999999999999667e-01
1.300000000000000044e-01
1.933333333333333570e-01
7.500000000000000000e-01
1.366666666666666863e-01
4.566666666666667207e-01
4.133333333333333304e-01
3.933333333333333126e-01
2.066666666666666652e-01
1.499999999999999944e-01
1.099999999999999867e+00
0.000000000000000000e+00
5.000000000000000971e-02
1.033333333333333326e-01
0.000000000000000000e+00
5.266666666666666163e-01
0.000000000000000000e+00
0.000000000000000000e+00
3.333333333333333547e-03
6.333333333333333870e-02
0.000000000000000000e+00
0.000000000000000000e+00
1.000000000000000021e-02
0.000000000000000000e+00
2.000000000000000042e-02
1.333333333333333419e-02
9.133333333333334414e-01
1.866666666666666752e-01
9.333333333333333759e-02
0.000000000000000000e+00
0.000000000000000000e+00
0.000000000000000000e+00
1.933333333333333293e-01
7.566666666666667096e-01
1.000000000000000021e-02
2.133333333333333470e-01
6.666666666666667095e-03
5.333333333333333676e-02
3.333333333333333547e-03
3.000000000000000236e-02
6.666666666666667095e-03
1.333333333333333419e-02
4.000000000000000083e-02
2.600000000000000089e-01
4.000000000000000083e-02
2.266666666666666552e-01
5.000000000000000971e-02
1.433333333333333404e-01
9.000000000000001055e-02
3.733333333333332948e-01
3.666666666666666963e-01
5.333333333333334370e-02
7.666666666666666075e-02
4.999999999999999584e-02
2.666666666666666838e-02
5.333333333333333676e-02
0.000000000000000000e+00
3.333333333333333547e-03
9.699999999999998623e-01
4.799999999999999822e-01
2.666666666666666838e-02
1.000000000000000194e-01
2.766666666666666718e-01
1.366666666666666863e-01
3.833333333333333592e-01
3.833333333333333592e-01
3.733333333333332948e-01
1.043333333333333224e+00
3.666666666666666963e-01
7.000000000000000666e-02
1.400000000000000133e-01
4.133333333333332749e-01
4.000000000000000083e-02
9.333333333333333759e-02
0.000000000000000000e+00
0.000000000000000000e+00
0.000000000000000000e+00
1.100000000000000006e-01
1.133333333333333276e-01
2.800000000000000266e-01
1.566666666666666485e-01
1.233333333333333365e-01
1.933333333333333570e-01
4.400000000000000022e-01
1.300000000000000044e-01
1.766666666666666663e-01
1.733333333333333393e-01
6.666666666666667095e-03
7.666666666666667462e-02
1.800000000000000211e-01
1.333333333333333419e-02
0.000000000000000000e+00
3.333333333333333287e-02
1.096666666666666679e+00
3.333333333333333547e-03
6.666666666666666574e-02
5.666666666666667074e-02
4.999999999999999584e-02
9.000000000000001055e-02
1.333333333333333419e-02
4.000000000000000083e-02
3.333333333333333547e-03
0.000000000000000000e+00
1.333333333333333419e-02
2.666666666666666838e-02
0.000000000000000000e+00
0.000000000000000000e+00
2.166666666666666463e-01
1.733333333333333393e-01
3.366666666666666696e-01
2.666666666666666838e-02
9.666666666666666463e-02
0.000000000000000000e+00
6.766666666666667496e-01
9.999999999999999167e-02
8.000000000000000167e-02
2.999999999999999889e-02
4.333333333333333481e-02
6.666666666666667095e-03
1.666666666666666644e-02
3.433333333333333237e-01
5.933333333333333792e-01
1.733333333333333393e-01
8.666666666666666963e-02
1.333333333333333419e-02
0.000000000000000000e+00
0.000000000000000000e+00
0.000000000000000000e+00
0.000000000000000000e+00
0.000000000000000000e+00
1.199999999999999956e-01
1.883333333333333526e+00
8.466666666666666785e-01
6.300000000000000044e-01
9.200000000000000400e-01
5.999999999999999778e-01
7.000000000000000666e-02
2.566666666666666541e-01
7.666666666666667462e-02
2.666666666666666838e-02
0.000000000000000000e+00
3.266666666666666607e-01
8.000000000000000167e-02
2.133333333333333470e-01
1.700000000000000122e-01
1.333333333333333419e-02
1.499999999999999944e-01
0.000000000000000000e+00
0.000000000000000000e+00
0.000000000000000000e+00
0.000000000000000000e+00
0.000000000000000000e+00
3.666666666666666685e-02
2.566666666666666541e-01
4.666666666666666879e-02
2.133333333333333470e-01
0.000000000000000000e+00
0.000000000000000000e+00
2.800000000000000266e-01
1.333333333333333315e-01
1.300000000000000044e-01
1.500000000000000222e-01
2.000000000000000042e-02
1.733333333333333393e-01
4.266666666666665830e-01
1.233333333333333365e-01
1.633333333333333304e-01
8.333333333333332871e-02
0.000000000000000000e+00
0.000000000000000000e+00
1.000000000000000194e-01
9.000000000000001055e-02
0.000000000000000000e+00
0.000000000000000000e+00
1.333333333333333419e-02
2.000000000000000042e-02
0.000000000000000000e+00
0.000000000000000000e+00
0.000000000000000000e+00
0.000000000000000000e+00
5.999999999999999778e-02
0.000000000000000000e+00
1.666666666666666644e-02
1.333333333333333315e-01
1.166666666666666546e-01
1.666666666666666644e-02
4.433333333333333570e-01
1.300000000000000044e-01
8.766666666666665941e-01
2.000000000000000389e-01
2.000000000000000389e-01
8.666666666666666963e-02
2.266666666666666829e-01
1.766666666666666663e-01
1.466666666666666952e-01
3.666666666666667379e-02
2.326666666666666661e+00
4.566666666666667207e-01
7.000000000000000666e-02
5.333333333333333676e-02
1.110000000000000098e+00
1.733333333333333393e-01
1.000000000000000021e-02
1.833333333333333204e-01
9.666666666666666741e-01
1.266666666666666774e-01
9.533333333333332549e-01
9.000000000000001055e-02
2.366666666666666641e-01
1.533333333333333215e-01
1.266666666666666774e-01
1.866666666666666752e-01
3.233333333333333059e-01
1.133333333333333415e-01
2.666666666666666838e-02
6.000000000000000472e-02
1.833333333333333481e-01
8.333333333333332871e-02
7.333333333333333370e-02
1.000000000000000021e-02
2.333333333333333093e-01
1.666666666666666644e-02
4.666666666666666186e-01
3.433333333333332682e-01
7.400000000000001021e-01
1.110000000000000098e+00
