3.800000000000000600e-01
1.000000000000000021e-02
6.999999999999999278e-02
3.333333333333333547e-03
3.733333333333333504e-01
6.666666666666667095e-03
0.000000000000000000e+00
1.333333333333333419e-02
3.200000000000000067e-01
2.333333333333333093e-02
3.333333333333333547e-03
5.333333333333334370e-02
6.333333333333333870e-02
7.966666666666665231e-01
8.666666666666666963e-02
1.066666666666666458e-01
6.333333333333333870e-02
1.096666666666666679e+00
1.400000000000000133e-01
6.666666666666666574e-02
1.766666666666666663e-01
1.666666666666666644e-02
7.933333333333333348e-01
3.466666666666666785e-01
3.333333333333333287e-02
3.366666666666666141e-01
1.800000000000000211e-01
0.000000000000000000e+00
6.666666666666666574e-02
0.000000000000000000e+00
2.666666666666666838e-02
0.000000000000000000e+00
9.000000000000001055e-02
3.333333333333333547e-03
6.333333333333333870e-02
8.333333333333332871e-02
9.000000000000001055e-02
6.666666666666667095e-03
3.700000000000000511e-01
3.333333333333333547e-03
1.833333333333333481e-01
6.666666666666667095e-03
5.866666666666667806e-01
1.740000000000000213e+00
2.343333333333333268e+00
3.366666666666666696e-01
1.633333333333333304e-01
1.866666666666666752e-01
2.433333333333333182e-01
2.199999999999999734e-01
3.566666666666666319e-01
5.400000000000000355e-01
4.666666666666666879e-02
2.096666666666666679e+00
4.266666666666666941e-01
4.000000000000000083e-02
5.000000000000000971e-02
1.043333333333333224e+00
1.686666666666666536e+00
1.520000000000000240e+00
4.433333333333333570e-01
1.033333333333333326e-01
1.366666666666666585e-01
1.666666666666666644e-02
2.999999999999999889e-02
2.999999999999999889e-02
5.533333333333333437e-01
2.133333333333333470e-01
1.133333333333333276e-01
2.166666666666666741e-01
7.666666666666667462e-02
7.466666666666667007e-01
2.999999999999999889e-02
2.500000000000000000e-01
1.066666666666666735e-01
9.666666666666667851e-02
1.333333333333333419e-02
4.899999999999999911e-01
9.000000000000001055e-02
1.933333333333333293e-01
1.000000000000000021e-02
2.933333333333332793e-01
6.666666666666667095e-03
1.073333333333333250e+00
4.233333333333333393e-01
9.333333333333333759e-02
3.266666666666666607e-01
1.066666666666666735e-01
9.333333333333333759e-02
8.333333333333332871e-02
1.333333333333333419e-02
3.600000000000000422e-01
6.666666666666667095e-03
7.399999999999998801e-01
0.000000000000000000e+00
1.166666666666666824e-01
6.666666666666667095e-03
7.533333333333332993e-01
