1.099999999999999867e+00
9.933333333333335124e-01
9.000000000000001055e-02
9.633333333333332638e-01
1.666666666666666644e-02
9.000000000000001055e-02
2.666666666666666838e-02
2.999999999999999889e-02
1.866666666666666752e-01
4.333333333333333481e-02
1.666666666666666644e-02
1.000000000000000021e-02
3.566666666666666319e-01
8.333333333333332871e-02
1.013333333333333419e+00
3.666666666666667379e-02
1.060000000000000053e+00
6.333333333333333870e-02
1.496666666666666812e+00
7.333333333333333370e-02
1.000000000000000021e-02
4.433333333333333570e-01
1.800000000000000211e-01
4.500000000000000111e-01
4.666666666666666879e-02
3.333333333333333547e-03
3.333333333333333547e-03
0.000000000000000000e+00
4.333333333333333481e-02
1.499999999999999944e-01
2.999999999999999889e-02
0.000000000000000000e+00
4.499999999999999556e-01
2.999999999999999889e-02
1.933333333333333293e-01
1.156666666666666510e+00
3.333333333333333287e-02
2.999999999999999889e-01
3.000000000000000236e-02
4.833333333333333370e-01
4.000000000000000083e-02
2.633333333333333637e-01
1.499999999999999944e-01
3.600000000000000422e-01
5.666666666666667074e-02
1.433333333333333404e-01
5.000000000000000971e-02
0.000000000000000000e+00
6.733333333333333393e-01
0.000000000000000000e+00
7.333333333333333370e-02
2.666666666666666838e-02
6.666666666666667095e-03
8.000000000000000167e-02
5.966666666666666785e-01
2.266666666666666552e-01
1.393333333333333313e+00
4.466666666666667118e-01
1.756666666666666821e+00
1.610000000000000098e+00
5.300000000000000266e-01
4.066666666666666763e-01
2.833333333333333814e-01
1.866666666666666752e-01
2.633333333333333082e-01
1.166666666666666546e-01
1.399999999999999856e-01
5.666666666666666380e-02
4.899999999999999911e-01
2.033333333333333381e-01
2.666666666666666630e-01
6.066666666666667984e-01
1.766666666666666663e-01
2.433333333333333182e-01
9.000000000000001055e-02
5.366666666666666252e-01
2.633333333333333637e-01
9.899999999999998801e-01
1.256666666666666599e+00
8.533333333333333881e-01
4.099999999999999756e-01
6.466666666666667229e-01
1.333333333333333419e-02
1.563333333333333464e+00
6.133333333333333970e-01
7.999999999999999334e-01
4.833333333333333925e-01
1.333333333333333419e-02
1.000000000000000021e-02
1.000000000000000021e-02
0.000000000000000000e+00
3.866666666666667140e-01
0.000000000000000000e+00
1.223333333333333384e+00
7.900000000000000355e-01
1.000000000000000021e-02
2.366666666666666641e-01
7.399999999999998801e-01
1.110000000000000098e+00
6.666666666666667095e-03
2.399999999999999911e-01
1.076666666666666661e+00
4.333333333333333481e-02
8.166666666666667629e-01
4.700000000000000289e-01
2.999999999999999889e-02
8.266666666666666607e-01
0.000000000000000000e+00
1.333333333333333315e-01
0.000000000000000000e+00
5.433333333333333348e-01
0.000000000000000000e+00
4.666666666666666879e-02
0.000000000000000000e+00
0.000000000000000000e+00
0.000000000000000000e+00
5.666666666666666380e-02
1.000000000000000021e-02
1.999999999999999833e-01
5.333333333333333676e-02
2.200000000000000011e-01
0.000000000000000000e+00
7.433333333333332904e-01
8.566666666666667984e-01
1.393333333333333313e+00
1.203333333333333366e+00
3.333333333333333287e-02
9.333333333333332371e-01
1.000000000000000021e-02
1.600000000000000033e-01
1.099999999999999867e-01
1.166666666666666546e-01
1.366666666666666863e-01
2.666666666666666838e-02
3.333333333333333547e-03
1.199999999999999956e-01
9.466666666666666563e-01
1.033333333333333326e-01
9.566666666666666652e-01
2.333333333333333440e-02
5.666666666666666519e-01
8.000000000000000167e-02
6.233333333333334059e-01
1.933333333333333570e-01
1.000000000000000021e-02
4.433333333333333570e-01
1.566666666666666485e-01
4.899999999999999911e-01
8.666666666666666963e-02
1.033333333333333326e-01
5.000000000000000971e-02
2.133333333333333470e-01
4.000000000000000083e-02
1.533333333333333215e-01
1.700000000000000122e-01
1.333333333333333419e-02
5.333333333333333676e-02
1.666666666666666574e-01
8.666666666666666963e-02
4.733333333333333282e-01
1.433333333333333404e-01
1.133333333333333276e-01
5.666666666666667074e-02
2.633333333333333082e-01
8.666666666666666963e-02
9.666666666666666463e-02
8.000000000000000167e-02
2.266666666666666829e-01
1.000000000000000021e-02
5.666666666666667074e-02
7.666666666666666075e-02
8.333333333333332871e-02
4.199999999999999845e-01
0.000000000000000000e+00
3.333333333333333287e-02
1.333333333333333419e-02
0.000000000000000000e+00
9.999999999999999167e-02
1.266666666666666774e-01
4.000000000000000083e-02
1.370000000000000107e+00
2.300000000000000100e-01
9.933333333333332904e-01
1.353333333333333277e+00
3.500000000000000333e-01
3.433333333333333237e-01
1.333333333333333419e-02
0.000000000000000000e+00
1.266666666666666774e-01
2.033333333333333381e-01
1.266666666666666774e-01
5.999999999999999778e-02
6.666666666666666574e-02
2.666666666666666838e-02
5.999999999999999778e-02
1.239999999999999991e+00
2.799999999999999711e-01
3.266666666666666607e-01
6.999999999999999278e-02
7.466666666666667007e-01
3.833333333333333037e-01
6.033333333333333881e-01
1.700000000000000178e+00
7.833333333333333259e-01
5.733333333333332504e-01
2.966666666666666896e-01
1.666666666666666644e-02
1.386666666666666714e+00
2.833333333333333259e-01
4.000000000000000083e-02
4.299999999999999933e-01
1.000000000000000021e-02
2.666666666666666838e-02
0.000000000000000000e+00
0.000000000000000000e+00
4.166666666666666852e-01
6.666666666666667095e-03
1.343333333333333490e+00
1.400000000000000133e+00
5.999999999999999778e-02
3.666666666666666408e-01
1.566666666666666763e-01
1.326666666666666883e+00
5.666666666666666380e-02
9.000000000000001055e-02
5.433333333333333348e-01
6.999999999999999278e-02
1.763333333333333419e+00
6.166666666666666963e-01
1.000000000000000021e-02
7.999999999999999334e-01
0.000000000000000000e+00
0.000000000000000000e+00
6.666666666666667095e-03
3.666666666666667379e-02
9.999999999999999167e-02
5.000000000000000971e-02
1.733333333333333393e-01
4.666666666666666879e-02
5.000000000000000971e-02
1.266666666666666496e-01
4.099999999999999756e-01
4.299999999999999933e-01
1.533333333333333215e-01
5.599999999999999423e-01
2.666666666666666838e-02
1.013333333333333419e+00
1.250000000000000000e+00
1.073333333333333250e+00
9.600000000000000755e-01
1.033333333333333326e-01
8.233333333333333615e-01
1.000000000000000021e-02
1.033333333333333326e-01
1.999999999999999833e-01
2.533333333333333548e-01
1.333333333333333419e-02
4.333333333333333481e-02
1.066666666666666735e-01
9.999999999999999167e-02
1.150000000000000133e+00
1.333333333333333419e-02
3.099999999999999978e-01
4.333333333333333481e-02
7.700000000000000178e-01
1.766666666666666663e-01
9.166666666666666297e-01
3.999999999999999667e-01
5.999999999999999778e-02
2.966666666666666341e-01
3.566666666666666319e-01
4.666666666666666186e-01
4.999999999999999584e-02
0.000000000000000000e+00
3.333333333333333547e-03
6.666666666666667095e-03
2.666666666666666838e-02
1.433333333333333404e-01
1.066666666666666735e-01
0.000000000000000000e+00
0.000000000000000000e+00
0.000000000000000000e+00
1.266666666666666774e-01
9.500000000000000666e-01
0.000000000000000000e+00
1.666666666666666644e-02
3.333333333333333547e-03
3.600000000000000422e-01
8.000000000000000167e-02
5.233333333333333171e-01
1.100000000000000006e-01
3.999999999999999667e-01
2.700000000000000178e-01
5.433333333333333348e-01
9.666666666666666463e-02
1.066666666666666735e-01
5.200000000000000178e-01
0.000000000000000000e+00
1.000000000000000021e-02
0.000000000000000000e+00
3.333333333333333547e-03
3.666666666666666685e-02
1.466666666666666952e-01
5.400000000000000355e-01
1.883333333333333526e+00
2.766666666666666718e-01
1.026666666666666616e+00
1.386666666666666714e+00
4.066666666666667318e-01
2.600000000000000089e-01
1.466666666666666674e-01
1.433333333333333404e-01
1.133333333333333276e-01
2.666666666666666838e-02
2.266666666666666829e-01
1.333333333333333419e-02
1.099999999999999867e-01
4.000000000000000083e-02
3.066666666666666985e-01
1.013333333333333419e+00
3.433333333333333237e-01
2.233333333333333559e-01
9.000000000000001055e-02
3.633333333333332860e-01
6.666666666666666574e-02
7.833333333333333259e-01
1.336666666666666670e+00
1.166666666666666546e-01
2.800000000000000266e-01
2.266666666666666552e-01
1.666666666666666644e-02
1.953333333333333144e+00
6.566666666666666208e-01
9.666666666666666741e-01
7.500000000000000000e-01
1.666666666666666644e-02
0.000000000000000000e+00
0.000000000000000000e+00
3.333333333333333547e-03
2.866666666666666807e-01
4.000000000000000083e-02
1.586666666666666670e+00
1.043333333333333446e+00
2.700000000000000178e-01
7.033333333333332549e-01
3.666666666666666963e-01
1.419999999999999929e+00
6.666666666666666574e-02
9.333333333333333759e-02
1.286666666666666847e+00
3.300000000000000155e-01
2.336666666666666448e+00
3.999999999999999667e-01
1.733333333333333393e-01
8.299999999999999600e-01
0.000000000000000000e+00
1.000000000000000021e-02
0.000000000000000000e+00
4.266666666666666941e-01
2.000000000000000042e-02
7.000000000000000666e-02
4.333333333333333481e-02
2.666666666666666838e-02
4.000000000000000083e-02
5.666666666666666380e-02
2.099999999999999922e-01
9.666666666666667851e-02
8.000000000000000167e-02
3.600000000000000422e-01
1.000000000000000021e-02
6.400000000000000133e-01
6.099999999999999867e-01
