5.833333333333333703e-01
1.233333333333333365e-01
0.000000000000000000e+00
2.933333333333333348e-01
0.000000000000000000e+00
0.000000000000000000e+00
1.366666666666666863e-01
1.000000000000000021e-02
0.000000000000000000e+00
1.666666666666666644e-02
1.263333333333333419e+00
8.666666666666666963e-02
0.000000000000000000e+00
1.016666666666666607e+00
1.453333333333333366e+00
1.219999999999999973e+00
9.999999999999999167e-02
1.133333333333333276e-01
5.499999999999999334e-01
1.349999999999999867e+00
4.666666666666666879e-02
6.666666666666667095e-03
5.733333333333333615e-01
1.933333333333333570e-01
0.000000000000000000e+00
5.999999999999999778e-02
1.126666666666666705e+00
1.566666666666666485e-01
2.999999999999999889e-02
2.033333333333333215e+00
2.099999999999999922e-01
5.333333333333333259e-01
1.066666666666666735e-01
1.120000000000000107e+00
6.666666666666667095e-03
1.666666666666666574e-01
3.333333333333333148e-01
1.733333333333333393e-01
1.199999999999999956e-01
1.399999999999999856e-01
4.333333333333333481e-02
5.466666666666666341e-01
4.233333333333333393e-01
1.073333333333333250e+00
1.033333333333333326e-01
2.833333333333333814e-01
6.366666666666667140e-01
0.000000000000000000e+00
9.000000000000001055e-02
2.700000000000000178e-01
0.000000000000000000e+00
0.000000000000000000e+00
5.666666666666667074e-02
5.000000000000000000e-01
0.000000000000000000e+00
1.000000000000000021e-02
6.699999999999999289e-01
3.333333333333333287e-02
1.333333333333333419e-02
6.666666666666666574e-02
1.000000000000000021e-02
4.000000000000000083e-02
1.666666666666666644e-02
1.033333333333333326e-01
6.933333333333333570e-01
0.000000000000000000e+00
1.666666666666666644e-02
9.266666666666667496e-01
1.300000000000000044e-01
0.000000000000000000e+00
0.000000000000000000e+00
3.466666666666666785e-01
4.266666666666666941e-01
3.333333333333333547e-03
6.666666666666667095e-03
8.333333333333332871e-02
3.866666666666667140e-01
3.666666666666666685e-02
3.000000000000000236e-02
1.433333333333333348e+00
1.166666666666666546e-01
3.433333333333333237e-01
1.666666666666666574e-01
7.033333333333332549e-01
0.000000000000000000e+00
6.000000000000000472e-02
1.033333333333333326e-01
1.339999999999999858e+00
1.466666666666666674e-01
6.466666666666666119e-01
4.099999999999999756e-01
1.333333333333333419e-02
4.666666666666666879e-02
7.399999999999998801e-01
0.000000000000000000e+00
0.000000000000000000e+00
2.166666666666666741e-01
7.633333333333333082e-01
1.000000000000000021e-02
2.033333333333333381e-01
1.266666666666666774e-01
1.766666666666666663e-01
3.666666666666666685e-02
1.000000000000000021e-02
1.466666666666666674e-01
5.200000000000000178e-01
1.000000000000000021e-02
2.033333333333333381e-01
5.933333333333333792e-01
1.133333333333333276e-01
1.066666666666666735e-01
1.033333333333333326e-01
2.099999999999999922e-01
2.666666666666666838e-02
4.666666666666666186e-01
1.166666666666666546e-01
1.000000000000000021e-02
9.366666666666666474e-01
1.566666666666666763e-01
3.166666666666666519e-01
1.566666666666666485e-01
7.033333333333334769e-01
1.496666666666666812e+00
2.600000000000000089e-01
2.200000000000000011e-01
1.343333333333333490e+00
4.266666666666665830e-01
4.733333333333333282e-01
3.666666666666666685e-02
4.199999999999999845e-01
1.333333333333333419e-02
2.933333333333333348e-01
1.933333333333333293e-01
2.800000000000000266e-01
2.900000000000000355e-01
1.536666666666666847e+00
8.533333333333333881e-01
1.600000000000000033e-01
4.833333333333333370e-01
7.666666666666667462e-02
1.600000000000000033e-01
6.333333333333333870e-02
0.000000000000000000e+00
1.566666666666666485e-01
0.000000000000000000e+00
0.000000000000000000e+00
0.000000000000000000e+00
1.499999999999999944e-01
0.000000000000000000e+00
0.000000000000000000e+00
1.000000000000000021e-02
8.900000000000000133e-01
3.466666666666666785e-01
1.199999999999999956e-01
1.406666666666666510e+00
4.966666666666666452e-01
5.866666666666665586e-01
2.366666666666666641e-01
1.433333333333333404e-01
3.600000000000000422e-01
2.999999999999999889e-01
1.370000000000000107e+00
8.000000000000000167e-02
1.700000000000000122e-01
1.046666666666666634e+00
1.333333333333333419e-02
6.533333333333333215e-01
9.566666666666666652e-01
6.333333333333333870e-02
1.456666666666666776e+00
6.099999999999999867e-01
6.900000000000000577e-01
6.999999999999999278e-02
4.000000000000000083e-02
4.000000000000000083e-02
9.333333333333333759e-02
1.000000000000000021e-02
1.633333333333333304e-01
5.866666666666667806e-01
3.333333333333333287e-02
5.333333333333333676e-02
2.073333333333333250e+00
2.233333333333333004e-01
1.866666666666666474e-01
1.133333333333333304e+00
3.666666666666666963e-01
1.100000000000000006e-01
2.133333333333333470e-01
4.099999999999999756e-01
1.099999999999999867e+00
