9.066666666666666208e-01
5.366666666666667362e-01
7.666666666666667462e-02
1.266666666666666829e+00
2.933333333333333348e-01
7.333333333333333370e-02
2.866666666666666807e-01
1.416666666666666741e+00
1.070000000000000062e+00
1.563333333333333242e+00
1.233333333333333365e-01
4.666666666666666879e-02
0.000000000000000000e+00
0.000000000000000000e+00
2.333333333333333440e-02
5.999999999999999778e-02
4.000000000000000083e-02
4.999999999999999584e-02
3.333333333333333547e-03
1.300000000000000044e-01
0.000000000000000000e+00
1.333333333333333315e-01
1.766666666666666663e-01
6.333333333333334147e-01
6.666666666666666574e-02
2.266666666666666552e-01
8.000000000000000167e-02
2.666666666666666838e-02
2.333333333333333440e-02
1.033333333333333465e-01
6.899999999999999467e-01
0.000000000000000000e+00
7.299999999999999822e-01
1.693333333333333357e+00
1.433333333333333404e-01
1.000000000000000021e-02
9.333333333333333759e-02
5.333333333333333676e-02
1.433333333333333126e-01
1.183333333333333348e+00
2.333333333333333440e-02
2.600000000000000089e-01
1.233333333333333365e-01
0.000000000000000000e+00
6.666666666666667095e-03
1.333333333333333419e-02
1.666666666666666644e-02
3.333333333333333547e-03
2.766666666666666718e-01
1.000000000000000021e-02
2.299999999999999822e-01
8.000000000000000167e-02
6.466666666666666119e-01
9.166666666666666297e-01
1.333333333333333419e-02
1.433333333333333404e-01
1.066666666666666735e-01
1.866666666666666752e-01
0.000000000000000000e+00
2.233333333333333004e-01
1.466666666666666397e-01
5.333333333333333676e-02
2.666666666666666838e-02
2.166666666666666741e-01
1.006666666666666599e+00
8.000000000000000167e-02
4.099999999999999756e-01
1.333333333333333419e-02
0.000000000000000000e+00
1.209999999999999964e+00
1.199999999999999956e-01
5.499999999999999334e-01
6.299999999999998934e-01
8.266666666666666607e-01
1.313333333333333464e+00
4.666666666666666186e-01
2.600000000000000089e-01
6.433333333333333126e-01
6.366666666666666030e-01
1.166666666666666546e-01
7.700000000000000178e-01
3.899999999999999578e-01
5.800000000000000711e-01
2.099999999999999922e-01
2.666666666666666838e-02
2.433333333333333182e-01
1.000000000000000021e-02
1.766666666666666663e-01
3.466666666666666785e-01
2.999999999999999889e-02
4.033333333333333215e-01
0.000000000000000000e+00
0.000000000000000000e+00
0.000000000000000000e+00
9.999999999999999167e-02
2.633333333333333637e-01
0.000000000000000000e+00
2.233333333333333004e-01
4.466666666666667118e-01
3.333333333333333287e-02
1.666666666666666574e-01
2.366666666666666641e-01
1.933333333333333570e-01
5.999999999999999778e-02
1.600000000000000033e-01
1.600000000000000033e-01
9.666666666666666463e-02
0.000000000000000000e+00
3.333333333333333287e-02
4.333333333333333481e-02
6.333333333333333870e-02
2.333333333333333440e-02
8.333333333333332871e-02
8.733333333333334059e-01
2.999999999999999889e-01
9.666666666666666463e-02
1.263333333333333419e+00
1.666666666666666644e-02
1.199999999999999956e-01
3.333333333333333547e-03
3.333333333333333287e-02
0.000000000000000000e+00
6.666666666666667095e-03
0.000000000000000000e+00
1.066666666666666735e-01
7.333333333333333370e-02
3.233333333333333059e-01
7.200000000000000844e-01
2.899999999999999800e-01
8.399999999999999689e-01
2.333333333333333440e-02
1.233333333333333365e-01
9.700000000000000844e-01
2.966666666666666896e-01
7.433333333333332904e-01
4.933333333333333459e-01
8.433333333333333792e-01
2.999999999999999889e-02
1.433333333333333404e-01
0.000000000000000000e+00
3.333333333333333287e-02
0.000000000000000000e+00
0.000000000000000000e+00
0.000000000000000000e+00
4.000000000000000083e-02
1.333333333333333419e-02
3.333333333333333547e-03
7.333333333333333370e-02
5.466666666666667451e-01
1.666666666666666644e-02
8.000000000000000167e-02
1.033333333333333326e-01
2.099999999999999922e-01
2.766666666666666718e-01
2.533333333333333548e-01
1.766666666666666663e-01
1.633333333333333304e-01
2.333333333333333440e-02
0.000000000000000000e+00
6.666666666666667095e-03
0.000000000000000000e+00
0.000000000000000000e+00
3.333333333333333547e-03
8.333333333333333703e-01
5.666666666666667074e-02
4.966666666666666452e-01
9.666666666666667851e-02
9.666666666666667851e-02
7.333333333333333370e-02
6.666666666666667095e-03
1.333333333333333315e-01
0.000000000000000000e+00
4.000000000000000083e-02
0.000000000000000000e+00
3.333333333333333547e-03
8.333333333333332871e-02
3.666666666666667379e-02
9.333333333333333759e-02
1.533333333333333215e-01
1.513333333333333419e+00
3.899999999999999578e-01
2.500000000000000000e-01
9.433333333333333570e-01
1.533333333333333215e-01
9.833333333333332815e-01
9.633333333333332638e-01
1.666666666666666574e-01
7.166666666666666741e-01
2.633333333333333637e-01
1.040000000000000036e+00
1.750000000000000000e+00
8.199999999999999512e-01
8.133333333333333526e-01
3.833333333333333037e-01
6.699999999999999289e-01
1.866666666666666474e-01
2.033333333333333659e-01
5.799999999999999600e-01
1.876666666666666705e+00
2.066666666666666874e+00
1.623333333333333295e+00
9.366666666666666474e-01
6.633333333333333304e-01
1.063333333333333242e+00
2.700000000000000178e-01
1.410000000000000142e+00
1.250000000000000000e+00
6.833333333333332371e-01
2.099999999999999922e-01
1.966666666666666841e-01
2.766666666666666718e-01
3.066666666666666430e-01
1.183333333333333348e+00
2.200000000000000011e-01
5.666666666666666519e-01
3.899999999999999578e-01
3.833333333333333037e-01
3.200000000000000067e-01
2.333333333333333093e-01
6.333333333333333870e-02
2.299999999999999822e-01
1.183333333333333348e+00
2.766666666666666718e-01
4.000000000000000083e-02
1.103333333333333277e+00
2.766666666666666718e-01
6.033333333333333881e-01
3.833333333333333592e-01
6.733333333333332282e-01
9.666666666666666741e-01
2.013333333333333197e+00
2.416666666666666519e+00
9.666666666666666741e-01
1.000000000000000194e-01
7.999999999999999334e-01
1.133333333333333415e-01
5.000000000000000971e-02
9.000000000000001055e-02
1.733333333333333393e-01
8.333333333333332871e-02
4.366666666666667029e-01
6.999999999999999278e-02
1.233333333333333365e-01
2.399999999999999911e-01
2.399999999999999911e-01
3.600000000000000422e-01
3.966666666666666674e-01
6.766666666666667496e-01
1.159999999999999920e+00
1.566666666666666485e-01
5.133333333333333082e-01
5.533333333333333437e-01
2.093333333333333268e+00
