1.086666666666666670e+00
1.066666666666666735e-01
5.200000000000000178e-01
5.000000000000000000e-01
1.396666666666666723e+00
5.000000000000000971e-02
1.196666666666666545e+00
6.666666666666666574e-02
4.199999999999999845e-01
7.200000000000000844e-01
1.383333333333333526e+00
1.456666666666666776e+00
2.466666666666666730e-01
2.899999999999999800e-01
1.363333333333333286e+00
3.433333333333333237e-01
1.193333333333333357e+00
1.243333333333333401e+00
7.333333333333333370e-02
6.633333333333334414e-01
3.966666666666666674e-01
5.733333333333332504e-01
4.666666666666666879e-02
7.700000000000000178e-01
3.733333333333332948e-01
6.999999999999999278e-02
3.966666666666666674e-01
1.999999999999999833e-01
7.099999999999999645e-01
1.250000000000000000e+00
1.126666666666666705e+00
