1.536666666666666847e+00
8.833333333333333037e-01
6.400000000000000133e-01
1.066666666666666652e+00
1.266666666666666774e-01
2.250000000000000000e+00
2.733333333333333726e-01
1.673333333333333117e+00
6.433333333333333126e-01
1.003333333333333410e+00
1.499999999999999944e-01
1.899999999999999745e-01
8.666666666666666963e-02
3.000000000000000236e-02
1.000000000000000021e-02
3.000000000000000444e-01
2.099999999999999922e-01
1.113333333333333286e+00
1.666666666666666644e-02
2.466666666666666730e-01
0.000000000000000000e+00
1.933333333333333293e-01
4.666666666666666879e-02
3.666666666666666685e-02
9.000000000000001055e-02
2.733333333333333171e-01
1.399999999999999856e-01
2.600000000000000089e-01
9.666666666666667851e-02
4.066666666666666763e-01
1.600000000000000033e-01
1.066666666666666735e-01
3.200000000000000067e-01
6.566666666666666208e-01
1.033333333333333326e-01
4.733333333333333282e-01
1.170000000000000151e+00
1.866666666666666474e-01
2.999999999999999889e-02
2.566666666666666541e-01
4.899999999999999911e-01
5.099999999999998979e-01
6.933333333333333570e-01
1.666666666666666644e-02
3.333333333333333547e-03
3.800000000000000600e-01
1.266666666666666774e-01
6.999999999999999278e-02
3.853333333333333499e+00
