4.400000000000000022e-01
2.899999999999999800e-01
5.766666666666666607e-01
3.566666666666666319e-01
9.000000000000001055e-02
3.600000000000000422e-01
1.360000000000000098e+00
5.966666666666666785e-01
1.566666666666666485e-01
1.343333333333333490e+00
7.333333333333334758e-02
3.966666666666666674e-01
5.666666666666667074e-02
7.700000000000000178e-01
3.633333333333332860e-01
1.433333333333333404e-01
2.133333333333333470e-01
7.933333333333333348e-01
6.333333333333333870e-02
6.666666666666666574e-02
1.016666666666666607e+00
3.633333333333332860e-01
1.206666666666666776e+00
6.666666666666667095e-03
4.000000000000000083e-02
1.333333333333333419e-02
3.600000000000000422e-01
8.466666666666666785e-01
6.033333333333333881e-01
6.633333333333334414e-01
9.000000000000001055e-02
1.030000000000000027e+00
1.366666666666666863e-01
8.000000000000000167e-02
1.000000000000000194e-01
0.000000000000000000e+00
4.333333333333333481e-02
1.400000000000000133e-01
3.366666666666666696e-01
3.466666666666666785e-01
1.400000000000000133e-01
5.133333333333333082e-01
1.166666666666666546e-01
5.000000000000000971e-02
2.333333333333333093e-01
2.700000000000000178e-01
0.000000000000000000e+00
4.666666666666666879e-02
9.333333333333333759e-02
2.399999999999999911e-01
2.666666666666666630e-01
4.533333333333333659e-01
3.966666666666666674e-01
1.869999999999999885e+00
1.333333333333333315e-01
4.766666666666666274e-01
5.466666666666667451e-01
8.333333333333332871e-02
1.933333333333333570e+00
2.266666666666666552e-01
4.466666666666667118e-01
1.023333333333333428e+00
