1.016666666666666829e+00
2.600000000000000089e-01
2.600000000000000089e-01
5.000000000000000000e-01
4.099999999999999756e-01
9.899999999999998801e-01
4.433333333333333570e-01
2.899999999999999800e-01
2.566666666666666541e-01
8.333333333333332871e-02
1.536666666666666847e+00
2.099999999999999922e-01
3.366666666666666141e-01
8.000000000000000167e-02
4.333333333333333481e-02
5.133333333333333082e-01
5.633333333333333526e-01
2.130000000000000338e+00
3.300000000000000155e-01
2.196666666666666767e+00
1.476666666666666572e+00
1.690000000000000169e+00
2.270000000000000018e+00
1.903333333333333321e+00
4.666666666666666879e-02
6.066666666666666874e-01
2.533333333333333548e-01
4.566666666666667207e-01
2.433333333333333182e-01
1.119999999999999885e+00
9.466666666666666563e-01
8.566666666666667984e-01
3.800000000000000600e-01
7.533333333333332993e-01
5.166666666666666075e-01
5.333333333333333676e-02
0.000000000000000000e+00
3.966666666666666674e-01
1.023333333333333428e+00
0.000000000000000000e+00
1.766666666666666663e-01
1.873333333333333295e+00
9.000000000000001055e-02
2.566666666666666541e-01
9.000000000000001055e-02
4.233333333333333393e-01
3.733333333333333504e-01
2.000000000000000042e-02
3.333333333333333547e-03
5.300000000000000266e-01
0.000000000000000000e+00
1.333333333333333419e-02
2.500000000000000000e-01
1.166666666666666546e-01
0.000000000000000000e+00
2.066666666666666652e-01
1.166666666666666546e-01
1.253333333333333188e+00
2.333333333333333440e-02
4.899999999999999911e-01
3.899999999999999578e-01
8.333333333333332871e-02
8.666666666666665853e-01
8.566666666666667984e-01
1.666666666666666574e-01
6.466666666666667229e-01
6.333333333333333870e-02
6.066666666666666874e-01
4.266666666666666941e-01
1.433333333333333404e-01
8.066666666666666430e-01
1.266666666666666774e-01
4.033333333333333215e-01
7.333333333333334758e-02
1.719999999999999973e+00
2.500000000000000000e-01
1.999999999999999833e-01
6.866666666666666474e-01
2.066666666666666652e-01
8.666666666666666963e-02
2.000000000000000042e-02
1.666666666666666644e-02
1.030000000000000027e+00
7.399999999999998801e-01
0.000000000000000000e+00
2.133333333333333470e-01
1.776666666666666616e+00
1.766666666666666663e-01
8.666666666666666963e-02
1.203333333333333366e+00
1.566666666666666485e-01
1.233333333333333365e-01
7.433333333333332904e-01
9.933333333333332904e-01
1.656666666666666510e+00
2.430000000000000160e+00
2.066666666666666430e+00
7.466666666666667007e-01
2.966666666666666896e-01
7.666666666666666075e-02
6.899999999999999467e-01
4.966666666666666452e-01
1.533333333333333215e+00
3.666666666666667379e-02
9.899999999999998801e-01
0.000000000000000000e+00
5.533333333333333437e-01
2.333333333333333440e-02
1.066666666666666735e-01
7.766666666666667274e-01
4.333333333333332926e-01
2.733333333333333726e-01
2.766666666666666718e-01
3.966666666666666674e-01
4.333333333333333481e-02
1.440000000000000169e+00
6.466666666666666119e-01
2.999999999999999889e-01
1.099999999999999867e-01
1.056666666666666643e+00
8.333333333333332871e-02
1.700000000000000122e-01
2.999999999999999889e-01
2.633333333333333637e-01
4.133333333333333304e-01
1.570000000000000284e+00
5.066666666666667096e-01
7.566666666666667096e-01
4.733333333333333282e-01
1.330000000000000071e+00
3.366666666666666696e-01
6.166666666666666963e-01
6.000000000000000472e-02
3.099999999999999978e-01
4.926666666666666750e+00
