4.596666666666666679e+00
2.733333333333332948e+00
1.166666666666666546e-01
1.199999999999999956e-01
4.333333333333333481e-02
2.666666666666666838e-02
4.666666666666666879e-02
2.000000000000000042e-02
2.333333333333333440e-02
4.000000000000000083e-02
1.566666666666666485e-01
4.000000000000000083e-02
1.000000000000000021e-02
8.666666666666666963e-02
1.666666666666666644e-02
1.000000000000000021e-02
0.000000000000000000e+00
7.333333333333333370e-02
3.666666666666666685e-02
2.999999999999999889e-02
4.333333333333333481e-02
1.066666666666666735e-01
9.666666666666666463e-02
4.000000000000000083e-02
1.900000000000000300e-01
2.733333333333333726e-01
1.666666666666666644e-02
3.666666666666666685e-02
5.333333333333333676e-02
4.333333333333333481e-02
1.333333333333333315e-01
5.899999999999999689e-01
3.240000000000000213e+00
