9.066666666666666208e-01
3.833333333333333037e-01
5.133333333333333082e-01
1.666666666666666644e-02
5.166666666666667185e-01
3.333333333333333547e-03
8.166666666666665408e-01
9.666666666666666463e-02
1.196666666666666767e+00
1.899999999999999745e-01
9.000000000000001055e-02
3.366666666666666696e-01
1.063333333333333242e+00
1.199999999999999956e-01
5.699999999999999512e-01
3.566666666666666874e-01
2.733333333333333726e-01
2.999999999999999889e-02
3.099999999999999978e-01
1.833333333333333481e-01
1.256666666666666821e+00
1.003333333333333188e+00
6.233333333333334059e-01
0.000000000000000000e+00
1.236666666666666581e+00
1.150000000000000133e+00
1.033333333333333326e-01
1.333333333333333419e-02
6.933333333333333570e-01
1.219999999999999973e+00
1.666666666666666644e-02
5.666666666666667074e-02
1.123333333333333295e+00
7.733333333333333171e-01
7.666666666666666075e-02
1.666666666666666644e-02
1.283333333333333437e+00
8.766666666666665941e-01
1.666666666666666644e-02
6.666666666666666297e-01
2.999999999999999889e-02
1.716666666666666563e+00
1.666666666666666574e-01
7.333333333333331983e-02
3.966666666666666674e-01
1.109999999999999876e+00
7.200000000000000844e-01
7.000000000000000666e-02
7.000000000000000666e-02
1.039999999999999813e+00
3.833333333333333592e-01
0.000000000000000000e+00
2.466666666666666730e-01
9.766666666666666829e-01
6.666666666666666574e-02
4.000000000000000083e-02
7.866666666666666252e-01
3.600000000000000422e-01
2.266666666666666829e-01
1.266666666666666774e-01
7.333333333333333370e-02
3.500000000000000333e-01
2.566666666666666541e-01
2.459999999999999964e+00
2.366666666666666641e-01
7.833333333333333259e-01
1.199999999999999956e-01
1.966666666666666563e-01
2.500000000000000000e-01
1.370000000000000107e+00
3.600000000000000422e-01
6.033333333333333881e-01
2.366666666666666641e-01
4.033333333333333215e-01
7.866666666666666252e-01
2.869999999999999662e+00
