6.466666666666666119e-01
3.666666666666666963e-01
1.063333333333333242e+00
4.000000000000000083e-02
6.833333333333332371e-01
8.599999999999999867e-01
1.933333333333333570e-01
1.800000000000000211e-01
9.799999999999999822e-01
9.000000000000001055e-02
1.633333333333333304e-01
5.366666666666667362e-01
2.399999999999999911e-01
1.199999999999999956e-01
1.099999999999999867e-01
1.056666666666666643e+00
1.166666666666666546e-01
1.933333333333333293e-01
3.000000000000000444e-01
1.366666666666666863e-01
8.833333333333333037e-01
0.000000000000000000e+00
4.666666666666666879e-02
5.499999999999999334e-01
