1.349999999999999867e+00
1.033333333333333326e-01
1.300000000000000044e-01
6.333333333333333870e-02
1.766666666666666663e-01
0.000000000000000000e+00
6.666666666666667095e-03
5.866666666666665586e-01
1.166666666666666546e-01
1.333333333333333419e-02
3.666666666666666685e-02
1.956666666666666776e+00
2.233333333333333004e-01
2.099999999999999645e-01
9.666666666666667851e-02
4.766666666666666274e-01
1.033333333333333326e-01
4.999999999999999584e-02
9.499999999999998446e-01
1.800000000000000211e-01
3.166666666666666519e-01
3.899999999999999578e-01
2.799999999999999711e-01
6.000000000000000472e-02
3.566666666666666319e-01
7.966666666666667451e-01
6.666666666666667095e-03
8.333333333333332871e-02
7.333333333333334758e-02
3.366666666666666696e-01
9.999999999999999167e-02
4.833333333333333370e-01
2.500000000000000000e-01
4.666666666666666879e-02
1.833333333333333481e-01
4.999999999999999584e-02
3.933333333333333681e-01
1.333333333333333419e-02
3.333333333333333547e-03
9.999999999999999167e-02
8.666666666666666963e-02
0.000000000000000000e+00
3.666666666666666685e-02
1.000000000000000000e+00
6.666666666666666574e-02
0.000000000000000000e+00
1.000000000000000021e-02
2.733333333333333726e-01
2.300000000000000100e-01
9.666666666666667851e-02
1.000000000000000021e-02
2.600000000000000089e-01
1.533333333333333215e-01
5.999999999999999778e-02
6.000000000000000472e-02
2.333333333333333440e-02
3.333333333333333547e-03
1.333333333333333419e-02
2.333333333333333440e-02
9.333333333333333759e-02
6.333333333333333870e-02
8.666666666666666963e-02
1.733333333333333393e-01
2.199999999999999734e-01
2.566666666666666541e-01
1.099999999999999867e-01
4.399999999999999467e-01
1.333333333333333419e-02
4.999999999999999584e-02
1.333333333333333419e-02
1.000000000000000194e-01
7.333333333333334758e-02
0.000000000000000000e+00
1.666666666666666644e-02
1.000000000000000021e-02
5.200000000000000178e-01
1.513333333333333419e+00
1.016666666666666607e+00
1.433333333333333404e-01
2.233333333333333559e-01
1.866666666666666752e-01
1.020000000000000018e+00
3.933333333333333126e-01
0.000000000000000000e+00
6.666666666666666574e-02
2.310000000000000053e+00
1.633333333333333304e-01
9.999999999999999167e-02
6.666666666666666574e-02
2.899999999999999800e-01
4.666666666666666879e-02
5.333333333333334370e-02
6.933333333333333570e-01
1.066666666666666735e-01
1.666666666666666574e-01
4.333333333333333481e-02
2.933333333333333348e-01
1.000000000000000021e-02
1.199999999999999956e-01
1.266666666666666607e+00
2.566666666666666541e-01
4.000000000000000083e-02
0.000000000000000000e+00
2.999999999999999889e-02
1.000000000000000021e-02
1.633333333333333304e-01
1.933333333333333570e-01
1.333333333333333419e-02
3.899999999999999578e-01
1.400000000000000133e-01
5.466666666666666341e-01
5.333333333333333676e-02
0.000000000000000000e+00
2.000000000000000042e-02
7.666666666666667462e-02
0.000000000000000000e+00
3.666666666666667379e-02
4.533333333333333659e-01
4.000000000000000083e-02
6.666666666666667095e-03
1.333333333333333419e-02
5.933333333333333792e-01
1.833333333333333481e-01
9.000000000000001055e-02
7.000000000000000666e-02
3.666666666666666408e-01
4.666666666666666879e-02
2.600000000000000089e-01
2.166666666666666741e-01
6.000000000000000472e-02
7.666666666666666075e-02
2.666666666666666838e-02
1.066666666666666735e-01
1.533333333333333492e-01
9.666666666666667851e-02
5.333333333333333676e-02
1.999999999999999833e-01
8.333333333333332871e-02
8.000000000000000167e-02
1.300000000000000044e-01
2.299999999999999822e-01
2.666666666666666838e-02
9.000000000000001055e-02
6.666666666666667095e-03
4.033333333333333215e-01
8.666666666666666963e-02
0.000000000000000000e+00
3.333333333333333547e-03
6.666666666666666574e-02
7.500000000000000000e-01
3.016666666666667052e+00
9.600000000000000755e-01
1.366666666666666863e-01
1.166666666666666546e-01
1.333333333333333419e-02
5.999999999999999778e-02
4.666666666666666879e-02
2.333333333333333440e-02
6.433333333333333126e-01
6.333333333333333870e-02
6.666666666666667095e-03
8.000000000000000167e-02
1.330000000000000071e+00
1.866666666666666752e-01
1.866666666666666474e-01
1.166666666666666546e-01
4.533333333333333104e-01
4.000000000000000083e-02
5.666666666666667074e-02
7.000000000000000666e-01
5.666666666666667074e-02
3.499999999999999223e-01
1.666666666666666574e-01
6.133333333333332860e-01
2.200000000000000011e-01
4.766666666666666274e-01
1.236666666666666803e+00
7.666666666666667462e-02
1.499999999999999944e-01
3.333333333333333287e-02
8.666666666666666963e-02
1.333333333333333315e-01
5.499999999999999334e-01
2.666666666666666630e-01
1.000000000000000021e-02
7.333333333333334758e-02
4.000000000000000083e-02
4.466666666666666008e-01
4.000000000000000083e-02
0.000000000000000000e+00
0.000000000000000000e+00
8.000000000000000167e-02
6.666666666666667095e-03
2.000000000000000042e-02
1.766666666666666663e-01
5.333333333333333676e-02
3.666666666666666685e-02
1.800000000000000211e-01
6.433333333333333126e-01
2.699999999999999623e-01
1.600000000000000033e-01
1.933333333333333293e-01
4.733333333333333282e-01
7.000000000000000666e-02
4.666666666666666879e-02
4.000000000000000083e-02
0.000000000000000000e+00
2.333333333333333440e-02
0.000000000000000000e+00
1.099999999999999867e-01
1.000000000000000021e-02
9.000000000000001055e-02
2.833333333333332704e-01
3.566666666666666319e-01
8.666666666666666963e-02
3.066666666666666430e-01
1.166666666666666546e-01
2.399999999999999911e-01
0.000000000000000000e+00
1.400000000000000133e-01
9.000000000000001055e-02
4.199999999999999845e-01
2.933333333333332793e-01
1.666666666666666644e-02
6.666666666666666574e-02
1.100000000000000006e-01
5.400000000000000355e-01
3.463333333333333375e+00
9.466666666666666563e-01
1.833333333333333481e-01
1.400000000000000133e-01
0.000000000000000000e+00
2.700000000000000178e-01
1.469999999999999973e+00
1.966666666666666563e-01
2.999999999999999889e-02
8.000000000000000167e-02
1.000000000000000021e-02
1.800000000000000211e-01
1.666666666666666574e-01
1.933333333333333570e-01
2.999999999999999889e-02
1.156666666666666510e+00
1.493333333333333401e+00
2.700000000000000178e-01
8.566666666666665764e-01
1.600000000000000033e-01
1.566666666666666485e-01
7.266666666666666829e-01
1.433333333333333404e-01
1.003333333333333410e+00
1.000000000000000194e-01
0.000000000000000000e+00
1.333333333333333315e-01
8.000000000000000167e-02
7.333333333333334758e-02
1.133333333333333276e-01
4.066666666666666763e-01
1.079999999999999849e+00
5.100000000000000089e-01
1.300000000000000044e-01
8.000000000000000167e-02
1.366666666666666863e-01
3.333333333333333547e-03
1.400000000000000133e-01
0.000000000000000000e+00
9.666666666666667851e-02
8.000000000000000167e-02
2.066666666666666652e-01
1.633333333333333304e-01
1.166666666666666546e-01
3.433333333333333237e-01
4.666666666666666879e-02
3.066666666666666985e-01
5.866666666666666696e-01
3.966666666666666674e-01
3.666666666666667379e-02
5.000000000000000971e-02
6.733333333333333393e-01
1.050000000000000044e+00
3.333333333333333287e-02
3.099999999999999978e-01
5.366666666666667362e-01
6.700000000000000400e-01
9.000000000000001055e-02
1.719999999999999973e+00
2.433333333333333182e-01
0.000000000000000000e+00
1.466666666666666674e-01
3.166666666666666519e-01
5.133333333333333082e-01
2.000000000000000042e-02
6.033333333333333881e-01
3.033333333333333992e-01
2.966666666666666896e-01
6.666666666666666574e-02
3.300000000000000155e-01
1.133333333333333415e-01
4.666666666666666186e-01
1.466666666666666785e+00
5.666666666666666380e-02
2.563333333333333020e+00
1.833333333333333481e-01
1.866666666666666474e-01
0.000000000000000000e+00
1.143333333333333313e+00
1.600000000000000033e-01
1.636666666666666714e+00
