5.866666666666666696e-01
6.066666666666665764e-01
4.999999999999999584e-02
1.133333333333333276e-01
1.396666666666666723e+00
0.000000000000000000e+00
8.099999999999999423e-01
1.176666666666666750e+00
1.000000000000000021e-02
2.999999999999999889e-02
1.966666666666666563e-01
3.033333333333332882e-01
5.566666666666666430e-01
0.000000000000000000e+00
7.666666666666667462e-02
1.733333333333333393e-01
5.999999999999999778e-02
2.233333333333333004e-01
1.300000000000000044e-01
3.333333333333333287e-02
1.669999999999999929e+00
2.600000000000000089e-01
2.199999999999999734e-01
8.666666666666666963e-02
1.686666666666666758e+00
4.899999999999999911e-01
1.000000000000000000e+00
2.966666666666666341e-01
8.000000000000000167e-02
1.300000000000000044e-01
2.999999999999999889e-02
4.000000000000000083e-02
7.766666666666667274e-01
1.266666666666666774e-01
7.666666666666666075e-02
1.333333333333333315e-01
6.666666666666666574e-02
1.146666666666666723e+00
1.026666666666666616e+00
5.666666666666667074e-02
1.666666666666666644e-02
4.199999999999999845e-01
1.833333333333333481e-01
1.433333333333333348e+00
4.333333333333333481e-02
3.966666666666666674e-01
3.033333333333333437e-01
5.933333333333333792e-01
3.933333333333333681e-01
5.966666666666666785e-01
5.999999999999999778e-02
1.000000000000000021e-02
6.699999999999999289e-01
3.666666666666666685e-02
6.600000000000000311e-01
3.333333333333333547e-03
2.566666666666666541e-01
1.000000000000000021e-02
9.000000000000001055e-02
1.199999999999999956e-01
5.866666666666665586e-01
1.050000000000000044e+00
1.000000000000000021e-02
3.333333333333333547e-03
1.866666666666666474e-01
8.666666666666666963e-01
2.866666666666666807e-01
8.333333333333332871e-02
4.633333333333333748e-01
3.666666666666666963e-01
5.999999999999999778e-02
5.233333333333333171e-01
1.843333333333333046e+00
1.023333333333333206e+00
3.133333333333332971e-01
1.466666666666666397e-01
2.566666666666666541e-01
3.433333333333333237e-01
1.566666666666666652e+00
2.033333333333333659e-01
3.133333333333333526e-01
3.166666666666666519e-01
6.666666666666667095e-03
6.666666666666666574e-02
1.000000000000000021e-02
8.233333333333332504e-01
1.320000000000000062e+00
1.790000000000000036e+00
1.533333333333333215e-01
2.066666666666666652e-01
2.133333333333332915e-01
2.566666666666666541e-01
3.333333333333333287e-02
1.000000000000000021e-02
3.333333333333333547e-03
0.000000000000000000e+00
4.999999999999999584e-02
0.000000000000000000e+00
4.299999999999999933e-01
9.333333333333333759e-02
1.933333333333333293e-01
1.433333333333333404e-01
9.866666666666666918e-01
2.266666666666666552e-01
7.233333333333332726e-01
1.766666666666666663e-01
1.166666666666666824e-01
5.299999999999999156e-01
0.000000000000000000e+00
4.633333333333333193e-01
1.053333333333333233e+00
1.666666666666666644e-02
4.666666666666666879e-02
1.400000000000000133e-01
6.233333333333332948e-01
1.110000000000000098e+00
0.000000000000000000e+00
5.666666666666666380e-02
1.233333333333333365e-01
0.000000000000000000e+00
1.000000000000000021e-02
1.066666666666666458e-01
0.000000000000000000e+00
5.366666666666667362e-01
2.133333333333332915e-01
2.033333333333333381e-01
7.333333333333334758e-02
2.359999999999999876e+00
8.599999999999999867e-01
5.566666666666667540e-01
8.333333333333332871e-02
0.000000000000000000e+00
5.666666666666667074e-02
7.333333333333333370e-02
3.333333333333333547e-03
2.733333333333333726e-01
8.333333333333332871e-02
2.999999999999999889e-02
3.133333333333334081e-01
3.000000000000000236e-02
6.500000000000000222e-01
8.466666666666666785e-01
2.299999999999999822e-01
1.000000000000000021e-02
5.666666666666666519e-01
2.366666666666666641e-01
2.003333333333333410e+00
1.833333333333333481e-01
3.300000000000000155e-01
2.366666666666666641e-01
3.200000000000000067e-01
8.333333333333332871e-02
6.833333333333332371e-01
5.333333333333334370e-02
1.033333333333333326e-01
6.233333333333334059e-01
8.666666666666666963e-02
8.799999999999998934e-01
6.333333333333333870e-02
1.033333333333333326e-01
3.666666666666666685e-02
2.266666666666666552e-01
1.233333333333333365e-01
3.999999999999999667e-01
5.666666666666667629e-01
4.666666666666666879e-02
1.333333333333333419e-02
9.333333333333333759e-02
1.010000000000000009e+00
2.666666666666666838e-02
0.000000000000000000e+00
1.173333333333333339e+00
2.533333333333333548e-01
0.000000000000000000e+00
5.300000000000000266e-01
1.626666666666666705e+00
6.199999999999999956e-01
5.999999999999999778e-02
1.033333333333333326e-01
8.000000000000000167e-02
1.333333333333333419e-02
7.400000000000001021e-01
1.133333333333333415e-01
4.333333333333333481e-02
2.000000000000000042e-02
1.800000000000000211e-01
2.333333333333333440e-02
4.666666666666666879e-02
1.723333333333333384e+00
1.093333333333333268e+00
9.433333333333332460e-01
1.666666666666666644e-02
5.633333333333333526e-01
2.199999999999999734e-01
1.166666666666666546e-01
4.999999999999999584e-02
0.000000000000000000e+00
1.000000000000000021e-02
0.000000000000000000e+00
7.333333333333334758e-02
0.000000000000000000e+00
9.199999999999999289e-01
1.266666666666666774e-01
1.100000000000000006e-01
3.566666666666666319e-01
9.100000000000000311e-01
