1.083333333333333259e+00
4.500000000000000111e-01
2.333333333333333440e-02
1.300000000000000044e-01
5.666666666666667074e-02
2.299999999999999822e-01
4.166666666666666852e-01
3.000000000000000236e-02
5.666666666666667074e-02
6.666666666666667095e-03
5.633333333333333526e-01
1.000000000000000021e-02
6.666666666666667095e-03
9.666666666666667851e-02
1.000000000000000021e-02
5.699999999999999512e-01
3.333333333333333287e-02
6.333333333333333870e-02
3.666666666666666963e-01
5.833333333333333703e-01
2.666666666666666838e-02
4.333333333333333481e-02
1.870000000000000107e+00
2.866666666666666807e-01
6.666666666666667095e-03
9.333333333333332371e-02
3.733333333333332948e-01
0.000000000000000000e+00
1.000000000000000021e-02
9.033333333333333215e-01
1.400000000000000133e-01
0.000000000000000000e+00
8.000000000000000167e-02
5.333333333333333259e-01
1.366666666666666863e-01
2.299999999999999822e-01
5.833333333333333703e-01
3.733333333333333504e-01
4.666666666666666879e-02
1.330000000000000071e+00
4.899999999999999911e-01
3.533333333333333326e-01
6.466666666666666119e-01
4.400000000000000022e-01
6.233333333333334059e-01
2.766666666666666718e-01
6.833333333333334592e-01
3.333333333333333287e-02
4.233333333333333393e-01
8.099999999999999423e-01
6.466666666666666119e-01
1.800000000000000211e-01
8.666666666666666963e-02
1.133333333333333276e-01
1.733333333333333393e-01
1.256666666666666821e+00
1.000000000000000021e-02
3.899999999999999578e-01
0.000000000000000000e+00
8.633333333333332860e-01
7.433333333333332904e-01
4.333333333333333481e-02
0.000000000000000000e+00
1.199999999999999956e-01
0.000000000000000000e+00
1.333333333333333419e-02
4.999999999999999584e-02
2.333333333333333093e-01
0.000000000000000000e+00
0.000000000000000000e+00
8.333333333333332871e-02
4.199999999999999289e-01
7.000000000000000666e-02
1.123333333333333295e+00
1.113333333333333286e+00
4.333333333333333481e-02
1.800000000000000211e-01
5.166666666666667185e-01
1.033333333333333326e-01
1.666666666666666644e-02
2.866666666666666807e-01
1.466666666666666952e-01
4.666666666666666879e-02
5.666666666666667074e-02
7.033333333333332549e-01
8.333333333333332871e-02
6.666666666666666574e-02
2.666666666666666838e-02
4.833333333333333370e-01
1.250000000000000000e+00
4.500000000000000111e-01
1.223333333333333384e+00
1.666666666666666644e-02
1.866666666666666752e-01
2.766666666666666718e-01
9.233333333333333393e-01
8.000000000000000167e-02
3.000000000000000236e-02
1.969999999999999973e+00
1.666666666666666644e-02
6.666666666666667095e-03
2.666666666666666838e-02
1.933333333333333570e-01
0.000000000000000000e+00
7.666666666666667462e-02
3.000000000000000236e-02
3.333333333333333547e-03
3.333333333333333547e-03
3.666666666666666685e-02
0.000000000000000000e+00
5.999999999999999778e-02
3.300000000000000155e-01
5.666666666666667074e-02
2.366666666666666641e-01
2.333333333333333093e-01
4.900000000000000466e-01
6.666666666666667095e-03
2.066666666666666652e-01
1.433333333333333404e-01
1.233333333333333365e-01
2.999999999999999889e-02
5.666666666666667074e-02
1.133333333333333415e-01
1.066666666666666735e-01
0.000000000000000000e+00
5.133333333333333082e-01
1.326666666666666883e+00
6.666666666666667095e-03
6.666666666666667095e-03
8.666666666666666963e-02
3.333333333333333287e-02
0.000000000000000000e+00
2.333333333333333440e-02
3.566666666666666319e-01
9.999999999999999167e-02
0.000000000000000000e+00
3.666666666666666685e-02
2.366666666666666641e-01
1.703333333333333144e+00
9.766666666666666829e-01
3.336666666666666448e+00
1.903333333333333321e+00
1.586666666666666670e+00
3.433333333333332682e-01
3.666666666666666963e-01
1.100000000000000006e-01
1.133333333333333304e+00
6.166666666666666963e-01
7.966666666666665231e-01
4.999999999999999584e-02
6.666666666666666574e-02
1.666666666666666644e-02
6.333333333333333870e-02
6.666666666666666574e-02
0.000000000000000000e+00
1.066666666666666735e-01
3.666666666666666685e-02
1.133333333333333304e+00
8.000000000000000167e-02
2.999999999999999889e-01
9.000000000000001055e-02
7.133333333333332638e-01
1.226666666666666794e+00
6.666666666666667095e-03
2.000000000000000042e-02
3.333333333333333547e-03
5.733333333333332504e-01
3.333333333333333287e-02
1.000000000000000021e-02
0.000000000000000000e+00
3.666666666666666963e-01
2.333333333333333440e-02
3.333333333333333287e-02
1.133333333333333276e-01
3.766666666666667052e-01
5.566666666666666430e-01
4.266666666666666941e-01
1.196666666666666545e+00
1.933333333333333570e-01
6.099999999999999867e-01
1.969999999999999973e+00
7.733333333333334281e-01
1.766666666666666663e-01
2.146666666666666501e+00
3.500000000000000333e-01
2.433333333333333737e-01
1.366666666666666863e-01
5.999999999999999778e-01
1.133333333333333276e-01
7.500000000000000000e-01
3.466666666666666785e-01
1.833333333333333481e-01
8.699999999999999956e-01
1.266666666666666774e-01
1.333333333333333419e-02
2.200000000000000011e-01
8.666666666666666963e-02
1.666666666666666644e-02
7.333333333333334758e-02
8.100000000000000533e-01
0.000000000000000000e+00
9.433333333333333570e-01
8.333333333333332871e-02
2.700000000000000178e-01
1.000000000000000021e-02
9.833333333333333925e-01
1.553333333333333455e+00
2.966666666666666896e-01
9.000000000000001055e-02
9.333333333333333759e-02
3.333333333333333287e-02
1.499999999999999944e-01
1.433333333333333404e-01
9.566666666666666652e-01
0.000000000000000000e+00
2.099999999999999922e-01
2.766666666666666718e-01
2.833333333333333259e-01
1.966666666666666563e-01
1.250000000000000000e+00
2.199999999999999734e-01
1.333333333333333419e-02
8.133333333333333526e-01
1.199999999999999956e-01
1.166666666666666546e-01
6.333333333333333870e-02
8.333333333333332871e-02
2.933333333333333348e-01
1.499999999999999944e-01
0.000000000000000000e+00
7.999999999999999334e-01
5.999999999999999778e-02
4.333333333333333481e-02
6.666666666666666574e-02
1.406666666666666510e+00
8.266666666666666607e-01
2.833333333333332704e-01
6.899999999999999467e-01
7.666666666666667462e-02
1.099999999999999867e+00
1.766666666666666663e-01
1.070000000000000062e+00
9.333333333333333759e-02
0.000000000000000000e+00
8.466666666666666785e-01
3.099999999999999978e-01
2.999999999999999889e-02
0.000000000000000000e+00
1.833333333333333481e-01
1.000000000000000021e-02
2.333333333333333440e-02
0.000000000000000000e+00
2.333333333333333093e-02
1.333333333333333419e-02
0.000000000000000000e+00
0.000000000000000000e+00
6.633333333333334414e-01
1.073333333333333250e+00
1.566666666666666485e-01
8.666666666666666963e-02
1.199999999999999956e+00
1.676666666666666750e+00
6.666666666666667095e-03
9.666666666666667851e-02
2.300000000000000100e-01
1.300000000000000044e-01
2.333333333333333440e-02
1.366666666666666863e-01
6.666666666666666574e-02
5.666666666666666380e-02
4.666666666666666879e-02
6.333333333333333870e-02
8.566666666666667984e-01
9.333333333333332371e-02
0.000000000000000000e+00
4.999999999999999584e-02
4.333333333333333481e-02
6.666666666666667095e-03
0.000000000000000000e+00
2.633333333333333637e-01
0.000000000000000000e+00
0.000000000000000000e+00
6.666666666666667095e-03
1.433333333333333404e-01
1.113333333333333286e+00
2.899999999999999800e-01
2.046666666666666856e+00
1.013333333333333419e+00
1.333333333333333315e-01
1.400000000000000133e-01
1.633333333333333304e-01
5.000000000000000971e-02
1.033333333333333326e-01
6.033333333333333881e-01
6.333333333333333870e-02
7.000000000000000666e-02
6.666666666666667095e-03
6.866666666666666474e-01
4.000000000000000083e-02
0.000000000000000000e+00
2.999999999999999889e-01
2.999999999999999889e-02
7.399999999999998801e-01
1.000000000000000021e-02
5.000000000000000971e-02
3.600000000000000422e-01
6.666666666666666297e-01
9.666666666666667851e-02
3.666666666666667379e-02
1.516666666666666607e+00
2.333333333333333093e-01
8.000000000000000167e-02
2.000000000000000042e-02
3.733333333333333504e-01
0.000000000000000000e+00
5.333333333333333676e-02
3.866666666666666585e-01
1.100000000000000006e-01
2.000000000000000042e-02
1.666666666666666644e-02
1.600000000000000033e-01
8.666666666666666963e-02
2.166666666666666463e-01
2.633333333333333637e-01
4.533333333333333104e-01
1.000000000000000021e-02
9.233333333333333393e-01
3.433333333333333237e-01
3.300000000000000155e-01
1.266666666666666774e-01
2.899999999999999800e-01
4.833333333333333370e-01
2.433333333333333182e-01
5.999999999999999778e-01
5.400000000000000355e-01
4.666666666666666186e-01
1.030000000000000027e+00
5.033333333333332993e-01
2.533333333333333548e-01
4.666666666666666879e-02
3.600000000000000422e-01
1.433333333333333404e-01
1.129999999999999893e+00
1.000000000000000021e-02
2.700000000000000178e-01
0.000000000000000000e+00
5.433333333333333348e-01
1.660000000000000142e+00
2.099999999999999645e-01
1.000000000000000021e-02
3.600000000000000422e-01
1.000000000000000021e-02
1.300000000000000044e-01
7.666666666666667462e-02
1.466666666666666674e-01
0.000000000000000000e+00
2.000000000000000042e-02
1.533333333333333215e-01
6.500000000000000222e-01
1.466666666666666397e-01
1.803333333333333455e+00
1.296666666666666634e+00
1.000000000000000021e-02
1.300000000000000044e-01
4.366666666666667029e-01
3.333333333333333287e-02
0.000000000000000000e+00
1.833333333333333481e-01
4.366666666666667029e-01
1.033333333333333465e-01
9.666666666666666463e-02
3.233333333333333059e-01
1.999999999999999833e-01
2.299999999999999822e-01
1.300000000000000044e-01
5.766666666666666607e-01
1.070000000000000062e+00
5.666666666666666380e-02
1.996666666666666812e+00
1.900000000000000300e-01
3.433333333333332682e-01
2.266666666666666552e-01
1.043333333333333224e+00
1.433333333333333404e-01
1.099999999999999867e-01
1.606666666666666687e+00
7.000000000000000666e-02
5.966666666666666785e-01
2.099999999999999922e-01
1.266666666666666774e-01
0.000000000000000000e+00
2.333333333333333093e-01
7.666666666666666075e-02
0.000000000000000000e+00
0.000000000000000000e+00
0.000000000000000000e+00
0.000000000000000000e+00
1.333333333333333419e-02
3.466666666666666785e-01
3.333333333333333287e-02
5.999999999999999778e-02
2.366666666666666641e-01
6.266666666666665941e-01
0.000000000000000000e+00
2.366666666666666641e-01
4.333333333333333481e-02
1.300000000000000044e-01
4.000000000000000083e-02
4.000000000000000083e-02
4.000000000000000083e-02
1.333333333333333419e-02
4.000000000000000083e-02
4.633333333333333193e-01
6.766666666666667496e-01
2.999999999999999889e-02
1.533333333333333492e-01
3.500000000000000333e-01
1.133333333333333276e-01
1.666666666666666644e-02
9.000000000000001055e-02
4.333333333333333481e-01
3.666666666666666685e-02
7.333333333333333370e-02
1.266666666666666774e-01
2.999999999999999889e-01
1.933333333333333348e+00
8.299999999999999600e-01
3.130000000000000338e+00
1.286666666666666847e+00
9.133333333333332194e-01
7.000000000000000666e-02
1.499999999999999944e-01
1.300000000000000044e-01
1.596666666666666679e+00
3.133333333333332971e-01
9.066666666666666208e-01
9.333333333333332371e-02
1.066666666666666735e-01
1.333333333333333419e-02
1.100000000000000006e-01
1.666666666666666644e-02
4.666666666666666879e-02
1.900000000000000300e-01
4.333333333333333481e-02
8.733333333333334059e-01
8.666666666666666963e-02
3.799999999999999489e-01
1.333333333333333315e-01
4.733333333333333282e-01
1.656666666666666954e+00
6.666666666666667095e-03
0.000000000000000000e+00
1.000000000000000021e-02
1.219999999999999973e+00
0.000000000000000000e+00
1.000000000000000021e-02
0.000000000000000000e+00
3.099999999999999978e-01
0.000000000000000000e+00
0.000000000000000000e+00
2.000000000000000042e-02
7.333333333333333370e-02
3.666666666666666963e-01
1.399999999999999856e-01
4.566666666666667207e-01
3.333333333333333547e-03
3.333333333333333287e-02
9.733333333333332726e-01
4.099999999999999756e-01
5.833333333333333703e-01
3.166666666666666519e+00
3.433333333333333237e-01
7.333333333333333370e-02
3.133333333333333526e-01
9.333333333333332371e-01
2.000000000000000389e-01
7.500000000000000000e-01
2.833333333333333814e-01
1.900000000000000300e-01
8.366666666666665586e-01
9.666666666666667851e-02
0.000000000000000000e+00
2.733333333333333726e-01
4.666666666666666879e-02
9.333333333333333759e-02
1.800000000000000211e-01
9.133333333333334414e-01
3.333333333333333547e-03
9.200000000000000400e-01
1.066666666666666735e-01
2.633333333333333637e-01
0.000000000000000000e+00
8.700000000000001066e-01
1.713333333333333153e+00
7.666666666666667462e-02
0.000000000000000000e+00
4.666666666666666879e-02
2.333333333333333093e-02
4.333333333333333481e-02
6.333333333333333870e-02
5.466666666666667451e-01
0.000000000000000000e+00
3.766666666666666496e-01
2.700000000000000178e-01
3.233333333333333059e-01
3.266666666666666607e-01
1.489999999999999991e+00
5.300000000000000266e-01
1.033333333333333326e-01
1.066666666666666652e+00
1.033333333333333326e-01
2.133333333333333470e-01
7.666666666666667462e-02
1.099999999999999867e-01
3.200000000000000067e-01
1.433333333333333404e-01
0.000000000000000000e+00
3.800000000000000600e-01
2.999999999999999889e-02
7.000000000000000666e-02
1.633333333333333304e-01
4.666666666666666186e-01
8.133333333333333526e-01
3.033333333333332882e-01
9.799999999999999822e-01
3.333333333333333287e-02
1.499999999999999944e-01
1.399999999999999856e-01
1.496666666666666812e+00
1.000000000000000021e-02
1.333333333333333419e-02
1.256666666666666599e+00
2.033333333333333381e-01
1.000000000000000021e-02
0.000000000000000000e+00
3.400000000000000244e-01
2.666666666666666838e-02
0.000000000000000000e+00
1.000000000000000021e-02
3.333333333333333287e-02
1.033333333333333326e-01
0.000000000000000000e+00
0.000000000000000000e+00
6.033333333333333881e-01
3.066666666666666985e-01
2.833333333333333814e-01
8.333333333333332871e-02
1.123333333333333295e+00
1.493333333333333401e+00
2.333333333333333440e-02
9.999999999999999167e-02
1.400000000000000133e-01
3.499999999999999223e-01
6.666666666666666574e-02
5.999999999999999778e-02
2.033333333333333381e-01
2.666666666666666838e-02
1.866666666666666752e-01
2.666666666666666838e-02
5.000000000000000000e-01
1.000000000000000021e-02
0.000000000000000000e+00
5.999999999999999778e-02
1.333333333333333419e-02
6.666666666666667095e-03
6.666666666666667095e-03
5.933333333333333792e-01
2.333333333333333440e-02
0.000000000000000000e+00
1.333333333333333419e-02
5.133333333333333082e-01
1.276666666666666616e+00
2.966666666666666341e-01
1.610000000000000098e+00
