1.173333333333333339e+00
7.299999999999999822e-01
8.399999999999999689e-01
2.700000000000000178e-01
9.666666666666666463e-02
7.466666666666667007e-01
3.366666666666667251e-01
4.433333333333333570e-01
1.066666666666666735e-01
3.300000000000000155e-01
9.833333333333332815e-01
5.766666666666666607e-01
1.166666666666666546e-01
1.150000000000000133e+00
1.216666666666666563e+00
8.666666666666666963e-02
1.989999999999999991e+00
7.633333333333333082e-01
2.833333333333333259e-01
2.600000000000000089e-01
6.266666666666665941e-01
1.313333333333333242e+00
