1.159999999999999920e+00
3.533333333333333326e-01
1.066666666666666735e-01
3.033333333333332882e-01
1.466666666666666785e+00
2.333333333333333093e-01
2.333333333333333440e-02
4.999999999999999584e-02
3.366666666666666696e-01
8.000000000000000167e-02
7.666666666666667462e-02
3.666666666666666685e-02
2.666666666666666838e-02
1.266666666666666774e-01
8.666666666666666963e-02
4.433333333333333570e-01
1.233333333333333365e-01
2.633333333333333637e-01
1.239999999999999991e+00
2.799999999999999711e-01
1.213333333333333375e+00
