4.000000000000000777e-01
1.333333333333333419e-02
3.666666666666666685e-02
2.666666666666666838e-02
2.399999999999999911e-01
1.419999999999999929e+00
3.899999999999999578e-01
0.000000000000000000e+00
6.266666666666665941e-01
2.999999999999999889e-01
1.083333333333333259e+00
1.000000000000000021e-02
6.666666666666667095e-03
7.933333333333333348e-01
1.096666666666666679e+00
2.000000000000000042e-02
1.800000000000000211e-01
1.179999999999999938e+00
1.130000000000000115e+00
7.033333333333332549e-01
1.966666666666666841e-01
2.000000000000000389e-01
6.666666666666666574e-02
1.233333333333333365e-01
6.666666666666667095e-03
5.666666666666667074e-02
9.333333333333333759e-02
9.666666666666667851e-02
0.000000000000000000e+00
5.033333333333334103e-01
2.133333333333333470e-01
3.666666666666667379e-02
1.399999999999999856e-01
1.936666666666666758e+00
1.403333333333333321e+00
1.666666666666666644e-02
2.466666666666666730e-01
1.679999999999999938e+00
9.666666666666666463e-02
2.713333333333333375e+00
1.076666666666666661e+00
1.733333333333333393e-01
1.966666666666666785e+00
1.366666666666666585e-01
1.466666666666666674e-01
2.999999999999999889e-02
3.333333333333333547e-03
3.333333333333333287e-02
4.000000000000000083e-02
1.199999999999999956e-01
1.199999999999999956e-01
2.010000000000000231e+00
8.033333333333332327e-01
0.000000000000000000e+00
0.000000000000000000e+00
3.333333333333333547e-03
0.000000000000000000e+00
3.666666666666666685e-02
8.666666666666666963e-02
7.666666666666667462e-02
6.166666666666666963e-01
2.933333333333333348e-01
1.000000000000000000e+00
2.223333333333333162e+00
1.800000000000000211e-01
1.433333333333333404e-01
2.233333333333333004e-01
1.133333333333333276e-01
3.366666666666666696e-01
0.000000000000000000e+00
9.666666666666666463e-02
1.586666666666666892e+00
1.243333333333333401e+00
0.000000000000000000e+00
1.326666666666666883e+00
2.433333333333333182e-01
8.666666666666666963e-02
5.333333333333333676e-02
1.166666666666666546e-01
2.600000000000000089e-01
1.333333333333333315e-01
0.000000000000000000e+00
3.333333333333333287e-02
0.000000000000000000e+00
4.333333333333333481e-01
4.699999999999999734e-01
1.000000000000000021e-02
1.079999999999999849e+00
3.033333333333333437e-01
3.333333333333333547e-03
1.013333333333333419e+00
2.566666666666666541e-01
4.000000000000000083e-02
1.036666666666666625e+00
2.000000000000000042e-02
4.633333333333333748e-01
1.603333333333333499e+00
8.333333333333332871e-02
2.666666666666666838e-02
7.366666666666666918e-01
1.433333333333333404e-01
0.000000000000000000e+00
3.333333333333333287e-02
1.566666666666666485e-01
1.833333333333333481e-01
8.866666666666667140e-01
2.000000000000000042e-02
3.066666666666666430e-01
0.000000000000000000e+00
1.066666666666666735e-01
2.666666666666666630e-01
4.333333333333333481e-01
9.666666666666667851e-01
2.193333333333333357e+00
2.346666666666666679e+00
5.799999999999999600e-01
2.333333333333333440e-02
2.666666666666666838e-02
2.000000000000000042e-02
2.999999999999999889e-02
0.000000000000000000e+00
7.399999999999998801e-01
9.000000000000000222e-01
1.356666666666666687e+00
3.333333333333333547e-03
3.666666666666666685e-02
1.266666666666666774e-01
0.000000000000000000e+00
1.066666666666666735e-01
1.166666666666666546e-01
2.366666666666666641e-01
7.399999999999998801e-01
2.466666666666666730e-01
4.000000000000000083e-02
9.933333333333332904e-01
2.083333333333333481e+00
4.466666666666667118e-01
4.000000000000000083e-02
1.126666666666666705e+00
6.999999999999999278e-02
8.000000000000000167e-02
8.699999999999999956e-01
8.033333333333333437e-01
2.066666666666666652e-01
1.210000000000000187e+00
