2.899999999999999800e-01
3.333333333333333148e-01
3.733333333333332948e-01
1.733333333333333393e-01
3.733333333333333504e-01
3.666666666666666963e-01
8.666666666666666963e-02
6.633333333333332194e-01
5.666666666666667074e-02
3.000000000000000236e-02
1.700000000000000122e-01
1.466666666666666397e-01
1.233333333333333365e-01
2.033333333333333381e-01
1.766666666666666663e-01
6.300000000000000044e-01
1.716666666666666785e+00
1.463333333333333153e+00
5.566666666666666430e-01
2.533333333333333548e-01
2.833333333333333814e-01
1.600000000000000033e-01
1.499999999999999944e-01
2.466666666666666730e-01
8.333333333333332871e-02
5.666666666666666380e-02
1.499999999999999944e-01
3.033333333333332882e-01
0.000000000000000000e+00
9.000000000000001055e-02
3.333333333333333287e-02
5.000000000000000971e-02
0.000000000000000000e+00
6.933333333333333570e-01
2.666666666666666630e-01
1.933333333333333293e-01
5.300000000000000266e-01
9.000000000000000222e-01
4.666666666666666879e-02
0.000000000000000000e+00
2.833333333333333814e-01
1.266666666666666774e-01
1.066666666666666735e-01
1.366666666666666585e-01
2.166666666666666741e-01
1.466666666666666397e-01
1.899999999999999745e-01
4.000000000000000083e-02
1.000000000000000194e-01
9.333333333333333759e-02
8.000000000000000167e-02
1.383333333333333526e+00
1.199999999999999956e-01
1.186666666666666758e+00
1.433333333333333404e-01
2.266666666666666829e-01
1.999999999999999833e-01
8.666666666666666963e-01
8.333333333333333703e-01
2.299999999999999822e-01
6.000000000000000472e-02
7.066666666666666652e-01
2.066666666666666929e-01
2.500000000000000000e-01
1.166666666666666824e-01
1.186666666666666758e+00
