1.790000000000000036e+00
1.626666666666666705e+00
1.333333333333333419e-02
6.099999999999999867e-01
1.333333333333333419e-02
1.333333333333333419e-02
3.666666666666667379e-02
5.000000000000000971e-02
1.899999999999999689e+00
1.166666666666666546e-01
1.793333333333333224e+00
3.166666666666666519e-01
4.333333333333333481e-02
9.633333333333333748e-01
6.166666666666666963e-01
5.466666666666667451e-01
2.333333333333333440e-02
2.999999999999999889e-02
1.103333333333333277e+00
5.500000000000000444e-01
3.333333333333333287e-02
6.366666666666667140e-01
1.033333333333333465e-01
2.099999999999999922e-01
1.166666666666666546e-01
1.333333333333333419e-02
4.766666666666667385e-01
2.099999999999999922e-01
6.666666666666666574e-02
2.566666666666666541e-01
1.000000000000000021e-02
1.266666666666666774e-01
6.199999999999999956e-01
1.239999999999999991e+00
2.199999999999999734e-01
9.999999999999999167e-02
3.433333333333333237e-01
4.266666666666666941e-01
9.799999999999999822e-01
7.333333333333331983e-02
3.200000000000000067e-01
2.566666666666666541e-01
1.033333333333333326e-01
6.333333333333333870e-02
1.396666666666666723e+00
2.466666666666666730e-01
8.533333333333331661e-01
1.063333333333333242e+00
6.666666666666666574e-02
7.000000000000000666e-02
1.333333333333333419e-02
1.333333333333333419e-02
4.666666666666666879e-02
4.000000000000000083e-02
1.333333333333333315e-01
1.399999999999999856e-01
6.666666666666667095e-03
3.533333333333333326e-01
0.000000000000000000e+00
0.000000000000000000e+00
1.099999999999999867e-01
5.999999999999999778e-02
0.000000000000000000e+00
9.666666666666667851e-02
1.600000000000000033e-01
1.566666666666666485e-01
1.000000000000000021e-02
6.666666666666666574e-02
7.333333333333333370e-02
3.000000000000000444e-01
1.333333333333333419e-02
1.266666666666666774e-01
5.266666666666667274e-01
0.000000000000000000e+00
4.000000000000000083e-02
1.653333333333333321e+00
5.266666666666667274e-01
1.666666666666666644e-02
7.666666666666667462e-02
2.666666666666666838e-02
4.000000000000000083e-02
1.633333333333333304e-01
3.333333333333333287e-02
5.833333333333333703e-01
1.456666666666666776e+00
1.333333333333333419e-02
5.999999999999999778e-02
7.500000000000000000e-01
2.399999999999999911e-01
0.000000000000000000e+00
1.080000000000000071e+00
1.456666666666666776e+00
7.333333333333333370e-02
2.999999999999999889e-02
4.000000000000000083e-02
7.566666666666667096e-01
1.169999999999999929e+00
3.333333333333333547e-03
2.000000000000000042e-02
4.333333333333333481e-01
0.000000000000000000e+00
1.170000000000000151e+00
3.133333333333333526e-01
1.600000000000000033e-01
9.000000000000001055e-02
2.666666666666666838e-02
5.999999999999999778e-02
3.333333333333333287e-02
2.333333333333333440e-02
2.333333333333333440e-02
6.666666666666667095e-03
1.000000000000000021e-02
0.000000000000000000e+00
2.000000000000000042e-02
1.866666666666666474e-01
7.333333333333333370e-02
2.666666666666666838e-02
6.666666666666666574e-02
9.566666666666666652e-01
2.600000000000000089e-01
7.600000000000001199e-01
3.300000000000000155e-01
6.033333333333333881e-01
7.833333333333333259e-01
2.083333333333333481e+00
