6.033333333333333881e-01
8.000000000000000167e-02
5.000000000000000971e-02
3.666666666666667379e-02
2.000000000000000042e-02
4.000000000000000083e-02
6.866666666666666474e-01
2.000000000000000042e-02
1.333333333333333419e-02
8.333333333333332871e-02
3.666666666666666685e-02
3.333333333333333547e-03
3.000000000000000236e-02
2.000000000000000042e-02
1.666666666666666644e-02
6.666666666666666574e-02
2.000000000000000042e-02
2.333333333333333440e-02
2.899999999999999800e-01
1.033333333333333326e-01
1.133333333333333526e+00
1.316666666666666652e+00
1.070000000000000062e+00
2.723333333333333162e+00
1.080000000000000071e+00
1.536666666666666847e+00
