1.820000000000000062e+00
1.440000000000000169e+00
2.500000000000000000e-01
2.066666666666666652e-01
2.299999999999999822e-01
9.666666666666667851e-02
1.000000000000000194e-01
2.199999999999999734e-01
3.333333333333333287e-02
2.833333333333333259e-01
1.499999999999999944e-01
1.033333333333333326e-01
2.366666666666666641e-01
5.499999999999999334e-01
2.299999999999999822e-01
1.499999999999999944e-01
1.266666666666666774e-01
8.666666666666666963e-02
1.766666666666666663e-01
1.766666666666666663e-01
3.333333333333333148e-01
4.333333333333333481e-02
1.766666666666666663e-01
1.000000000000000021e-02
4.333333333333333481e-02
2.166666666666666463e-01
1.399999999999999856e-01
1.700000000000000122e-01
2.133333333333333470e-01
2.299999999999999822e-01
7.399999999999998801e-01
2.633333333333333637e-01
3.333333333333333287e-02
8.333333333333332871e-02
1.800000000000000211e-01
2.000000000000000042e-02
6.666666666666667095e-03
1.000000000000000021e-02
2.533333333333333548e-01
6.666666666666667095e-03
2.500000000000000000e-01
2.633333333333333637e-01
2.033333333333333381e-01
1.266666666666666774e-01
2.399999999999999911e-01
1.400000000000000133e-01
2.466666666666666730e-01
6.666666666666667095e-03
7.666666666666666075e-02
0.000000000000000000e+00
2.999999999999999889e-02
0.000000000000000000e+00
1.000000000000000194e-01
1.800000000000000211e-01
1.400000000000000133e-01
3.266666666666666607e-01
1.966666666666666785e+00
3.500000000000000333e-01
3.300000000000000155e-01
1.499999999999999944e-01
4.000000000000000083e-02
2.633333333333333637e-01
8.000000000000000167e-02
6.966666666666666563e-01
1.823333333333333250e+00
2.133333333333333304e+00
2.733333333333333726e-01
7.466666666666667007e-01
1.233333333333333365e-01
1.766666666666666663e-01
1.833333333333333481e-01
1.199999999999999956e+00
6.333333333333333870e-02
2.333333333333333440e-02
1.600000000000000033e-01
2.999999999999999889e-02
5.533333333333333437e-01
3.966666666666666674e-01
6.099999999999999867e-01
2.899999999999999800e-01
1.266666666666666774e-01
2.733333333333333726e-01
2.333333333333333440e-02
2.666666666666666838e-02
2.033333333333333381e-01
2.666666666666666838e-02
5.666666666666667074e-02
1.466666666666666674e-01
1.133333333333333276e-01
1.766666666666666663e-01
1.700000000000000122e-01
4.233333333333333393e-01
5.666666666666667074e-02
1.266666666666666774e-01
2.033333333333333381e-01
1.266666666666666774e-01
7.333333333333333370e-02
3.333333333333333547e-03
2.333333333333333093e-02
6.666666666666667095e-03
3.666666666666667379e-02
7.000000000000000666e-02
2.033333333333333381e-01
7.000000000000000666e-02
4.833333333333333370e-01
4.833333333333333370e-01
1.766666666666666663e-01
2.566666666666666541e-01
2.700000000000000178e-01
4.233333333333333393e-01
1.900000000000000300e-01
1.600000000000000033e-01
1.133333333333333276e-01
1.300000000000000044e-01
9.999999999999999167e-02
4.333333333333333481e-02
2.300000000000000100e-01
3.300000000000000155e-01
2.899999999999999800e-01
5.699999999999999512e-01
3.699999999999999400e-01
7.333333333333334758e-02
1.800000000000000211e-01
2.999999999999999889e-01
3.066666666666666985e-01
1.836666666666666670e+00
