9.666666666666667851e-01
2.173333333333333339e+00
2.016666666666666607e+00
4.766666666666666274e-01
5.000000000000000000e-01
4.333333333333333481e-02
1.113333333333333508e+00
1.966666666666666563e-01
8.333333333333332871e-02
3.333333333333333287e-02
6.666666666666666574e-02
1.733333333333333393e-01
4.000000000000000083e-02
2.366666666666666641e-01
2.466666666666666730e-01
5.033333333333332993e-01
4.899999999999999911e-01
1.223333333333333384e+00
2.899999999999999800e-01
1.733333333333333393e-01
4.133333333333333304e-01
2.799999999999999711e-01
3.189999999999999947e+00
9.766666666666666829e-01
2.633333333333333637e-01
4.233333333333333393e-01
3.966666666666666674e-01
1.766666666666666663e-01
1.433333333333333404e-01
4.566666666666667207e-01
0.000000000000000000e+00
4.033333333333333215e-01
0.000000000000000000e+00
2.433333333333333182e-01
3.899999999999999578e-01
7.400000000000001021e-01
5.666666666666667074e-02
1.633333333333333304e-01
3.666666666666666685e-02
5.033333333333332993e-01
5.533333333333333437e-01
2.333333333333333093e-01
1.433333333333333404e-01
5.400000000000000355e-01
5.999999999999999778e-02
4.999999999999999584e-02
1.999999999999999833e-01
9.666666666666667851e-02
1.400000000000000133e-01
1.973333333333333384e+00
7.333333333333333370e-02
2.933333333333333903e-01
3.000000000000000444e-01
3.000000000000000236e-02
6.666666666666666574e-02
1.000000000000000021e-02
1.133333333333333415e-01
1.433333333333333404e-01
5.699999999999999512e-01
1.253333333333333410e+00
8.000000000000000167e-02
9.333333333333332371e-02
8.333333333333332871e-02
1.166666666666666546e-01
1.333333333333333419e-02
4.333333333333333481e-02
8.666666666666666963e-02
0.000000000000000000e+00
9.333333333333334592e-01
1.266666666666666774e-01
6.400000000000000133e-01
5.766666666666666607e-01
2.133333333333333470e-01
7.033333333333332549e-01
1.366666666666666474e+00
2.000000000000000042e-02
2.999999999999999889e-02
0.000000000000000000e+00
0.000000000000000000e+00
2.233333333333333559e-01
3.800000000000000600e-01
0.000000000000000000e+00
4.000000000000000083e-02
2.833333333333333814e-01
2.066666666666666652e-01
1.700000000000000122e-01
5.133333333333333082e-01
6.199999999999999956e-01
1.363333333333333286e+00
1.379999999999999893e+00
