4.799999999999999822e-01
4.299999999999999933e-01
1.066666666666666652e+00
1.856666666666666687e+00
1.410000000000000142e+00
4.066666666666667318e-01
3.166666666666666519e-01
9.166666666666666297e-01
3.533333333333333326e-01
4.400000000000000022e-01
1.700000000000000122e-01
2.700000000000000178e-01
3.700000000000000511e-01
3.333333333333333547e-03
7.666666666666667462e-02
1.196666666666666545e+00
8.266666666666666607e-01
6.666666666666666574e-02
5.233333333333333171e-01
1.666666666666666644e-02
2.666666666666666838e-02
1.000000000000000021e-02
2.000000000000000042e-02
9.333333333333332371e-01
0.000000000000000000e+00
1.733333333333333393e-01
4.266666666666666941e-01
9.999999999999999167e-02
1.499999999999999944e-01
8.433333333333333792e-01
3.300000000000000155e-01
2.333333333333333440e-02
1.600000000000000033e-01
2.333333333333333440e-02
0.000000000000000000e+00
1.266666666666666774e-01
2.100000000000000477e-01
6.000000000000000472e-02
4.099999999999999756e-01
4.799999999999999822e-01
1.233333333333333171e+00
1.266666666666666774e-01
9.666666666666666463e-02
3.333333333333333547e-03
9.000000000000001055e-02
9.999999999999999167e-02
6.666666666666666574e-02
5.000000000000000971e-02
1.000000000000000021e-02
1.090000000000000080e+00
3.333333333333333287e-02
3.266666666666666607e-01
3.066666666666666985e-01
3.333333333333333547e-03
6.699999999999999289e-01
1.190000000000000169e+00
1.366666666666666863e-01
6.333333333333333870e-02
1.700000000000000122e-01
6.333333333333333870e-02
1.566666666666666485e-01
3.333333333333333287e-02
4.199999999999999845e-01
8.333333333333333703e-01
2.066666666666666652e-01
5.166666666666667185e-01
4.533333333333333104e-01
4.466666666666666008e-01
1.316666666666666652e+00
2.416666666666666519e+00
4.599999999999999645e-01
2.533333333333333548e-01
1.949999999999999956e+00
1.533333333333333215e-01
2.433333333333333182e-01
6.333333333333333870e-02
1.033333333333333465e-01
9.366666666666666474e-01
4.699999999999999734e-01
3.666666666666666963e-01
2.333333333333333093e-01
3.066666666666666430e-01
2.399999999999999911e-01
6.099999999999999867e-01
9.133333333333334414e-01
1.066666666666666458e-01
1.903333333333333321e+00
3.899999999999999578e-01
4.033333333333333215e-01
1.866666666666666752e-01
2.166666666666666741e-01
1.133333333333333526e+00
6.333333333333333870e-02
1.800000000000000211e-01
1.766666666666666663e-01
3.533333333333333326e-01
1.233333333333333365e-01
1.036666666666666625e+00
1.966666666666666563e-01
8.033333333333333437e-01
1.300000000000000044e-01
9.333333333333333759e-02
4.899999999999999911e-01
1.516666666666666607e+00
6.099999999999999867e-01
1.000000000000000021e-02
6.166666666666665853e-01
2.099999999999999645e-01
4.999999999999999584e-02
9.999999999999999167e-02
7.333333333333333925e-01
5.300000000000000266e-01
1.333333333333333419e-02
3.200000000000000067e-01
8.599999999999999867e-01
3.333333333333333287e-02
8.099999999999999423e-01
1.143333333333333313e+00
1.066666666666666735e-01
1.166666666666666546e-01
9.700000000000000844e-01
7.733333333333333171e-01
4.999999999999999584e-02
7.666666666666666075e-01
1.440000000000000169e+00
2.000000000000000389e-01
8.333333333333333703e-01
1.499999999999999944e-01
1.960000000000000187e+00
1.580000000000000071e+00
1.729999999999999760e+00
8.533333333333333881e-01
1.156666666666666510e+00
