1.893333333333333313e+00
1.323333333333333472e+00
4.666666666666666879e-02
1.366666666666666863e-01
3.666666666666666685e-02
1.020000000000000240e+00
0.000000000000000000e+00
6.666666666666667095e-03
2.033333333333333381e-01
1.000000000000000021e-02
1.000000000000000021e-02
0.000000000000000000e+00
3.500000000000000333e-01
3.333333333333333287e-02
0.000000000000000000e+00
1.013333333333333419e+00
9.599999999999999645e-01
0.000000000000000000e+00
0.000000000000000000e+00
3.733333333333332948e-01
1.666666666666666644e-02
0.000000000000000000e+00
3.666666666666666408e-01
1.286666666666666625e+00
2.000000000000000042e-02
0.000000000000000000e+00
1.083333333333333259e+00
2.966666666666666341e-01
2.433333333333333182e-01
2.466666666666667007e-01
9.333333333333333759e-02
2.700000000000000178e-01
4.000000000000000083e-02
1.000000000000000021e-02
4.999999999999999584e-02
5.000000000000000971e-02
5.699999999999999512e-01
0.000000000000000000e+00
1.333333333333333419e-02
1.050000000000000044e+00
3.333333333333333547e-03
0.000000000000000000e+00
3.333333333333333547e-03
1.213333333333333375e+00
3.333333333333333287e-02
0.000000000000000000e+00
7.733333333333334281e-01
1.313333333333333464e+00
0.000000000000000000e+00
0.000000000000000000e+00
2.033333333333333215e+00
2.000000000000000042e-02
0.000000000000000000e+00
2.000000000000000042e-02
6.366666666666666030e-01
4.333333333333333481e-02
0.000000000000000000e+00
1.593333333333333046e+00
1.063333333333333242e+00
9.999999999999999167e-02
8.266666666666666607e-01
3.600000000000000422e-01
7.699999999999999067e-01
1.716666666666666785e+00
1.933333333333333293e-01
3.333333333333333547e-03
8.333333333333332871e-02
2.649999999999999911e+00
3.333333333333333547e-03
0.000000000000000000e+00
4.633333333333333193e-01
3.333333333333333287e-02
0.000000000000000000e+00
2.000000000000000042e-02
1.253333333333333188e+00
0.000000000000000000e+00
0.000000000000000000e+00
9.366666666666666474e-01
7.799999999999999156e-01
0.000000000000000000e+00
0.000000000000000000e+00
2.933333333333333903e-01
3.333333333333333547e-03
0.000000000000000000e+00
2.599999999999999534e-01
1.486666666666666581e+00
6.666666666666667095e-03
0.000000000000000000e+00
1.363333333333333286e+00
9.833333333333332815e-01
1.266666666666666774e-01
3.833333333333333592e-01
7.666666666666666075e-02
4.233333333333333393e-01
8.666666666666666963e-02
3.333333333333333287e-02
6.666666666666667095e-03
0.000000000000000000e+00
1.416666666666666741e+00
0.000000000000000000e+00
0.000000000000000000e+00
6.566666666666666208e-01
3.666666666666666685e-02
0.000000000000000000e+00
6.666666666666667095e-03
1.323333333333333250e+00
0.000000000000000000e+00
0.000000000000000000e+00
4.199999999999999845e-01
4.099999999999999756e-01
0.000000000000000000e+00
0.000000000000000000e+00
1.110000000000000098e+00
3.333333333333333547e-03
0.000000000000000000e+00
1.000000000000000021e-02
5.899999999999999689e-01
0.000000000000000000e+00
1.333333333333333419e-02
1.496666666666666812e+00
7.733333333333334281e-01
4.666666666666666186e-01
7.433333333333332904e-01
1.733333333333333393e-01
2.766666666666666163e+00
1.773333333333333428e+00
1.033333333333333326e-01
1.166666666666666824e-01
1.000000000000000000e+00
1.406666666666666510e+00
0.000000000000000000e+00
3.333333333333333547e-03
1.099999999999999867e-01
3.666666666666666685e-02
0.000000000000000000e+00
6.666666666666667095e-03
6.400000000000000133e-01
0.000000000000000000e+00
0.000000000000000000e+00
9.966666666666667007e-01
1.360000000000000098e+00
0.000000000000000000e+00
3.666666666666666685e-02
2.033333333333333381e-01
1.333333333333333419e-02
3.666666666666666685e-02
1.600000000000000033e-01
1.883333333333333526e+00
3.333333333333333547e-03
4.000000000000000083e-02
1.933333333333333570e-01
3.600000000000000422e-01
3.300000000000000155e-01
7.433333333333332904e-01
4.433333333333333570e-01
5.033333333333332993e-01
3.966666666666666674e-01
6.633333333333334414e-01
1.000000000000000194e-01
1.413333333333333330e+00
9.400000000000000577e-01
0.000000000000000000e+00
1.133333333333333276e-01
3.366666666666666696e-01
1.666666666666666644e-02
4.666666666666666879e-02
5.466666666666666341e-01
7.099999999999999645e-01
3.666666666666666685e-02
6.666666666666667095e-03
1.353333333333333499e+00
5.666666666666666380e-02
0.000000000000000000e+00
1.866666666666666752e-01
4.966666666666666452e-01
1.333333333333333419e-02
0.000000000000000000e+00
1.786666666666666847e+00
1.399999999999999856e-01
0.000000000000000000e+00
6.666666666666667095e-03
3.143333333333333091e+00
1.070000000000000062e+00
7.000000000000000666e-02
2.466666666666666785e+00
7.699999999999999067e-01
1.106666666666666687e+00
1.666666666666666741e+00
1.380000000000000115e+00
1.436666666666666758e+00
1.926666666666666750e+00
2.343333333333333268e+00
3.333333333333333547e-03
2.580000000000000071e+00
4.499999999999999556e-01
1.666666666666666644e-02
6.999999999999998446e-01
8.866666666666667140e-01
4.533333333333333659e-01
0.000000000000000000e+00
1.216666666666666785e+00
1.536666666666666847e+00
2.666666666666666838e-02
1.000000000000000021e-02
7.233333333333332726e-01
1.360000000000000098e+00
3.333333333333333547e-03
9.766666666666665719e-01
1.203333333333333366e+00
1.626666666666666705e+00
7.333333333333333370e-02
9.100000000000000311e-01
1.266666666666666774e-01
3.099999999999999978e-01
1.000000000000000021e-02
7.666666666666667462e-02
8.666666666666666963e-02
1.086666666666666670e+00
1.453333333333333366e+00
1.666666666666666644e-02
1.413333333333333330e+00
6.066666666666665764e-01
1.100000000000000006e-01
1.000000000000000021e-02
9.433333333333333570e-01
8.633333333333332860e-01
2.999999999999999889e-02
1.666666666666666644e-02
3.333333333333333287e-02
5.333333333333333676e-02
7.333333333333333370e-02
2.700000000000000178e-01
2.000000000000000042e-02
1.333333333333333419e-02
8.000000000000000167e-02
3.333333333333333287e-02
4.333333333333333481e-02
4.333333333333333481e-02
1.999999999999999833e-01
1.333333333333333419e-02
2.333333333333333440e-02
1.033333333333333326e-01
6.666666666666666574e-02
4.000000000000000083e-02
4.000000000000000083e-02
2.299999999999999822e-01
5.666666666666667629e-01
1.349999999999999867e+00
2.666666666666666838e-02
9.799999999999999822e-01
1.383333333333333526e+00
4.599999999999999645e-01
9.666666666666667851e-02
1.496666666666666812e+00
1.046666666666666634e+00
1.333333333333333419e-02
1.656666666666666510e+00
7.000000000000000666e-01
8.666666666666666963e-01
8.666666666666666963e-02
9.666666666666667851e-02
7.666666666666667462e-02
2.166666666666666741e-01
3.499999999999999223e-01
6.333333333333333870e-02
6.666666666666666297e-01
7.666666666666667462e-02
0.000000000000000000e+00
1.413333333333333330e+00
8.000000000000000167e-02
1.106666666666666687e+00
2.899999999999999800e-01
4.866666666666666363e-01
5.333333333333333676e-02
5.999999999999999778e-02
8.000000000000000167e-02
1.000000000000000021e-02
3.066666666666666430e-01
3.666666666666667379e-02
3.466666666666666785e-01
0.000000000000000000e+00
0.000000000000000000e+00
1.199999999999999956e-01
1.766666666666666663e-01
0.000000000000000000e+00
3.733333333333333504e-01
5.000000000000000000e-01
2.666666666666666838e-02
2.000000000000000042e-02
4.000000000000000083e-02
7.400000000000001021e-01
1.000000000000000021e-02
1.000000000000000021e-02
1.266666666666666774e-01
3.333333333333333547e-03
3.333333333333333547e-03
0.000000000000000000e+00
2.000000000000000042e-02
1.000000000000000021e-02
2.700000000000000178e-01
4.000000000000000083e-02
1.600000000000000033e-01
1.199999999999999956e-01
1.333333333333333315e-01
2.266666666666666829e-01
3.333333333333333547e-03
1.339999999999999858e+00
4.033333333333333215e-01
3.000000000000000000e+00
3.146666666666666945e+00
1.910000000000000142e+00
2.450000000000000178e+00
8.800000000000000044e-01
2.666666666666666630e-01
2.000000000000000042e-02
1.373333333333333295e+00
3.333333333333333547e-03
0.000000000000000000e+00
2.433333333333333182e-01
3.333333333333333547e-03
3.333333333333333547e-03
1.000000000000000021e-02
3.933333333333333681e-01
2.999999999999999889e-02
0.000000000000000000e+00
5.800000000000000711e-01
5.966666666666666785e-01
0.000000000000000000e+00
0.000000000000000000e+00
1.333333333333333315e-01
0.000000000000000000e+00
0.000000000000000000e+00
4.433333333333333570e-01
1.100000000000000089e+00
2.999999999999999889e-02
6.666666666666667095e-03
1.423333333333333117e+00
1.666666666666666574e-01
7.666666666666667462e-02
1.233333333333333365e-01
1.233333333333333365e-01
1.096666666666666679e+00
7.666666666666667462e-02
1.666666666666666644e-02
1.499999999999999944e-01
1.000000000000000021e-02
7.433333333333332904e-01
0.000000000000000000e+00
1.333333333333333419e-02
3.300000000000000155e-01
6.666666666666667095e-03
0.000000000000000000e+00
0.000000000000000000e+00
1.090000000000000080e+00
4.666666666666666879e-02
0.000000000000000000e+00
7.200000000000000844e-01
1.506666666666666821e+00
1.000000000000000021e-02
2.000000000000000042e-02
1.400000000000000133e+00
5.000000000000000971e-02
3.333333333333333547e-03
2.000000000000000042e-02
6.833333333333332371e-01
1.666666666666666644e-02
0.000000000000000000e+00
1.263333333333333419e+00
3.266666666666666607e-01
2.366666666666666918e-01
2.666666666666666630e-01
3.733333333333332948e-01
5.799999999999999600e-01
2.213333333333333375e+00
2.999999999999999889e-02
1.666666666666666644e-02
2.333333333333333093e-02
1.099999999999999867e+00
0.000000000000000000e+00
1.000000000000000021e-02
4.899999999999999911e-01
2.666666666666666838e-02
3.333333333333333547e-03
1.666666666666666644e-02
1.059999999999999831e+00
1.333333333333333419e-02
0.000000000000000000e+00
1.483333333333333393e+00
1.163333333333333330e+00
0.000000000000000000e+00
0.000000000000000000e+00
4.533333333333333659e-01
3.333333333333333547e-03
1.000000000000000021e-02
3.200000000000000067e-01
1.663333333333333330e+00
4.000000000000000083e-02
1.000000000000000021e-02
1.876666666666666705e+00
1.316666666666666652e+00
2.099999999999999922e-01
3.600000000000000422e-01
4.500000000000000111e-01
3.233333333333333059e-01
4.999999999999999584e-02
1.433333333333333404e-01
2.000000000000000042e-02
3.333333333333333547e-03
9.899999999999998801e-01
1.333333333333333419e-02
0.000000000000000000e+00
1.403333333333333321e+00
3.333333333333333547e-03
0.000000000000000000e+00
0.000000000000000000e+00
3.699999999999999400e-01
0.000000000000000000e+00
3.333333333333333547e-03
4.833333333333333370e-01
3.499999999999999223e-01
0.000000000000000000e+00
0.000000000000000000e+00
1.940000000000000169e+00
5.333333333333333676e-02
0.000000000000000000e+00
1.000000000000000021e-02
1.516666666666666607e+00
0.000000000000000000e+00
0.000000000000000000e+00
1.146666666666666723e+00
1.216666666666666563e+00
9.666666666666667851e-02
1.030000000000000027e+00
2.899999999999999800e-01
1.833333333333333481e-01
6.300000000000000044e-01
2.600000000000000089e-01
3.666666666666666685e-02
1.499999999999999944e-01
1.536666666666666847e+00
6.666666666666667095e-03
2.666666666666666838e-02
1.166666666666666546e-01
1.400000000000000133e-01
0.000000000000000000e+00
2.333333333333333440e-02
1.423333333333333117e+00
6.666666666666667095e-03
0.000000000000000000e+00
2.186666666666666980e+00
6.199999999999999956e-01
0.000000000000000000e+00
0.000000000000000000e+00
1.666666666666666574e-01
0.000000000000000000e+00
0.000000000000000000e+00
1.333333333333333315e-01
1.683333333333333348e+00
3.333333333333333547e-03
2.333333333333333440e-02
4.833333333333333370e-01
6.266666666666665941e-01
9.333333333333333759e-02
1.223333333333333384e+00
1.733333333333333393e-01
6.866666666666666474e-01
3.099999999999999978e-01
1.233333333333333365e-01
2.966666666666666341e-01
1.656666666666666954e+00
1.599999999999999867e+00
3.333333333333333547e-03
2.600000000000000089e-01
4.799999999999999822e-01
3.333333333333333547e-03
0.000000000000000000e+00
8.333333333333333703e-01
1.010000000000000009e+00
1.333333333333333419e-02
2.000000000000000042e-02
1.463333333333333153e+00
5.666666666666667074e-02
0.000000000000000000e+00
1.766666666666666663e-01
9.866666666666666918e-01
6.666666666666667095e-03
0.000000000000000000e+00
1.620000000000000107e+00
0.000000000000000000e+00
3.333333333333333547e-03
1.100000000000000006e-01
5.566666666666666430e-01
5.566666666666666430e-01
1.000000000000000021e-02
2.260000000000000231e+00
1.196666666666666545e+00
1.376666666666666705e+00
1.043333333333333446e+00
2.466666666666666730e-01
1.396666666666666501e+00
1.776666666666666616e+00
2.393333333333333535e+00
1.666666666666666644e-02
2.880000000000000338e+00
4.966666666666666452e-01
2.333333333333333440e-02
7.500000000000000000e-01
8.533333333333333881e-01
5.600000000000000533e-01
0.000000000000000000e+00
1.086666666666666670e+00
2.063333333333333464e+00
4.566666666666667207e-01
6.666666666666667095e-03
7.833333333333333259e-01
7.700000000000000178e-01
2.000000000000000042e-02
1.449999999999999956e+00
1.949999999999999956e+00
2.483333333333333393e+00
3.233333333333333615e-01
1.059999999999999831e+00
3.333333333333333287e-02
4.299999999999999933e-01
1.766666666666666663e-01
9.333333333333332371e-02
0.000000000000000000e+00
1.520000000000000240e+00
1.853333333333333499e+00
0.000000000000000000e+00
1.113333333333333286e+00
8.033333333333333437e-01
5.666666666666667074e-02
3.666666666666667379e-02
9.933333333333332904e-01
9.433333333333333570e-01
0.000000000000000000e+00
3.333333333333333547e-03
1.033333333333333326e-01
1.533333333333333215e-01
8.000000000000000167e-02
2.000000000000000042e-02
1.966666666666666563e-01
2.666666666666666838e-02
5.333333333333333676e-02
5.666666666666667074e-02
1.166666666666666546e-01
6.666666666666667095e-03
4.000000000000000083e-02
5.666666666666667074e-02
1.000000000000000021e-02
1.000000000000000021e-02
4.999999999999999584e-02
9.333333333333333759e-02
2.000000000000000042e-02
1.000000000000000194e-01
1.046666666666666634e+00
1.186666666666666758e+00
8.000000000000000167e-02
1.246666666666666590e+00
4.633333333333333748e-01
9.000000000000001055e-02
1.499999999999999944e-01
1.686666666666666536e+00
2.666666666666666630e-01
0.000000000000000000e+00
1.036666666666666625e+00
1.389999999999999902e+00
8.166666666666667629e-01
5.666666666666666380e-02
3.666666666666667379e-02
5.333333333333333676e-02
2.533333333333333548e-01
5.399999999999999245e-01
8.000000000000000167e-02
1.666666666666666574e-01
2.333333333333333093e-02
5.000000000000000971e-02
1.530000000000000027e+00
2.333333333333333093e-02
1.503333333333333188e+00
2.399999999999999911e-01
5.599999999999999423e-01
1.133333333333333415e-01
5.999999999999999778e-02
1.833333333333333204e-01
6.666666666666667095e-03
1.400000000000000133e-01
1.000000000000000021e-02
3.966666666666666674e-01
0.000000000000000000e+00
0.000000000000000000e+00
6.666666666666667095e-03
1.666666666666666644e-02
0.000000000000000000e+00
1.633333333333333304e-01
2.933333333333333348e-01
2.666666666666666144e-02
1.000000000000000194e-01
2.999999999999999889e-02
1.156666666666666732e+00
2.999999999999999889e-02
6.666666666666666574e-02
2.999999999999999889e-02
0.000000000000000000e+00
4.333333333333333481e-02
1.000000000000000021e-02
1.666666666666666644e-02
0.000000000000000000e+00
9.999999999999999167e-02
8.000000000000000167e-02
2.666666666666666838e-02
5.333333333333333676e-02
1.733333333333333393e-01
3.466666666666666785e-01
0.000000000000000000e+00
1.679999999999999938e+00
4.333333333333333481e-01
1.983333333333333171e+00
9.566666666666666652e-01
2.180000000000000160e+00
2.100000000000000089e+00
1.600000000000000033e-01
1.533333333333333215e-01
0.000000000000000000e+00
1.133333333333333304e+00
0.000000000000000000e+00
1.000000000000000021e-02
1.399999999999999856e-01
0.000000000000000000e+00
2.000000000000000042e-02
0.000000000000000000e+00
7.533333333333334103e-01
2.999999999999999889e-02
0.000000000000000000e+00
6.300000000000000044e-01
7.666666666666666075e-01
0.000000000000000000e+00
0.000000000000000000e+00
3.800000000000000600e-01
3.333333333333333547e-03
3.333333333333333287e-02
3.333333333333333148e-01
7.766666666666667274e-01
2.000000000000000042e-02
6.666666666666667095e-03
6.533333333333333215e-01
1.766666666666666663e-01
4.000000000000000083e-02
1.166666666666666546e-01
1.033333333333333326e-01
9.333333333333334592e-01
1.300000000000000044e-01
2.000000000000000042e-02
1.333333333333333419e-02
3.333333333333333547e-03
4.666666666666666186e-01
1.333333333333333419e-02
3.333333333333333547e-03
1.036666666666666625e+00
1.000000000000000021e-02
3.333333333333333547e-03
2.000000000000000042e-02
1.123333333333333295e+00
3.333333333333333547e-03
6.666666666666667095e-03
9.666666666666666741e-01
1.223333333333333384e+00
0.000000000000000000e+00
3.333333333333333547e-03
1.036666666666666625e+00
3.333333333333333287e-02
1.000000000000000021e-02
3.333333333333333547e-03
3.833333333333333037e-01
5.666666666666667074e-02
4.333333333333333481e-02
4.000000000000000083e-02
7.666666666666666075e-01
2.399999999999999911e-01
1.170000000000000151e+00
6.666666666666666297e-01
1.866666666666666752e-01
1.013333333333333419e+00
5.566666666666666430e-01
5.333333333333333676e-02
1.433333333333333404e-01
1.683333333333333348e+00
0.000000000000000000e+00
1.000000000000000021e-02
2.999999999999999889e-01
1.333333333333333419e-02
0.000000000000000000e+00
2.000000000000000042e-02
7.099999999999999645e-01
6.666666666666667095e-03
0.000000000000000000e+00
1.276666666666666616e+00
7.799999999999999156e-01
6.666666666666667095e-03
3.333333333333333547e-03
5.633333333333333526e-01
0.000000000000000000e+00
0.000000000000000000e+00
1.033333333333333326e-01
1.856666666666666687e+00
1.333333333333333419e-02
3.333333333333333547e-03
1.530000000000000027e+00
5.300000000000000266e-01
2.099999999999999922e-01
5.933333333333333792e-01
2.366666666666666641e-01
2.799999999999999711e-01
9.666666666666667851e-02
1.433333333333333404e-01
6.333333333333333870e-02
1.000000000000000021e-02
1.326666666666666883e+00
0.000000000000000000e+00
0.000000000000000000e+00
5.899999999999999689e-01
3.333333333333333287e-02
0.000000000000000000e+00
0.000000000000000000e+00
8.066666666666666430e-01
3.333333333333333547e-03
0.000000000000000000e+00
6.900000000000000577e-01
2.633333333333333637e-01
0.000000000000000000e+00
0.000000000000000000e+00
7.733333333333333171e-01
3.333333333333333547e-03
0.000000000000000000e+00
2.000000000000000042e-02
7.799999999999999156e-01
0.000000000000000000e+00
6.666666666666667095e-03
1.500000000000000000e+00
5.899999999999999689e-01
6.666666666666666574e-02
1.023333333333333428e+00
4.000000000000000777e-01
8.499999999999999778e-01
1.100000000000000089e+00
8.433333333333333792e-01
2.000000000000000042e-02
7.299999999999999822e-01
2.113333333333333286e+00
1.666666666666666644e-02
2.000000000000000042e-02
3.400000000000000244e-01
5.333333333333333676e-02
0.000000000000000000e+00
6.666666666666667095e-03
1.133333333333333276e-01
0.000000000000000000e+00
0.000000000000000000e+00
1.623333333333333295e+00
9.000000000000000222e-01
0.000000000000000000e+00
0.000000000000000000e+00
1.003333333333333410e+00
0.000000000000000000e+00
0.000000000000000000e+00
9.333333333333333759e-02
1.400000000000000133e+00
0.000000000000000000e+00
3.333333333333333547e-03
2.133333333333332915e-01
2.833333333333333814e-01
6.333333333333333870e-02
7.233333333333332726e-01
2.366666666666666641e-01
2.823333333333332806e+00
2.766666666666666718e-01
5.999999999999999778e-02
2.899999999999999800e-01
2.169999999999999929e+00
5.733333333333333615e-01
0.000000000000000000e+00
1.666666666666666574e-01
8.099999999999999423e-01
0.000000000000000000e+00
0.000000000000000000e+00
5.066666666666667096e-01
9.700000000000000844e-01
0.000000000000000000e+00
0.000000000000000000e+00
1.593333333333333490e+00
1.000000000000000021e-02
0.000000000000000000e+00
2.500000000000000000e-01
1.143333333333333313e+00
1.333333333333333419e-02
0.000000000000000000e+00
1.869999999999999885e+00
2.466666666666666730e-01
0.000000000000000000e+00
5.999999999999999778e-02
1.423333333333333561e+00
5.400000000000000355e-01
0.000000000000000000e+00
2.613333333333333286e+00
4.733333333333333282e-01
1.623333333333333295e+00
1.590000000000000080e+00
2.673333333333333339e+00
9.033333333333333215e-01
2.733333333333333726e-01
1.743333333333333401e+00
0.000000000000000000e+00
1.563333333333333464e+00
3.666666666666666685e-02
1.033333333333333326e-01
5.133333333333333082e-01
1.499999999999999944e-01
1.396666666666666723e+00
3.333333333333333287e-02
8.466666666666666785e-01
3.233333333333333059e-01
2.099999999999999922e-01
0.000000000000000000e+00
1.216666666666666785e+00
5.733333333333332504e-01
1.333333333333333419e-02
1.593333333333333490e+00
1.669999999999999929e+00
2.673333333333333339e+00
2.700000000000000178e-01
8.033333333333333437e-01
1.166666666666666546e-01
8.733333333333334059e-01
6.333333333333333870e-02
1.466666666666666397e-01
4.666666666666666879e-02
2.199999999999999734e+00
1.683333333333333348e+00
2.666666666666666838e-02
1.459999999999999964e+00
5.733333333333333615e-01
2.066666666666666652e-01
6.666666666666667095e-03
7.933333333333333348e-01
9.033333333333333215e-01
1.000000000000000021e-02
7.333333333333334758e-02
5.999999999999999778e-02
2.999999999999999889e-02
1.066666666666666735e-01
2.466666666666666730e-01
2.000000000000000042e-02
1.000000000000000021e-02
1.100000000000000006e-01
6.333333333333333870e-02
2.000000000000000042e-02
6.666666666666667095e-03
2.700000000000000178e-01
1.000000000000000021e-02
2.333333333333333440e-02
1.066666666666666735e-01
1.400000000000000133e-01
3.000000000000000236e-02
1.000000000000000021e-02
4.666666666666666186e-01
6.600000000000000311e-01
2.593333333333333268e+00
8.000000000000000167e-02
7.500000000000000000e-01
1.096666666666666679e+00
3.833333333333333037e-01
1.300000000000000044e-01
1.966666666666666785e+00
1.300000000000000044e+00
2.333333333333333440e-02
5.466666666666666341e-01
1.360000000000000098e+00
7.766666666666667274e-01
5.000000000000000971e-02
1.199999999999999956e-01
1.366666666666666863e-01
1.566666666666666485e-01
1.366666666666666863e-01
1.000000000000000021e-02
5.433333333333333348e-01
3.333333333333333287e-02
1.666666666666666644e-02
9.133333333333334414e-01
1.000000000000000021e-02
4.033333333333333215e-01
6.333333333333333870e-02
4.733333333333333282e-01
8.000000000000000167e-02
7.666666666666667462e-02
2.166666666666666741e-01
1.333333333333333419e-02
1.899999999999999745e-01
1.666666666666666644e-02
4.533333333333333104e-01
1.000000000000000021e-02
1.000000000000000021e-02
0.000000000000000000e+00
5.999999999999999778e-02
1.000000000000000021e-02
1.199999999999999956e-01
7.900000000000000355e-01
0.000000000000000000e+00
9.333333333333333759e-02
2.666666666666666838e-02
1.283333333333333215e+00
5.000000000000000971e-02
1.033333333333333326e-01
2.999999999999999889e-02
0.000000000000000000e+00
3.333333333333333287e-02
0.000000000000000000e+00
4.666666666666666879e-02
2.333333333333333440e-02
1.100000000000000006e-01
1.000000000000000021e-02
1.766666666666666663e-01
3.333333333333333287e-02
1.333333333333333419e-02
3.500000000000000333e-01
1.666666666666666574e-01
5.699999999999999512e-01
9.999999999999999167e-02
2.010000000000000231e+00
5.073333333333334139e+00
2.373333333333333517e+00
2.100000000000000089e+00
1.799999999999999656e-01
3.333333333333333287e-02
6.999999999999999278e-02
1.163333333333333330e+00
1.000000000000000021e-02
1.000000000000000021e-02
4.233333333333333393e-01
1.666666666666666644e-02
0.000000000000000000e+00
6.666666666666667095e-03
6.833333333333332371e-01
4.666666666666666879e-02
0.000000000000000000e+00
7.533333333333334103e-01
9.466666666666666563e-01
0.000000000000000000e+00
1.333333333333333419e-02
1.209999999999999964e+00
2.333333333333333440e-02
1.000000000000000021e-02
2.200000000000000011e-01
7.166666666666666741e-01
1.000000000000000021e-02
0.000000000000000000e+00
7.399999999999998801e-01
1.166666666666666546e-01
1.233333333333333365e-01
1.166666666666666546e-01
2.266666666666666829e-01
3.300000000000000155e-01
5.999999999999999778e-02
2.000000000000000042e-02
0.000000000000000000e+00
1.000000000000000021e-02
7.200000000000000844e-01
0.000000000000000000e+00
0.000000000000000000e+00
1.256666666666666821e+00
2.999999999999999889e-02
0.000000000000000000e+00
6.666666666666667095e-03
1.686666666666666758e+00
1.000000000000000021e-02
0.000000000000000000e+00
2.800000000000000266e-01
1.059999999999999831e+00
0.000000000000000000e+00
6.666666666666667095e-03
1.353333333333333499e+00
1.333333333333333419e-02
0.000000000000000000e+00
0.000000000000000000e+00
3.400000000000000244e-01
3.333333333333333547e-03
6.666666666666667095e-03
4.599999999999999645e-01
2.600000000000000089e-01
2.066666666666666652e-01
5.299999999999999156e-01
3.466666666666666785e-01
4.599999999999999645e-01
1.650000000000000133e+00
2.066666666666666652e-01
1.000000000000000021e-02
1.300000000000000044e-01
1.619999999999999885e+00
0.000000000000000000e+00
1.333333333333333419e-02
5.233333333333333171e-01
1.000000000000000021e-02
0.000000000000000000e+00
5.666666666666667074e-02
5.866666666666665586e-01
0.000000000000000000e+00
0.000000000000000000e+00
1.276666666666666616e+00
1.523333333333333428e+00
0.000000000000000000e+00
2.000000000000000042e-02
7.933333333333333348e-01
0.000000000000000000e+00
6.666666666666667095e-03
3.633333333333332860e-01
1.290000000000000036e+00
0.000000000000000000e+00
0.000000000000000000e+00
1.513333333333333419e+00
4.199999999999999845e-01
1.333333333333333419e-02
5.833333333333333703e-01
1.600000000000000033e-01
3.666666666666667379e-02
3.666666666666667379e-02
1.333333333333333419e-02
1.000000000000000021e-02
1.666666666666666644e-02
1.676666666666666528e+00
0.000000000000000000e+00
0.000000000000000000e+00
4.199999999999999845e-01
5.333333333333333676e-02
3.333333333333333547e-03
0.000000000000000000e+00
7.433333333333332904e-01
6.666666666666667095e-03
0.000000000000000000e+00
1.023333333333333428e+00
4.600000000000000200e-01
0.000000000000000000e+00
3.333333333333333547e-03
1.819999999999999618e+00
2.666666666666666838e-02
2.000000000000000042e-02
0.000000000000000000e+00
6.933333333333333570e-01
0.000000000000000000e+00
0.000000000000000000e+00
5.366666666666667362e-01
7.600000000000001199e-01
4.633333333333333748e-01
8.433333333333332682e-01
2.700000000000000178e-01
6.400000000000000133e-01
4.233333333333333393e-01
2.000000000000000042e-02
1.333333333333333419e-02
2.966666666666666896e-01
1.380000000000000115e+00
0.000000000000000000e+00
3.666666666666667379e-02
4.000000000000000083e-02
1.266666666666666774e-01
2.333333333333333440e-02
6.666666666666667095e-03
7.733333333333333171e-01
2.000000000000000042e-02
0.000000000000000000e+00
1.290000000000000036e+00
1.173333333333333339e+00
0.000000000000000000e+00
3.333333333333333547e-03
2.033333333333333381e-01
0.000000000000000000e+00
0.000000000000000000e+00
3.066666666666666985e-01
7.000000000000000666e-01
0.000000000000000000e+00
0.000000000000000000e+00
2.800000000000000266e-01
9.333333333333332371e-01
5.666666666666667074e-02
1.113333333333333286e+00
2.433333333333333182e-01
1.949999999999999956e+00
1.533333333333333215e-01
8.666666666666666963e-02
2.466666666666666730e-01
1.630000000000000115e+00
8.966666666666666119e-01
0.000000000000000000e+00
1.033333333333333326e-01
8.033333333333332327e-01
0.000000000000000000e+00
0.000000000000000000e+00
7.733333333333334281e-01
5.233333333333333171e-01
0.000000000000000000e+00
2.000000000000000042e-02
4.129999999999999893e+00
2.333333333333333440e-02
0.000000000000000000e+00
7.500000000000000000e-01
6.533333333333333215e-01
0.000000000000000000e+00
6.666666666666667095e-03
4.866666666666666363e-01
1.000000000000000194e-01
0.000000000000000000e+00
2.000000000000000042e-02
8.399999999999999689e-01
4.799999999999999822e-01
6.666666666666667095e-03
2.050000000000000266e+00
4.433333333333333570e-01
1.946666666666666545e+00
2.726666666666666572e+00
9.866666666666666918e-01
8.199999999999999512e-01
1.616666666666666474e+00
2.743333333333333623e+00
3.333333333333333287e-02
1.773333333333333428e+00
1.266666666666666774e-01
3.333333333333333287e-02
8.233333333333332504e-01
5.733333333333333615e-01
3.333333333333333148e-01
1.000000000000000021e-02
1.139999999999999902e+00
1.260000000000000009e+00
3.266666666666666607e-01
0.000000000000000000e+00
6.133333333333333970e-01
1.139999999999999902e+00
0.000000000000000000e+00
1.503333333333333188e+00
1.523333333333333428e+00
2.076666666666666661e+00
9.999999999999999167e-02
1.576666666666666883e+00
7.000000000000000666e-02
4.133333333333333304e-01
1.366666666666666863e-01
2.399999999999999911e-01
3.333333333333333287e-02
1.406666666666666510e+00
1.600000000000000311e+00
5.666666666666667074e-02
1.330000000000000071e+00
5.633333333333333526e-01
1.766666666666666663e-01
3.333333333333333287e-02
1.389999999999999902e+00
9.300000000000000488e-01
1.333333333333333419e-02
2.666666666666666838e-02
7.000000000000000666e-02
1.666666666666666574e-01
9.000000000000001055e-02
9.000000000000001055e-02
4.333333333333333481e-02
1.000000000000000021e-02
4.666666666666666879e-02
5.333333333333334370e-02
7.333333333333333370e-02
0.000000000000000000e+00
3.666666666666666685e-02
2.999999999999999889e-02
1.333333333333333419e-02
9.666666666666666463e-02
6.666666666666666574e-02
3.333333333333333287e-02
0.000000000000000000e+00
2.700000000000000178e-01
5.300000000000000266e-01
8.333333333333333703e-01
4.666666666666666186e-02
1.209999999999999964e+00
4.366666666666667029e-01
1.199999999999999956e-01
9.999999999999999167e-02
1.169999999999999929e+00
7.000000000000000666e-01
1.666666666666666644e-02
1.206666666666666776e+00
6.199999999999999956e-01
7.533333333333332993e-01
4.333333333333333481e-02
9.333333333333333759e-02
5.999999999999999778e-02
3.033333333333332882e-01
1.233333333333333393e+00
1.066666666666666735e-01
7.933333333333333348e-01
5.999999999999999778e-02
6.666666666666667095e-03
1.513333333333333419e+00
2.666666666666666838e-02
1.476666666666666572e+00
1.133333333333333276e-01
4.466666666666666008e-01
2.666666666666666838e-02
1.033333333333333326e-01
1.400000000000000133e-01
0.000000000000000000e+00
1.833333333333333481e-01
3.333333333333333547e-03
3.766666666666666496e-01
1.333333333333333419e-02
0.000000000000000000e+00
3.333333333333333287e-02
1.700000000000000122e-01
0.000000000000000000e+00
6.666666666666666574e-02
1.933333333333333570e-01
8.333333333333332871e-02
2.000000000000000042e-02
4.666666666666666879e-02
6.533333333333333215e-01
4.333333333333333481e-02
4.999999999999999584e-02
1.000000000000000021e-02
0.000000000000000000e+00
2.999999999999999889e-02
3.333333333333333547e-03
8.000000000000000167e-02
6.666666666666667095e-03
1.866666666666666752e-01
2.866666666666666252e-01
4.333333333333333481e-02
1.233333333333333365e-01
1.966666666666666563e-01
1.833333333333333481e-01
6.666666666666667095e-03
9.533333333333332549e-01
1.999999999999999833e-01
8.900000000000000133e-01
2.380000000000000338e+00
2.649999999999999911e+00
2.233333333333333837e+00
2.000000000000000389e-01
8.000000000000000167e-02
1.666666666666666644e-02
1.270000000000000240e+00
0.000000000000000000e+00
1.000000000000000021e-02
2.099999999999999922e-01
1.666666666666666644e-02
1.000000000000000021e-02
5.666666666666667074e-02
1.063333333333333242e+00
5.333333333333333676e-02
0.000000000000000000e+00
6.800000000000000488e-01
8.733333333333334059e-01
1.000000000000000021e-02
1.000000000000000021e-02
1.083333333333333259e+00
3.333333333333333547e-03
0.000000000000000000e+00
3.700000000000000511e-01
7.366666666666666918e-01
2.666666666666666838e-02
0.000000000000000000e+00
9.966666666666667007e-01
2.333333333333333093e-01
9.666666666666667851e-02
1.566666666666666763e-01
2.733333333333333726e-01
1.056666666666666643e+00
8.333333333333332871e-02
2.333333333333333440e-02
4.999999999999999584e-02
2.999999999999999889e-02
8.399999999999999689e-01
0.000000000000000000e+00
0.000000000000000000e+00
9.133333333333334414e-01
3.333333333333333547e-03
0.000000000000000000e+00
1.333333333333333419e-02
8.900000000000000133e-01
2.666666666666666838e-02
0.000000000000000000e+00
5.866666666666667806e-01
1.403333333333333321e+00
0.000000000000000000e+00
0.000000000000000000e+00
9.499999999999998446e-01
2.666666666666666838e-02
0.000000000000000000e+00
1.000000000000000021e-02
6.699999999999999289e-01
1.000000000000000021e-02
0.000000000000000000e+00
1.100000000000000089e+00
3.066666666666666430e-01
1.266666666666666774e-01
1.133333333333333276e-01
1.566666666666666485e-01
9.700000000000000844e-01
1.663333333333333330e+00
1.333333333333333419e-02
0.000000000000000000e+00
1.000000000000000021e-02
9.799999999999999822e-01
0.000000000000000000e+00
3.333333333333333547e-03
3.600000000000000422e-01
8.333333333333332871e-02
0.000000000000000000e+00
7.333333333333334758e-02
8.599999999999999867e-01
1.333333333333333419e-02
0.000000000000000000e+00
1.256666666666666821e+00
1.046666666666666634e+00
0.000000000000000000e+00
1.000000000000000021e-02
5.433333333333333348e-01
1.000000000000000021e-02
1.333333333333333419e-02
3.300000000000000155e-01
1.616666666666666474e+00
0.000000000000000000e+00
0.000000000000000000e+00
9.800000000000000933e-01
4.966666666666666452e-01
2.066666666666666652e-01
8.333333333333333703e-01
2.833333333333333814e-01
9.999999999999999167e-02
7.333333333333334758e-02
1.100000000000000006e-01
2.000000000000000042e-02
2.666666666666666838e-02
1.070000000000000062e+00
0.000000000000000000e+00
0.000000000000000000e+00
1.436666666666666758e+00
1.000000000000000021e-02
1.333333333333333419e-02
0.000000000000000000e+00
3.700000000000000511e-01
1.000000000000000021e-02
0.000000000000000000e+00
5.366666666666666252e-01
1.333333333333333419e-02
0.000000000000000000e+00
0.000000000000000000e+00
9.433333333333333570e-01
4.999999999999999584e-02
0.000000000000000000e+00
0.000000000000000000e+00
7.400000000000001021e-01
0.000000000000000000e+00
0.000000000000000000e+00
8.633333333333332860e-01
4.633333333333333193e-01
8.000000000000000167e-02
7.366666666666666918e-01
2.866666666666666807e-01
7.466666666666665897e-01
7.233333333333332726e-01
3.433333333333333237e-01
8.000000000000000167e-02
4.533333333333333659e-01
1.550000000000000044e+00
0.000000000000000000e+00
4.000000000000000083e-02
8.166666666666667629e-01
3.000000000000000236e-02
0.000000000000000000e+00
0.000000000000000000e+00
3.000000000000000236e-02
0.000000000000000000e+00
0.000000000000000000e+00
3.033333333333332882e-01
8.566666666666665764e-01
0.000000000000000000e+00
0.000000000000000000e+00
1.083333333333333259e+00
1.000000000000000021e-02
0.000000000000000000e+00
4.666666666666666879e-02
1.976666666666666572e+00
0.000000000000000000e+00
0.000000000000000000e+00
5.233333333333333171e-01
4.199999999999999845e-01
5.666666666666666380e-02
4.566666666666667207e-01
5.333333333333333676e-02
4.966666666666667562e-01
1.133333333333333276e-01
1.033333333333333326e-01
6.666666666666666574e-02
1.363333333333333286e+00
1.176666666666666750e+00
0.000000000000000000e+00
1.066666666666666735e-01
1.126666666666666705e+00
6.666666666666667095e-03
0.000000000000000000e+00
1.743333333333333401e+00
7.833333333333333259e-01
0.000000000000000000e+00
6.666666666666667095e-03
1.900000000000000133e+00
7.333333333333333370e-02
0.000000000000000000e+00
4.099999999999999756e-01
1.263333333333333419e+00
1.666666666666666644e-02
0.000000000000000000e+00
1.669999999999999929e+00
1.499999999999999944e-01
0.000000000000000000e+00
0.000000000000000000e+00
1.976666666666666572e+00
1.260000000000000009e+00
2.333333333333333440e-02
1.480000000000000204e+00
7.799999999999999156e-01
1.540000000000000036e+00
3.166666666666666519e+00
6.533333333333333215e-01
9.766666666666666829e-01
8.733333333333334059e-01
2.739999999999999769e+00
3.333333333333333547e-03
1.276666666666666616e+00
2.999999999999999889e-02
1.333333333333333419e-02
1.000000000000000222e+00
1.133333333333333415e-01
0.000000000000000000e+00
0.000000000000000000e+00
1.316666666666666652e+00
7.033333333333334769e-01
4.933333333333333459e-01
3.666666666666666685e-02
2.800000000000000266e-01
4.166666666666666852e-01
0.000000000000000000e+00
1.150000000000000133e+00
1.910000000000000142e+00
1.093333333333333490e+00
4.999999999999999584e-02
6.733333333333333393e-01
1.300000000000000044e-01
5.899999999999999689e-01
9.999999999999999167e-02
1.300000000000000044e-01
4.266666666666666941e-01
8.333333333333333703e-01
1.303333333333333455e+00
6.666666666666667095e-03
2.213333333333333375e+00
6.133333333333333970e-01
1.833333333333333481e-01
6.666666666666666574e-02
1.169999999999999929e+00
1.033333333333333437e+00
3.333333333333333547e-03
2.666666666666666838e-02
2.999999999999999889e-02
7.666666666666666075e-02
1.666666666666666644e-02
1.733333333333333393e-01
4.999999999999999584e-02
3.333333333333333547e-03
1.000000000000000021e-02
4.333333333333333481e-02
1.666666666666666644e-02
2.000000000000000042e-02
1.166666666666666546e-01
3.333333333333333287e-02
1.333333333333333419e-02
6.666666666666667095e-03
1.266666666666666774e-01
1.800000000000000211e-01
1.666666666666666644e-02
1.500000000000000222e-01
6.800000000000000488e-01
1.629999999999999893e+00
8.333333333333332871e-02
1.413333333333333330e+00
6.266666666666665941e-01
3.133333333333332971e-01
1.833333333333333481e-01
6.699999999999999289e-01
1.036666666666666847e+00
2.333333333333333440e-02
1.026666666666666616e+00
1.256666666666666821e+00
9.966666666666667007e-01
9.666666666666667851e-02
1.133333333333333276e-01
4.000000000000000083e-02
2.233333333333333559e-01
7.133333333333333748e-01
2.633333333333333637e-01
6.966666666666666563e-01
1.066666666666666735e-01
1.000000000000000021e-02
1.633333333333333526e+00
9.333333333333333759e-02
1.550000000000000044e+00
1.133333333333333276e-01
5.233333333333333171e-01
2.299999999999999822e-01
0.000000000000000000e+00
5.999999999999999778e-02
1.333333333333333419e-02
1.233333333333333365e-01
0.000000000000000000e+00
2.600000000000000089e-01
6.666666666666667095e-03
0.000000000000000000e+00
4.000000000000000083e-02
2.266666666666666829e-01
6.666666666666667095e-03
1.099999999999999867e-01
5.366666666666667362e-01
2.999999999999999889e-02
2.233333333333333004e-01
0.000000000000000000e+00
1.333333333333333259e+00
2.999999999999999889e-02
5.000000000000000971e-02
7.333333333333334758e-02
1.000000000000000021e-02
4.000000000000000083e-02
1.666666666666666644e-02
6.666666666666667095e-03
3.333333333333333547e-03
2.399999999999999911e-01
7.000000000000000666e-02
1.133333333333333276e-01
2.500000000000000000e-01
1.000000000000000194e-01
3.466666666666666785e-01
9.333333333333332371e-02
9.633333333333332638e-01
1.800000000000000211e-01
3.000000000000000000e+00
4.260000000000000675e+00
2.069999999999999840e+00
1.823333333333333472e+00
1.566666666666667040e-01
6.333333333333333870e-02
1.133333333333333276e-01
8.766666666666665941e-01
0.000000000000000000e+00
3.666666666666667379e-02
2.200000000000000011e-01
1.000000000000000021e-02
1.000000000000000021e-02
1.333333333333333419e-02
5.700000000000000622e-01
4.999999999999999584e-02
0.000000000000000000e+00
1.003333333333333188e+00
5.300000000000000266e-01
1.000000000000000021e-02
0.000000000000000000e+00
5.766666666666666607e-01
1.000000000000000021e-02
0.000000000000000000e+00
5.333333333333333259e-01
9.366666666666665364e-01
1.000000000000000021e-02
4.666666666666666186e-02
1.490000000000000213e+00
2.766666666666666718e-01
2.633333333333333637e-01
4.233333333333333393e-01
3.066666666666666985e-01
4.833333333333333370e-01
1.733333333333333393e-01
1.133333333333333276e-01
3.666666666666666685e-02
6.666666666666667095e-03
1.199999999999999956e+00
0.000000000000000000e+00
0.000000000000000000e+00
1.589999999999999858e+00
2.333333333333333440e-02
0.000000000000000000e+00
0.000000000000000000e+00
1.206666666666666776e+00
5.333333333333333676e-02
0.000000000000000000e+00
6.033333333333333881e-01
1.426666666666666750e+00
0.000000000000000000e+00
0.000000000000000000e+00
1.260000000000000009e+00
1.333333333333333419e-02
0.000000000000000000e+00
1.666666666666666644e-02
1.266666666666666607e+00
3.333333333333333547e-03
0.000000000000000000e+00
1.263333333333333419e+00
3.500000000000000333e-01
2.999999999999999889e-01
1.233333333333333365e-01
4.700000000000000289e-01
7.500000000000000000e-01
1.186666666666666758e+00
1.300000000000000044e-01
0.000000000000000000e+00
3.333333333333333287e-02
1.626666666666666705e+00
0.000000000000000000e+00
2.666666666666666838e-02
4.933333333333333459e-01
5.333333333333333676e-02
0.000000000000000000e+00
1.000000000000000021e-02
1.116666666666666696e+00
0.000000000000000000e+00
0.000000000000000000e+00
1.910000000000000142e+00
6.133333333333332860e-01
0.000000000000000000e+00
0.000000000000000000e+00
3.200000000000000067e-01
1.000000000000000021e-02
1.000000000000000021e-02
2.233333333333333559e-01
1.596666666666666679e+00
1.000000000000000021e-02
6.666666666666667095e-03
1.286666666666666847e+00
3.033333333333332882e-01
1.266666666666666774e-01
4.966666666666666452e-01
3.033333333333333992e-01
5.466666666666666341e-01
5.333333333333333676e-02
6.333333333333333870e-02
2.000000000000000042e-02
0.000000000000000000e+00
9.100000000000000311e-01
2.333333333333333440e-02
0.000000000000000000e+00
2.533333333333333548e-01
6.666666666666667095e-03
2.666666666666666838e-02
3.333333333333333547e-03
8.833333333333333037e-01
0.000000000000000000e+00
0.000000000000000000e+00
7.633333333333333082e-01
7.666666666666666075e-02
0.000000000000000000e+00
0.000000000000000000e+00
1.040000000000000036e+00
2.666666666666666838e-02
0.000000000000000000e+00
3.333333333333333287e-02
7.933333333333333348e-01
0.000000000000000000e+00
0.000000000000000000e+00
1.763333333333333419e+00
2.600000000000000089e-01
6.333333333333333870e-02
7.733333333333333171e-01
2.366666666666666918e-01
1.139999999999999902e+00
6.166666666666666963e-01
3.400000000000000244e-01
2.999999999999999889e-02
1.600000000000000033e-01
2.083333333333333481e+00
3.333333333333333547e-03
3.333333333333333287e-02
3.300000000000000155e-01
5.000000000000000971e-02
0.000000000000000000e+00
1.000000000000000021e-02
1.300000000000000044e+00
0.000000000000000000e+00
0.000000000000000000e+00
1.606666666666666687e+00
1.090000000000000080e+00
0.000000000000000000e+00
2.333333333333333440e-02
1.349999999999999867e+00
6.666666666666667095e-03
3.333333333333333287e-02
2.799999999999999711e-01
2.283333333333333215e+00
4.666666666666666879e-02
2.999999999999999889e-02
5.466666666666666341e-01
5.233333333333333171e-01
1.533333333333333215e-01
6.699999999999999289e-01
4.133333333333333304e-01
4.733333333333333282e-01
1.533333333333333492e-01
1.700000000000000122e-01
9.333333333333333759e-02
2.136666666666666714e+00
7.833333333333333259e-01
0.000000000000000000e+00
2.933333333333333903e-01
1.006666666666666599e+00
2.000000000000000042e-02
3.666666666666667379e-02
1.206666666666666776e+00
1.090000000000000080e+00
3.666666666666667379e-02
1.000000000000000021e-02
2.390000000000000124e+00
4.333333333333333481e-02
0.000000000000000000e+00
7.099999999999999645e-01
3.099999999999999978e-01
6.666666666666667095e-03
0.000000000000000000e+00
1.179999999999999938e+00
2.233333333333333559e-01
0.000000000000000000e+00
3.333333333333333287e-02
8.166666666666667629e-01
4.266666666666666941e-01
3.333333333333333547e-03
1.393333333333333313e+00
6.466666666666666119e-01
7.900000000000000355e-01
2.563333333333333464e+00
1.333333333333333259e+00
1.236666666666666581e+00
1.883333333333333526e+00
1.679999999999999938e+00
2.333333333333333440e-02
2.009999999999999787e+00
4.266666666666666941e-01
2.000000000000000042e-02
3.066666666666666985e-01
2.800000000000000266e-01
6.900000000000000577e-01
1.000000000000000021e-02
1.836666666666666670e+00
1.790000000000000036e+00
1.766666666666666663e-01
1.333333333333333419e-02
1.333333333333333315e-01
9.599999999999999645e-01
1.000000000000000021e-02
1.443333333333333357e+00
1.113333333333333508e+00
1.593333333333333490e+00
9.666666666666667851e-02
5.200000000000000178e-01
8.666666666666666963e-02
4.166666666666666852e-01
1.066666666666666735e-01
1.099999999999999867e-01
9.000000000000001055e-02
1.146666666666666723e+00
8.900000000000000133e-01
0.000000000000000000e+00
9.566666666666666652e-01
4.299999999999999933e-01
5.000000000000000971e-02
5.333333333333333676e-02
8.199999999999999512e-01
7.366666666666666918e-01
6.666666666666667095e-03
3.333333333333333287e-02
4.000000000000000083e-02
8.000000000000000167e-02
6.000000000000000472e-02
1.900000000000000300e-01
1.333333333333333419e-02
0.000000000000000000e+00
2.666666666666666838e-02
4.000000000000000083e-02
2.666666666666666838e-02
3.333333333333333547e-03
2.566666666666666541e-01
5.666666666666667074e-02
1.333333333333333419e-02
3.666666666666666685e-02
2.333333333333333440e-02
9.999999999999999167e-02
3.333333333333333547e-03
9.999999999999999167e-02
8.233333333333332504e-01
8.533333333333333881e-01
2.366666666666666918e-01
1.223333333333333384e+00
1.380000000000000115e+00
8.666666666666666963e-02
1.600000000000000033e-01
2.183333333333333126e+00
7.799999999999999156e-01
0.000000000000000000e+00
1.576666666666666883e+00
1.650000000000000133e+00
9.133333333333334414e-01
9.333333333333333759e-02
1.100000000000000006e-01
4.333333333333333481e-02
1.666666666666666574e-01
8.900000000000000133e-01
3.333333333333333287e-02
2.733333333333333171e-01
7.333333333333333370e-02
0.000000000000000000e+00
1.156666666666666510e+00
3.333333333333333547e-03
9.766666666666665719e-01
2.066666666666666652e-01
5.000000000000000000e-01
7.000000000000000666e-02
1.199999999999999956e-01
1.233333333333333365e-01
1.333333333333333419e-02
1.800000000000000211e-01
1.666666666666666644e-02
1.966666666666666563e-01
0.000000000000000000e+00
3.333333333333333547e-03
1.666666666666666644e-02
1.933333333333333570e-01
3.333333333333333547e-03
1.766666666666666663e-01
9.100000000000000311e-01
1.333333333333333419e-02
3.666666666666667379e-02
2.999999999999999889e-02
1.063333333333333242e+00
2.666666666666666838e-02
1.666666666666666644e-02
4.999999999999999584e-02
1.000000000000000021e-02
1.666666666666666644e-02
1.333333333333333419e-02
4.666666666666666879e-02
0.000000000000000000e+00
1.166666666666666546e-01
9.333333333333333759e-02
1.166666666666666824e-01
2.333333333333333440e-02
1.399999999999999856e-01
2.566666666666666541e-01
4.666666666666666879e-02
9.900000000000001021e-01
4.000000000000000777e-01
2.133333333333333304e+00
2.523333333333333428e+00
2.393333333333333091e+00
5.233333333333333171e-01
3.733333333333333504e-01
5.000000000000000971e-02
9.999999999999999167e-02
1.003333333333333188e+00
0.000000000000000000e+00
2.333333333333333440e-02
1.166666666666666546e-01
3.333333333333333287e-02
0.000000000000000000e+00
3.333333333333333547e-03
6.266666666666665941e-01
2.000000000000000042e-02
0.000000000000000000e+00
7.133333333333332638e-01
7.633333333333333082e-01
2.000000000000000042e-02
0.000000000000000000e+00
2.033333333333333381e-01
1.333333333333333419e-02
2.999999999999999889e-02
1.433333333333333404e-01
1.090000000000000080e+00
1.000000000000000021e-02
1.000000000000000021e-02
2.046666666666666856e+00
2.700000000000000178e-01
3.200000000000000067e-01
5.300000000000000266e-01
1.833333333333333481e-01
1.063333333333333242e+00
2.333333333333333093e-02
1.000000000000000021e-02
6.666666666666666574e-02
6.666666666666667095e-03
7.733333333333333171e-01
0.000000000000000000e+00
0.000000000000000000e+00
1.043333333333333224e+00
4.333333333333333481e-02
0.000000000000000000e+00
0.000000000000000000e+00
9.233333333333333393e-01
1.099999999999999867e-01
0.000000000000000000e+00
6.566666666666666208e-01
1.380000000000000115e+00
0.000000000000000000e+00
0.000000000000000000e+00
1.393333333333333535e+00
2.666666666666666838e-02
3.333333333333333547e-03
0.000000000000000000e+00
1.266666666666666607e+00
4.666666666666666879e-02
7.333333333333333370e-02
1.186666666666666758e+00
6.866666666666666474e-01
7.066666666666666652e-01
2.999999999999999889e-01
2.433333333333333182e-01
1.099999999999999867e+00
1.159999999999999920e+00
4.333333333333332926e-01
2.333333333333333440e-02
3.666666666666666685e-02
9.700000000000000844e-01
1.333333333333333419e-02
0.000000000000000000e+00
5.133333333333333082e-01
2.333333333333333093e-02
0.000000000000000000e+00
1.333333333333333419e-02
7.299999999999999822e-01
0.000000000000000000e+00
0.000000000000000000e+00
1.536666666666666847e+00
7.633333333333333082e-01
0.000000000000000000e+00
3.333333333333333547e-03
8.766666666666665941e-01
0.000000000000000000e+00
0.000000000000000000e+00
1.999999999999999833e-01
1.433333333333333570e+00
6.666666666666667095e-03
0.000000000000000000e+00
1.403333333333333321e+00
1.050000000000000044e+00
1.433333333333333404e-01
5.799999999999999600e-01
3.966666666666666674e-01
9.666666666666667851e-02
7.666666666666666075e-02
8.333333333333332871e-02
1.666666666666666644e-02
6.666666666666667095e-03
1.356666666666666687e+00
0.000000000000000000e+00
0.000000000000000000e+00
3.033333333333332882e-01
2.000000000000000042e-02
0.000000000000000000e+00
0.000000000000000000e+00
3.500000000000000333e-01
6.666666666666667095e-03
3.333333333333333547e-03
3.833333333333333037e-01
5.999999999999999778e-02
0.000000000000000000e+00
1.000000000000000021e-02
1.566666666666666430e+00
0.000000000000000000e+00
0.000000000000000000e+00
1.666666666666666644e-02
3.099999999999999978e-01
0.000000000000000000e+00
0.000000000000000000e+00
9.799999999999999822e-01
3.300000000000000155e-01
2.866666666666666807e-01
1.193333333333333357e+00
2.733333333333333726e-01
1.540000000000000036e+00
1.913333333333333330e+00
7.666666666666667462e-02
2.000000000000000042e-02
4.866666666666666363e-01
2.596666666666666234e+00
0.000000000000000000e+00
4.666666666666666879e-02
6.000000000000000888e-01
1.333333333333333419e-02
0.000000000000000000e+00
0.000000000000000000e+00
6.466666666666666119e-01
1.000000000000000021e-02
1.666666666666666644e-02
7.399999999999998801e-01
1.556666666666666643e+00
0.000000000000000000e+00
6.666666666666667095e-03
7.799999999999999156e-01
3.333333333333333547e-03
0.000000000000000000e+00
2.399999999999999911e-01
1.280000000000000027e+00
0.000000000000000000e+00
6.666666666666667095e-03
5.200000000000000178e-01
4.166666666666666852e-01
3.666666666666667379e-02
5.833333333333333703e-01
1.300000000000000044e-01
6.266666666666665941e-01
1.000000000000000194e-01
1.866666666666666474e-01
1.266666666666666774e-01
9.933333333333332904e-01
9.666666666666666741e-01
0.000000000000000000e+00
1.600000000000000033e-01
5.200000000000000178e-01
0.000000000000000000e+00
0.000000000000000000e+00
5.299999999999999156e-01
6.566666666666666208e-01
0.000000000000000000e+00
3.333333333333333547e-03
1.990000000000000213e+00
1.533333333333333492e-01
0.000000000000000000e+00
8.666666666666666963e-02
1.440000000000000169e+00
1.333333333333333419e-02
0.000000000000000000e+00
1.196666666666666767e+00
9.766666666666666829e-01
0.000000000000000000e+00
4.000000000000000083e-02
2.649999999999999911e+00
8.766666666666665941e-01
9.333333333333333759e-02
2.986666666666666803e+00
1.543333333333333224e+00
1.316666666666666652e+00
1.163333333333333330e+00
2.539999999999999591e+00
9.200000000000000400e-01
1.769999999999999796e+00
3.300000000000000155e-01
3.333333333333333287e-02
1.536666666666666847e+00
1.900000000000000300e-01
1.333333333333333419e-02
1.499999999999999944e-01
2.766666666666666718e-01
3.200000000000000067e-01
6.666666666666667095e-03
4.733333333333333837e-01
1.620000000000000107e+00
3.533333333333333326e-01
1.666666666666666644e-02
9.400000000000000577e-01
6.199999999999999956e-01
1.333333333333333419e-02
1.563333333333333464e+00
6.633333333333333304e-01
1.816666666666666430e+00
1.033333333333333326e-01
1.200000000000000178e+00
9.666666666666666463e-02
3.166666666666667074e-01
1.166666666666666546e-01
5.333333333333333676e-02
1.333333333333333419e-02
1.000000000000000000e+00
1.813333333333333242e+00
1.000000000000000021e-02
1.576666666666666883e+00
6.266666666666665941e-01
2.699999999999999623e-01
2.000000000000000042e-02
1.013333333333333419e+00
7.366666666666666918e-01
0.000000000000000000e+00
2.999999999999999889e-02
9.666666666666667851e-02
4.999999999999999584e-02
2.333333333333333440e-02
2.033333333333333381e-01
4.666666666666666879e-02
0.000000000000000000e+00
2.666666666666666838e-02
2.333333333333333440e-02
5.666666666666667074e-02
3.333333333333333547e-03
1.433333333333333404e-01
6.666666666666667095e-03
1.333333333333333419e-02
0.000000000000000000e+00
5.666666666666667074e-02
2.666666666666666144e-02
0.000000000000000000e+00
9.000000000000001055e-02
4.199999999999999845e-01
1.306666666666666643e+00
0.000000000000000000e+00
1.050000000000000044e+00
9.899999999999998801e-01
2.200000000000000011e-01
1.600000000000000033e-01
1.849999999999999867e+00
7.033333333333332549e-01
0.000000000000000000e+00
1.816666666666666652e+00
2.490000000000000213e+00
1.203333333333333366e+00
1.033333333333333326e-01
8.333333333333332871e-02
9.000000000000001055e-02
3.800000000000000600e-01
6.066666666666665764e-01
4.333333333333333481e-02
5.733333333333333615e-01
6.333333333333333870e-02
0.000000000000000000e+00
8.700000000000001066e-01
1.133333333333333415e-01
3.300000000000000155e-01
1.333333333333333315e-01
5.000000000000000000e-01
7.666666666666666075e-02
5.000000000000000971e-02
1.633333333333333304e-01
6.999999999999999278e-02
3.333333333333333287e-02
0.000000000000000000e+00
2.933333333333333903e-01
0.000000000000000000e+00
0.000000000000000000e+00
3.333333333333333547e-03
1.666666666666666574e-01
3.333333333333333547e-03
2.766666666666666718e-01
2.299999999999999822e-01
8.333333333333332871e-02
9.999999999999999167e-02
1.400000000000000133e-01
1.186666666666666758e+00
3.333333333333333547e-03
3.333333333333333287e-02
4.333333333333333481e-02
0.000000000000000000e+00
2.333333333333333093e-02
1.000000000000000021e-02
2.000000000000000042e-02
3.333333333333333547e-03
9.999999999999999167e-02
7.333333333333333370e-02
3.666666666666667379e-02
8.666666666666666963e-02
4.666666666666666879e-02
1.766666666666666663e-01
0.000000000000000000e+00
7.400000000000001021e-01
2.233333333333333559e-01
1.616666666666666918e+00
2.100000000000000089e+00
1.996666666666666812e+00
2.883333333333333304e+00
2.266666666666666552e-01
1.600000000000000033e-01
6.666666666666667095e-03
8.300000000000000711e-01
0.000000000000000000e+00
1.666666666666666644e-02
1.933333333333333293e-01
1.000000000000000021e-02
0.000000000000000000e+00
1.333333333333333419e-02
4.199999999999999845e-01
4.000000000000000083e-02
0.000000000000000000e+00
3.633333333333333415e-01
6.899999999999999467e-01
1.000000000000000021e-02
1.333333333333333419e-02
1.110000000000000098e+00
1.000000000000000021e-02
2.333333333333333440e-02
1.399999999999999856e-01
9.333333333333332371e-01
2.000000000000000042e-02
0.000000000000000000e+00
9.566666666666666652e-01
2.333333333333333093e-01
1.066666666666666735e-01
3.666666666666666963e-01
1.900000000000000300e-01
8.199999999999999512e-01
6.333333333333333870e-02
1.000000000000000021e-02
1.333333333333333419e-02
1.666666666666666644e-02
1.093333333333333268e+00
0.000000000000000000e+00
0.000000000000000000e+00
1.566666666666666652e+00
1.000000000000000194e-01
6.666666666666667095e-03
1.333333333333333419e-02
1.616666666666666474e+00
3.000000000000000236e-02
6.666666666666667095e-03
6.033333333333333881e-01
1.416666666666666741e+00
0.000000000000000000e+00
1.333333333333333419e-02
1.853333333333333277e+00
3.000000000000000236e-02
0.000000000000000000e+00
1.000000000000000021e-02
1.403333333333333321e+00
2.999999999999999889e-02
6.666666666666667095e-03
1.653333333333333544e+00
3.400000000000000244e-01
1.866666666666666752e-01
1.966666666666666563e-01
1.766666666666666663e-01
5.999999999999999778e-01
9.233333333333333393e-01
3.766666666666666496e-01
4.333333333333333481e-02
6.666666666666667095e-03
1.226666666666666572e+00
0.000000000000000000e+00
2.000000000000000042e-02
2.999999999999999889e-01
2.666666666666666838e-02
0.000000000000000000e+00
2.000000000000000042e-02
4.166666666666666852e-01
1.000000000000000021e-02
3.333333333333333547e-03
1.283333333333333437e+00
1.216666666666666785e+00
0.000000000000000000e+00
2.000000000000000042e-02
6.666666666666666297e-01
1.333333333333333419e-02
1.333333333333333419e-02
1.300000000000000044e-01
1.570000000000000062e+00
0.000000000000000000e+00
0.000000000000000000e+00
1.223333333333333384e+00
6.900000000000000577e-01
1.199999999999999956e-01
7.466666666666667007e-01
2.866666666666666807e-01
1.333333333333333315e-01
2.333333333333333440e-02
8.000000000000000167e-02
7.000000000000000666e-02
0.000000000000000000e+00
8.699999999999999956e-01
0.000000000000000000e+00
0.000000000000000000e+00
8.300000000000000711e-01
7.666666666666667462e-02
1.333333333333333419e-02
0.000000000000000000e+00
2.266666666666666552e-01
1.333333333333333419e-02
0.000000000000000000e+00
5.066666666666667096e-01
1.400000000000000133e-01
0.000000000000000000e+00
0.000000000000000000e+00
1.110000000000000098e+00
4.000000000000000083e-02
0.000000000000000000e+00
3.000000000000000236e-02
4.199999999999999845e-01
2.000000000000000042e-02
1.000000000000000021e-02
1.306666666666666643e+00
7.733333333333333171e-01
1.233333333333333365e-01
6.500000000000000222e-01
4.266666666666665830e-01
5.899999999999999689e-01
8.533333333333333881e-01
3.366666666666666696e-01
3.666666666666667379e-02
4.966666666666666452e-01
1.193333333333333357e+00
1.333333333333333419e-02
5.666666666666667074e-02
1.366666666666666585e-01
8.333333333333332871e-02
3.333333333333333547e-03
0.000000000000000000e+00
4.400000000000000022e-01
6.666666666666667095e-03
0.000000000000000000e+00
1.246666666666666812e+00
1.653333333333333321e+00
0.000000000000000000e+00
2.666666666666666838e-02
1.060000000000000053e+00
6.666666666666667095e-03
2.999999999999999889e-02
2.366666666666666641e-01
1.866666666666666918e+00
6.666666666666667095e-03
6.666666666666667095e-03
3.066666666666666985e-01
7.366666666666666918e-01
1.800000000000000211e-01
8.066666666666666430e-01
1.166666666666666546e-01
9.799999999999999822e-01
3.099999999999999978e-01
9.999999999999999167e-02
1.666666666666666644e-02
1.063333333333333464e+00
1.669999999999999929e+00
0.000000000000000000e+00
1.833333333333333204e-01
1.726666666666666572e+00
1.666666666666666644e-02
3.333333333333333287e-02
5.100000000000000089e-01
5.300000000000000266e-01
2.666666666666666838e-02
0.000000000000000000e+00
2.606666666666666909e+00
1.266666666666666774e-01
0.000000000000000000e+00
1.833333333333333481e-01
2.490000000000000213e+00
1.333333333333333419e-02
0.000000000000000000e+00
1.726666666666666572e+00
1.153333333333333321e+00
2.000000000000000042e-02
3.666666666666666685e-02
3.013333333333333641e+00
7.533333333333332993e-01
6.666666666666667095e-03
3.023333333333333428e+00
1.196666666666666545e+00
9.033333333333333215e-01
1.943333333333333357e+00
6.966666666666666563e-01
7.999999999999999334e-01
1.900000000000000133e+00
2.563333333333333464e+00
6.666666666666667095e-03
1.276666666666666616e+00
4.099999999999999756e-01
4.666666666666666879e-02
4.799999999999999822e-01
2.999999999999999889e-01
6.666666666666666297e-01
0.000000000000000000e+00
6.199999999999999956e-01
1.806666666666666643e+00
8.000000000000000167e-02
3.333333333333333287e-02
8.900000000000000133e-01
5.833333333333333703e-01
0.000000000000000000e+00
8.766666666666665941e-01
1.143333333333333313e+00
8.199999999999999512e-01
3.333333333333333547e-03
5.033333333333332993e-01
4.833333333333333370e-01
7.366666666666666918e-01
1.333333333333333419e-02
1.199999999999999956e-01
1.100000000000000006e-01
1.226666666666666572e+00
8.566666666666667984e-01
6.666666666666667095e-03
2.723333333333333162e+00
1.200000000000000178e+00
1.199999999999999956e-01
6.666666666666666574e-02
1.030000000000000027e+00
1.010000000000000009e+00
0.000000000000000000e+00
6.666666666666667095e-03
1.066666666666666735e-01
9.333333333333333759e-02
1.666666666666666644e-02
3.666666666666666685e-02
9.999999999999999167e-02
2.000000000000000042e-02
3.333333333333333547e-03
8.000000000000000167e-02
1.199999999999999956e-01
1.333333333333333419e-02
8.000000000000000167e-02
5.666666666666667074e-02
6.666666666666666574e-02
1.600000000000000033e-01
1.100000000000000006e-01
5.666666666666667074e-02
2.000000000000000042e-02
2.299999999999999822e-01
5.233333333333333171e-01
1.620000000000000107e+00
8.666666666666666963e-02
1.380000000000000115e+00
6.466666666666666119e-01
7.333333333333334758e-02
2.000000000000000042e-02
1.369999999999999885e+00
6.999999999999998446e-01
1.666666666666666644e-02
1.316666666666666652e+00
6.166666666666666963e-01
6.833333333333332371e-01
8.000000000000000167e-02
5.666666666666667074e-02
8.333333333333332871e-02
1.266666666666666774e-01
3.533333333333333326e-01
1.000000000000000021e-02
6.733333333333333393e-01
7.333333333333333370e-02
3.333333333333333547e-03
1.653333333333333321e+00
7.333333333333334758e-02
7.700000000000000178e-01
2.666666666666666838e-02
5.866666666666666696e-01
1.433333333333333126e-01
2.000000000000000042e-02
9.666666666666667851e-02
9.000000000000001055e-02
1.466666666666666674e-01
0.000000000000000000e+00
2.333333333333333093e-01
1.000000000000000021e-02
0.000000000000000000e+00
3.333333333333333287e-02
1.700000000000000122e-01
1.666666666666666644e-02
1.166666666666666824e-01
1.060000000000000053e+00
1.199999999999999956e-01
0.000000000000000000e+00
0.000000000000000000e+00
1.223333333333333384e+00
2.666666666666666838e-02
1.000000000000000021e-02
1.333333333333333419e-02
1.666666666666666644e-02
3.666666666666667379e-02
0.000000000000000000e+00
2.000000000000000042e-02
0.000000000000000000e+00
1.266666666666666496e-01
2.999999999999999889e-02
5.999999999999999778e-02
9.000000000000001055e-02
6.666666666666667095e-03
1.433333333333333404e-01
1.333333333333333315e-01
1.996666666666666812e+00
2.033333333333333381e-01
2.236666666666666803e+00
5.520000000000000462e+00
