8.366666666666665586e-01
1.966666666666666563e-01
2.599999999999999534e-01
2.466666666666666730e-01
1.999999999999999833e-01
4.233333333333333393e-01
1.686666666666666758e+00
1.093333333333333490e+00
4.533333333333333659e-01
9.199999999999999289e-01
4.499999999999999556e-01
1.966666666666666563e-01
3.066666666666666985e-01
3.533333333333333326e-01
1.866666666666666752e-01
6.333333333333333870e-02
1.696666666666666545e+00
2.833333333333333814e-01
5.033333333333332993e-01
4.966666666666665897e-01
1.139999999999999902e+00
4.966666666666666452e-01
1.889999999999999902e+00
4.599999999999999645e-01
9.000000000000001055e-02
0.000000000000000000e+00
3.333333333333333547e-03
2.800000000000000266e-01
2.433333333333333182e-01
2.266666666666666552e-01
1.833333333333333481e-01
1.166666666666666741e+00
7.266666666666666829e-01
3.333333333333333287e-02
9.000000000000001055e-02
5.266666666666667274e-01
4.999999999999999584e-02
1.610000000000000098e+00
1.096666666666666679e+00
1.800000000000000211e-01
3.433333333333333237e-01
3.133333333333332971e-01
5.999999999999999778e-02
8.000000000000000167e-02
1.033333333333333326e-01
2.199999999999999734e-01
4.000000000000000083e-02
1.443333333333333357e+00
7.200000000000000844e-01
4.666666666666666879e-02
5.999999999999999778e-01
1.966666666666666785e+00
3.733333333333333504e-01
5.666666666666667629e-01
4.099999999999999756e-01
1.833333333333333204e-01
9.333333333333333759e-02
1.060000000000000053e+00
3.066666666666666430e-01
7.666666666666667462e-02
5.333333333333333676e-02
9.999999999999999167e-02
1.333333333333333419e-02
4.999999999999999584e-02
8.033333333333332327e-01
9.000000000000001055e-02
3.166666666666666519e-01
5.066666666666667096e-01
5.933333333333332682e-01
1.330000000000000071e+00
3.633333333333333415e-01
6.033333333333333881e-01
4.500000000000000111e-01
1.133333333333333304e+00
5.266666666666667274e-01
2.140000000000000124e+00
6.133333333333332860e-01
1.700000000000000122e-01
2.666666666666666838e-02
1.666666666666666644e-02
6.666666666666666574e-02
1.000000000000000021e-02
6.666666666666667095e-03
1.666666666666666574e-01
2.366666666666666641e-01
5.666666666666666380e-02
1.533333333333333215e-01
4.066666666666666763e-01
2.666666666666666838e-02
1.000000000000000021e-02
1.000000000000000021e-02
1.333333333333333419e-02
2.000000000000000042e-02
7.466666666666665897e-01
1.000000000000000021e-02
9.199999999999999289e-01
7.000000000000000666e-01
2.000000000000000042e-02
5.000000000000000971e-02
6.366666666666667140e-01
6.666666666666666574e-02
6.999999999999999278e-02
1.033333333333333326e-01
2.033333333333333381e-01
5.533333333333333437e-01
2.899999999999999800e-01
1.066666666666666458e-01
6.800000000000000488e-01
2.399999999999999911e-01
9.000000000000001055e-02
1.199999999999999956e-01
3.333333333333333547e-03
2.999999999999999889e-02
2.000000000000000042e-02
5.833333333333333703e-01
2.633333333333333637e-01
8.266666666666666607e-01
6.533333333333333215e-01
1.099999999999999867e-01
1.303333333333333455e+00
4.966666666666666452e-01
1.999999999999999833e-01
2.666666666666666838e-02
1.733333333333333393e-01
1.173333333333333561e+00
8.000000000000000167e-02
7.000000000000000666e-02
2.999999999999999889e-02
1.333333333333333419e-02
3.099999999999999978e-01
1.766666666666666663e-01
6.466666666666666119e-01
0.000000000000000000e+00
1.000000000000000021e-02
1.336666666666666670e+00
9.000000000000000222e-01
4.000000000000000083e-02
2.666666666666666838e-02
3.666666666666666963e-01
8.066666666666666430e-01
1.693333333333333357e+00
8.066666666666666430e-01
8.000000000000000167e-02
1.000000000000000000e+00
9.000000000000001055e-02
1.276666666666666616e+00
4.733333333333333282e-01
1.583333333333333259e+00
3.899999999999999578e-01
3.733333333333333504e-01
1.849999999999999867e+00
2.169999999999999929e+00
8.933333333333332016e-01
1.393333333333333313e+00
2.766666666666666718e-01
1.099999999999999867e-01
1.119999999999999885e+00
0.000000000000000000e+00
1.166666666666666546e-01
1.733333333333333393e-01
2.999999999999999889e-02
3.433333333333332682e-01
2.633333333333333637e-01
7.799999999999999156e-01
5.166666666666667185e-01
4.933333333333333459e-01
1.666666666666666574e-01
1.166666666666666546e-01
1.270000000000000018e+00
4.966666666666666452e-01
1.036666666666666625e+00
1.333333333333333419e-02
1.129999999999999893e+00
7.000000000000000666e-02
6.666666666666667095e-03
4.400000000000000022e-01
0.000000000000000000e+00
8.666666666666666963e-02
6.833333333333332371e-01
9.666666666666667851e-02
1.763333333333333419e+00
3.383333333333333304e+00
3.333333333333333547e-03
8.333333333333332871e-02
0.000000000000000000e+00
0.000000000000000000e+00
4.966666666666666452e-01
1.303333333333333455e+00
7.233333333333332726e-01
3.333333333333333547e-03
2.900000000000000355e-01
2.000000000000000042e-02
0.000000000000000000e+00
1.666666666666666644e-02
1.336666666666666670e+00
2.033333333333333381e-01
4.333333333333333481e-02
1.533333333333333215e-01
2.066666666666666652e-01
1.866666666666666474e-01
2.666666666666666838e-02
1.633333333333333304e-01
9.566666666666666652e-01
1.966666666666666563e-01
5.200000000000000178e-01
1.066666666666666652e+00
7.666666666666667462e-02
1.766666666666666607e+00
2.766666666666666718e-01
1.466666666666666397e-01
9.433333333333333570e-01
2.666666666666666838e-02
2.466666666666666730e-01
1.380000000000000115e+00
8.900000000000000133e-01
