4.099999999999999756e-01
1.533333333333333215e-01
1.033333333333333326e-01
6.066666666666665764e-01
4.333333333333332926e-01
6.533333333333333215e-01
4.233333333333333393e-01
1.966666666666666841e-01
5.766666666666666607e-01
0.000000000000000000e+00
1.033333333333333326e-01
0.000000000000000000e+00
2.466666666666666730e-01
1.433333333333333126e-01
6.733333333333333393e-01
1.633333333333333304e-01
1.410000000000000142e+00
5.999999999999999778e-02
3.933333333333333126e-01
1.733333333333333393e-01
1.033333333333333326e-01
1.333333333333333315e-01
9.000000000000001055e-02
1.499999999999999944e-01
1.833333333333333481e-01
6.300000000000000044e-01
1.366666666666666863e-01
4.966666666666666452e-01
5.999999999999999778e-02
1.499999999999999944e-01
2.766666666666666718e-01
1.163333333333333330e+00
2.333333333333333093e-01
5.333333333333333676e-02
4.466666666666667118e-01
2.000000000000000042e-02
3.333333333333333287e-02
2.416666666666666519e+00
1.266666666666666774e-01
2.799999999999999711e-01
1.223333333333333384e+00
1.133333333333333276e-01
2.000000000000000042e-02
3.333333333333333547e-03
3.899999999999999578e-01
4.000000000000000083e-02
1.233333333333333365e-01
0.000000000000000000e+00
1.233333333333333393e+00
2.099999999999999645e-01
5.666666666666667629e-01
2.466666666666666730e-01
3.366666666666666696e-01
5.766666666666666607e-01
1.733333333333333393e-01
2.533333333333333548e-01
1.333333333333333419e-02
1.866666666666666752e-01
9.666666666666667851e-02
1.033333333333333326e-01
2.266666666666666552e-01
2.200000000000000011e-01
6.233333333333334059e-01
4.133333333333333304e-01
8.966666666666666119e-01
9.333333333333333759e-02
1.059999999999999831e+00
3.066666666666666985e-01
4.333333333333333481e-02
5.999999999999999778e-02
3.333333333333333547e-03
4.199999999999999845e-01
2.999999999999999889e-02
1.333333333333333315e-01
1.866666666666666752e-01
1.633333333333333304e-01
8.000000000000000167e-02
5.333333333333333676e-02
3.433333333333332682e-01
1.000000000000000021e-02
3.566666666666666874e-01
9.066666666666666208e-01
2.099999999999999922e-01
1.666666666666666574e-01
2.999999999999999889e-02
3.333333333333333547e-03
4.000000000000000083e-02
2.666666666666666838e-02
1.339999999999999858e+00
2.600000000000000089e-01
2.066666666666666652e-01
8.333333333333332871e-02
3.899999999999999578e-01
2.099999999999999922e-01
5.000000000000000971e-02
5.466666666666666341e-01
8.666666666666666963e-02
2.666666666666666838e-02
0.000000000000000000e+00
0.000000000000000000e+00
3.733333333333332948e-01
8.000000000000000167e-02
4.066666666666666763e-01
8.333333333333332871e-02
1.999999999999999833e-01
1.373333333333333295e+00
3.333333333333333287e-02
1.333333333333333315e-01
4.299999999999999933e-01
2.299999999999999822e-01
7.799999999999999156e-01
1.100000000000000006e-01
7.000000000000000666e-02
5.666666666666667629e-01
1.533333333333333437e+00
3.266666666666666607e-01
1.949999999999999956e+00
2.466666666666666730e-01
1.979999999999999760e+00
4.566666666666667207e-01
2.266666666666666552e-01
1.833333333333333481e-01
2.099999999999999922e-01
1.956666666666666776e+00
3.366666666666666696e-01
6.300000000000000044e-01
1.199999999999999956e-01
1.666666666666666574e-01
4.133333333333333304e-01
1.823333333333333250e+00
2.033333333333333659e-01
1.199999999999999956e-01
0.000000000000000000e+00
5.333333333333333676e-02
2.000000000000000042e-02
5.899999999999999689e-01
0.000000000000000000e+00
2.500000000000000000e-01
0.000000000000000000e+00
0.000000000000000000e+00
3.333333333333333287e-02
5.333333333333333259e-01
1.766666666666666663e-01
9.666666666666667851e-01
1.666666666666666644e-02
0.000000000000000000e+00
8.000000000000000167e-02
7.666666666666667462e-02
2.066666666666666652e-01
3.566666666666666319e-01
2.999999999999999889e-01
6.633333333333332194e-01
3.266666666666666607e-01
2.933333333333333348e-01
1.433333333333333404e-01
8.000000000000000167e-02
5.999999999999999778e-01
1.233333333333333365e-01
8.266666666666666607e-01
6.666666666666666574e-02
3.299999999999999600e-01
2.333333333333333440e-02
4.666666666666666186e-01
1.566666666666666485e-01
5.166666666666667185e-01
1.566666666666666485e-01
1.656666666666666510e+00
6.666666666666667095e-03
9.000000000000001055e-02
8.566666666666665764e-01
3.200000000000000067e-01
2.649999999999999911e+00
2.533333333333333548e-01
1.266666666666666774e-01
3.666666666666666685e-02
3.866666666666667140e-01
2.833333333333332704e-01
3.966666666666666674e-01
3.933333333333333681e-01
0.000000000000000000e+00
3.799999999999999489e-01
0.000000000000000000e+00
3.333333333333333547e-03
0.000000000000000000e+00
1.499999999999999944e-01
1.033333333333333465e-01
3.366666666666666696e-01
1.100000000000000006e-01
1.093333333333333268e+00
2.666666666666666838e-02
8.333333333333332871e-02
2.700000000000000178e-01
1.766666666666666663e-01
5.999999999999999778e-02
8.000000000000000167e-02
2.500000000000000000e-01
1.099999999999999867e-01
6.099999999999999867e-01
3.799999999999999489e-01
1.119999999999999885e+00
9.333333333333333759e-02
2.099999999999999922e-01
3.466666666666666785e-01
2.299999999999999822e-01
5.099999999999998979e-01
4.333333333333333481e-02
1.566666666666666763e-01
5.666666666666666380e-02
6.333333333333333870e-02
1.166666666666666546e-01
9.999999999999999167e-02
2.000000000000000042e-02
6.166666666666666963e-01
1.133333333333333415e-01
0.000000000000000000e+00
3.333333333333333287e-02
5.400000000000000355e-01
6.999999999999999278e-02
1.033333333333333326e-01
3.333333333333333287e-02
1.110000000000000098e+00
1.133333333333333276e-01
2.700000000000000178e-01
1.199999999999999956e-01
4.233333333333333393e-01
3.433333333333333237e-01
1.233333333333333365e-01
3.366666666666666696e-01
3.000000000000000236e-02
1.566666666666666485e-01
1.000000000000000021e-02
5.666666666666666380e-02
1.633333333333333304e-01
1.000000000000000021e-02
4.166666666666666852e-01
2.066666666666666652e-01
3.366666666666666696e-01
1.333333333333333419e-02
1.129999999999999893e+00
3.533333333333333326e-01
0.000000000000000000e+00
1.333333333333333315e-01
8.333333333333332871e-02
1.600000000000000033e-01
8.000000000000000167e-02
4.666666666666666879e-02
9.999999999999999167e-02
1.300000000000000044e-01
1.966666666666666563e-01
1.266666666666666774e-01
4.999999999999999584e-02
1.600000000000000033e-01
3.433333333333333237e-01
7.799999999999999156e-01
7.333333333333331983e-02
3.966666666666666674e-01
1.166666666666666546e-01
1.333333333333333419e-02
1.333333333333333315e-01
1.999999999999999833e-01
1.086666666666666670e+00
1.566666666666666485e-01
1.466666666666666674e-01
2.533333333333333548e-01
3.433333333333333237e-01
2.233333333333333004e-01
8.666666666666666963e-02
5.799999999999999600e-01
9.666666666666667851e-02
1.933333333333333293e-01
2.333333333333333440e-02
6.666666666666667095e-03
1.999999999999999833e-01
5.666666666666667074e-02
3.600000000000000422e-01
6.000000000000000472e-02
1.533333333333333215e-01
1.153333333333333321e+00
2.999999999999999889e-02
4.000000000000000083e-02
1.866666666666666474e-01
2.999999999999999889e-01
7.133333333333333748e-01
1.633333333333333304e-01
1.700000000000000122e-01
2.300000000000000100e-01
8.599999999999999867e-01
4.133333333333333304e-01
2.033333333333333215e+00
2.000000000000000042e-02
1.746666666666666812e+00
1.233333333333333365e-01
9.333333333333333759e-02
2.233333333333333004e-01
1.999999999999999833e-01
1.543333333333333224e+00
4.166666666666666852e-01
7.666666666666666075e-01
7.666666666666667462e-02
1.666666666666666574e-01
2.999999999999999889e-01
5.799999999999999600e-01
0.000000000000000000e+00
8.000000000000000167e-02
2.333333333333333440e-02
1.233333333333333365e-01
1.266666666666666774e-01
5.166666666666667185e-01
0.000000000000000000e+00
4.433333333333333570e-01
8.333333333333332871e-02
1.666666666666666644e-02
1.766666666666666663e-01
6.466666666666666119e-01
3.699999999999999400e-01
1.416666666666666741e+00
7.333333333333333370e-02
1.900000000000000300e-01
7.666666666666666075e-02
1.300000000000000044e-01
1.500000000000000222e-01
2.666666666666666838e-02
2.233333333333333559e-01
1.050000000000000044e+00
6.333333333333333870e-02
9.666666666666667851e-02
1.266666666666666774e-01
2.666666666666666838e-02
5.166666666666667185e-01
2.500000000000000000e-01
4.500000000000000111e-01
9.666666666666667851e-02
1.966666666666666841e-01
0.000000000000000000e+00
8.666666666666666963e-02
3.333333333333333287e-02
6.666666666666666574e-02
1.333333333333333419e-02
1.000000000000000222e+00
4.666666666666666879e-02
1.333333333333333315e-01
9.766666666666665719e-01
2.766666666666666718e-01
2.196666666666666767e+00
3.899999999999999578e-01
6.033333333333333881e-01
1.366666666666666863e-01
6.366666666666667140e-01
7.366666666666666918e-01
6.199999999999999956e-01
4.500000000000000111e-01
1.033333333333333465e-01
5.000000000000000000e-01
0.000000000000000000e+00
2.000000000000000042e-02
0.000000000000000000e+00
1.499999999999999944e-01
8.666666666666666963e-02
3.366666666666666696e-01
6.666666666666666574e-02
2.966666666666666341e-01
0.000000000000000000e+00
0.000000000000000000e+00
1.066666666666666735e-01
6.666666666666667095e-03
5.333333333333333676e-02
0.000000000000000000e+00
3.333333333333333287e-02
2.333333333333333440e-02
4.599999999999999645e-01
1.700000000000000122e-01
1.036666666666666847e+00
9.666666666666667851e-02
5.666666666666667074e-02
7.000000000000000666e-02
1.333333333333333315e-01
4.500000000000000111e-01
1.333333333333333419e-02
1.933333333333333293e-01
9.666666666666667851e-02
2.333333333333333440e-02
2.866666666666666807e-01
5.000000000000000971e-02
1.000000000000000021e-02
8.033333333333333437e-01
1.633333333333333304e-01
1.000000000000000021e-02
4.666666666666666186e-02
8.633333333333332860e-01
1.066666666666666458e-01
1.100000000000000006e-01
1.000000000000000021e-02
7.333333333333333925e-01
0.000000000000000000e+00
1.466666666666666952e-01
2.399999999999999911e-01
5.000000000000000000e-01
1.133333333333333276e-01
1.066666666666666735e-01
5.766666666666666607e-01
1.333333333333333419e-02
9.666666666666667851e-02
0.000000000000000000e+00
6.666666666666667095e-03
6.333333333333333870e-02
2.000000000000000042e-02
5.166666666666667185e-01
3.566666666666666319e-01
4.066666666666666763e-01
1.333333333333333419e-02
1.446666666666666545e+00
1.099999999999999867e+00
0.000000000000000000e+00
1.633333333333333304e-01
4.333333333333333481e-02
8.000000000000000167e-02
1.333333333333333419e-02
1.133333333333333276e-01
1.166666666666666546e-01
1.233333333333333365e-01
1.466666666666666674e-01
3.600000000000000422e-01
4.199999999999999845e-01
1.300000000000000044e-01
4.399999999999999467e-01
6.466666666666666119e-01
3.466666666666666785e-01
4.066666666666666763e-01
2.866666666666666807e-01
7.000000000000000666e-02
2.600000000000000089e-01
1.833333333333333481e-01
1.293333333333333224e+00
8.333333333333332871e-02
1.033333333333333326e-01
1.800000000000000211e-01
2.366666666666666641e-01
8.000000000000000167e-02
1.666666666666666644e-02
2.066666666666666652e-01
1.666666666666666574e-01
4.333333333333333481e-02
0.000000000000000000e+00
2.666666666666666838e-02
2.166666666666666741e-01
6.000000000000000472e-02
6.400000000000000133e-01
1.533333333333333492e-01
2.133333333333333470e-01
1.146666666666666723e+00
1.800000000000000211e-01
2.666666666666666838e-02
5.099999999999998979e-01
1.633333333333333304e-01
3.899999999999999578e-01
8.000000000000000167e-02
4.333333333333333481e-02
2.799999999999999711e-01
3.433333333333333237e-01
1.666666666666666574e-01
1.263333333333333419e+00
1.099999999999999867e-01
1.466666666666666785e+00
2.533333333333333548e-01
1.533333333333333492e-01
1.166666666666666546e-01
1.633333333333333304e-01
1.770000000000000240e+00
2.899999999999999800e-01
5.000000000000000000e-01
5.999999999999999778e-02
1.633333333333333304e-01
1.600000000000000033e-01
1.699999999999999956e+00
3.333333333333333547e-03
2.299999999999999822e-01
1.333333333333333419e-02
3.633333333333332860e-01
4.333333333333333481e-02
5.899999999999999689e-01
0.000000000000000000e+00
2.666666666666666630e-01
3.000000000000000236e-02
1.666666666666666644e-02
1.400000000000000133e-01
3.899999999999999578e-01
4.500000000000000111e-01
1.340000000000000080e+00
8.000000000000000167e-02
1.833333333333333481e-01
9.000000000000001055e-02
1.199999999999999956e-01
2.199999999999999734e-01
3.333333333333333287e-02
2.399999999999999911e-01
7.600000000000001199e-01
0.000000000000000000e+00
2.433333333333333182e-01
0.000000000000000000e+00
1.000000000000000021e-02
1.533333333333333215e-01
9.999999999999999167e-02
7.933333333333333348e-01
1.233333333333333365e-01
1.633333333333333581e-01
0.000000000000000000e+00
1.233333333333333365e-01
0.000000000000000000e+00
4.000000000000000083e-02
0.000000000000000000e+00
9.133333333333334414e-01
6.666666666666667095e-03
1.499999999999999944e-01
4.766666666666666274e-01
5.233333333333333171e-01
1.759999999999999787e+00
7.200000000000000844e-01
5.100000000000000089e-01
5.066666666666667096e-01
2.766666666666666718e-01
4.666666666666666879e-02
6.866666666666666474e-01
1.133333333333333276e-01
3.366666666666666696e-01
3.866666666666666585e-01
1.333333333333333419e-02
2.666666666666666838e-02
2.000000000000000042e-02
7.333333333333334758e-02
2.333333333333333440e-02
4.966666666666666452e-01
1.733333333333333393e-01
2.833333333333332704e-01
6.666666666666667095e-03
2.333333333333333440e-02
3.066666666666666985e-01
9.999999999999999167e-02
1.433333333333333404e-01
1.133333333333333276e-01
1.666666666666666574e-01
6.333333333333333870e-02
3.066666666666666985e-01
1.633333333333333304e-01
1.276666666666666616e+00
4.000000000000000083e-02
2.066666666666666652e-01
2.533333333333333548e-01
2.466666666666666730e-01
7.566666666666667096e-01
2.333333333333333440e-02
1.766666666666666663e-01
3.666666666666666685e-02
1.233333333333333365e-01
2.999999999999999889e-02
0.000000000000000000e+00
0.000000000000000000e+00
6.900000000000000577e-01
1.333333333333333419e-02
0.000000000000000000e+00
0.000000000000000000e+00
3.066666666666666985e-01
2.566666666666666541e-01
3.266666666666666607e-01
0.000000000000000000e+00
1.183333333333333348e+00
6.666666666666666574e-02
8.666666666666666963e-01
1.733333333333333393e-01
2.233333333333333559e-01
7.666666666666667462e-02
9.000000000000001055e-02
2.999999999999999889e-02
2.666666666666666838e-02
2.399999999999999911e-01
1.300000000000000044e-01
1.566666666666666763e-01
1.566666666666666763e-01
1.633333333333333304e-01
4.366666666666667029e-01
2.533333333333333548e-01
1.499999999999999944e-01
0.000000000000000000e+00
1.100000000000000089e+00
4.033333333333333215e-01
1.000000000000000021e-02
9.666666666666666463e-02
4.666666666666666879e-02
3.966666666666666674e-01
2.000000000000000042e-02
1.600000000000000033e-01
3.566666666666666874e-01
1.499999999999999944e-01
1.533333333333333492e-01
4.366666666666667029e-01
9.433333333333333570e-01
2.533333333333333548e-01
5.033333333333332993e-01
8.700000000000001066e-01
4.633333333333333748e-01
2.433333333333333182e-01
2.899999999999999800e-01
1.600000000000000033e-01
3.300000000000000155e-01
2.466666666666666730e-01
1.073333333333333250e+00
3.333333333333333287e-02
1.633333333333333304e-01
2.933333333333332793e-01
1.266666666666666774e-01
2.633333333333333637e-01
2.999999999999999889e-02
5.999999999999999778e-01
5.666666666666667074e-02
0.000000000000000000e+00
0.000000000000000000e+00
1.666666666666666644e-02
7.333333333333333370e-02
1.333333333333333419e-02
1.266666666666666774e-01
6.333333333333333870e-02
0.000000000000000000e+00
6.366666666666667140e-01
2.000000000000000042e-02
1.400000000000000133e-01
5.366666666666667362e-01
2.099999999999999922e-01
4.466666666666667118e-01
1.633333333333333304e-01
1.300000000000000044e-01
1.900000000000000300e-01
7.533333333333332993e-01
3.400000000000000244e-01
1.723333333333333384e+00
1.666666666666666574e-01
5.133333333333333082e-01
1.333333333333333315e-01
1.766666666666666663e-01
2.066666666666666652e-01
5.566666666666667540e-01
1.556666666666666643e+00
4.666666666666667296e-01
3.500000000000000333e-01
4.333333333333333481e-02
3.033333333333332882e-01
3.266666666666666607e-01
1.899999999999999689e+00
3.666666666666667379e-02
9.999999999999999167e-02
6.333333333333333870e-02
5.333333333333333676e-02
1.000000000000000021e-02
3.200000000000000067e-01
0.000000000000000000e+00
4.499999999999999556e-01
9.000000000000001055e-02
0.000000000000000000e+00
0.000000000000000000e+00
2.033333333333333381e-01
1.399999999999999856e-01
1.076666666666666661e+00
1.099999999999999867e-01
1.666666666666666574e-01
5.000000000000000971e-02
9.000000000000001055e-02
2.999999999999999889e-02
5.999999999999999778e-02
2.666666666666666630e-01
8.599999999999999867e-01
3.333333333333333547e-03
2.466666666666666730e-01
7.666666666666667462e-02
0.000000000000000000e+00
1.866666666666666752e-01
4.000000000000000083e-02
1.059999999999999831e+00
1.999999999999999833e-01
1.000000000000000194e-01
0.000000000000000000e+00
6.333333333333333870e-02
0.000000000000000000e+00
1.100000000000000006e-01
1.366666666666666863e-01
1.183333333333333348e+00
2.000000000000000042e-02
1.433333333333333404e-01
1.246666666666666812e+00
3.166666666666666519e-01
2.326666666666666661e+00
8.699999999999999956e-01
3.866666666666666585e-01
5.166666666666667185e-01
2.166666666666666741e-01
7.233333333333332726e-01
4.400000000000000022e-01
3.200000000000000067e-01
3.400000000000000244e-01
3.200000000000000067e-01
1.300000000000000044e-01
1.133333333333333276e-01
4.000000000000000083e-02
1.199999999999999956e-01
1.000000000000000021e-02
3.200000000000000067e-01
4.000000000000000083e-02
5.499999999999999334e-01
2.000000000000000042e-02
1.066666666666666458e-01
1.999999999999999833e-01
1.733333333333333393e-01
1.633333333333333304e-01
1.800000000000000211e-01
3.599999999999999312e-01
1.966666666666666841e-01
5.566666666666667540e-01
3.466666666666666785e-01
1.580000000000000071e+00
9.333333333333333759e-02
4.066666666666666763e-01
3.500000000000000333e-01
8.333333333333333703e-01
3.300000000000000155e-01
2.999999999999999889e-02
1.766666666666666663e-01
9.000000000000001055e-02
1.400000000000000133e-01
1.100000000000000006e-01
1.666666666666666644e-02
7.000000000000000666e-02
1.003333333333333410e+00
2.066666666666666652e-01
5.999999999999999778e-02
2.000000000000000042e-02
2.933333333333332793e-01
4.999999999999999584e-02
1.700000000000000122e-01
2.000000000000000042e-02
1.073333333333333250e+00
7.666666666666667462e-02
3.499999999999999223e-01
1.666666666666666644e-02
1.633333333333333304e-01
1.499999999999999944e-01
1.600000000000000033e-01
4.966666666666666452e-01
2.266666666666666552e-01
2.966666666666666896e-01
3.666666666666667379e-02
1.000000000000000021e-02
1.266666666666666774e-01
0.000000000000000000e+00
2.333333333333333093e-02
2.266666666666666829e-01
7.299999999999999822e-01
8.333333333333332871e-02
9.700000000000000844e-01
5.999999999999999778e-01
1.333333333333333419e-02
1.066666666666666735e-01
1.000000000000000021e-02
7.666666666666666075e-02
1.333333333333333419e-02
2.000000000000000042e-02
4.000000000000000083e-02
1.100000000000000006e-01
2.766666666666666718e-01
2.666666666666666630e-01
8.666666666666665853e-01
1.700000000000000122e-01
2.133333333333333470e-01
1.166666666666666546e-01
2.500000000000000000e-01
1.466666666666666952e-01
1.966666666666666563e-01
0.000000000000000000e+00
2.266666666666666552e-01
0.000000000000000000e+00
4.233333333333333393e-01
3.633333333333333415e-01
3.366666666666666696e-01
7.799999999999999156e-01
1.933333333333333293e-01
1.266666666666666774e-01
1.666666666666666644e-02
1.900000000000000300e-01
3.666666666666666685e-02
0.000000000000000000e+00
0.000000000000000000e+00
8.666666666666666963e-02
1.366666666666666863e-01
3.666666666666666685e-02
2.533333333333333548e-01
5.666666666666666380e-02
1.666666666666666644e-02
1.230000000000000204e+00
6.666666666666666574e-02
1.833333333333333481e-01
5.033333333333332993e-01
1.933333333333333293e-01
4.166666666666666852e-01
6.000000000000000472e-02
4.000000000000000083e-02
3.266666666666666607e-01
1.496666666666666812e+00
3.800000000000000600e-01
1.630000000000000115e+00
9.000000000000001055e-02
5.466666666666667451e-01
1.800000000000000211e-01
1.566666666666666763e-01
2.833333333333333814e-01
2.533333333333333548e-01
8.800000000000000044e-01
2.733333333333333726e-01
4.366666666666667029e-01
4.000000000000000083e-02
1.766666666666666663e-01
5.333333333333333676e-02
8.433333333333332682e-01
0.000000000000000000e+00
3.666666666666666685e-02
3.333333333333333287e-02
6.333333333333333870e-02
1.533333333333333215e-01
3.366666666666666696e-01
0.000000000000000000e+00
1.866666666666666474e-01
1.333333333333333419e-02
0.000000000000000000e+00
1.233333333333333365e-01
1.400000000000000133e-01
3.633333333333332860e-01
1.250000000000000000e+00
1.666666666666666574e-01
9.000000000000001055e-02
1.333333333333333419e-02
1.066666666666666735e-01
2.600000000000000089e-01
8.333333333333332871e-02
2.999999999999999889e-01
1.136666666666666492e+00
3.333333333333333547e-03
3.600000000000000422e-01
1.666666666666666644e-02
0.000000000000000000e+00
7.666666666666667462e-02
8.333333333333332871e-02
4.166666666666666852e-01
4.000000000000000083e-02
4.000000000000000083e-02
0.000000000000000000e+00
3.333333333333333287e-02
4.333333333333333481e-02
3.000000000000000236e-02
4.666666666666666879e-02
1.226666666666666794e+00
9.000000000000001055e-02
8.666666666666666963e-02
1.066666666666666652e+00
6.699999999999999289e-01
2.593333333333333268e+00
1.383333333333333526e+00
4.500000000000000111e-01
1.166666666666666546e-01
2.099999999999999922e-01
4.966666666666666452e-01
9.700000000000000844e-01
1.000000000000000194e-01
2.800000000000000266e-01
2.266666666666666552e-01
5.666666666666667074e-02
1.600000000000000033e-01
0.000000000000000000e+00
1.733333333333333393e-01
7.666666666666666075e-02
3.766666666666666496e-01
9.000000000000001055e-02
3.633333333333332860e-01
0.000000000000000000e+00
9.666666666666666463e-02
3.966666666666666674e-01
1.766666666666666663e-01
2.833333333333333814e-01
1.000000000000000194e-01
5.466666666666667451e-01
1.300000000000000044e-01
3.499999999999999223e-01
6.766666666666667496e-01
1.759999999999999787e+00
1.499999999999999944e-01
5.566666666666666430e-01
5.333333333333333259e-01
6.133333333333333970e-01
5.033333333333332993e-01
1.666666666666666644e-02
2.099999999999999922e-01
6.333333333333333870e-02
2.266666666666666552e-01
4.799999999999999822e-01
1.866666666666666752e-01
2.666666666666666838e-02
8.133333333333333526e-01
8.666666666666666963e-02
9.333333333333333759e-02
1.033333333333333465e-01
7.200000000000000844e-01
6.666666666666666574e-02
2.299999999999999822e-01
2.000000000000000042e-02
1.290000000000000036e+00
1.366666666666666863e-01
5.366666666666667362e-01
9.000000000000001055e-02
3.233333333333333059e-01
1.466666666666666952e-01
5.000000000000000971e-02
3.366666666666666141e-01
6.333333333333333870e-02
5.999999999999999778e-02
2.999999999999999889e-02
3.333333333333333547e-03
5.666666666666666380e-02
0.000000000000000000e+00
1.666666666666666644e-02
1.633333333333333304e-01
6.300000000000000044e-01
1.100000000000000006e-01
1.449999999999999956e+00
2.133333333333332915e-01
4.000000000000000083e-02
5.333333333333333676e-02
0.000000000000000000e+00
4.000000000000000083e-02
0.000000000000000000e+00
2.666666666666666838e-02
2.033333333333333381e-01
5.666666666666667074e-02
5.000000000000000000e-01
2.533333333333333548e-01
3.300000000000000155e-01
1.266666666666666774e-01
1.466666666666666674e-01
7.333333333333334758e-02
2.633333333333333637e-01
2.333333333333333093e-01
2.066666666666666652e-01
2.666666666666666838e-02
2.399999999999999911e-01
6.666666666666666574e-02
1.136666666666666714e+00
3.500000000000000333e-01
1.300000000000000044e-01
1.659999999999999920e+00
2.666666666666666838e-02
9.999999999999999167e-02
2.666666666666666838e-02
4.566666666666666097e-01
4.999999999999999584e-02
5.333333333333333676e-02
0.000000000000000000e+00
0.000000000000000000e+00
1.433333333333333404e-01
2.333333333333333440e-02
3.400000000000000244e-01
1.666666666666666644e-02
1.033333333333333326e-01
1.040000000000000036e+00
4.333333333333333481e-02
1.400000000000000133e-01
3.099999999999999978e-01
3.333333333333333547e-03
8.333333333333332871e-02
7.666666666666666075e-02
5.333333333333334370e-02
6.999999999999999278e-02
4.899999999999999911e-01
1.000000000000000194e-01
1.973333333333333384e+00
1.833333333333333204e-01
2.116666666666666696e+00
1.966666666666666563e-01
1.600000000000000033e-01
1.666666666666666644e-02
9.000000000000001055e-02
7.600000000000001199e-01
1.633333333333333304e-01
2.533333333333333548e-01
2.666666666666666838e-02
1.400000000000000133e-01
1.333333333333333419e-02
4.866666666666666363e-01
1.333333333333333419e-02
8.000000000000000167e-02
0.000000000000000000e+00
2.333333333333333440e-02
1.333333333333333419e-02
1.666666666666666574e-01
0.000000000000000000e+00
4.199999999999999845e-01
1.333333333333333419e-02
2.000000000000000042e-02
7.000000000000000666e-02
9.999999999999999167e-02
2.166666666666666463e-01
1.086666666666666670e+00
7.333333333333333370e-02
1.633333333333333304e-01
0.000000000000000000e+00
1.166666666666666546e-01
1.166666666666666824e-01
4.333333333333333481e-02
2.500000000000000000e-01
7.033333333333334769e-01
3.333333333333333547e-03
1.899999999999999745e-01
7.333333333333333370e-02
0.000000000000000000e+00
8.000000000000000167e-02
0.000000000000000000e+00
8.966666666666666119e-01
7.666666666666666075e-02
3.166666666666666519e-01
0.000000000000000000e+00
0.000000000000000000e+00
1.666666666666666644e-02
4.000000000000000083e-02
4.000000000000000083e-02
5.633333333333333526e-01
5.000000000000000971e-02
2.566666666666666541e-01
1.356666666666666687e+00
2.433333333333333737e-01
1.583333333333333259e+00
6.833333333333332371e-01
1.093333333333333490e+00
5.099999999999998979e-01
4.133333333333333304e-01
3.200000000000000067e-01
1.643333333333333313e+00
1.399999999999999856e-01
2.966666666666666341e-01
7.833333333333333259e-01
6.666666666666666574e-02
2.266666666666666829e-01
4.266666666666665830e-01
5.933333333333333792e-01
9.500000000000000666e-01
2.466666666666666730e-01
1.333333333333333419e-02
1.866666666666666474e+00
5.066666666666667096e-01
2.899999999999999800e-01
4.266666666666666941e-01
7.333333333333333370e-02
2.600000000000000089e-01
1.433333333333333404e-01
1.273333333333333428e+00
1.766666666666666663e-01
5.033333333333334103e-01
8.199999999999999512e-01
1.919999999999999929e+00
2.900000000000000355e-01
4.933333333333333459e-01
1.866666666666666752e-01
6.033333333333332771e-01
3.066666666666666430e-01
7.000000000000000666e-02
2.999999999999999889e-01
7.333333333333334758e-02
2.233333333333333559e-01
3.100000000000000533e-01
4.666666666666666879e-02
2.999999999999999889e-02
5.266666666666667274e-01
2.333333333333333440e-02
1.333333333333333419e-02
1.666666666666666644e-02
1.406666666666666510e+00
1.000000000000000021e-02
4.433333333333333570e-01
2.000000000000000042e-02
1.580000000000000071e+00
1.333333333333333419e-02
4.633333333333333748e-01
6.666666666666666574e-02
3.033333333333332882e-01
1.533333333333333215e-01
1.666666666666666574e-01
4.033333333333333215e-01
4.000000000000000083e-02
1.666666666666666644e-02
6.333333333333333870e-02
2.333333333333333440e-02
2.299999999999999822e-01
5.999999999999999778e-02
1.333333333333333315e-01
1.600000000000000033e-01
2.266666666666666552e-01
5.333333333333333676e-02
1.393333333333333313e+00
4.500000000000000111e-01
1.533333333333333215e-01
1.866666666666666752e-01
6.333333333333333870e-02
7.666666666666667462e-02
4.000000000000000083e-02
9.666666666666667851e-02
3.400000000000000244e-01
3.766666666666666496e-01
4.899999999999999911e-01
5.366666666666666252e-01
6.166666666666666963e-01
1.433333333333333404e-01
2.200000000000000011e-01
5.999999999999999778e-02
2.366666666666666641e-01
1.333333333333333315e-01
1.600000000000000033e-01
2.999999999999999889e-02
1.766666666666666663e-01
7.333333333333333370e-02
1.056666666666666643e+00
2.933333333333332793e-01
2.366666666666666641e-01
1.666666666666666741e+00
3.233333333333333059e-01
8.666666666666666963e-02
2.666666666666666838e-02
2.866666666666666252e-01
1.233333333333333365e-01
2.333333333333333440e-02
0.000000000000000000e+00
0.000000000000000000e+00
1.666666666666666644e-02
2.333333333333333093e-02
2.266666666666666829e-01
5.666666666666667074e-02
6.000000000000000472e-02
1.343333333333333490e+00
5.666666666666667074e-02
9.333333333333333759e-02
4.633333333333333748e-01
1.233333333333333365e-01
3.933333333333333126e-01
2.666666666666666630e-01
4.999999999999999584e-02
2.033333333333333381e-01
7.500000000000000000e-01
2.633333333333333637e-01
1.629999999999999893e+00
1.600000000000000033e-01
1.526666666666666616e+00
1.199999999999999956e-01
3.366666666666666141e-01
2.799999999999999711e-01
7.200000000000000844e-01
1.463333333333333597e+00
6.666666666666666574e-02
1.800000000000000211e-01
1.233333333333333365e-01
6.833333333333332371e-01
5.333333333333333676e-02
5.500000000000000444e-01
5.666666666666667074e-02
8.333333333333332871e-02
3.333333333333333287e-02
4.333333333333333481e-02
2.333333333333333440e-02
2.766666666666666718e-01
0.000000000000000000e+00
2.433333333333333182e-01
6.333333333333333870e-02
0.000000000000000000e+00
0.000000000000000000e+00
3.899999999999999578e-01
5.233333333333333171e-01
1.300000000000000044e+00
1.866666666666666752e-01
9.000000000000001055e-02
1.333333333333333419e-02
1.133333333333333415e-01
1.466666666666666674e-01
5.000000000000000971e-02
1.400000000000000133e-01
1.233333333333333171e+00
2.000000000000000042e-02
1.033333333333333326e-01
1.066666666666666735e-01
2.333333333333333440e-02
1.499999999999999944e-01
1.066666666666666735e-01
4.899999999999999911e-01
4.333333333333333481e-02
2.966666666666666896e-01
0.000000000000000000e+00
1.066666666666666735e-01
0.000000000000000000e+00
8.000000000000000167e-02
1.266666666666666774e-01
1.426666666666666750e+00
9.666666666666667851e-02
1.899999999999999745e-01
1.543333333333333224e+00
4.899999999999999911e-01
3.439999999999999947e+00
