8.966666666666666119e-01
1.333333333333333419e-02
4.333333333333333481e-02
4.133333333333333304e-01
9.799999999999999822e-01
2.066666666666666652e-01
1.666666666666666644e-02
1.466666666666666952e-01
3.333333333333333287e-02
3.333333333333333287e-02
8.333333333333332871e-02
3.633333333333332860e-01
7.000000000000000666e-02
2.933333333333332793e-01
1.073333333333333250e+00
1.933333333333333293e-01
9.100000000000000311e-01
6.333333333333333870e-02
4.333333333333333481e-02
7.333333333333333370e-02
1.053333333333333455e+00
6.666666666666667095e-03
8.000000000000000167e-02
5.466666666666667451e-01
4.666666666666666879e-02
2.333333333333333440e-02
0.000000000000000000e+00
0.000000000000000000e+00
1.233333333333333365e-01
1.183333333333333348e+00
4.033333333333333215e-01
7.666666666666666075e-02
1.966666666666666563e-01
1.459999999999999964e+00
6.033333333333333881e-01
1.866666666666666474e+00
1.366666666666666585e-01
7.333333333333333370e-02
7.666666666666667462e-02
0.000000000000000000e+00
6.666666666666666574e-02
0.000000000000000000e+00
5.999999999999999778e-02
0.000000000000000000e+00
2.999999999999999889e-02
1.766666666666666663e-01
1.833333333333333204e-01
7.999999999999999334e-01
4.766666666666666274e-01
2.933333333333332793e-01
3.666666666666667379e-02
1.000000000000000194e-01
8.666666666666666963e-02
4.000000000000000083e-02
6.666666666666667095e-03
9.000000000000001055e-02
1.300000000000000044e-01
3.400000000000000244e-01
9.133333333333334414e-01
1.866666666666666752e-01
5.000000000000000971e-02
1.000000000000000021e-02
5.999999999999999778e-02
2.366666666666666641e-01
2.566666666666666541e-01
3.666666666666667379e-02
1.333333333333333419e-02
0.000000000000000000e+00
5.733333333333333615e-01
0.000000000000000000e+00
2.666666666666666630e-01
3.200000000000000067e-01
8.833333333333333037e-01
1.200000000000000094e-01
1.000000000000000021e-02
0.000000000000000000e+00
5.033333333333332993e-01
3.666666666666666685e-02
1.666666666666666644e-02
1.499999999999999944e-01
1.966666666666666841e-01
5.166666666666667185e-01
0.000000000000000000e+00
4.966666666666666452e-01
4.999999999999999584e-02
3.600000000000000422e-01
6.666666666666666574e-02
3.666666666666666685e-02
1.403333333333333321e+00
2.666666666666666838e-02
2.466666666666666730e-01
3.133333333333332971e-01
2.066666666666666652e-01
6.933333333333333570e-01
1.026666666666666616e+00
4.166666666666666852e-01
1.999999999999999833e-01
2.766666666666666718e-01
4.399999999999999467e-01
1.466666666666666952e-01
1.966666666666666563e-01
2.933333333333333903e-01
6.766666666666666385e-01
8.333333333333332871e-02
0.000000000000000000e+00
2.266666666666666829e-01
6.666666666666667095e-03
5.533333333333333437e-01
0.000000000000000000e+00
8.333333333333332871e-02
1.666666666666666574e-01
8.000000000000000167e-02
5.066666666666667096e-01
2.233333333333333004e-01
1.666666666666666644e-02
2.999999999999999889e-01
0.000000000000000000e+00
1.166666666666666546e-01
4.000000000000000083e-02
4.066666666666666763e-01
3.566666666666666874e-01
3.833333333333333592e-01
3.233333333333333059e-01
2.666666666666666630e-01
8.000000000000000167e-02
3.700000000000000511e-01
7.133333333333333748e-01
1.933333333333333293e-01
2.299999999999999822e-01
4.866666666666666363e-01
2.966666666666666896e-01
3.766666666666666496e-01
3.999999999999999667e-01
1.540000000000000036e+00
2.799999999999999711e-01
9.033333333333333215e-01
2.033333333333333659e-01
3.399999999999999911e+00
6.400000000000000133e-01
1.733333333333333393e-01
1.330000000000000071e+00
1.966666666666666563e-01
5.366666666666667362e-01
6.000000000000000472e-02
0.000000000000000000e+00
1.633333333333333304e-01
6.800000000000000488e-01
1.133333333333333276e-01
1.499999999999999944e-01
1.266666666666666774e-01
1.000000000000000021e-02
2.333333333333333440e-02
7.000000000000000666e-02
9.000000000000001055e-02
0.000000000000000000e+00
5.733333333333333615e-01
4.999999999999999584e-02
1.466666666666666674e-01
1.833333333333333481e-01
1.059999999999999831e+00
2.999999999999999889e-02
3.666666666666667379e-02
7.333333333333334758e-02
1.499999999999999944e-01
1.300000000000000044e-01
0.000000000000000000e+00
2.666666666666666838e-02
6.966666666666666563e-01
0.000000000000000000e+00
0.000000000000000000e+00
7.733333333333334281e-01
0.000000000000000000e+00
1.000000000000000021e-02
1.333333333333333315e-01
1.266666666666666607e+00
1.666666666666666644e-02
4.000000000000000083e-02
1.523333333333333428e+00
2.666666666666666838e-02
2.766666666666666718e-01
5.333333333333333676e-02
1.266666666666666774e-01
1.766666666666666663e-01
2.666666666666666838e-02
0.000000000000000000e+00
9.999999999999999167e-02
1.999999999999999833e-01
2.366666666666666641e-01
1.666666666666666574e-01
1.266666666666666774e-01
1.066666666666666735e-01
1.300000000000000044e-01
9.999999999999999167e-02
2.233333333333333004e-01
3.333333333333333547e-03
6.666666666666667095e-03
0.000000000000000000e+00
7.333333333333333370e-02
1.000000000000000021e-02
1.333333333333333419e-02
3.966666666666666674e-01
5.000000000000000000e-01
3.433333333333333237e-01
5.266666666666667274e-01
2.133333333333332915e-01
2.033333333333333381e-01
0.000000000000000000e+00
4.333333333333333481e-02
6.666666666666667095e-03
0.000000000000000000e+00
4.666666666666666879e-02
1.000000000000000021e-02
6.666666666666667095e-03
1.800000000000000211e-01
1.633333333333333304e-01
3.433333333333332682e-01
2.299999999999999822e-01
1.466666666666666952e-01
1.800000000000000211e-01
6.333333333333333870e-02
3.000000000000000236e-02
0.000000000000000000e+00
4.000000000000000083e-02
2.666666666666666838e-02
5.999999999999999778e-02
1.606666666666666687e+00
1.833333333333333481e-01
1.600000000000000033e-01
2.800000000000000266e-01
1.020000000000000018e+00
0.000000000000000000e+00
9.999999999999999167e-02
2.126666666666666483e+00
1.033333333333333326e-01
4.000000000000000083e-02
7.500000000000000000e-01
9.000000000000001055e-02
1.000000000000000021e-02
3.033333333333332882e-01
1.946666666666666545e+00
2.066666666666666652e-01
1.513333333333333419e+00
1.600000000000000033e-01
7.500000000000000000e-01
5.666666666666667074e-02
8.433333333333333792e-01
4.500000000000000111e-01
1.000000000000000194e-01
6.699999999999999289e-01
7.533333333333332993e-01
1.993333333333333179e+00
3.933333333333333126e-01
1.666666666666666574e-01
1.600000000000000033e-01
2.766666666666666718e-01
1.426666666666666750e+00
6.333333333333333870e-02
5.200000000000000178e-01
1.933333333333333293e-01
1.300000000000000044e-01
5.100000000000000089e-01
0.000000000000000000e+00
2.033333333333333381e-01
4.000000000000000083e-02
5.733333333333333615e-01
1.400000000000000133e-01
3.666666666666667379e-02
1.066666666666666735e-01
5.399999999999999245e-01
0.000000000000000000e+00
1.399999999999999856e-01
0.000000000000000000e+00
2.200000000000000011e-01
4.333333333333333481e-02
9.666666666666667851e-02
5.133333333333333082e-01
1.466666666666666952e-01
1.510000000000000009e+00
2.333333333333333648e-01
4.000000000000000083e-02
2.066666666666666652e-01
2.133333333333333304e+00
8.533333333333333881e-01
8.266666666666666607e-01
2.766666666666666718e-01
1.999999999999999833e-01
5.100000000000000089e-01
5.333333333333333676e-02
1.366666666666666863e-01
3.699999999999999400e-01
9.033333333333333215e-01
1.916666666666666741e+00
1.893333333333333313e+00
