1.360000000000000098e+00
5.333333333333333259e-01
6.900000000000000577e-01
3.233333333333333059e-01
1.733333333333333393e-01
2.700000000000000178e-01
6.300000000000000044e-01
2.399999999999999911e-01
4.199999999999999845e-01
1.459999999999999964e+00
2.099999999999999922e-01
2.966666666666666341e-01
6.333333333333333870e-02
1.333333333333333419e-02
9.000000000000001055e-02
5.333333333333333676e-02
5.233333333333333171e-01
3.333333333333333287e-02
6.999999999999999278e-02
1.079999999999999849e+00
1.033333333333333326e-01
1.466666666666666674e-01
1.033333333333333326e-01
1.333333333333333315e-01
2.533333333333333548e-01
4.299999999999999933e-01
9.999999999999999167e-02
2.133333333333332915e-01
9.000000000000001055e-02
2.733333333333333726e-01
1.500000000000000222e-01
7.699999999999999067e-01
1.033333333333333326e-01
6.833333333333332371e-01
1.566666666666666485e-01
1.633333333333333304e-01
9.199999999999999289e-01
1.899999999999999745e-01
5.000000000000000000e-01
1.536666666666666403e+00
1.533333333333333215e-01
1.216666666666666563e+00
1.096666666666666679e+00
4.000000000000000083e-02
5.866666666666666696e-01
9.666666666666667851e-02
8.666666666666666963e-02
1.610000000000000098e+00
3.300000000000000155e-01
2.833333333333333259e-01
1.433333333333333404e-01
1.130000000000000115e+00
4.033333333333333215e-01
9.700000000000000844e-01
1.343333333333333490e+00
9.000000000000000222e-01
7.200000000000000844e-01
1.593333333333333490e+00
1.303333333333333455e+00
1.330000000000000071e+00
1.156666666666666732e+00
2.293333333333333446e+00
1.000000000000000000e+00
4.099999999999999756e-01
2.153333333333333321e+00
1.559999999999999831e+00
1.933333333333333293e-01
2.066666666666666652e-01
1.213333333333333375e+00
1.166666666666666546e-01
5.933333333333332682e-01
1.133333333333333276e-01
1.423333333333333117e+00
9.633333333333332638e-01
1.966666666666666563e-01
5.999999999999999778e-02
3.666666666666666685e-02
1.086666666666666670e+00
4.999999999999999584e-02
1.366666666666666585e-01
1.499999999999999944e-01
7.666666666666666075e-02
0.000000000000000000e+00
0.000000000000000000e+00
7.666666666666666075e-02
1.266666666666666774e-01
9.999999999999999167e-02
1.000000000000000194e-01
4.733333333333333282e-01
2.033333333333333381e-01
2.000000000000000042e-02
1.000000000000000021e-02
8.000000000000000167e-02
3.333333333333333547e-03
2.999999999999999889e-02
1.100000000000000006e-01
7.000000000000000666e-02
2.533333333333333548e-01
4.599999999999999645e-01
4.733333333333333282e-01
1.106666666666666687e+00
9.000000000000001055e-02
7.200000000000000844e-01
2.266666666666666552e-01
8.466666666666666785e-01
4.666666666666666879e-02
2.999999999999999889e-02
9.666666666666666463e-02
0.000000000000000000e+00
4.566666666666666097e-01
1.366666666666666863e-01
2.166666666666666741e-01
3.300000000000000155e-01
1.000000000000000194e-01
5.366666666666667362e-01
2.399999999999999911e-01
4.433333333333333570e-01
9.666666666666667851e-02
3.500000000000000333e-01
9.933333333333332904e-01
0.000000000000000000e+00
1.899999999999999745e-01
4.666666666666666879e-02
2.366666666666666641e-01
2.833333333333333259e-01
5.999999999999999778e-02
1.333333333333333315e-01
1.393333333333333313e+00
1.433333333333333404e-01
1.133333333333333276e-01
2.099999999999999922e-01
1.666666666666666574e-01
1.083333333333333259e+00
1.103333333333333277e+00
1.733333333333333393e-01
1.133333333333333415e-01
2.199999999999999734e-01
3.866666666666666585e-01
2.133333333333333470e-01
0.000000000000000000e+00
6.266666666666665941e-01
3.333333333333333287e-02
1.533333333333333215e-01
9.666666666666667851e-02
3.433333333333333237e-01
2.433333333333333182e-01
1.369999999999999885e+00
4.666666666666666879e-02
4.133333333333333304e-01
2.600000000000000089e-01
1.566666666666666485e-01
7.833333333333333259e-01
4.133333333333333304e-01
8.466666666666666785e-01
2.266666666666666552e-01
9.199999999999999289e-01
