6.000000000000000888e-01
2.099999999999999922e-01
7.666666666666667462e-02
1.966666666666666841e-01
8.366666666666665586e-01
9.999999999999999167e-02
1.533333333333333215e-01
1.633333333333333304e-01
1.199999999999999956e-01
0.000000000000000000e+00
2.633333333333333637e-01
6.033333333333333881e-01
4.266666666666665830e-01
2.999999999999999889e-02
4.799999999999999822e-01
6.666666666666666574e-02
1.866666666666666752e-01
2.633333333333333637e-01
4.333333333333333481e-02
8.766666666666665941e-01
7.000000000000000666e-02
1.199999999999999956e-01
9.366666666666666474e-01
1.386666666666666714e+00
2.300000000000000100e-01
3.466666666666666785e-01
1.999999999999999833e-01
2.400000000000000189e-01
3.533333333333333326e-01
9.966666666666667007e-01
1.199999999999999956e-01
5.100000000000000089e-01
4.399999999999999467e-01
3.283333333333333215e+00
4.266666666666665830e-01
4.766666666666666274e-01
1.440000000000000169e+00
1.466666666666666397e-01
1.566666666666666485e-01
1.333333333333333315e-01
3.666666666666666685e-02
0.000000000000000000e+00
8.333333333333332871e-02
1.133333333333333415e-01
1.133333333333333276e-01
9.000000000000001055e-02
5.366666666666667362e-01
2.133333333333333470e-01
5.666666666666667074e-02
4.899999999999999911e-01
1.343333333333333490e+00
2.000000000000000042e-02
3.333333333333333547e-03
4.000000000000000083e-02
2.999999999999999889e-01
2.700000000000000178e-01
1.199999999999999956e-01
4.433333333333333570e-01
1.126666666666666705e+00
2.000000000000000042e-02
0.000000000000000000e+00
7.999999999999999334e-01
3.533333333333333326e-01
2.233333333333333004e-01
2.633333333333333637e-01
3.333333333333333148e-01
0.000000000000000000e+00
4.699999999999999734e-01
1.146666666666666723e+00
2.666666666666666838e-02
0.000000000000000000e+00
1.266666666666666774e-01
1.133333333333333276e-01
0.000000000000000000e+00
2.333333333333333093e-01
1.333333333333333419e-02
8.000000000000000167e-02
1.966666666666666785e+00
2.933333333333333348e-01
3.666666666666666685e-02
1.483333333333333393e+00
2.833333333333333814e-01
1.986666666666666359e+00
1.600000000000000033e-01
2.000000000000000042e-02
3.366666666666666696e-01
2.733333333333333726e-01
9.000000000000001055e-02
1.016666666666666607e+00
5.666666666666666519e-01
3.666666666666667379e-02
1.966666666666666841e-01
9.900000000000001021e-01
6.333333333333333870e-02
2.200000000000000011e-01
4.399999999999999467e-01
1.116666666666666696e+00
2.383333333333333304e+00
6.199999999999999956e-01
4.666666666666666879e-02
5.633333333333333526e-01
8.166666666666667629e-01
7.000000000000000666e-02
1.700000000000000122e-01
0.000000000000000000e+00
0.000000000000000000e+00
5.666666666666667074e-02
2.199999999999999734e-01
9.000000000000000222e-01
1.800000000000000211e-01
2.766666666666666718e-01
9.000000000000001055e-02
1.899999999999999745e-01
4.333333333333333481e-02
3.099999999999999978e-01
6.266666666666665941e-01
3.333333333333333547e-03
1.333333333333333419e-02
8.833333333333334147e-01
1.166666666666666546e-01
2.633333333333333637e-01
9.000000000000001055e-02
1.199999999999999956e-01
6.666666666666666574e-02
1.333333333333333315e-01
7.999999999999999334e-01
2.200000000000000011e-01
6.666666666666667095e-03
1.333333333333333419e-02
3.333333333333333148e-01
1.533333333333333215e-01
1.633333333333333304e-01
1.033333333333333465e-01
0.000000000000000000e+00
0.000000000000000000e+00
1.666666666666666574e-01
0.000000000000000000e+00
2.566666666666666541e-01
0.000000000000000000e+00
0.000000000000000000e+00
2.633333333333333637e-01
7.666666666666666075e-02
1.333333333333333419e-02
2.933333333333333348e-01
9.666666666666666463e-02
0.000000000000000000e+00
1.966666666666666841e-01
3.333333333333333287e-02
5.666666666666667074e-02
1.833333333333333481e-01
2.733333333333333726e-01
7.600000000000001199e-01
6.666666666666666574e-02
7.600000000000001199e-01
1.666666666666666644e-02
4.299999999999999933e-01
3.933333333333333681e-01
6.666666666666667095e-03
2.566666666666666541e-01
0.000000000000000000e+00
1.733333333333333393e-01
1.500000000000000222e-01
6.933333333333333570e-01
0.000000000000000000e+00
4.499999999999999556e-01
5.666666666666666380e-02
8.866666666666667140e-01
6.666666666666666574e-02
2.233333333333333559e-01
8.466666666666666785e-01
1.800000000000000211e-01
1.266666666666666774e-01
1.246666666666666812e+00
3.666666666666666685e-02
2.533333333333333548e-01
1.666666666666666644e-02
1.650000000000000133e+00
3.066666666666666985e-01
8.333333333333332871e-02
2.066666666666666652e-01
3.033333333333332882e-01
6.199999999999999956e-01
3.333333333333333148e-01
1.066666666666666652e+00
1.146666666666666723e+00
7.566666666666667096e-01
5.166666666666667185e-01
4.066666666666667318e-01
2.700000000000000178e-01
8.499999999999999778e-01
4.366666666666667029e-01
1.300000000000000044e-01
1.096666666666666679e+00
0.000000000000000000e+00
1.000000000000000021e-02
1.333333333333333315e-01
9.000000000000001055e-02
4.000000000000000083e-02
6.666666666666666574e-02
7.533333333333334103e-01
1.533333333333333215e-01
4.533333333333333104e-01
8.166666666666667629e-01
2.533333333333333548e-01
4.399999999999999467e-01
1.866666666666666752e-01
8.666666666666666963e-02
4.000000000000000083e-02
0.000000000000000000e+00
3.333333333333333547e-03
2.000000000000000042e-02
0.000000000000000000e+00
6.666666666666667095e-03
0.000000000000000000e+00
1.333333333333333419e-02
4.333333333333333481e-02
1.066666666666666735e-01
0.000000000000000000e+00
4.000000000000000083e-02
3.666666666666667379e-02
5.999999999999999778e-02
2.533333333333333548e-01
7.999999999999999334e-01
1.740000000000000213e+00
3.699999999999999400e-01
3.433333333333332682e-01
1.000000000000000021e-02
3.266666666666666607e-01
0.000000000000000000e+00
1.469999999999999973e+00
7.866666666666666252e-01
6.800000000000000488e-01
1.233333333333333504e-01
2.066666666666666652e-01
4.000000000000000083e-02
0.000000000000000000e+00
7.666666666666666075e-01
2.999999999999999889e-01
1.666666666666666644e-02
6.666666666666667095e-03
8.866666666666667140e-01
4.333333333333333481e-02
1.333333333333333315e-01
3.333333333333333547e-03
1.566666666666666485e-01
1.999999999999999833e-01
6.199999999999999956e-01
5.633333333333333526e-01
3.166666666666666519e-01
1.833333333333333204e-01
4.000000000000000083e-02
1.133333333333333276e-01
4.799999999999999822e-01
7.333333333333333370e-02
1.466666666666666785e+00
8.000000000000000167e-02
1.206666666666666776e+00
3.500000000000000333e-01
1.333333333333333419e-02
5.699999999999999512e-01
9.799999999999999822e-01
1.033333333333333465e-01
1.000000000000000021e-02
2.383333333333333304e+00
5.333333333333333259e-01
1.000000000000000194e-01
6.999999999999999278e-02
3.733333333333332948e-01
4.833333333333333370e-01
1.466666666666666674e-01
1.896666666666666501e+00
3.666666666666666963e-01
3.400000000000000244e-01
1.766666666666666663e-01
1.533333333333333215e-01
5.333333333333333676e-02
8.099999999999999423e-01
1.466666666666666674e-01
1.600000000000000033e-01
3.099999999999999978e-01
3.133333333333333526e-01
2.500000000000000000e-01
8.000000000000000167e-02
1.000000000000000021e-02
1.000000000000000021e-02
0.000000000000000000e+00
3.966666666666666674e-01
0.000000000000000000e+00
2.999999999999999889e-02
6.833333333333332371e-01
3.466666666666666785e-01
2.000000000000000042e-02
1.333333333333333419e-02
2.700000000000000178e-01
5.000000000000000971e-02
6.999999999999999278e-02
1.300000000000000044e-01
4.500000000000000111e-01
7.366666666666666918e-01
6.999999999999999278e-02
4.000000000000000083e-02
1.966666666666666563e-01
5.666666666666666380e-02
1.063333333333333242e+00
1.083333333333333259e+00
0.000000000000000000e+00
0.000000000000000000e+00
1.400000000000000133e-01
8.333333333333332871e-02
2.266666666666666552e-01
8.666666666666666963e-02
0.000000000000000000e+00
2.000000000000000042e-02
1.899999999999999745e-01
4.999999999999999584e-02
2.033333333333333659e-01
7.266666666666666829e-01
5.566666666666666430e-01
1.166666666666666546e-01
1.153333333333333321e+00
1.333333333333333419e-02
2.033333333333333381e-01
1.900000000000000300e-01
6.000000000000000472e-02
2.566666666666666541e-01
1.260000000000000009e+00
8.333333333333332871e-02
1.666666666666666644e-02
6.066666666666665764e-01
8.366666666666665586e-01
9.300000000000000488e-01
0.000000000000000000e+00
8.466666666666666785e-01
3.366666666666666696e-01
1.333333333333333315e-01
8.666666666666666963e-02
1.266666666666666774e-01
1.866666666666666752e-01
6.766666666666666385e-01
5.366666666666667362e-01
7.000000000000000666e-02
0.000000000000000000e+00
2.566666666666666541e-01
1.666666666666666574e-01
1.900000000000000300e-01
0.000000000000000000e+00
2.133333333333333470e-01
7.966666666666665231e-01
8.666666666666666963e-02
0.000000000000000000e+00
3.433333333333333237e-01
1.809999999999999831e+00
5.866666666666667806e-01
6.466666666666666119e-01
1.879999999999999893e+00
6.099999999999999867e-01
6.466666666666666119e-01
3.390000000000000124e+00
9.733333333333332726e-01
3.133333333333332971e-01
1.803333333333333455e+00
2.366666666666666641e-01
1.433333333333333404e-01
3.466666666666666785e-01
2.666666666666666838e-02
1.800000000000000211e-01
4.766666666666666274e-01
2.023333333333333428e+00
