8.266666666666666607e-01
3.066666666666666430e-01
2.966666666666666341e-01
4.466666666666666008e-01
1.800000000000000211e-01
9.000000000000001055e-02
2.066666666666666652e-01
4.633333333333333748e-01
9.700000000000000844e-01
0.000000000000000000e+00
3.066666666666666985e-01
8.466666666666666785e-01
2.833333333333333259e-01
3.833333333333333037e-01
1.166666666666666546e-01
2.933333333333333903e-01
1.166666666666666824e-01
1.303333333333333455e+00
3.233333333333333059e-01
3.666666666666667379e-02
1.233333333333333365e-01
7.166666666666666741e-01
2.966666666666666896e-01
8.166666666666667629e-01
3.833333333333333037e-01
8.000000000000000167e-02
3.566666666666666319e-01
5.999999999999999778e-02
1.040000000000000036e+00
9.466666666666666563e-01
0.000000000000000000e+00
1.066666666666666735e-01
2.099999999999999922e-01
4.000000000000000083e-02
1.000000000000000021e-02
4.799999999999999822e-01
8.466666666666666785e-01
1.733333333333333393e-01
4.000000000000000083e-02
2.566666666666666541e-01
4.666666666666666879e-02
3.699999999999999400e-01
3.800000000000000600e-01
1.633333333333333304e-01
1.466666666666666952e-01
2.899999999999999800e-01
3.666666666666667379e-02
1.966666666666666563e-01
1.433333333333333404e-01
5.599999999999999423e-01
1.199999999999999956e-01
3.866666666666667140e-01
5.400000000000000355e-01
3.666666666666666685e-02
1.933333333333333570e-01
2.299999999999999822e-01
1.033333333333333465e-01
2.000000000000000042e-02
9.266666666666667496e-01
1.436666666666666758e+00
1.000000000000000021e-02
1.466666666666666785e+00
1.489999999999999991e+00
9.333333333333332371e-02
1.613333333333333286e+00
1.800000000000000211e-01
1.399999999999999856e-01
1.046666666666666634e+00
2.766666666666666718e-01
0.000000000000000000e+00
6.333333333333333870e-02
4.566666666666667207e-01
3.433333333333333237e-01
0.000000000000000000e+00
5.666666666666666380e-02
4.033333333333333215e-01
3.333333333333333547e-03
1.533333333333333492e-01
1.133333333333333276e-01
7.233333333333332726e-01
4.333333333333333481e-02
1.063333333333333464e+00
7.000000000000000666e-02
1.216666666666666563e+00
2.333333333333333093e-01
1.263333333333333419e+00
