8.199999999999999512e-01
5.733333333333333615e-01
6.666666666666667095e-03
1.500000000000000222e-01
6.666666666666667095e-03
1.300000000000000044e-01
4.333333333333333481e-02
2.233333333333333559e-01
3.799999999999999489e-01
5.000000000000000000e-01
1.576666666666666883e+00
3.133333333333333526e-01
2.600000000000000089e-01
8.000000000000000167e-02
5.866666666666665586e-01
6.333333333333333870e-02
3.333333333333333287e-02
6.666666666666666574e-02
3.666666666666666963e-01
3.066666666666666985e-01
6.666666666666667095e-03
5.899999999999999689e-01
9.933333333333332904e-01
2.366666666666666641e-01
1.900000000000000300e-01
1.133333333333333276e-01
5.000000000000000971e-02
9.433333333333333570e-01
6.666666666666666574e-02
2.566666666666666541e-01
9.000000000000001055e-02
6.600000000000000311e-01
7.599999999999998979e-01
1.999999999999999833e-01
7.999999999999999334e-01
2.766666666666666718e-01
1.733333333333333393e-01
3.000000000000000444e-01
6.666666666666666574e-02
0.000000000000000000e+00
9.333333333333333759e-02
4.433333333333333570e-01
3.333333333333333547e-03
1.866666666666666474e-01
1.516666666666666607e+00
7.600000000000001199e-01
2.333333333333333440e-02
1.566666666666666485e-01
9.300000000000000488e-01
2.799999999999999711e-01
6.099999999999999867e-01
5.999999999999999778e-02
1.366666666666666863e-01
0.000000000000000000e+00
1.366666666666666863e-01
5.666666666666666380e-02
6.333333333333333870e-02
5.466666666666666341e-01
4.099999999999999756e-01
3.133333333333332971e-01
1.199999999999999956e-01
3.333333333333333287e-02
4.666666666666666879e-02
5.666666666666667074e-02
4.666666666666666879e-02
0.000000000000000000e+00
1.666666666666666644e-02
3.300000000000000155e-01
2.333333333333333440e-02
9.000000000000001055e-02
7.666666666666666075e-02
2.666666666666666838e-02
1.666666666666666644e-02
2.833333333333333814e-01
3.333333333333333287e-02
4.999999999999999584e-02
6.333333333333333037e-01
6.333333333333333870e-02
1.000000000000000021e-02
2.466666666666666730e-01
5.366666666666667362e-01
2.633333333333333637e-01
0.000000000000000000e+00
4.333333333333333481e-02
2.256666666666666377e+00
4.366666666666667029e-01
0.000000000000000000e+00
0.000000000000000000e+00
2.333333333333333440e-02
1.983333333333333171e+00
3.066666666666666430e-01
0.000000000000000000e+00
1.233333333333333365e-01
1.833333333333333481e-01
0.000000000000000000e+00
0.000000000000000000e+00
0.000000000000000000e+00
4.000000000000000083e-02
0.000000000000000000e+00
1.833333333333333481e-01
1.666666666666666644e-02
5.999999999999999778e-01
1.833333333333333481e-01
2.666666666666666838e-02
5.999999999999999778e-02
1.100000000000000006e-01
3.333333333333333547e-03
3.366666666666666141e-01
8.433333333333332682e-01
8.366666666666665586e-01
1.333333333333333419e-02
2.366666666666666918e-01
1.499999999999999944e-01
1.679999999999999938e+00
6.333333333333333037e-01
8.666666666666666963e-02
6.666666666666667095e-03
2.199999999999999734e-01
1.199999999999999956e-01
2.333333333333333440e-02
5.566666666666666430e-01
3.333333333333333148e-01
3.333333333333333547e-03
5.666666666666666380e-02
2.166666666666666741e-01
1.893333333333333313e+00
1.360000000000000098e+00
1.533333333333333215e-01
3.300000000000000155e-01
3.333333333333333287e-02
7.266666666666665719e-01
0.000000000000000000e+00
0.000000000000000000e+00
0.000000000000000000e+00
5.666666666666667074e-02
0.000000000000000000e+00
2.066666666666666652e-01
1.066666666666666735e-01
1.466666666666666397e-01
7.666666666666667462e-02
5.333333333333333676e-02
8.333333333333332871e-02
7.333333333333333370e-02
2.999999999999999889e-02
2.000000000000000042e-02
2.333333333333333440e-02
0.000000000000000000e+00
0.000000000000000000e+00
7.200000000000000844e-01
3.266666666666666607e-01
4.299999999999999933e-01
2.933333333333333903e-01
1.100000000000000006e-01
2.233333333333333004e-01
1.483333333333333393e+00
1.520000000000000240e+00
0.000000000000000000e+00
1.266666666666666774e-01
1.066666666666666735e-01
0.000000000000000000e+00
0.000000000000000000e+00
1.090000000000000080e+00
7.000000000000000666e-02
0.000000000000000000e+00
8.599999999999999867e-01
3.066666666666666430e-01
9.333333333333333759e-02
3.700000000000000511e-01
7.666666666666667462e-02
7.000000000000000666e-01
4.966666666666666452e-01
2.866666666666666807e-01
2.140000000000000124e+00
3.166666666666666519e-01
1.666666666666666644e-02
1.999999999999999833e-01
1.933333333333333570e-01
8.000000000000000167e-02
1.499999999999999944e-01
8.066666666666666430e-01
3.333333333333333287e-02
6.999999999999999278e-02
1.033333333333333326e-01
7.900000000000000355e-01
8.666666666666666963e-02
7.933333333333333348e-01
0.000000000000000000e+00
0.000000000000000000e+00
0.000000000000000000e+00
1.666666666666666644e-02
3.100000000000000533e-01
1.499999999999999944e-01
4.000000000000000083e-02
4.000000000000000083e-02
2.666666666666666838e-02
6.166666666666666963e-01
1.900000000000000300e-01
3.333333333333333547e-03
4.500000000000000111e-01
6.333333333333333870e-02
1.100000000000000006e-01
2.600000000000000089e-01
2.166666666666666741e-01
3.800000000000000600e-01
1.700000000000000122e-01
3.366666666666666141e-01
1.499999999999999944e-01
3.833333333333333037e-01
6.666666666666666574e-02
1.239999999999999991e+00
1.833333333333333204e-01
1.766666666666666663e-01
3.366666666666666696e-01
3.333333333333333287e-02
1.966666666666666563e-01
8.533333333333331661e-01
1.266666666666666774e-01
9.000000000000001055e-02
9.666666666666667851e-02
8.666666666666666963e-02
3.333333333333333287e-02
1.666666666666666644e-02
6.666666666666666574e-02
4.199999999999999845e-01
5.666666666666667074e-02
0.000000000000000000e+00
1.333333333333333419e-02
0.000000000000000000e+00
0.000000000000000000e+00
3.333333333333333547e-03
4.000000000000000083e-02
7.966666666666665231e-01
2.866666666666666807e-01
1.933333333333333293e-01
1.936666666666666758e+00
6.800000000000000488e-01
8.666666666666666963e-02
6.333333333333333870e-02
2.333333333333333440e-02
0.000000000000000000e+00
1.266666666666666774e-01
3.033333333333332882e-01
0.000000000000000000e+00
0.000000000000000000e+00
1.283333333333333437e+00
9.666666666666667851e-02
1.666666666666666644e-02
1.333333333333333419e-02
7.000000000000000666e-02
1.466666666666666952e-01
2.999999999999999889e-02
0.000000000000000000e+00
0.000000000000000000e+00
6.666666666666666574e-02
1.199999999999999956e-01
8.333333333333332871e-02
4.333333333333333481e-02
7.666666666666667462e-02
2.333333333333333093e-01
3.666666666666665991e-02
0.000000000000000000e+00
2.000000000000000042e-02
1.066666666666666735e-01
1.800000000000000211e-01
0.000000000000000000e+00
7.000000000000000666e-02
6.266666666666665941e-01
1.199999999999999956e-01
1.866666666666666474e-01
1.400000000000000133e-01
3.799999999999999489e-01
6.999999999999999278e-02
1.400000000000000133e-01
6.666666666666666574e-02
3.666666666666667379e-02
1.233333333333333365e-01
1.699999999999999956e+00
1.433333333333333404e-01
7.600000000000001199e-01
2.633333333333333637e-01
2.000000000000000042e-02
1.633333333333333304e-01
2.299999999999999822e-01
0.000000000000000000e+00
7.333333333333331983e-02
5.999999999999999778e-02
6.133333333333332860e-01
1.933333333333333570e-01
3.900000000000000688e-01
3.566666666666666874e-01
1.316666666666666652e+00
5.200000000000000178e-01
9.333333333333333759e-02
1.233333333333333365e-01
9.233333333333333393e-01
2.366666666666666641e-01
7.766666666666667274e-01
1.833333333333333481e-01
2.666666666666666838e-02
9.333333333333332371e-02
1.136666666666666492e+00
3.333333333333333547e-03
1.000000000000000021e-02
1.500000000000000000e+00
6.099999999999999867e-01
3.333333333333333547e-03
1.366666666666666863e-01
2.000000000000000042e-02
7.999999999999999334e-01
