1.583333333333333259e+00
4.633333333333333748e-01
4.133333333333333304e-01
5.833333333333333703e-01
1.226666666666666794e+00
1.600000000000000033e-01
2.200000000000000011e-01
6.600000000000000311e-01
5.799999999999999600e-01
1.150000000000000133e+00
1.899999999999999745e-01
2.066666666666666652e-01
8.300000000000000711e-01
3.366666666666666696e-01
2.566666666666666541e-01
9.000000000000000222e-01
2.200000000000000011e-01
1.466666666666666785e+00
1.076666666666666661e+00
2.406666666666666732e+00
2.406666666666666732e+00
2.699999999999999734e+00
