9.533333333333334769e-01
4.199999999999999845e-01
2.000000000000000042e-02
7.000000000000000666e-02
3.666666666666665991e-02
1.133333333333333415e-01
5.333333333333333676e-02
2.300000000000000100e-01
9.066666666666666208e-01
2.000000000000000389e-01
4.500000000000000111e-01
1.066666666666666652e+00
4.133333333333333304e-01
2.506666666666666377e+00
2.149999999999999911e+00
1.163333333333333330e+00
2.500000000000000000e-01
1.286666666666666847e+00
2.833333333333332704e-01
6.500000000000000222e-01
8.433333333333332682e-01
4.433333333333333570e-01
1.466666666666666674e-01
2.666666666666666630e-01
1.726666666666666572e+00
1.019999999999999796e+00
8.133333333333333526e-01
1.613333333333333286e+00
5.766666666666666607e-01
1.100000000000000006e-01
2.240000000000000213e+00
1.806666666666666643e+00
1.236666666666666581e+00
1.763333333333333419e+00
3.863333333333333286e+00
