1.209999999999999964e+00
1.653333333333333321e+00
4.033333333333333215e-01
3.333333333333333148e-01
9.666666666666667851e-01
7.799999999999999156e-01
2.533333333333333548e-01
6.133333333333332860e-01
4.199999999999999289e-01
1.033333333333333465e-01
2.266666666666666552e-01
1.199999999999999956e-01
2.666666666666666838e-02
5.333333333333333676e-02
3.066666666666666430e-01
0.000000000000000000e+00
1.033333333333333326e-01
0.000000000000000000e+00
9.300000000000000488e-01
3.099999999999999978e-01
1.090000000000000080e+00
1.499999999999999944e-01
1.166666666666666546e-01
4.866666666666666363e-01
7.666666666666667462e-02
6.066666666666665764e-01
0.000000000000000000e+00
6.033333333333333881e-01
0.000000000000000000e+00
7.033333333333334769e-01
2.233333333333333004e-01
1.533333333333333492e-01
6.733333333333333393e-01
1.316666666666666652e+00
1.433333333333333126e-01
4.000000000000000083e-02
8.599999999999999867e-01
3.333333333333333547e-03
6.566666666666666208e-01
6.666666666666667095e-03
9.333333333333333759e-02
1.066666666666666735e-01
1.093333333333333490e+00
5.066666666666667096e-01
4.233333333333333393e-01
1.533333333333333215e-01
2.766666666666666718e-01
4.666666666666666186e-01
1.333333333333333315e-01
8.900000000000000133e-01
0.000000000000000000e+00
1.800000000000000211e-01
3.633333333333332860e-01
1.353333333333333499e+00
6.333333333333333870e-02
2.666666666666666838e-02
1.386666666666666714e+00
8.000000000000000167e-02
1.666666666666666574e-01
2.666666666666666630e-01
9.200000000000000400e-01
2.299999999999999822e-01
1.666666666666666644e-02
3.333333333333333547e-03
2.066666666666666652e-01
3.333333333333333547e-03
8.566666666666667984e-01
0.000000000000000000e+00
4.900000000000000466e-01
2.233333333333333004e-01
9.199999999999999289e-01
8.333333333333333703e-01
1.766666666666666663e-01
3.333333333333333287e-02
6.533333333333333215e-01
2.433333333333333182e-01
4.166666666666666852e-01
3.333333333333333547e-03
0.000000000000000000e+00
0.000000000000000000e+00
1.033333333333333465e-01
9.833333333333332815e-01
2.266666666666666552e-01
3.333333333333333148e-01
1.196666666666666545e+00
7.333333333333333370e-02
4.033333333333333215e-01
2.133333333333333470e-01
1.033333333333333326e-01
3.333333333333333287e-02
0.000000000000000000e+00
1.700000000000000122e-01
9.333333333333333759e-02
1.079999999999999849e+00
5.200000000000000178e-01
7.333333333333333370e-02
3.733333333333333504e-01
5.233333333333333171e-01
5.833333333333333703e-01
2.433333333333333182e-01
7.000000000000000666e-02
1.306666666666666865e+00
1.796666666666666856e+00
5.200000000000000178e-01
9.333333333333333759e-02
1.666666666666666644e-02
9.000000000000001055e-02
2.266666666666666829e-01
5.000000000000000000e-01
1.933333333333333570e-01
1.253333333333333188e+00
1.656666666666666954e+00
3.600000000000000422e-01
4.033333333333333215e-01
1.466666666666666674e-01
1.263333333333333419e+00
4.566666666666667207e-01
1.013333333333333419e+00
8.233333333333333615e-01
1.019999999999999796e+00
1.313333333333333464e+00
6.333333333333334147e-01
3.633333333333332860e-01
1.966666666666666841e-01
7.266666666666666829e-01
1.466666666666666397e-01
1.066666666666666735e-01
1.266666666666666774e-01
1.766666666666666829e+00
1.870000000000000107e+00
4.066666666666667318e-01
2.933333333333333348e-01
2.633333333333333637e-01
2.266666666666666552e-01
2.899999999999999800e-01
1.800000000000000211e-01
7.666666666666667462e-02
9.599999999999999645e-01
1.320000000000000062e+00
4.333333333333333481e-01
8.499999999999999778e-01
1.613333333333333286e+00
6.933333333333333570e-01
4.026666666666667282e+00
2.443333333333333357e+00
2.999999999999999889e-01
2.766666666666666718e-01
1.190000000000000169e+00
2.500000000000000000e-01
4.133333333333333304e-01
6.253333333333333854e+00
