5.966666666666666785e-01
3.933333333333333681e-01
1.399999999999999856e-01
3.766666666666666496e-01
0.000000000000000000e+00
2.766666666666666718e-01
6.166666666666666963e-01
2.333333333333333440e-02
1.199999999999999956e-01
1.013333333333333419e+00
2.333333333333333440e-02
3.333333333333333547e-03
1.266666666666666607e+00
1.110000000000000098e+00
9.666666666666667851e-02
4.333333333333333481e-02
4.566666666666667207e-01
1.666666666666666644e-02
4.000000000000000083e-02
5.666666666666666380e-02
3.766666666666666496e-01
8.799999999999998934e-01
8.333333333333332871e-02
1.666666666666666574e-01
2.633333333333333637e-01
4.733333333333333282e-01
8.666666666666666963e-02
1.000000000000000021e-02
1.666666666666666574e-01
7.099999999999999645e-01
5.333333333333333676e-02
1.633333333333333304e-01
3.433333333333333237e-01
3.666666666666666685e-02
2.099999999999999922e-01
8.033333333333333437e-01
1.333333333333333419e-02
3.333333333333333547e-03
1.343333333333333490e+00
2.833333333333333814e-01
1.333333333333333419e-02
9.466666666666666563e-01
1.050000000000000044e+00
1.100000000000000006e-01
8.333333333333332871e-02
8.333333333333332871e-02
1.900000000000000300e-01
1.330000000000000071e+00
7.766666666666667274e-01
2.666666666666666838e-02
5.333333333333333676e-02
8.566666666666667984e-01
7.000000000000000666e-02
2.000000000000000042e-02
4.266666666666666941e-01
0.000000000000000000e+00
2.333333333333333440e-02
1.576666666666666883e+00
1.256666666666666821e+00
0.000000000000000000e+00
1.070000000000000062e+00
3.666666666666666408e-01
2.666666666666666838e-02
0.000000000000000000e+00
1.716666666666666785e+00
7.000000000000000666e-02
2.399999999999999911e-01
1.333333333333333419e-02
1.699999999999999956e+00
7.733333333333333171e-01
1.000000000000000021e-02
8.399999999999999689e-01
2.666666666666666630e-01
4.000000000000000083e-02
0.000000000000000000e+00
2.333333333333333440e-02
4.966666666666666452e-01
1.000000000000000021e-02
1.400000000000000133e-01
8.933333333333332016e-01
3.099999999999999978e-01
1.899999999999999745e-01
1.633333333333333526e+00
1.126666666666666705e+00
1.333333333333333315e-01
4.700000000000000289e-01
1.726666666666666572e+00
