8.499999999999999778e-01
2.766666666666666718e-01
6.666666666666667095e-03
6.099999999999999867e-01
5.166666666666666075e-01
0.000000000000000000e+00
0.000000000000000000e+00
7.766666666666667274e-01
7.666666666666666075e-02
1.266666666666666774e-01
1.733333333333333393e-01
1.166666666666666546e-01
1.400000000000000133e+00
3.733333333333333504e-01
0.000000000000000000e+00
4.266666666666666941e-01
6.333333333333333037e-01
7.899999999999999245e-01
2.999999999999999889e-02
5.699999999999999512e-01
1.250000000000000000e+00
1.106666666666666687e+00
1.836666666666666670e+00
1.966666666666666563e-01
0.000000000000000000e+00
9.666666666666667851e-02
2.666666666666666838e-02
0.000000000000000000e+00
1.000000000000000021e-02
6.666666666666667095e-03
2.066666666666666652e-01
0.000000000000000000e+00
2.333333333333333440e-02
1.000000000000000021e-02
8.666666666666666963e-02
6.733333333333333393e-01
4.166666666666666852e-01
1.633333333333333304e-01
7.999999999999999334e-01
0.000000000000000000e+00
0.000000000000000000e+00
6.666666666666666574e-02
1.100000000000000006e-01
2.666666666666666838e-02
7.666666666666667462e-02
1.133333333333333276e-01
7.966666666666667451e-01
5.099999999999998979e-01
5.066666666666667096e-01
1.966666666666666563e-01
1.633333333333333304e-01
4.799999999999999822e-01
2.999999999999999889e-01
2.000000000000000042e-02
4.333333333333333481e-02
2.999999999999999889e-02
1.193333333333333357e+00
0.000000000000000000e+00
5.899999999999999689e-01
2.039999999999999591e+00
1.266666666666666774e-01
1.650000000000000133e+00
6.833333333333332371e-01
5.333333333333333676e-02
1.533333333333333437e+00
1.933333333333333293e-01
3.333333333333333287e-02
3.799999999999999489e-01
9.999999999999999167e-02
1.766666666666666663e-01
4.000000000000000083e-02
8.000000000000000167e-02
2.999999999999999889e-02
8.000000000000000167e-02
1.666666666666666644e-02
3.333333333333333547e-03
0.000000000000000000e+00
8.133333333333333526e-01
1.199999999999999956e-01
1.199999999999999956e-01
1.266666666666666774e-01
3.666666666666667379e-02
1.766666666666666663e-01
8.033333333333333437e-01
6.666666666666667095e-03
0.000000000000000000e+00
2.000000000000000389e-01
1.999999999999999833e-01
0.000000000000000000e+00
1.666666666666666644e-02
1.266666666666666774e-01
1.266666666666666774e-01
2.999999999999999889e-02
3.666666666666666685e-02
5.999999999999999778e-02
4.833333333333333370e-01
2.066666666666666652e-01
4.133333333333333304e-01
1.166666666666666546e-01
9.966666666666665897e-01
0.000000000000000000e+00
3.600000000000000422e-01
6.033333333333333881e-01
5.666666666666666380e-02
4.533333333333333104e-01
1.866666666666666752e-01
1.999999999999999833e-01
4.700000000000000289e-01
3.233333333333333059e-01
0.000000000000000000e+00
0.000000000000000000e+00
6.000000000000000888e-01
1.466666666666666952e-01
0.000000000000000000e+00
8.000000000000000167e-02
1.330000000000000071e+00
8.666666666666666963e-02
1.766666666666666607e+00
4.433333333333333570e-01
1.533333333333333215e-01
6.866666666666666474e-01
3.333333333333333547e-03
3.333333333333333547e-03
4.833333333333333925e-01
1.000000000000000194e-01
3.333333333333333547e-03
8.666666666666666963e-02
1.136666666666666714e+00
2.166666666666666463e-01
2.999999999999999889e-02
2.999999999999999889e-02
2.299999999999999822e-01
3.833333333333333037e-01
2.366666666666666641e-01
2.053333333333333233e+00
2.923333333333333339e+00
