1.330000000000000071e+00
1.266666666666666774e-01
2.433333333333333182e-01
1.866666666666666474e-01
1.700000000000000122e-01
2.866666666666666807e-01
1.099999999999999867e-01
1.800000000000000211e-01
1.050000000000000044e+00
1.213333333333333375e+00
0.000000000000000000e+00
1.700000000000000122e-01
5.499999999999999334e-01
4.000000000000000083e-02
6.666666666666667095e-03
1.566666666666666485e-01
2.800000000000000266e-01
1.700000000000000122e-01
5.733333333333332504e-01
1.533333333333333215e-01
1.756666666666666599e+00
1.790000000000000036e+00
1.093333333333333490e+00
7.500000000000000000e-01
8.266666666666666607e-01
2.500000000000000000e-01
1.270000000000000240e+00
6.733333333333333393e-01
1.166666666666666824e-01
2.210000000000000409e+00
1.006666666666666599e+00
2.800000000000000266e-01
7.733333333333333171e-01
1.073333333333333472e+00
5.333333333333333676e-02
0.000000000000000000e+00
2.233333333333333004e-01
1.000000000000000021e-02
7.333333333333333370e-02
1.266666666666666774e-01
2.633333333333333637e-01
1.453333333333333366e+00
1.016666666666666607e+00
1.133333333333333526e+00
9.799999999999999822e-01
2.399999999999999911e-01
0.000000000000000000e+00
2.800000000000000266e-01
1.399999999999999856e-01
1.356666666666666687e+00
2.253333333333333410e+00
3.066666666666666430e-01
1.946666666666666545e+00
5.333333333333333259e-01
5.499999999999999334e-01
4.199999999999999845e-01
0.000000000000000000e+00
1.766666666666666663e-01
1.133333333333333304e+00
1.266666666666666774e-01
5.666666666666667074e-02
5.366666666666667362e-01
1.300000000000000044e-01
1.533333333333333215e-01
8.066666666666666430e-01
9.333333333333333759e-02
5.999999999999999778e-01
1.333333333333333419e-02
2.666666666666666838e-02
1.000000000000000021e-02
2.666666666666666838e-02
2.000000000000000042e-02
1.110000000000000098e+00
4.666666666666666879e-02
1.800000000000000211e-01
2.833333333333333259e-01
1.800000000000000211e-01
4.933333333333333459e-01
9.700000000000000844e-01
2.000000000000000042e-02
5.499999999999999334e-01
2.666666666666666838e-02
7.333333333333333370e-02
6.666666666666667095e-03
8.333333333333332871e-02
5.233333333333333171e-01
0.000000000000000000e+00
4.433333333333333570e-01
1.733333333333333393e-01
2.899999999999999800e-01
7.333333333333333370e-02
1.023333333333333428e+00
2.066666666666666652e-01
1.933333333333333293e-01
1.086666666666666670e+00
8.499999999999999778e-01
2.339999999999999858e+00
3.133333333333332971e-01
1.366666666666666863e-01
0.000000000000000000e+00
0.000000000000000000e+00
3.666666666666667379e-02
1.000000000000000021e-02
2.333333333333333440e-02
0.000000000000000000e+00
6.333333333333333870e-02
3.083333333333333481e+00
1.466666666666666674e-01
8.000000000000000167e-02
5.499999999999999334e-01
2.766666666666666718e-01
1.233333333333333393e+00
3.166666666666666519e-01
3.566666666666666319e-01
1.400000000000000133e-01
1.233333333333333365e-01
1.600000000000000033e-01
5.999999999999999778e-02
1.433333333333333404e-01
0.000000000000000000e+00
4.000000000000000083e-02
7.666666666666667462e-02
7.333333333333331983e-02
0.000000000000000000e+00
4.633333333333333193e-01
1.419999999999999929e+00
1.713333333333333597e+00
7.000000000000000666e-02
3.533333333333333326e-01
1.966666666666666841e-01
9.999999999999999167e-02
7.299999999999999822e-01
2.600000000000000089e-01
1.399999999999999856e-01
1.499999999999999944e-01
6.933333333333333570e-01
1.133333333333333276e-01
6.866666666666665364e-01
2.433333333333333182e-01
5.066666666666667096e-01
1.063333333333333242e+00
5.266666666666667274e-01
1.666666666666666644e-02
9.033333333333333215e-01
4.133333333333333304e-01
9.966666666666667007e-01
7.099999999999999645e-01
3.366666666666666696e-01
1.566666666666666763e-01
8.000000000000000167e-02
2.766666666666666718e-01
1.716666666666666785e+00
5.666666666666666380e-02
2.999999999999999889e-02
1.000000000000000021e-02
5.433333333333333348e-01
1.233333333333333365e-01
8.333333333333332871e-02
3.033333333333333437e-01
6.666666666666666574e-02
1.799999999999999656e-01
1.093333333333333490e+00
2.066666666666666652e-01
1.076666666666666661e+00
3.833333333333333037e-01
1.583333333333333259e+00
