1.679999999999999938e+00
1.270000000000000240e+00
9.700000000000000844e-01
0.000000000000000000e+00
0.000000000000000000e+00
3.333333333333333287e-02
0.000000000000000000e+00
1.000000000000000021e-02
1.566666666666666763e-01
3.666666666666666685e-02
1.700000000000000122e-01
3.000000000000000236e-02
0.000000000000000000e+00
0.000000000000000000e+00
9.266666666666667496e-01
3.333333333333333287e-02
1.000000000000000021e-02
2.266666666666666552e-01
1.533333333333333215e-01
3.333333333333333547e-03
7.666666666666667462e-02
1.533333333333333215e-01
1.213333333333333375e+00
5.333333333333334370e-02
5.000000000000000971e-02
1.639999999999999902e+00
6.666666666666667095e-03
7.833333333333333259e-01
5.333333333333333676e-02
2.333333333333333440e-02
3.333333333333333287e-02
6.666666666666667095e-03
2.333333333333333440e-02
8.000000000000000167e-02
4.866666666666666363e-01
1.366666666666666585e-01
5.599999999999999423e-01
9.000000000000001055e-02
8.666666666666666963e-02
8.000000000000000167e-02
4.033333333333333215e-01
1.196666666666666545e+00
2.133333333333333470e-01
7.333333333333331983e-02
6.666666666666667095e-03
1.000000000000000021e-02
1.500000000000000222e-01
5.666666666666667074e-02
6.666666666666667095e-03
0.000000000000000000e+00
1.533333333333333492e-01
1.113333333333333286e+00
2.149999999999999911e+00
1.820000000000000062e+00
2.299999999999999822e-01
7.033333333333334769e-01
6.666666666666666574e-02
7.200000000000000844e-01
3.466666666666666785e-01
2.500000000000000000e-01
2.433333333333333182e-01
6.333333333333333037e-01
1.066666666666666735e-01
2.333333333333333093e-01
3.833333333333333037e-01
1.166666666666666546e-01
1.833333333333333481e-01
6.333333333333333870e-02
3.000000000000000444e-01
8.000000000000000167e-02
1.013333333333333419e+00
1.099999999999999867e-01
5.000000000000000971e-02
3.166666666666666519e-01
3.000000000000000236e-02
3.333333333333333547e-03
1.266666666666666774e-01
1.333333333333333419e-02
6.666666666666666574e-02
4.333333333333333481e-02
4.333333333333333481e-02
1.066666666666666652e+00
9.999999999999999167e-02
8.766666666666665941e-01
2.000000000000000042e-02
0.000000000000000000e+00
2.033333333333333381e-01
5.333333333333333676e-02
1.766666666666666663e-01
1.146666666666666723e+00
1.233333333333333365e-01
1.186666666666666758e+00
9.666666666666667851e-02
1.399999999999999856e-01
6.333333333333333870e-02
5.066666666666667096e-01
6.666666666666667095e-03
0.000000000000000000e+00
0.000000000000000000e+00
4.000000000000000083e-02
1.000000000000000021e-02
4.666666666666666879e-02
7.333333333333334758e-02
4.666666666666666879e-02
1.233333333333333365e-01
1.466666666666666397e-01
2.500000000000000000e-01
1.623333333333333295e+00
5.000000000000000971e-02
1.500000000000000222e-01
1.399999999999999856e-01
3.500000000000000333e-01
2.666666666666666838e-02
9.166666666666666297e-01
1.100000000000000006e-01
1.166666666666666546e-01
9.666666666666667851e-02
1.000000000000000021e-02
1.209999999999999964e+00
1.400000000000000133e-01
2.666666666666666838e-02
3.733333333333332948e-01
2.099999999999999922e-01
0.000000000000000000e+00
8.000000000000000167e-02
3.266666666666666607e-01
0.000000000000000000e+00
5.600000000000000533e-01
2.433333333333333182e-01
4.833333333333333370e-01
0.000000000000000000e+00
7.099999999999999645e-01
1.233333333333333365e-01
6.333333333333333870e-02
3.466666666666666785e-01
1.023333333333333428e+00
3.333333333333333547e-03
0.000000000000000000e+00
0.000000000000000000e+00
0.000000000000000000e+00
6.666666666666667095e-03
2.666666666666666838e-02
2.733333333333333726e-01
2.133333333333333470e-01
3.366666666666666696e-01
0.000000000000000000e+00
0.000000000000000000e+00
1.000000000000000021e-02
0.000000000000000000e+00
0.000000000000000000e+00
0.000000000000000000e+00
0.000000000000000000e+00
0.000000000000000000e+00
2.666666666666666838e-02
9.766666666666665719e-01
1.833333333333333481e-01
6.666666666666667095e-03
3.333333333333333547e-03
1.266666666666666774e-01
6.666666666666667095e-03
5.666666666666667074e-02
0.000000000000000000e+00
1.000000000000000021e-02
2.766666666666666718e-01
1.966666666666666841e-01
2.999999999999999889e-02
8.000000000000000167e-02
1.666666666666666644e-02
5.666666666666667074e-02
2.666666666666666630e-01
1.099999999999999867e-01
2.533333333333333548e-01
9.333333333333333759e-02
2.666666666666666838e-02
7.000000000000000666e-02
1.199999999999999956e-01
9.199999999999999289e-01
0.000000000000000000e+00
0.000000000000000000e+00
1.166666666666666546e-01
3.166666666666666519e-01
5.666666666666667074e-02
2.000000000000000042e-02
8.333333333333332871e-02
2.899999999999999800e-01
1.533333333333333492e-01
3.899999999999999578e-01
1.429999999999999938e+00
4.666666666666666186e-02
3.099999999999999978e-01
3.666666666666666685e-02
9.000000000000000222e-01
7.333333333333334758e-02
1.300000000000000044e+00
2.333333333333333648e-01
8.000000000000000167e-02
4.000000000000000083e-02
8.333333333333332871e-02
8.499999999999999778e-01
0.000000000000000000e+00
2.566666666666666541e-01
2.376666666666666483e+00
5.666666666666665408e-01
2.999999999999999889e-02
0.000000000000000000e+00
2.033333333333333381e-01
9.333333333333332371e-02
1.199999999999999956e-01
8.166666666666667629e-01
2.266666666666666552e-01
1.330000000000000071e+00
6.500000000000000222e-01
1.999999999999999833e-01
1.433333333333333404e-01
0.000000000000000000e+00
2.066666666666666652e-01
1.333333333333333419e-02
0.000000000000000000e+00
0.000000000000000000e+00
2.000000000000000042e-02
7.333333333333331983e-02
4.199999999999999845e-01
1.199999999999999956e-01
5.100000000000000089e-01
1.360000000000000098e+00
7.333333333333334758e-02
6.666666666666666574e-02
7.666666666666667462e-02
5.933333333333333792e-01
2.333333333333333440e-02
6.333333333333333870e-02
2.066666666666666652e-01
1.100000000000000006e-01
1.333333333333333419e-02
4.000000000000000083e-02
8.333333333333332871e-02
2.999999999999999889e-02
2.366666666666666641e-01
5.200000000000000178e-01
5.833333333333333703e-01
3.333333333333333547e-03
0.000000000000000000e+00
8.333333333333332871e-02
1.000000000000000021e-02
1.600000000000000033e-01
4.500000000000000111e-01
2.066666666666666652e-01
0.000000000000000000e+00
8.799999999999998934e-01
1.133333333333333276e-01
1.266666666666666774e-01
7.000000000000000666e-02
1.800000000000000211e-01
9.666666666666666463e-02
1.166666666666666546e-01
4.666666666666666879e-02
0.000000000000000000e+00
5.999999999999999778e-02
1.533333333333333492e-01
8.399999999999999689e-01
0.000000000000000000e+00
2.333333333333333440e-02
6.000000000000000472e-02
3.300000000000000155e-01
6.366666666666667140e-01
1.199999999999999956e-01
4.633333333333333748e-01
1.346666666666666679e+00
2.466666666666666730e-01
6.600000000000000311e-01
2.600000000000000089e-01
9.166666666666666297e-01
7.666666666666667462e-02
1.976666666666666572e+00
2.433333333333333182e-01
2.126666666666666483e+00
5.000000000000000000e-01
1.343333333333333490e+00
5.799999999999999600e-01
1.499999999999999944e-01
2.666666666666666838e-02
1.050000000000000044e+00
1.000000000000000194e-01
0.000000000000000000e+00
0.000000000000000000e+00
9.100000000000000311e-01
1.000000000000000021e-02
1.333333333333333419e-02
1.000000000000000021e-02
6.666666666666666574e-02
1.333333333333333419e-02
9.666666666666667851e-02
1.900000000000000300e-01
3.733333333333333504e-01
4.799999999999999822e-01
3.266666666666666607e-01
3.066666666666666985e-01
4.866666666666666363e-01
6.566666666666667318e-01
1.066666666666666652e+00
2.899999999999999800e-01
1.900000000000000300e-01
2.066666666666666652e-01
2.600000000000000089e-01
1.366666666666666863e-01
6.800000000000000488e-01
1.833333333333333481e-01
1.333333333333333419e-02
1.600000000000000033e-01
1.400000000000000133e-01
3.166666666666666519e-01
7.833333333333333259e-01
4.666666666666666879e-02
2.066666666666666652e-01
5.666666666666667074e-02
2.233333333333333004e-01
3.066666666666666430e-01
5.733333333333332504e-01
1.540000000000000036e+00
3.333333333333333547e-03
1.233333333333333365e-01
1.966666666666666841e-01
2.666666666666666838e-02
0.000000000000000000e+00
6.900000000000000577e-01
5.999999999999999778e-01
6.400000000000000133e-01
3.300000000000000155e-01
1.836666666666666670e+00
2.433333333333333182e-01
2.433333333333333182e-01
1.899999999999999745e-01
4.000000000000000083e-02
9.333333333333333759e-02
0.000000000000000000e+00
2.666666666666666838e-02
2.766666666666666718e-01
9.666666666666667851e-02
5.333333333333333676e-02
1.133333333333333276e-01
4.099999999999999756e-01
5.000000000000000971e-02
5.333333333333333676e-02
0.000000000000000000e+00
0.000000000000000000e+00
9.666666666666666463e-02
6.666666666666667095e-03
1.933333333333333293e-01
6.066666666666665764e-01
8.366666666666667806e-01
2.000000000000000042e-02
1.209999999999999964e+00
0.000000000000000000e+00
3.200000000000000067e-01
0.000000000000000000e+00
9.333333333333333759e-02
1.666666666666666644e-02
2.233333333333333004e-01
8.333333333333332871e-02
1.290000000000000036e+00
4.333333333333333481e-01
2.733333333333333726e-01
9.199999999999999289e-01
5.666666666666667629e-01
5.666666666666667074e-02
2.566666666666666541e-01
3.999999999999999667e-01
0.000000000000000000e+00
3.766666666666666496e-01
1.066666666666666735e-01
0.000000000000000000e+00
2.999999999999999889e-02
1.600000000000000033e-01
3.666666666666667379e-02
1.133333333333333276e-01
1.333333333333333419e-02
1.060000000000000053e+00
2.999999999999999889e-02
1.070000000000000062e+00
1.669999999999999929e+00
1.199999999999999956e-01
6.666666666666667095e-03
0.000000000000000000e+00
7.566666666666667096e-01
5.300000000000000266e-01
1.099999999999999867e-01
4.966666666666666452e-01
3.333333333333333287e-02
6.733333333333333393e-01
0.000000000000000000e+00
3.666666666666667379e-02
5.299999999999999156e-01
1.633333333333333526e+00
