1.940000000000000169e+00
1.566666666666666763e-01
8.833333333333334147e-01
4.166666666666666852e-01
1.566666666666666763e-01
1.633333333333333304e-01
2.166666666666666741e-01
1.000000000000000021e-02
1.000000000000000021e-02
2.433333333333333737e-01
1.300000000000000044e-01
1.433333333333333126e-01
2.000000000000000042e-02
1.356666666666666687e+00
1.566666666666666485e-01
3.200000000000000067e-01
1.196666666666666545e+00
1.499999999999999944e-01
2.833333333333333814e-01
2.366666666666666641e-01
2.500000000000000000e-01
1.713333333333333153e+00
9.899999999999998801e-01
2.433333333333333182e-01
1.300000000000000044e-01
9.333333333333333759e-02
5.433333333333333348e-01
4.000000000000000083e-02
1.099999999999999867e-01
1.153333333333333321e+00
6.999999999999998446e-01
0.000000000000000000e+00
9.333333333333333759e-02
3.666666666666666963e-01
8.000000000000000167e-02
5.699999999999999512e-01
0.000000000000000000e+00
5.566666666666666430e-01
2.333333333333333093e-02
0.000000000000000000e+00
0.000000000000000000e+00
1.083333333333333259e+00
3.333333333333333287e-02
1.666666666666666644e-02
1.999999999999999833e-01
1.766666666666666663e-01
6.000000000000000472e-02
5.333333333333333676e-02
1.030000000000000027e+00
6.999999999999999278e-02
0.000000000000000000e+00
9.000000000000001055e-02
1.666666666666666574e-01
2.666666666666666838e-02
8.000000000000000167e-02
5.766666666666666607e-01
2.600000000000000089e-01
2.000000000000000042e-02
6.533333333333333215e-01
3.999999999999999667e-01
1.000000000000000021e-02
9.799999999999999822e-01
5.066666666666667096e-01
1.666666666666666644e-02
5.666666666666667074e-02
1.320000000000000062e+00
3.233333333333333059e-01
2.033333333333333381e-01
4.399999999999999467e-01
1.233333333333333365e-01
6.366666666666666030e-01
4.000000000000000083e-02
0.000000000000000000e+00
3.333333333333333287e-02
6.833333333333332371e-01
4.000000000000000083e-02
0.000000000000000000e+00
1.003333333333333188e+00
2.533333333333333548e-01
1.066666666666666735e-01
6.666666666666666574e-02
8.233333333333332504e-01
2.666666666666666838e-02
6.666666666666666574e-02
9.333333333333333759e-02
6.566666666666666208e-01
2.433333333333333182e-01
1.933333333333333570e-01
2.833333333333333259e-01
8.466666666666666785e-01
3.866666666666667140e-01
4.666666666666666879e-02
2.500000000000000000e-01
1.316666666666666652e+00
4.699999999999999734e-01
0.000000000000000000e+00
0.000000000000000000e+00
1.030000000000000027e+00
3.666666666666667379e-02
0.000000000000000000e+00
9.833333333333333925e-01
1.209999999999999964e+00
0.000000000000000000e+00
1.166666666666666546e-01
1.389999999999999902e+00
7.866666666666666252e-01
8.066666666666666430e-01
8.666666666666666963e-02
5.600000000000000533e-01
3.233333333333333059e-01
4.033333333333333215e-01
2.633333333333333637e-01
3.266666666666666607e-01
1.213333333333333375e+00
4.099999999999999756e-01
0.000000000000000000e+00
5.000000000000000971e-02
8.666666666666666963e-02
9.000000000000001055e-02
0.000000000000000000e+00
1.600000000000000033e-01
1.000000000000000194e-01
0.000000000000000000e+00
1.133333333333333276e-01
1.933333333333333293e-01
3.333333333333333287e-02
1.333333333333333315e-01
1.139999999999999902e+00
1.566666666666666763e-01
0.000000000000000000e+00
1.766666666666666663e-01
1.666666666666666644e-02
5.999999999999999778e-02
1.666666666666666644e-02
1.199999999999999956e-01
2.433333333333333182e-01
0.000000000000000000e+00
0.000000000000000000e+00
2.000000000000000042e-02
1.533333333333333215e-01
3.333333333333333547e-03
1.199999999999999956e-01
1.800000000000000211e-01
4.333333333333333481e-02
8.000000000000000167e-02
9.066666666666666208e-01
7.666666666666667185e-01
1.429999999999999938e+00
2.266666666666666552e-01
1.366666666666666863e-01
1.300000000000000044e-01
2.833333333333333814e-01
1.290000000000000036e+00
1.166666666666666546e-01
1.333333333333333419e-02
1.066666666666666735e-01
4.166666666666666852e-01
2.933333333333333348e-01
6.666666666666667095e-03
1.250000000000000000e+00
8.333333333333332871e-02
1.293333333333333224e+00
3.333333333333333547e-03
2.933333333333333348e-01
4.233333333333333393e-01
1.033333333333333326e-01
4.333333333333333481e-02
1.033333333333333326e-01
9.000000000000001055e-02
2.933333333333332793e-01
3.133333333333332971e-01
1.533333333333333492e-01
1.800000000000000211e-01
1.000000000000000021e-02
9.000000000000001055e-02
5.333333333333333676e-02
3.499999999999999223e-01
0.000000000000000000e+00
7.666666666666667462e-02
1.206666666666666776e+00
3.333333333333333547e-03
1.033333333333333326e-01
1.203333333333333366e+00
1.199999999999999956e+00
1.000000000000000021e-02
1.066666666666666652e+00
3.433333333333332682e-01
5.699999999999999512e-01
4.366666666666667029e-01
