1.150000000000000133e+00
2.533333333333333548e-01
3.233333333333333059e-01
7.500000000000000000e-01
2.166666666666666741e-01
4.466666666666666008e-01
4.033333333333333215e-01
2.766666666666666718e-01
1.696666666666666545e+00
6.666666666666666574e-02
4.666666666666666879e-02
1.566666666666666485e-01
2.299999999999999822e-01
4.666666666666666879e-02
1.233333333333333365e-01
2.666666666666666838e-02
2.333333333333333093e-01
0.000000000000000000e+00
3.333333333333333547e-03
1.000000000000000021e-02
4.000000000000000083e-02
4.666666666666666879e-02
5.666666666666666380e-02
8.000000000000000167e-02
4.000000000000000083e-02
5.333333333333333676e-02
2.433333333333333182e-01
6.733333333333333393e-01
4.299999999999999933e-01
9.233333333333333393e-01
2.766666666666666718e-01
5.433333333333333348e-01
1.666666666666666574e-01
3.466666666666666785e-01
2.333333333333333440e-02
1.119999999999999885e+00
6.333333333333333870e-02
6.766666666666667496e-01
5.300000000000000266e-01
5.666666666666667074e-02
4.133333333333333304e-01
1.733333333333333393e-01
1.073333333333333250e+00
1.253333333333333188e+00
6.666666666666667095e-03
0.000000000000000000e+00
1.433333333333333404e-01
2.999999999999999889e-02
6.333333333333333870e-02
4.000000000000000083e-02
2.533333333333333548e-01
8.900000000000000133e-01
1.800000000000000211e-01
1.966666666666666841e-01
5.833333333333333703e-01
1.933333333333333293e-01
1.733333333333333393e-01
1.433333333333333404e-01
1.466666666666666674e-01
2.900000000000000355e-01
2.033333333333333215e+00
1.013333333333333419e+00
1.256666666666666821e+00
2.866666666666666807e-01
1.556666666666666643e+00
2.299999999999999822e-01
7.999999999999999334e-01
2.533333333333333548e-01
1.533333333333333215e-01
2.300000000000000100e-01
3.333333333333333547e-03
1.466666666666666674e-01
2.000000000000000042e-02
1.050000000000000044e+00
8.000000000000000167e-02
4.533333333333333659e-01
2.966666666666666896e-01
4.000000000000000083e-02
2.500000000000000000e-01
2.000000000000000042e-02
3.866666666666666585e-01
9.666666666666666463e-02
1.533333333333333215e-01
1.466666666666666397e-01
2.666666666666666838e-02
3.099999999999999978e-01
6.933333333333333570e-01
1.766666666666666663e-01
3.033333333333332882e-01
5.499999999999999334e-01
2.286666666666666625e+00
5.066666666666667096e-01
1.296666666666666856e+00
3.033333333333332882e-01
2.999999999999999889e-01
3.333333333333333287e-02
4.999999999999999584e-02
0.000000000000000000e+00
0.000000000000000000e+00
1.333333333333333419e-02
0.000000000000000000e+00
5.666666666666667074e-02
0.000000000000000000e+00
4.666666666666666879e-02
3.333333333333333547e-03
1.099999999999999867e-01
0.000000000000000000e+00
4.333333333333333481e-02
5.999999999999999778e-02
5.299999999999999156e-01
1.839999999999999858e+00
6.899999999999999467e-01
1.066666666666666735e-01
1.366666666666666863e-01
1.033333333333333326e-01
3.899999999999999578e-01
3.599999999999999312e-01
3.333333333333333547e-03
5.499999999999999334e-01
4.333333333333332926e-01
2.333333333333333440e-02
1.333333333333333419e-02
3.200000000000000067e-01
1.246666666666666812e+00
7.666666666666667462e-02
3.433333333333333237e-01
0.000000000000000000e+00
1.300000000000000044e-01
4.000000000000000083e-02
4.000000000000000083e-02
3.333333333333333287e-02
6.666666666666667095e-03
5.366666666666667362e-01
8.000000000000000167e-02
3.166666666666666519e-01
2.399999999999999911e-01
2.666666666666666838e-02
6.333333333333333870e-02
6.033333333333333881e-01
1.300000000000000044e-01
1.600000000000000033e-01
3.000000000000000444e-01
4.299999999999999933e-01
1.866666666666666474e-01
0.000000000000000000e+00
8.000000000000000167e-02
1.346666666666666679e+00
2.000000000000000042e-02
0.000000000000000000e+00
1.033333333333333326e-01
4.000000000000000083e-02
0.000000000000000000e+00
0.000000000000000000e+00
3.300000000000000155e-01
1.033333333333333465e-01
0.000000000000000000e+00
0.000000000000000000e+00
7.333333333333333370e-02
9.000000000000001055e-02
4.333333333333333481e-02
2.333333333333333093e-01
2.766666666666666718e-01
4.033333333333333215e-01
1.400000000000000133e-01
2.000000000000000042e-02
2.266666666666666552e-01
4.666666666666666879e-02
1.406666666666666510e+00
8.766666666666665941e-01
0.000000000000000000e+00
0.000000000000000000e+00
0.000000000000000000e+00
0.000000000000000000e+00
1.000000000000000021e-02
0.000000000000000000e+00
0.000000000000000000e+00
4.666666666666666879e-02
1.333333333333333419e-02
0.000000000000000000e+00
1.000000000000000021e-02
1.000000000000000021e-02
2.333333333333333093e-02
4.000000000000000083e-02
2.666666666666666838e-02
3.666666666666667379e-02
4.000000000000000083e-02
0.000000000000000000e+00
2.000000000000000042e-02
3.200000000000000067e-01
0.000000000000000000e+00
5.066666666666667096e-01
2.199999999999999734e-01
4.833333333333333370e-01
1.999999999999999833e-01
3.566666666666666319e-01
1.666666666666666644e-02
7.333333333333333370e-02
2.733333333333333171e-01
1.800000000000000211e-01
2.066666666666666652e-01
0.000000000000000000e+00
1.066666666666666735e-01
6.666666666666667095e-03
1.366666666666666585e-01
3.666666666666667379e-02
2.999999999999999889e-02
4.000000000000000083e-02
2.399999999999999911e-01
5.999999999999999778e-02
9.666666666666666463e-02
0.000000000000000000e+00
6.666666666666666574e-02
8.666666666666666963e-02
3.066666666666666430e-01
2.133333333333333304e+00
2.999999999999999889e-02
1.533333333333333215e-01
9.666666666666667851e-02
9.566666666666666652e-01
1.073333333333333472e+00
4.333333333333333481e-02
8.766666666666665941e-01
1.300000000000000044e-01
1.533333333333333215e-01
8.000000000000000167e-02
8.966666666666666119e-01
0.000000000000000000e+00
1.033333333333333326e-01
4.366666666666667029e-01
4.433333333333333570e-01
0.000000000000000000e+00
1.370000000000000107e+00
1.313333333333333464e+00
5.999999999999999778e-02
6.666666666666666574e-02
3.366666666666666696e-01
6.000000000000000472e-02
1.100000000000000006e-01
6.366666666666667140e-01
1.580000000000000071e+00
2.333333333333333093e-02
1.333333333333333419e-02
6.733333333333332282e-01
2.833333333333333814e-01
4.666666666666666879e-02
4.000000000000000083e-02
1.446666666666666545e+00
3.333333333333333287e-02
1.000000000000000021e-02
2.966666666666666896e-01
5.999999999999999778e-02
3.966666666666666674e-01
1.556666666666666643e+00
2.999999999999999889e-02
2.166666666666666741e-01
6.466666666666666119e-01
1.399999999999999856e-01
3.533333333333333326e-01
6.666666666666666574e-02
0.000000000000000000e+00
0.000000000000000000e+00
0.000000000000000000e+00
7.333333333333331983e-02
1.666666666666666644e-02
1.499999999999999944e-01
7.666666666666667462e-02
7.000000000000000666e-02
3.333333333333333287e-02
2.800000000000000266e-01
9.000000000000001055e-02
1.333333333333333419e-02
6.333333333333333870e-02
4.000000000000000083e-02
1.000000000000000021e-02
6.666666666666667095e-03
0.000000000000000000e+00
4.333333333333333481e-02
2.333333333333333440e-02
0.000000000000000000e+00
1.533333333333333215e-01
1.100000000000000006e-01
3.333333333333333287e-02
5.000000000000000000e-01
3.166666666666666519e-01
4.000000000000000083e-02
2.333333333333333093e-01
0.000000000000000000e+00
1.666666666666666644e-02
0.000000000000000000e+00
1.666666666666666644e-02
7.666666666666667462e-02
1.300000000000000044e-01
2.000000000000000042e-02
1.666666666666666644e-02
1.450000000000000178e+00
1.559999999999999831e+00
5.999999999999999778e-02
1.300000000000000044e-01
2.333333333333333440e-02
8.533333333333331661e-01
2.333333333333333440e-02
9.533333333333332549e-01
1.899999999999999745e-01
1.133333333333333276e-01
1.333333333333333315e-01
3.333333333333333287e-02
1.233333333333333365e-01
0.000000000000000000e+00
0.000000000000000000e+00
1.666666666666666644e-02
2.766666666666666718e-01
0.000000000000000000e+00
0.000000000000000000e+00
3.333333333333333287e-02
7.666666666666666075e-02
7.333333333333333370e-02
0.000000000000000000e+00
3.899999999999999578e-01
1.433333333333333126e-01
1.666666666666666644e-02
4.799999999999999822e-01
1.333333333333333419e-02
0.000000000000000000e+00
2.633333333333333637e-01
1.283333333333333437e+00
3.333333333333333547e-03
2.333333333333333093e-01
1.166666666666666741e+00
3.899999999999999578e-01
1.666666666666666644e-02
5.666666666666666380e-02
1.493333333333333179e+00
3.333333333333333547e-03
0.000000000000000000e+00
1.166666666666666546e-01
1.166666666666666546e-01
6.000000000000000472e-02
8.333333333333332871e-02
1.600000000000000033e-01
7.699999999999999067e-01
4.999999999999999584e-02
2.733333333333333171e-01
9.733333333333332726e-01
