6.733333333333333393e-01
1.766666666666666663e-01
4.733333333333333282e-01
2.266666666666666552e-01
4.433333333333333570e-01
1.833333333333333481e-01
4.666666666666666879e-02
2.033333333333333381e-01
2.733333333333333171e-01
3.566666666666666874e-01
1.023333333333333206e+00
1.233333333333333365e-01
1.199999999999999956e-01
2.666666666666666838e-02
8.000000000000000167e-02
9.166666666666666297e-01
2.999999999999999889e-02
9.666666666666666463e-02
1.000000000000000021e-02
6.999999999999999278e-02
4.333333333333333481e-02
1.766666666666666663e-01
3.300000000000000155e-01
1.559999999999999831e+00
1.823333333333333250e+00
7.700000000000000178e-01
1.333333333333333419e-02
4.000000000000000083e-02
1.666666666666666644e-02
1.333333333333333419e-02
6.666666666666667095e-03
1.110000000000000098e+00
1.533333333333333215e-01
6.999999999999999278e-02
2.999999999999999889e-02
3.400000000000000244e-01
2.633333333333333637e-01
1.433333333333333404e-01
5.533333333333333437e-01
4.533333333333333104e-01
1.333333333333333419e-02
1.666666666666666644e-02
4.166666666666666852e-01
2.700000000000000178e-01
8.333333333333332871e-02
5.000000000000000971e-02
1.233333333333333365e-01
9.666666666666666463e-02
2.066666666666666652e-01
6.099999999999999867e-01
1.339999999999999858e+00
