3.099999999999999978e-01
2.999999999999999889e-01
2.233333333333333559e-01
1.333333333333333315e-01
1.033333333333333326e-01
0.000000000000000000e+00
0.000000000000000000e+00
3.233333333333333059e-01
1.199999999999999956e-01
0.000000000000000000e+00
2.033333333333333381e-01
2.333333333333333440e-02
2.833333333333333259e-01
8.599999999999999867e-01
0.000000000000000000e+00
1.110000000000000098e+00
2.399999999999999911e-01
5.866666666666667806e-01
1.059999999999999831e+00
9.000000000000001055e-02
0.000000000000000000e+00
3.666666666666665991e-02
7.866666666666666252e-01
0.000000000000000000e+00
1.666666666666666644e-02
4.666666666666666879e-02
2.333333333333333440e-02
0.000000000000000000e+00
1.000000000000000021e-02
1.999999999999999833e-01
5.999999999999999778e-02
2.999999999999999889e-02
1.466666666666666674e-01
3.300000000000000155e-01
7.000000000000000666e-02
0.000000000000000000e+00
0.000000000000000000e+00
0.000000000000000000e+00
0.000000000000000000e+00
0.000000000000000000e+00
5.666666666666667074e-02
1.133333333333333276e-01
3.333333333333333287e-02
1.333333333333333419e-02
9.000000000000001055e-02
1.399999999999999856e-01
3.733333333333333504e-01
1.333333333333333259e+00
1.863333333333333286e+00
4.666666666666666879e-02
1.933333333333333293e-01
1.333333333333333419e-02
6.666666666666667095e-03
0.000000000000000000e+00
0.000000000000000000e+00
2.666666666666666630e-01
7.333333333333333925e-01
6.666666666666667095e-03
4.999999999999999584e-02
3.333333333333333547e-03
4.000000000000000083e-02
1.066666666666666735e-01
7.333333333333333370e-02
1.333333333333333419e-02
6.666666666666667095e-03
0.000000000000000000e+00
4.333333333333333481e-02
2.666666666666666838e-02
0.000000000000000000e+00
3.333333333333333287e-02
1.333333333333333419e-02
1.900000000000000300e-01
1.800000000000000211e-01
5.733333333333333615e-01
1.766666666666666663e-01
2.066666666666666652e-01
1.100000000000000006e-01
2.999999999999999889e-01
1.999999999999999833e-01
6.000000000000000472e-02
8.666666666666666963e-01
5.999999999999999778e-02
4.666666666666666879e-02
2.633333333333333637e-01
1.666666666666666644e-02
5.333333333333333676e-02
3.000000000000000236e-02
4.000000000000000083e-02
3.666666666666667379e-02
5.666666666666667074e-02
3.366666666666666696e-01
8.666666666666666963e-02
8.166666666666667629e-01
2.333333333333333440e-02
2.299999999999999822e-01
1.733333333333333393e-01
9.333333333333333759e-02
1.266666666666666774e-01
4.000000000000000083e-02
1.666666666666666574e-01
2.199999999999999734e-01
1.033333333333333326e-01
3.333333333333333547e-03
9.000000000000001055e-02
8.000000000000000167e-02
5.100000000000000089e-01
0.000000000000000000e+00
6.666666666666666574e-02
1.933333333333333570e-01
1.433333333333333404e-01
2.700000000000000178e-01
2.899999999999999800e-01
5.666666666666667074e-02
1.000000000000000021e-02
0.000000000000000000e+00
4.333333333333333481e-02
0.000000000000000000e+00
4.299999999999999933e-01
3.666666666666665991e-02
2.866666666666666807e-01
1.800000000000000211e-01
2.933333333333332793e-01
1.466666666666666674e-01
8.333333333333332871e-02
1.033333333333333326e-01
5.999999999999999778e-02
1.400000000000000133e-01
3.899999999999999578e-01
2.000000000000000042e-02
9.000000000000001055e-02
4.999999999999999584e-02
0.000000000000000000e+00
1.000000000000000021e-02
0.000000000000000000e+00
3.666666666666666685e-02
5.299999999999999156e-01
1.096666666666666679e+00
9.366666666666666474e-01
2.366666666666666641e-01
3.033333333333333437e-01
3.899999999999999578e-01
2.033333333333333381e-01
1.000000000000000194e-01
4.333333333333333481e-02
6.333333333333333870e-02
0.000000000000000000e+00
0.000000000000000000e+00
0.000000000000000000e+00
0.000000000000000000e+00
0.000000000000000000e+00
2.433333333333333182e-01
6.000000000000000472e-02
1.666666666666666644e-02
2.333333333333333648e-01
1.300000000000000044e-01
3.166666666666666519e-01
1.666666666666666644e-02
0.000000000000000000e+00
4.733333333333333282e-01
1.333333333333333419e-02
1.900000000000000300e-01
2.333333333333333093e-01
1.366666666666666585e-01
2.133333333333333470e-01
2.999999999999999889e-01
2.766666666666666718e-01
2.333333333333333440e-02
2.000000000000000042e-02
1.143333333333333313e+00
9.000000000000001055e-02
7.666666666666667462e-02
2.666666666666666838e-02
9.999999999999999167e-02
3.333333333333333547e-03
2.633333333333333637e-01
9.666666666666667851e-02
1.866666666666666752e-01
8.333333333333332871e-02
1.499999999999999944e-01
4.333333333333333481e-02
1.300000000000000044e-01
1.000000000000000021e-02
4.266666666666666941e-01
3.300000000000000155e-01
1.766666666666666663e-01
1.000000000000000021e-02
2.333333333333333440e-02
0.000000000000000000e+00
8.666666666666666963e-02
2.099999999999999922e-01
5.366666666666667362e-01
8.000000000000000167e-02
0.000000000000000000e+00
1.133333333333333276e-01
0.000000000000000000e+00
0.000000000000000000e+00
0.000000000000000000e+00
1.333333333333333419e-02
0.000000000000000000e+00
2.666666666666666838e-02
2.033333333333333381e-01
6.733333333333333393e-01
2.133333333333333470e-01
4.333333333333333481e-01
0.000000000000000000e+00
1.333333333333333315e-01
2.333333333333333093e-02
2.666666666666666838e-02
5.666666666666666380e-02
9.999999999999999167e-02
1.000000000000000194e-01
2.633333333333333637e-01
2.466666666666666730e-01
3.666666666666667379e-02
2.433333333333333182e-01
2.566666666666666541e-01
2.066666666666666652e-01
4.666666666666666879e-02
1.166666666666666546e-01
3.666666666666666685e-02
3.566666666666666319e-01
1.300000000000000044e-01
5.666666666666666380e-02
0.000000000000000000e+00
3.333333333333333287e-02
1.133333333333333415e-01
6.666666666666667095e-03
5.999999999999999778e-02
4.299999999999999933e-01
6.666666666666667095e-03
5.333333333333333259e-01
1.300000000000000044e-01
4.000000000000000083e-02
1.866666666666666752e-01
2.666666666666666630e-01
6.666666666666666574e-02
9.000000000000001055e-02
6.333333333333333870e-02
1.133333333333333415e-01
2.300000000000000100e-01
1.233333333333333365e-01
2.666666666666666838e-02
6.633333333333332194e-01
1.000000000000000021e-02
1.266666666666666774e-01
6.666666666666666297e-01
6.766666666666666385e-01
2.999999999999999889e-02
4.666666666666666879e-02
1.966666666666666563e-01
3.666666666666666685e-02
2.233333333333333559e-01
6.666666666666666574e-02
9.999999999999999167e-02
5.666666666666667074e-02
4.366666666666667029e-01
2.999999999999999889e-01
6.666666666666666574e-02
5.000000000000000000e-01
2.066666666666666652e-01
2.600000000000000089e-01
5.533333333333333437e-01
9.933333333333332904e-01
