8.466666666666666785e-01
2.399999999999999911e-01
4.166666666666666852e-01
9.166666666666666297e-01
9.199999999999999289e-01
2.600000000000000089e-01
4.799999999999999822e-01
3.833333333333333037e-01
2.299999999999999822e-01
5.000000000000000971e-02
1.033333333333333437e+00
3.333333333333333287e-02
1.266666666666666774e-01
0.000000000000000000e+00
2.666666666666666838e-02
4.599999999999999645e-01
7.666666666666667462e-02
2.633333333333333637e-01
3.733333333333333504e-01
1.066666666666666652e+00
1.666666666666666644e-02
1.433333333333333404e-01
2.733333333333333726e-01
3.666666666666666685e-02
6.666666666666667095e-03
6.333333333333333870e-02
1.333333333333333419e-02
2.899999999999999800e-01
1.333333333333333419e-02
0.000000000000000000e+00
5.666666666666667074e-02
2.633333333333333637e-01
2.433333333333333737e-01
2.200000000000000011e-01
4.000000000000000083e-02
8.333333333333333703e-01
1.133333333333333276e-01
0.000000000000000000e+00
0.000000000000000000e+00
0.000000000000000000e+00
8.333333333333332871e-02
3.000000000000000236e-02
6.733333333333332282e-01
5.466666666666667451e-01
1.353333333333333499e+00
8.733333333333334059e-01
9.000000000000000222e-01
0.000000000000000000e+00
5.566666666666667540e-01
2.866666666666666807e-01
2.999999999999999889e-02
2.333333333333333440e-02
1.250000000000000000e+00
1.233333333333333365e-01
2.333333333333333440e-02
5.166666666666666075e-01
1.026666666666666616e+00
6.666666666666667095e-03
2.000000000000000042e-02
0.000000000000000000e+00
4.333333333333333481e-02
2.999999999999999889e-02
2.000000000000000389e-01
7.000000000000000666e-02
0.000000000000000000e+00
4.899999999999999911e-01
1.733333333333333393e-01
7.700000000000000178e-01
2.433333333333333182e-01
2.236666666666666359e+00
8.100000000000000533e-01
2.636666666666666714e+00
7.900000000000000355e-01
3.633333333333332860e-01
9.233333333333333393e-01
4.333333333333333481e-01
3.000000000000000236e-02
4.000000000000000083e-02
3.666666666666666685e-02
1.966666666666666841e-01
4.666666666666666186e-02
4.333333333333333481e-02
1.099999999999999867e-01
4.999999999999999584e-02
3.033333333333333437e-01
4.000000000000000083e-02
5.000000000000000000e-01
0.000000000000000000e+00
6.666666666666667095e-03
0.000000000000000000e+00
0.000000000000000000e+00
2.666666666666666838e-02
8.566666666666667984e-01
4.566666666666667207e-01
0.000000000000000000e+00
4.666666666666666879e-02
1.250000000000000000e+00
4.433333333333333570e-01
1.566666666666666485e-01
7.799999999999999156e-01
2.833333333333333259e-01
9.566666666666666652e-01
6.666666666666667095e-03
0.000000000000000000e+00
3.333333333333333148e-01
0.000000000000000000e+00
0.000000000000000000e+00
1.666666666666666644e-02
7.666666666666667462e-02
1.999999999999999833e-01
1.499999999999999944e-01
4.000000000000000083e-02
1.333333333333333315e-01
4.866666666666666363e-01
5.000000000000000000e-01
6.666666666666667095e-03
1.459999999999999964e+00
6.066666666666665764e-01
5.999999999999999778e-02
1.099999999999999867e-01
1.246666666666666812e+00
5.966666666666666785e-01
1.666666666666666644e-02
1.000000000000000021e-02
1.889999999999999902e+00
2.666666666666666838e-02
1.000000000000000021e-02
1.353333333333333499e+00
1.966666666666666563e-01
1.333333333333333419e-02
8.499999999999999778e-01
1.000000000000000021e-02
1.700000000000000122e-01
6.666666666666666574e-02
0.000000000000000000e+00
2.666666666666666838e-02
1.033333333333333326e-01
9.333333333333333759e-02
2.333333333333333440e-02
2.800000000000000266e-01
1.300000000000000044e-01
1.179999999999999938e+00
2.733333333333333726e-01
3.333333333333333547e-03
1.033333333333333326e-01
1.900000000000000300e-01
2.666666666666666838e-02
8.666666666666666963e-02
2.333333333333333440e-02
6.666666666666667095e-03
2.666666666666666838e-02
1.133333333333333304e+00
1.700000000000000122e-01
1.366666666666666863e-01
5.100000000000000089e-01
9.999999999999999167e-02
1.603333333333333499e+00
1.933333333333333570e-01
3.099999999999999978e-01
7.733333333333333171e-01
1.399999999999999856e-01
2.966666666666666896e-01
8.000000000000000167e-02
1.766666666666666663e-01
1.900000000000000300e-01
1.100000000000000006e-01
1.099999999999999867e-01
7.666666666666666075e-02
6.333333333333333870e-02
1.333333333333333419e-02
1.399999999999999856e-01
3.666666666666667379e-02
1.216666666666666785e+00
8.666666666666666963e-02
4.033333333333333215e-01
2.200000000000000011e-01
8.000000000000000167e-02
8.333333333333332871e-02
1.333333333333333419e-02
0.000000000000000000e+00
1.333333333333333419e-02
8.799999999999998934e-01
1.300000000000000044e-01
1.333333333333333419e-02
1.436666666666666758e+00
1.093333333333333268e+00
3.333333333333333287e-02
9.899999999999998801e-01
2.066666666666666652e-01
1.933333333333333348e+00
9.999999999999999167e-02
7.000000000000000666e-02
8.333333333333333703e-01
0.000000000000000000e+00
9.999999999999999167e-02
3.666666666666667379e-02
1.333333333333333419e-02
6.666666666666667095e-03
4.666666666666666879e-02
1.199999999999999956e-01
8.800000000000000044e-01
1.999999999999999833e-01
3.666666666666667379e-02
2.233333333333333559e-01
1.169999999999999929e+00
8.000000000000000167e-02
2.433333333333333182e-01
1.333333333333333315e-01
5.333333333333333676e-02
1.666666666666666574e-01
9.833333333333332815e-01
2.066666666666666652e-01
1.366666666666666863e-01
2.933333333333333348e-01
7.500000000000000000e-01
6.099999999999999867e-01
2.366666666666666641e-01
3.966666666666666674e-01
1.333333333333333419e-02
3.333333333333333547e-03
0.000000000000000000e+00
1.666666666666666644e-02
1.333333333333333419e-02
5.600000000000000533e-01
6.333333333333334147e-01
3.466666666666666785e-01
3.966666666666666674e-01
1.000000000000000021e-02
4.066666666666666763e-01
9.199999999999999289e-01
4.999999999999999584e-02
2.033333333333333381e-01
9.333333333333332371e-01
4.199999999999999845e-01
8.666666666666666963e-02
1.333333333333333315e-01
1.766666666666666663e-01
5.999999999999999778e-02
8.699999999999999956e-01
4.666666666666666879e-02
1.440000000000000169e+00
8.000000000000000167e-02
7.066666666666666652e-01
2.366666666666666641e-01
9.333333333333333759e-02
1.563333333333333464e+00
4.666666666666666879e-02
4.966666666666666452e-01
3.600000000000000422e-01
3.766666666666667052e-01
3.803333333333333233e+00
