1.313333333333333464e+00
4.366666666666667029e-01
2.166666666666666741e-01
8.333333333333332871e-02
2.500000000000000000e-01
1.999999999999999833e-01
1.666666666666666644e-02
2.933333333333333348e-01
2.099999999999999922e-01
2.133333333333333470e-01
4.666666666666666879e-02
1.033333333333333326e-01
1.513333333333333419e+00
1.000000000000000194e-01
8.000000000000000167e-02
1.306666666666666643e+00
2.633333333333333637e-01
1.033333333333333326e-01
3.000000000000000236e-02
1.766666666666666663e-01
1.690000000000000169e+00
1.073333333333333472e+00
2.999999999999999889e-02
5.999999999999999778e-02
1.023333333333333428e+00
1.033333333333333326e-01
1.600000000000000033e-01
1.633333333333333304e-01
1.666666666666666644e-02
2.299999999999999822e-01
8.699999999999999956e-01
3.866666666666667140e-01
2.466666666666666730e-01
2.866666666666666807e-01
2.666666666666666630e-01
4.733333333333333282e-01
3.633333333333332860e-01
2.240000000000000213e+00
