1.949999999999999956e+00
9.666666666666667851e-02
1.233333333333333365e-01
8.866666666666667140e-01
2.000000000000000042e-02
0.000000000000000000e+00
5.066666666666667096e-01
5.999999999999999778e-02
3.800000000000000600e-01
1.276666666666666616e+00
9.366666666666666474e-01
3.200000000000000067e-01
8.666666666666666963e-02
1.333333333333333315e-01
4.666666666666666879e-02
8.466666666666666785e-01
3.333333333333333287e-02
1.566666666666666485e-01
1.000000000000000021e-02
5.666666666666667074e-02
4.933333333333333459e-01
1.133333333333333415e-01
3.699999999999999400e-01
1.000000000000000021e-02
1.966666666666666841e-01
3.699999999999999400e-01
2.933333333333333903e-01
1.400000000000000133e-01
2.199999999999999734e-01
5.699999999999999512e-01
1.666666666666666644e-02
1.353333333333333499e+00
1.040000000000000036e+00
1.566666666666666485e-01
1.166666666666666546e-01
3.333333333333333287e-02
5.666666666666667074e-02
2.666666666666666838e-02
1.366666666666666863e-01
6.666666666666666574e-02
2.333333333333333648e-01
4.133333333333333304e-01
5.333333333333334370e-02
0.000000000000000000e+00
7.666666666666666075e-02
4.000000000000000083e-02
1.183333333333333348e+00
3.000000000000000444e-01
8.833333333333333037e-01
1.899999999999999745e-01
5.566666666666666430e-01
0.000000000000000000e+00
9.366666666666666474e-01
8.066666666666666430e-01
3.333333333333333287e-02
0.000000000000000000e+00
4.000000000000000083e-02
1.433333333333333404e-01
6.133333333333332860e-01
1.703333333333333144e+00
9.233333333333333393e-01
1.266666666666666774e-01
4.000000000000000083e-02
2.700000000000000178e-01
1.936666666666666758e+00
2.266666666666667052e+00
1.116666666666666696e+00
