6.133333333333333970e-01
2.366666666666666641e-01
1.233333333333333365e-01
4.033333333333333215e-01
2.339999999999999858e+00
1.666666666666666574e-01
1.433333333333333404e-01
1.310000000000000053e+00
1.209999999999999964e+00
1.533333333333333492e-01
2.133333333333333470e-01
2.366666666666666641e-01
2.866666666666666807e-01
4.366666666666667029e-01
2.866666666666666807e-01
6.766666666666666385e-01
1.099999999999999867e-01
9.300000000000000488e-01
5.566666666666666430e-01
2.666666666666666838e-02
5.999999999999999778e-02
0.000000000000000000e+00
1.199999999999999956e-01
9.666666666666667851e-02
1.076666666666666883e+00
1.399999999999999856e-01
3.499999999999999223e-01
3.333333333333333148e-01
4.333333333333333481e-01
7.133333333333333748e-01
3.166666666666666519e-01
6.433333333333334236e-01
2.766666666666666718e-01
4.666666666666666879e-02
8.366666666666665586e-01
2.183333333333333126e+00
4.899999999999999911e-01
2.666666666666666630e-01
4.666666666666666879e-02
8.799999999999998934e-01
1.253333333333333188e+00
1.799999999999999656e-01
1.000000000000000021e-02
1.966666666666666563e-01
7.000000000000000666e-02
1.696666666666666545e+00
5.333333333333333259e-01
8.599999999999999867e-01
1.833333333333333481e-01
1.966666666666666563e-01
1.156666666666666732e+00
1.566666666666666485e-01
1.833333333333333481e-01
3.066666666666666985e-01
2.333333333333333440e-02
1.543333333333333668e+00
1.266666666666666774e-01
0.000000000000000000e+00
0.000000000000000000e+00
1.933333333333333570e-01
0.000000000000000000e+00
2.966666666666666341e-01
3.300000000000000155e-01
3.833333333333333037e-01
1.433333333333333404e-01
7.666666666666666075e-02
2.500000000000000000e-01
9.333333333333333759e-02
6.666666666666667095e-03
5.933333333333333792e-01
1.236666666666666581e+00
8.000000000000000167e-02
3.433333333333333237e-01
1.216666666666666785e+00
1.323333333333333472e+00
6.999999999999999278e-02
3.133333333333332971e-01
2.866666666666666807e-01
1.396666666666666723e+00
1.000000000000000194e-01
3.800000000000000600e-01
4.733333333333333282e-01
9.000000000000000222e-01
3.899999999999999578e-01
4.666666666666666879e-02
2.233333333333333004e-01
9.666666666666666463e-02
1.266666666666666829e+00
8.333333333333332871e-02
1.233333333333333365e-01
8.300000000000000711e-01
1.303333333333333455e+00
2.616666666666666696e+00
1.006666666666666599e+00
7.566666666666667096e-01
1.599999999999999867e+00
8.066666666666666430e-01
3.233333333333333059e-01
2.633333333333333637e-01
3.400000000000000244e-01
7.233333333333332726e-01
2.460000000000000409e+00
2.919999999999999929e+00
2.023333333333333428e+00
2.220000000000000195e+00
2.226666666666667016e+00
1.653333333333333321e+00
3.766666666666666496e-01
3.166666666666666519e-01
1.366666666666666863e-01
9.666666666666667851e-02
9.000000000000001055e-02
1.099999999999999867e-01
1.999999999999999833e-01
3.266666666666666607e-01
3.333333333333333148e-01
5.933333333333333792e-01
1.733333333333333393e-01
9.666666666666667851e-02
5.333333333333333676e-02
2.266666666666666552e-01
8.000000000000000167e-02
1.333333333333333419e-02
1.233333333333333365e-01
6.666666666666666574e-02
1.280000000000000027e+00
1.709999999999999964e+00
