1.196666666666666545e+00
2.333333333333333093e-01
3.566666666666666319e-01
8.933333333333334236e-01
4.866666666666666363e-01
6.666666666666667095e-03
8.266666666666666607e-01
9.000000000000001055e-02
0.000000000000000000e+00
1.066666666666666735e-01
1.396666666666666501e+00
4.366666666666667029e-01
1.866666666666666474e-01
4.999999999999999584e-02
2.300000000000000100e-01
0.000000000000000000e+00
7.000000000000000666e-02
0.000000000000000000e+00
1.000000000000000021e-02
7.666666666666667462e-02
4.500000000000000111e-01
2.333333333333333093e-01
4.733333333333333282e-01
1.656666666666666954e+00
1.153333333333333321e+00
1.266666666666666774e-01
4.333333333333333481e-02
1.053333333333333233e+00
8.666666666666666963e-02
1.733333333333333393e-01
8.000000000000000167e-02
1.199999999999999956e-01
8.000000000000000167e-02
1.333333333333333419e-02
1.266666666666666774e-01
1.633333333333333304e-01
2.999999999999999889e-02
2.166666666666666741e-01
1.866666666666666474e-01
1.933333333333333293e-01
3.066666666666666430e-01
3.666666666666666963e-01
1.033333333333333465e-01
7.133333333333333748e-01
0.000000000000000000e+00
1.000000000000000021e-02
0.000000000000000000e+00
4.000000000000000083e-02
1.333333333333333419e-02
2.166666666666666741e-01
2.033333333333333381e-01
4.099999999999999756e-01
7.466666666666667007e-01
1.293333333333333224e+00
1.666666666666666644e-02
5.233333333333333171e-01
1.919999999999999929e+00
2.266666666666666552e-01
7.333333333333333370e-02
7.933333333333333348e-01
2.133333333333333470e-01
2.433333333333333737e-01
3.799999999999999489e-01
1.133333333333333276e-01
1.333333333333333419e-02
3.800000000000000600e-01
1.000000000000000021e-02
5.333333333333333676e-02
0.000000000000000000e+00
1.333333333333333419e-02
0.000000000000000000e+00
1.933333333333333570e-01
7.666666666666667185e-01
1.666666666666666644e-02
4.266666666666666941e-01
0.000000000000000000e+00
1.563333333333333464e+00
4.433333333333333570e-01
1.700000000000000122e-01
4.666666666666666186e-01
1.499999999999999944e-01
0.000000000000000000e+00
4.333333333333333481e-02
1.000000000000000021e-02
0.000000000000000000e+00
7.633333333333333082e-01
0.000000000000000000e+00
3.333333333333333287e-02
0.000000000000000000e+00
5.100000000000000089e-01
1.000000000000000021e-02
1.276666666666666616e+00
3.066666666666666985e-01
1.499999999999999944e-01
1.100000000000000006e-01
2.833333333333333814e-01
1.033333333333333326e-01
6.666666666666666574e-02
4.000000000000000777e-01
1.400000000000000133e-01
1.173333333333333117e+00
3.133333333333333526e-01
0.000000000000000000e+00
1.360000000000000098e+00
1.173333333333333339e+00
1.073333333333333472e+00
1.300000000000000044e-01
2.199999999999999734e-01
5.433333333333333348e-01
2.666666666666666838e-02
6.833333333333332371e-01
0.000000000000000000e+00
0.000000000000000000e+00
0.000000000000000000e+00
6.666666666666666574e-02
6.666666666666667095e-03
9.666666666666666463e-02
3.666666666666667379e-02
1.300000000000000044e-01
1.450000000000000178e+00
1.300000000000000044e-01
1.206666666666666776e+00
5.899999999999999689e-01
2.766666666666666718e-01
1.576666666666666883e+00
8.733333333333334059e-01
1.266666666666666774e-01
2.833333333333333259e-01
9.599999999999999645e-01
2.833333333333333259e-01
0.000000000000000000e+00
3.266666666666667163e-01
1.533333333333333215e-01
0.000000000000000000e+00
7.666666666666667462e-02
1.733333333333333393e+00
4.033333333333333215e-01
8.666666666666666963e-02
0.000000000000000000e+00
7.666666666666667462e-02
2.333333333333333093e-02
8.000000000000000167e-02
0.000000000000000000e+00
0.000000000000000000e+00
6.666666666666667095e-03
3.366666666666666696e-01
2.533333333333333548e-01
4.166666666666666852e-01
2.013333333333333197e+00
1.913333333333333330e+00
5.666666666666666519e-01
7.000000000000000666e-02
5.366666666666666252e-01
9.333333333333333759e-02
1.000000000000000021e-02
1.199999999999999956e-01
4.333333333333333481e-02
1.066666666666666735e-01
0.000000000000000000e+00
2.066666666666666652e-01
2.600000000000000089e-01
1.566666666666666763e-01
2.933333333333333903e-01
2.733333333333333726e-01
1.166666666666666824e-01
2.833333333333333259e-01
3.033333333333332882e-01
1.300000000000000044e-01
5.200000000000000178e-01
2.999999999999999889e-02
3.333333333333333547e-03
0.000000000000000000e+00
0.000000000000000000e+00
0.000000000000000000e+00
7.666666666666667462e-02
1.833333333333333481e-01
2.099999999999999922e-01
6.733333333333333393e-01
8.266666666666666607e-01
0.000000000000000000e+00
3.200000000000000067e-01
7.033333333333332549e-01
2.399999999999999911e-01
1.466666666666666952e-01
9.599999999999999645e-01
2.166666666666666741e-01
1.066666666666666458e-01
3.633333333333332860e-01
8.333333333333332871e-02
2.666666666666666838e-02
1.733333333333333393e-01
5.666666666666666380e-02
4.666666666666666879e-02
7.000000000000000666e-02
6.666666666666667095e-03
2.666666666666666838e-02
5.300000000000000266e-01
1.313333333333333464e+00
5.666666666666666380e-02
2.453333333333333588e+00
8.333333333333332871e-02
1.370000000000000107e+00
3.466666666666666785e-01
1.966666666666666841e-01
6.066666666666666874e-01
5.466666666666667451e-01
1.000000000000000021e-02
3.333333333333333547e-03
1.666666666666666644e-02
0.000000000000000000e+00
1.040000000000000036e+00
0.000000000000000000e+00
9.999999999999999167e-02
1.000000000000000021e-02
5.000000000000000000e-01
5.333333333333333676e-02
9.799999999999999822e-01
1.066666666666666735e-01
1.666666666666666574e-01
9.999999999999999167e-02
3.733333333333333504e-01
9.333333333333333759e-02
4.000000000000000083e-02
2.766666666666666718e-01
9.333333333333333759e-02
4.699999999999999734e-01
1.199999999999999956e-01
0.000000000000000000e+00
3.200000000000000067e-01
1.463333333333333597e+00
7.266666666666666829e-01
2.133333333333333470e-01
1.100000000000000006e-01
1.700000000000000122e-01
2.000000000000000042e-02
4.500000000000000111e-01
0.000000000000000000e+00
0.000000000000000000e+00
0.000000000000000000e+00
1.866666666666666474e-01
6.333333333333333870e-02
1.333333333333333315e-01
4.666666666666666879e-02
2.900000000000000355e-01
1.843333333333333490e+00
1.633333333333333304e-01
7.033333333333332549e-01
4.033333333333333215e-01
9.666666666666667851e-02
1.440000000000000169e+00
