8.533333333333333881e-01
1.933333333333333293e-01
7.033333333333332549e-01
4.366666666666667029e-01
4.700000000000000289e-01
2.633333333333333637e-01
1.633333333333333304e-01
9.066666666666666208e-01
3.966666666666666674e-01
8.666666666666666963e-02
1.133333333333333276e-01
4.066666666666666763e-01
7.599999999999998979e-01
3.333333333333333287e-02
1.000000000000000194e-01
4.233333333333333393e-01
3.666666666666666685e-02
1.383333333333333526e+00
6.333333333333333870e-02
7.000000000000000666e-02
2.666666666666666838e-02
8.433333333333332682e-01
8.399999999999999689e-01
8.666666666666666963e-02
2.133333333333333470e-01
2.233333333333333559e-01
2.999999999999999889e-02
2.633333333333333637e-01
0.000000000000000000e+00
3.899999999999999578e-01
0.000000000000000000e+00
2.333333333333333440e-02
1.000000000000000021e-02
2.933333333333333903e-01
6.666666666666666574e-02
7.733333333333333171e-01
0.000000000000000000e+00
4.166666666666666852e-01
6.999999999999999278e-02
4.333333333333333481e-02
3.333333333333333287e-02
1.333333333333333419e-02
2.666666666666666838e-02
9.000000000000001055e-02
8.333333333333332871e-02
1.133333333333333276e-01
4.333333333333333481e-02
3.800000000000000600e-01
9.999999999999999167e-02
2.333333333333333093e-02
6.099999999999999867e-01
1.633333333333333304e-01
1.333333333333333419e-02
1.333333333333333419e-02
8.233333333333332504e-01
1.066666666666666735e-01
1.000000000000000021e-02
0.000000000000000000e+00
1.199999999999999956e-01
3.333333333333333287e-02
0.000000000000000000e+00
0.000000000000000000e+00
6.066666666666665764e-01
1.600000000000000033e-01
8.000000000000000167e-02
0.000000000000000000e+00
5.000000000000000971e-02
1.400000000000000133e-01
8.333333333333333703e-01
9.333333333333332371e-02
1.300000000000000044e-01
1.199999999999999956e-01
3.999999999999999667e-01
4.000000000000000083e-02
1.666666666666666574e-01
5.666666666666667629e-01
5.300000000000000266e-01
1.113333333333333508e+00
1.433333333333333348e+00
9.666666666666666741e-01
2.666666666666666838e-02
6.666666666666667095e-03
3.866666666666667140e-01
2.399999999999999911e-01
3.333333333333333547e-03
2.766666666666666718e-01
3.533333333333333326e-01
1.400000000000000133e-01
6.666666666666667095e-03
4.099999999999999756e-01
4.733333333333333282e-01
1.666666666666666644e-02
1.133333333333333276e-01
1.893333333333333313e+00
2.133333333333332915e-01
9.999999999999999167e-02
1.000000000000000021e-02
8.333333333333332871e-02
1.356666666666666687e+00
1.600000000000000033e-01
9.133333333333334414e-01
1.083333333333333259e+00
5.333333333333333676e-02
2.800000000000000266e-01
9.000000000000001055e-02
9.366666666666666474e-01
1.426666666666666750e+00
2.633333333333333637e-01
1.346666666666666679e+00
1.066666666666666735e-01
1.933333333333333293e-01
2.633333333333333637e-01
1.316666666666666652e+00
