1.453333333333333366e+00
9.633333333333332638e-01
2.699999999999999623e-01
3.666666666666666685e-02
2.999999999999999889e-02
4.700000000000000289e-01
9.000000000000000222e-01
1.533333333333333215e-01
3.166666666666666519e-01
7.299999999999999822e-01
4.000000000000000083e-02
0.000000000000000000e+00
4.133333333333333304e-01
1.333333333333333315e-01
0.000000000000000000e+00
0.000000000000000000e+00
1.300000000000000044e-01
2.299999999999999822e-01
2.000000000000000000e+00
1.239999999999999991e+00
3.133333333333332971e-01
2.266666666666666829e-01
2.033333333333333381e-01
6.666666666666667095e-03
4.333333333333333481e-02
7.933333333333333348e-01
9.333333333333333759e-02
0.000000000000000000e+00
1.433333333333333404e-01
3.099999999999999978e-01
2.333333333333333440e-02
6.666666666666666574e-02
1.733333333333333393e-01
0.000000000000000000e+00
0.000000000000000000e+00
1.133333333333333276e-01
1.496666666666666812e+00
5.133333333333333082e-01
0.000000000000000000e+00
1.000000000000000021e-02
3.533333333333333326e-01
2.099999999999999922e-01
0.000000000000000000e+00
4.666666666666666879e-02
4.033333333333333215e-01
9.333333333333333759e-02
6.666666666666667095e-03
8.333333333333332871e-02
7.533333333333332993e-01
5.666666666666666380e-02
3.066666666666666430e-01
1.433333333333333404e-01
1.126666666666666705e+00
1.983333333333333171e+00
4.833333333333333370e-01
1.933333333333333293e-01
1.566666666666666485e-01
5.333333333333333676e-02
1.000000000000000021e-02
4.099999999999999756e-01
3.899999999999999578e-01
0.000000000000000000e+00
0.000000000000000000e+00
1.333333333333333419e-02
1.000000000000000021e-02
0.000000000000000000e+00
6.666666666666667095e-03
0.000000000000000000e+00
0.000000000000000000e+00
2.999999999999999889e-01
9.333333333333333759e-02
0.000000000000000000e+00
5.333333333333333676e-02
6.899999999999999467e-01
3.666666666666667379e-02
0.000000000000000000e+00
1.126666666666666705e+00
1.633333333333333304e-01
1.133333333333333276e-01
1.106666666666666687e+00
8.666666666666666963e-02
7.333333333333333925e-01
1.033333333333333326e-01
1.223333333333333384e+00
1.199999999999999956e-01
0.000000000000000000e+00
0.000000000000000000e+00
7.466666666666667007e-01
1.133333333333333276e-01
0.000000000000000000e+00
3.333333333333333547e-03
2.133333333333333470e-01
7.733333333333333171e-01
1.333333333333333419e-02
7.066666666666666652e-01
3.499999999999999223e-01
1.233333333333333365e-01
1.253333333333333188e+00
7.133333333333333748e-01
3.833333333333333037e-01
4.333333333333333481e-01
2.399999999999999911e-01
4.899999999999999911e-01
1.300000000000000044e-01
0.000000000000000000e+00
3.033333333333332882e-01
1.076666666666666883e+00
4.199999999999999289e-01
4.000000000000000083e-02
5.200000000000000178e-01
1.033333333333333326e-01
8.000000000000000167e-02
3.933333333333333126e-01
1.520000000000000240e+00
8.366666666666665586e-01
1.666666666666666644e-02
1.550000000000000044e+00
2.999999999999999889e-02
7.099999999999999645e-01
0.000000000000000000e+00
1.233333333333333393e+00
9.666666666666667851e-02
1.136666666666666714e+00
7.566666666666667096e-01
9.033333333333333215e-01
7.000000000000000666e-01
1.733333333333333393e-01
6.066666666666666874e-01
4.166666666666666075e+00
