1.076666666666666883e+00
1.833333333333333204e-01
4.733333333333333282e-01
1.433333333333333404e-01
9.666666666666666463e-02
1.733333333333333393e-01
1.000000000000000021e-02
2.700000000000000178e-01
1.000000000000000021e-02
1.833333333333333481e-01
3.666666666666666685e-02
1.033333333333333326e-01
1.266666666666666774e-01
8.333333333333332871e-02
4.000000000000000083e-02
3.300000000000000155e-01
1.900000000000000300e-01
4.366666666666667029e-01
1.199999999999999956e-01
6.333333333333333870e-02
4.199999999999999845e-01
4.666666666666666879e-02
1.300000000000000044e-01
1.000000000000000021e-02
1.099999999999999867e-01
2.000000000000000042e-02
6.666666666666666574e-02
9.666666666666666463e-02
1.426666666666666750e+00
1.333333333333333315e-01
4.233333333333333393e-01
2.000000000000000042e-02
3.633333333333333415e-01
4.333333333333333481e-02
9.599999999999999645e-01
8.599999999999999867e-01
1.433333333333333404e-01
1.086666666666666670e+00
7.600000000000001199e-01
2.159999999999999698e+00
1.133333333333333304e+00
5.666666666666666380e-02
1.533333333333333492e-01
1.333333333333333419e-02
2.333333333333333093e-02
2.000000000000000042e-02
9.000000000000001055e-02
6.266666666666665941e-01
9.333333333333333759e-02
4.666666666666666186e-01
3.666666666666666685e-02
1.666666666666666574e-01
8.000000000000000167e-02
1.433333333333333126e-01
3.733333333333333504e-01
5.033333333333332993e-01
7.533333333333332993e-01
1.136666666666666714e+00
7.766666666666667274e-01
5.333333333333333676e-02
2.199999999999999734e-01
6.666666666666667095e-03
2.299999999999999822e-01
2.666666666666666838e-02
9.666666666666667851e-02
3.333333333333333547e-03
4.799999999999999822e-01
1.466666666666666674e-01
1.639999999999999902e+00
1.600000000000000033e-01
2.799999999999999711e-01
1.333333333333333419e-02
6.333333333333333870e-02
1.000000000000000021e-02
6.300000000000000044e-01
1.366666666666666585e-01
1.733333333333333393e-01
8.499999999999999778e-01
7.666666666666666075e-01
1.823333333333333250e+00
1.243333333333333401e+00
1.266666666666666774e-01
3.366666666666666696e-01
6.333333333333333870e-02
2.666666666666666838e-02
1.166666666666666824e-01
0.000000000000000000e+00
6.666666666666667095e-03
3.333333333333333547e-03
1.000000000000000021e-02
2.333333333333333440e-02
3.666666666666667379e-02
9.666666666666667851e-02
2.299999999999999822e-01
4.999999999999999584e-02
5.666666666666666380e-02
0.000000000000000000e+00
4.000000000000000083e-02
0.000000000000000000e+00
1.666666666666666644e-02
2.733333333333333726e-01
0.000000000000000000e+00
1.000000000000000021e-02
0.000000000000000000e+00
0.000000000000000000e+00
1.000000000000000021e-02
0.000000000000000000e+00
1.333333333333333419e-02
1.323333333333333250e+00
0.000000000000000000e+00
1.100000000000000006e-01
0.000000000000000000e+00
1.666666666666666644e-02
5.666666666666667074e-02
1.013333333333333419e+00
2.633333333333333637e-01
7.666666666666667462e-02
1.600000000000000033e-01
2.833333333333333814e-01
1.576666666666666883e+00
7.733333333333334281e-01
5.000000000000000971e-02
1.066666666666666735e-01
0.000000000000000000e+00
6.666666666666666574e-02
3.333333333333333547e-03
2.666666666666666838e-02
6.333333333333333870e-02
1.400000000000000133e-01
1.499999999999999944e-01
0.000000000000000000e+00
3.333333333333333287e-02
0.000000000000000000e+00
6.333333333333332482e-02
2.766666666666666718e-01
1.300000000000000044e-01
2.833333333333333259e-01
3.733333333333333504e-01
4.333333333333333481e-02
1.333333333333333419e-02
6.666666666666667095e-03
0.000000000000000000e+00
5.333333333333333676e-02
0.000000000000000000e+00
3.666666666666666685e-02
0.000000000000000000e+00
2.900000000000000355e-01
0.000000000000000000e+00
1.393333333333333313e+00
0.000000000000000000e+00
8.666666666666666963e-02
0.000000000000000000e+00
5.000000000000000971e-02
0.000000000000000000e+00
7.333333333333333370e-02
3.666666666666666685e-02
8.000000000000000167e-02
1.766666666666666663e-01
1.666666666666666574e-01
1.869999999999999885e+00
5.366666666666667362e-01
9.333333333333333759e-02
6.333333333333333870e-02
8.666666666666666963e-02
0.000000000000000000e+00
1.166666666666666546e-01
0.000000000000000000e+00
0.000000000000000000e+00
0.000000000000000000e+00
0.000000000000000000e+00
1.333333333333333419e-02
9.999999999999999167e-02
3.566666666666666319e-01
2.999999999999999889e-01
1.433333333333333404e-01
7.000000000000000666e-02
0.000000000000000000e+00
1.666666666666666644e-02
0.000000000000000000e+00
2.666666666666666838e-02
1.633333333333333304e-01
1.499999999999999944e-01
9.333333333333333759e-02
0.000000000000000000e+00
0.000000000000000000e+00
1.000000000000000021e-02
4.000000000000000083e-02
1.333333333333333419e-02
8.233333333333333615e-01
0.000000000000000000e+00
2.700000000000000178e-01
1.000000000000000021e-02
2.666666666666666838e-02
1.099999999999999867e-01
7.233333333333332726e-01
3.733333333333333504e-01
1.566666666666666763e-01
1.166666666666666546e-01
6.533333333333333215e-01
1.219999999999999973e+00
9.300000000000000488e-01
1.666666666666666644e-02
1.066666666666666735e-01
2.666666666666666838e-02
1.000000000000000194e-01
4.333333333333333481e-02
3.333333333333333547e-03
6.666666666666667095e-03
4.666666666666666879e-02
1.333333333333333315e-01
4.000000000000000083e-02
0.000000000000000000e+00
0.000000000000000000e+00
0.000000000000000000e+00
3.633333333333332860e-01
2.999999999999999889e-02
8.666666666666666963e-02
3.766666666666667052e-01
1.000000000000000021e-02
7.333333333333331983e-02
6.333333333333333870e-02
0.000000000000000000e+00
3.333333333333333287e-02
0.000000000000000000e+00
4.000000000000000083e-02
0.000000000000000000e+00
1.999999999999999833e-01
0.000000000000000000e+00
1.520000000000000240e+00
0.000000000000000000e+00
2.466666666666666730e-01
0.000000000000000000e+00
2.000000000000000042e-02
0.000000000000000000e+00
3.666666666666666685e-02
7.333333333333333370e-02
5.999999999999999778e-02
7.000000000000000666e-02
7.000000000000000666e-02
2.799999999999999711e-01
5.566666666666667540e-01
1.700000000000000122e-01
1.133333333333333276e-01
1.333333333333333315e-01
3.333333333333333287e-02
2.566666666666666541e-01
0.000000000000000000e+00
0.000000000000000000e+00
0.000000000000000000e+00
0.000000000000000000e+00
4.333333333333333481e-02
4.000000000000000083e-02
3.799999999999999489e-01
7.333333333333333370e-02
2.999999999999999889e-02
2.666666666666666838e-02
0.000000000000000000e+00
1.000000000000000021e-02
0.000000000000000000e+00
4.000000000000000083e-02
1.333333333333333315e-01
2.999999999999999889e-01
1.233333333333333365e-01
0.000000000000000000e+00
0.000000000000000000e+00
1.000000000000000021e-02
4.333333333333333481e-02
3.333333333333333547e-03
1.546666666666666856e+00
5.000000000000000971e-02
5.766666666666666607e-01
1.000000000000000021e-02
3.333333333333333547e-03
2.333333333333333440e-02
7.833333333333332149e-01
2.533333333333333548e-01
1.666666666666666574e-01
3.500000000000000333e-01
4.299999999999999933e-01
9.199999999999999289e-01
1.110000000000000098e+00
2.000000000000000042e-02
1.066666666666666735e-01
0.000000000000000000e+00
1.000000000000000021e-02
3.333333333333333547e-03
1.333333333333333419e-02
2.333333333333333440e-02
4.333333333333333481e-02
3.333333333333333547e-03
4.000000000000000083e-02
0.000000000000000000e+00
0.000000000000000000e+00
1.333333333333333419e-02
3.366666666666666141e-01
9.333333333333333759e-02
3.666666666666666963e-01
5.266666666666667274e-01
1.233333333333333365e-01
1.333333333333333419e-02
2.566666666666666541e-01
0.000000000000000000e+00
1.333333333333333419e-02
0.000000000000000000e+00
1.100000000000000006e-01
2.000000000000000042e-02
6.766666666666666385e-01
1.000000000000000021e-02
1.066666666666666652e+00
0.000000000000000000e+00
4.533333333333333104e-01
0.000000000000000000e+00
1.000000000000000021e-02
0.000000000000000000e+00
2.666666666666666838e-02
4.333333333333333481e-02
7.333333333333334758e-02
8.000000000000000167e-02
2.333333333333333440e-02
7.799999999999999156e-01
5.133333333333333082e-01
2.133333333333333470e-01
9.000000000000001055e-02
1.199999999999999956e-01
2.999999999999999889e-02
3.433333333333332682e-01
3.333333333333333547e-03
0.000000000000000000e+00
0.000000000000000000e+00
0.000000000000000000e+00
1.100000000000000006e-01
0.000000000000000000e+00
2.533333333333333548e-01
1.333333333333333419e-02
0.000000000000000000e+00
0.000000000000000000e+00
3.333333333333333547e-03
1.000000000000000021e-02
6.666666666666667095e-03
8.666666666666666963e-02
2.099999999999999922e-01
1.633333333333333304e-01
6.666666666666667095e-03
0.000000000000000000e+00
1.000000000000000021e-02
0.000000000000000000e+00
0.000000000000000000e+00
1.333333333333333419e-02
9.233333333333333393e-01
0.000000000000000000e+00
1.666666666666666644e-02
2.999999999999999889e-02
2.666666666666666838e-02
6.333333333333333870e-02
5.466666666666667451e-01
3.266666666666666607e-01
2.033333333333333381e-01
5.166666666666667185e-01
5.400000000000000355e-01
2.863333333333333286e+00
1.083333333333333259e+00
1.666666666666666644e-02
7.666666666666666075e-02
0.000000000000000000e+00
0.000000000000000000e+00
4.000000000000000083e-02
2.000000000000000042e-02
8.000000000000000167e-02
1.000000000000000194e-01
6.666666666666666574e-02
0.000000000000000000e+00
8.666666666666666963e-02
0.000000000000000000e+00
1.333333333333333315e-01
6.233333333333332948e-01
2.099999999999999645e-01
7.000000000000000666e-01
6.633333333333332194e-01
1.400000000000000133e-01
1.099999999999999867e-01
1.433333333333333404e-01
0.000000000000000000e+00
1.666666666666666644e-02
0.000000000000000000e+00
1.766666666666666663e-01
0.000000000000000000e+00
4.500000000000000111e-01
1.000000000000000021e-02
1.156666666666666510e+00
1.000000000000000021e-02
2.299999999999999822e-01
4.000000000000000083e-02
1.033333333333333326e-01
3.333333333333333547e-03
1.133333333333333276e-01
2.999999999999999889e-02
4.666666666666666879e-02
1.833333333333333481e-01
2.600000000000000089e-01
1.546666666666666634e+00
5.433333333333333348e-01
8.666666666666666963e-02
9.333333333333333759e-02
1.566666666666666763e-01
1.133333333333333276e-01
4.366666666666667029e-01
6.666666666666667095e-03
1.333333333333333419e-02
0.000000000000000000e+00
0.000000000000000000e+00
6.666666666666666574e-02
0.000000000000000000e+00
1.199999999999999956e-01
6.333333333333332482e-02
0.000000000000000000e+00
1.000000000000000021e-02
5.666666666666666380e-02
1.333333333333333315e-01
2.466666666666666730e-01
2.666666666666666838e-02
4.933333333333333459e-01
6.666666666666666574e-02
2.333333333333333440e-02
0.000000000000000000e+00
3.666666666666666685e-02
0.000000000000000000e+00
0.000000000000000000e+00
3.333333333333333287e-02
4.199999999999999845e-01
0.000000000000000000e+00
2.666666666666666838e-02
5.000000000000000971e-02
0.000000000000000000e+00
3.666666666666667379e-02
9.433333333333333570e-01
2.866666666666666807e-01
1.966666666666666841e-01
4.966666666666666452e-01
4.433333333333333570e-01
1.496666666666666812e+00
1.000000000000000000e+00
3.333333333333333547e-03
2.000000000000000042e-02
0.000000000000000000e+00
0.000000000000000000e+00
1.333333333333333419e-02
6.333333333333333870e-02
1.400000000000000133e-01
2.766666666666666718e-01
0.000000000000000000e+00
0.000000000000000000e+00
1.333333333333333315e-01
0.000000000000000000e+00
8.000000000000000167e-02
6.666666666666666297e-01
1.633333333333333304e-01
1.233333333333333171e+00
8.233333333333333615e-01
2.999999999999999889e-02
2.333333333333333440e-02
2.666666666666666838e-02
0.000000000000000000e+00
1.333333333333333419e-02
0.000000000000000000e+00
9.999999999999999167e-02
3.333333333333333287e-02
4.066666666666666763e-01
6.666666666666667095e-03
7.733333333333333171e-01
0.000000000000000000e+00
1.366666666666666863e-01
2.333333333333333440e-02
5.666666666666667074e-02
0.000000000000000000e+00
2.000000000000000389e-01
1.700000000000000122e-01
2.666666666666666838e-02
2.566666666666666541e-01
2.133333333333333470e-01
2.009999999999999787e+00
2.800000000000000266e-01
8.000000000000000167e-02
8.666666666666666963e-02
1.266666666666666774e-01
6.000000000000000472e-02
2.399999999999999911e-01
0.000000000000000000e+00
0.000000000000000000e+00
0.000000000000000000e+00
0.000000000000000000e+00
3.333333333333333287e-02
0.000000000000000000e+00
3.566666666666666874e-01
2.666666666666666838e-02
0.000000000000000000e+00
1.666666666666666644e-02
4.000000000000000083e-02
1.766666666666666663e-01
1.233333333333333504e-01
4.000000000000000083e-02
4.099999999999999756e-01
5.666666666666667074e-02
4.000000000000000083e-02
0.000000000000000000e+00
5.666666666666667074e-02
0.000000000000000000e+00
0.000000000000000000e+00
2.000000000000000042e-02
1.103333333333333499e+00
0.000000000000000000e+00
2.633333333333333637e-01
2.666666666666666838e-02
5.666666666666666380e-02
9.999999999999999167e-02
7.266666666666666829e-01
1.633333333333333304e-01
1.300000000000000044e-01
3.533333333333333326e-01
2.866666666666666252e-01
1.116666666666666696e+00
9.866666666666666918e-01
1.000000000000000021e-02
1.666666666666666644e-02
0.000000000000000000e+00
6.666666666666667095e-03
0.000000000000000000e+00
3.333333333333333547e-03
1.466666666666666397e-01
4.333333333333333481e-02
2.000000000000000042e-02
0.000000000000000000e+00
9.333333333333332371e-02
0.000000000000000000e+00
2.999999999999999889e-02
6.133333333333332860e-01
3.333333333333333287e-02
1.263333333333333419e+00
5.200000000000000178e-01
1.433333333333333404e-01
1.433333333333333404e-01
5.333333333333333676e-02
0.000000000000000000e+00
2.333333333333333440e-02
0.000000000000000000e+00
1.900000000000000300e-01
2.000000000000000042e-02
5.333333333333333259e-01
1.266666666666666774e-01
8.033333333333333437e-01
3.333333333333333547e-03
2.433333333333333182e-01
0.000000000000000000e+00
6.666666666666667095e-03
1.333333333333333419e-02
1.766666666666666663e-01
1.633333333333333304e-01
5.000000000000000971e-02
1.600000000000000033e-01
3.000000000000000236e-02
1.716666666666666563e+00
8.333333333333333703e-01
1.199999999999999956e-01
1.866666666666666474e-01
9.999999999999999167e-02
2.333333333333333440e-02
1.000000000000000194e-01
0.000000000000000000e+00
0.000000000000000000e+00
0.000000000000000000e+00
0.000000000000000000e+00
9.000000000000001055e-02
1.666666666666666644e-02
1.566666666666666763e-01
2.666666666666666838e-02
0.000000000000000000e+00
6.666666666666666574e-02
1.666666666666666644e-02
1.300000000000000044e-01
7.333333333333333370e-02
0.000000000000000000e+00
4.699999999999999734e-01
4.000000000000000083e-02
7.666666666666667462e-02
0.000000000000000000e+00
3.333333333333333287e-02
6.666666666666667095e-03
4.000000000000000083e-02
1.666666666666666644e-02
1.536666666666666847e+00
0.000000000000000000e+00
1.400000000000000133e-01
0.000000000000000000e+00
0.000000000000000000e+00
0.000000000000000000e+00
4.466666666666667118e-01
2.700000000000000178e-01
8.333333333333332871e-02
2.366666666666666641e-01
1.466666666666666397e-01
6.566666666666666208e-01
8.766666666666665941e-01
2.000000000000000042e-02
5.666666666666667074e-02
0.000000000000000000e+00
0.000000000000000000e+00
0.000000000000000000e+00
2.333333333333333440e-02
1.199999999999999956e-01
6.333333333333333870e-02
2.000000000000000042e-02
0.000000000000000000e+00
1.233333333333333365e-01
0.000000000000000000e+00
1.600000000000000033e-01
6.933333333333333570e-01
1.099999999999999867e-01
1.499999999999999944e-01
4.866666666666666363e-01
2.099999999999999922e-01
2.000000000000000042e-02
0.000000000000000000e+00
2.666666666666666838e-02
4.000000000000000083e-02
1.333333333333333419e-02
2.566666666666666541e-01
1.499999999999999944e-01
3.766666666666667052e-01
1.100000000000000006e-01
1.520000000000000240e+00
6.666666666666667095e-03
2.833333333333333814e-01
0.000000000000000000e+00
3.666666666666666685e-02
0.000000000000000000e+00
9.999999999999999167e-02
3.800000000000000600e-01
0.000000000000000000e+00
1.533333333333333215e-01
1.333333333333333315e-01
7.600000000000001199e-01
7.099999999999999645e-01
4.333333333333333481e-02
2.066666666666666929e-01
0.000000000000000000e+00
0.000000000000000000e+00
4.000000000000000083e-02
0.000000000000000000e+00
2.999999999999999889e-02
0.000000000000000000e+00
8.666666666666666963e-02
1.333333333333333419e-02
2.000000000000000042e-02
2.099999999999999922e-01
0.000000000000000000e+00
0.000000000000000000e+00
3.666666666666667379e-02
0.000000000000000000e+00
1.666666666666666574e-01
6.666666666666667095e-03
1.000000000000000194e-01
5.333333333333333259e-01
1.499999999999999944e-01
1.000000000000000021e-02
0.000000000000000000e+00
0.000000000000000000e+00
1.000000000000000021e-02
4.000000000000000083e-02
5.333333333333333676e-02
1.216666666666666785e+00
2.999999999999999889e-02
1.766666666666666663e-01
1.333333333333333419e-02
2.666666666666666838e-02
5.333333333333333676e-02
3.333333333333333148e-01
2.733333333333333726e-01
1.633333333333333304e-01
4.966666666666666452e-01
4.733333333333333282e-01
1.866666666666666474e+00
9.433333333333333570e-01
2.000000000000000042e-02
5.666666666666667074e-02
0.000000000000000000e+00
1.000000000000000021e-02
0.000000000000000000e+00
2.666666666666666838e-02
1.033333333333333326e-01
7.000000000000000666e-02
9.000000000000001055e-02
0.000000000000000000e+00
3.333333333333333287e-02
0.000000000000000000e+00
1.233333333333333365e-01
4.399999999999999467e-01
1.433333333333333404e-01
6.133333333333333970e-01
3.233333333333333059e-01
2.000000000000000042e-02
0.000000000000000000e+00
0.000000000000000000e+00
2.666666666666666838e-02
1.499999999999999944e-01
1.166666666666666546e-01
4.133333333333333304e-01
2.200000000000000011e-01
5.066666666666667096e-01
1.266666666666666774e-01
1.073333333333333250e+00
1.666666666666666644e-02
3.733333333333332948e-01
0.000000000000000000e+00
3.666666666666666685e-02
3.333333333333333547e-03
2.533333333333333548e-01
1.499999999999999944e-01
8.000000000000000167e-02
9.333333333333333759e-02
0.000000000000000000e+00
5.300000000000000266e-01
1.983333333333333393e+00
1.133333333333333276e-01
5.333333333333334370e-02
1.033333333333333326e-01
0.000000000000000000e+00
4.333333333333333481e-02
0.000000000000000000e+00
1.000000000000000021e-02
0.000000000000000000e+00
4.000000000000000083e-02
1.000000000000000021e-02
6.666666666666667095e-03
5.999999999999999778e-02
1.999999999999999833e-01
1.666666666666666644e-02
9.666666666666667851e-02
0.000000000000000000e+00
1.166666666666666546e-01
1.000000000000000021e-02
2.133333333333333470e-01
4.000000000000000083e-02
2.800000000000000266e-01
6.666666666666667095e-03
0.000000000000000000e+00
0.000000000000000000e+00
1.000000000000000021e-02
0.000000000000000000e+00
3.333333333333333287e-02
1.463333333333333597e+00
0.000000000000000000e+00
2.633333333333333637e-01
7.333333333333333370e-02
3.666666666666666685e-02
5.999999999999999778e-02
4.700000000000000289e-01
2.700000000000000178e-01
2.666666666666666838e-02
1.800000000000000211e-01
4.233333333333333393e-01
6.166666666666666963e-01
1.136666666666666714e+00
4.999999999999999584e-02
3.666666666666666685e-02
0.000000000000000000e+00
0.000000000000000000e+00
0.000000000000000000e+00
0.000000000000000000e+00
2.666666666666666838e-02
1.666666666666666644e-02
1.566666666666666485e-01
0.000000000000000000e+00
1.666666666666666644e-02
0.000000000000000000e+00
3.333333333333333287e-02
2.133333333333333470e-01
1.100000000000000006e-01
2.699999999999999623e-01
1.999999999999999833e-01
3.333333333333333547e-03
0.000000000000000000e+00
0.000000000000000000e+00
0.000000000000000000e+00
6.666666666666667095e-03
0.000000000000000000e+00
4.666666666666666879e-02
9.666666666666667851e-02
4.900000000000000466e-01
8.333333333333332871e-02
7.600000000000001199e-01
1.000000000000000021e-02
6.333333333333333870e-02
3.666666666666667379e-02
3.333333333333333287e-02
0.000000000000000000e+00
1.300000000000000044e-01
1.333333333333333419e-02
3.333333333333333547e-03
7.333333333333333370e-02
3.333333333333333547e-03
6.800000000000000488e-01
1.513333333333333419e+00
3.200000000000000067e-01
2.233333333333333004e-01
3.600000000000000422e-01
3.866666666666667140e-01
1.999999999999999833e-01
2.266666666666666552e-01
6.666666666666667095e-03
2.333333333333333440e-02
2.333333333333333093e-02
5.999999999999999778e-02
1.666666666666666574e-01
1.399999999999999856e-01
1.399999999999999856e-01
1.866666666666666752e-01
1.433333333333333404e-01
1.366666666666666863e-01
3.999999999999999667e-01
4.333333333333333481e-02
3.133333333333332971e-01
7.433333333333332904e-01
6.800000000000000488e-01
1.733333333333333393e-01
1.333333333333333419e-02
4.000000000000000083e-02
3.000000000000000236e-02
1.833333333333333481e-01
3.066666666666666430e-01
1.873333333333333295e+00
9.000000000000001055e-02
3.899999999999999578e-01
1.300000000000000044e-01
1.200000000000000094e-01
1.633333333333333304e-01
4.566666666666666097e-01
3.433333333333332682e-01
6.333333333333333870e-02
3.533333333333333326e-01
1.833333333333333481e-01
9.333333333333332371e-01
8.633333333333332860e-01
5.999999999999999778e-02
9.000000000000001055e-02
3.333333333333333287e-02
4.666666666666666879e-02
6.333333333333333870e-02
2.000000000000000042e-02
1.166666666666666546e-01
1.033333333333333326e-01
3.966666666666666674e-01
0.000000000000000000e+00
1.100000000000000006e-01
3.666666666666667379e-02
2.666666666666666838e-02
2.700000000000000178e-01
4.533333333333333104e-01
7.466666666666667007e-01
1.396666666666666501e+00
1.600000000000000033e-01
1.933333333333333293e-01
1.466666666666666674e-01
1.766666666666666663e-01
6.666666666666667095e-03
2.000000000000000042e-02
5.333333333333333676e-02
1.666666666666666644e-02
2.500000000000000000e-01
1.700000000000000122e-01
1.366666666666666918e+00
5.333333333333333676e-02
1.033333333333333326e-01
4.000000000000000083e-02
1.966666666666666841e-01
6.666666666666667095e-03
1.633333333333333304e-01
2.033333333333333381e-01
3.333333333333333547e-03
1.566666666666666485e-01
9.666666666666667851e-02
9.499999999999998446e-01
