5.899999999999999689e-01
3.300000000000000155e-01
2.553333333333333233e+00
6.899999999999999467e-01
2.466666666666666730e-01
1.053333333333333455e+00
8.233333333333332504e-01
0.000000000000000000e+00
3.500000000000000333e-01
1.476666666666666572e+00
7.899999999999999245e-01
0.000000000000000000e+00
1.453333333333333366e+00
7.000000000000000666e-01
4.999999999999999584e-02
2.833333333333333259e-01
1.599999999999999867e+00
9.233333333333333393e-01
1.500000000000000222e-01
4.233333333333333393e-01
1.373333333333333295e+00
1.446666666666666545e+00
5.499999999999999334e-01
1.933333333333333293e-01
7.333333333333333370e-02
1.666666666666666644e-02
1.763333333333332975e+00
1.066666666666666735e-01
3.433333333333333237e-01
2.513333333333333197e+00
0.000000000000000000e+00
3.466666666666666785e-01
6.666666666666667095e-03
1.766666666666666663e-01
7.733333333333334281e-01
1.963333333333333597e+00
2.566666666666666541e-01
0.000000000000000000e+00
1.600000000000000033e-01
2.333333333333333440e-02
0.000000000000000000e+00
1.166666666666666546e-01
2.899999999999999800e-01
6.366666666666667140e-01
9.000000000000001055e-02
3.799999999999999489e-01
1.666666666666666644e-02
1.733333333333333393e-01
3.333333333333333547e-03
2.866666666666666807e-01
0.000000000000000000e+00
1.033333333333333326e-01
2.333333333333333440e-02
3.333333333333333547e-03
1.666666666666666574e-01
1.233333333333333365e-01
1.666666666666666644e-02
3.333333333333333547e-03
2.999999999999999889e-02
1.400000000000000133e-01
6.933333333333333570e-01
1.499999999999999944e-01
9.000000000000001055e-02
1.686666666666666536e+00
6.433333333333332016e-01
1.553333333333333455e+00
2.166666666666666741e-01
5.833333333333333703e-01
1.033333333333333326e-01
1.266666666666666774e-01
3.333333333333333287e-02
9.333333333333333759e-02
1.000000000000000021e-02
9.000000000000001055e-02
2.400000000000000189e-01
0.000000000000000000e+00
6.666666666666667095e-03
0.000000000000000000e+00
7.000000000000000666e-02
1.800000000000000211e-01
8.666666666666666963e-02
0.000000000000000000e+00
8.233333333333332504e-01
1.933333333333333293e-01
6.999999999999999278e-02
3.666666666666666685e-02
2.900000000000000355e-01
4.266666666666666941e-01
1.000000000000000021e-02
0.000000000000000000e+00
9.066666666666666208e-01
1.110000000000000098e+00
5.633333333333333526e-01
1.300000000000000044e-01
1.456666666666666776e+00
1.769999999999999796e+00
2.999999999999999889e-01
2.233333333333333004e-01
6.666666666666667095e-03
1.399999999999999856e-01
1.733333333333333393e-01
1.066666666666666735e-01
4.366666666666667029e-01
0.000000000000000000e+00
1.000000000000000021e-02
6.666666666666667095e-03
0.000000000000000000e+00
4.000000000000000083e-02
5.000000000000000971e-02
2.766666666666666718e-01
1.866666666666666474e-01
1.266666666666666774e-01
1.133333333333333276e-01
4.666666666666666186e-01
1.866666666666666752e-01
1.233333333333333365e-01
0.000000000000000000e+00
0.000000000000000000e+00
6.666666666666667095e-03
1.666666666666666644e-02
1.000000000000000021e-02
1.300000000000000044e-01
1.196666666666666545e+00
6.300000000000000044e-01
6.766666666666667496e-01
8.000000000000000167e-02
0.000000000000000000e+00
4.000000000000000083e-02
8.666666666666666963e-02
9.333333333333333759e-02
3.033333333333332882e-01
5.999999999999999778e-02
2.133333333333333470e-01
1.000000000000000194e-01
1.800000000000000211e-01
1.226666666666666794e+00
9.999999999999999167e-02
2.666666666666666630e-01
1.566666666666666652e+00
1.000000000000000021e-02
0.000000000000000000e+00
7.733333333333334281e-01
4.333333333333333481e-02
2.666666666666666838e-02
1.000000000000000021e-02
9.000000000000001055e-02
0.000000000000000000e+00
0.000000000000000000e+00
9.333333333333332371e-01
1.633333333333333304e-01
4.000000000000000083e-02
0.000000000000000000e+00
7.566666666666667096e-01
1.323333333333333472e+00
1.050000000000000044e+00
5.899999999999999689e-01
1.186666666666666758e+00
4.733333333333333282e-01
1.223333333333333384e+00
5.999999999999999778e-02
5.600000000000000533e-01
3.666666666666666963e-01
2.066666666666666652e-01
4.666666666666666879e-02
1.166666666666666546e-01
1.933333333333333570e-01
1.333333333333333419e-02
2.133333333333332915e-01
2.666666666666666838e-02
9.000000000000000222e-01
1.596666666666666679e+00
1.033333333333333326e-01
4.533333333333333104e-01
9.000000000000001055e-02
1.133333333333333415e-01
1.100000000000000006e-01
8.333333333333332871e-02
1.233333333333333365e-01
1.766666666666666663e-01
1.333333333333333419e-02
1.466666666666666952e-01
3.533333333333333326e-01
2.333333333333333440e-02
1.333333333333333419e-02
0.000000000000000000e+00
5.000000000000000971e-02
1.100000000000000006e-01
6.666666666666667095e-03
3.099999999999999978e-01
1.333333333333333419e-02
0.000000000000000000e+00
1.766666666666666663e-01
3.333333333333333547e-03
1.333333333333333419e-02
0.000000000000000000e+00
9.300000000000000488e-01
9.533333333333332549e-01
1.116666666666666696e+00
3.333333333333333148e-01
3.333333333333333287e-02
2.066666666666666652e-01
1.333333333333333315e-01
1.166666666666666546e-01
3.066666666666666430e-01
2.233333333333333559e-01
1.866666666666666752e-01
1.133333333333333276e-01
1.733333333333333393e-01
4.133333333333333304e-01
1.733333333333333393e-01
2.333333333333333440e-02
7.133333333333333748e-01
6.633333333333333304e-01
1.333333333333333419e-02
0.000000000000000000e+00
6.000000000000000472e-02
1.166666666666666546e-01
0.000000000000000000e+00
9.333333333333333759e-02
3.133333333333332971e-01
6.866666666666666474e-01
1.273333333333333428e+00
3.899999999999999578e-01
1.610000000000000098e+00
1.626666666666666705e+00
1.110000000000000098e+00
1.266666666666666774e-01
8.366666666666665586e-01
1.199999999999999956e-01
4.633333333333333748e-01
0.000000000000000000e+00
4.000000000000000083e-02
6.666666666666666574e-02
3.699999999999999400e-01
3.899999999999999578e-01
6.333333333333333870e-02
1.466666666666666674e-01
1.800000000000000211e-01
1.300000000000000044e-01
4.799999999999999822e-01
1.000000000000000194e-01
1.993333333333333401e+00
2.199999999999999734e-01
1.196666666666666545e+00
2.299999999999999822e+00
6.199999999999999956e-01
4.533333333333333659e-01
1.433333333333333404e-01
3.333333333333333287e-02
1.999999999999999833e-01
1.773333333333333428e+00
8.666666666666666963e-02
1.000000000000000021e-02
1.066666666666666652e+00
1.166666666666666546e-01
1.666666666666666644e-02
1.000000000000000021e-02
1.550000000000000044e+00
1.083333333333333259e+00
3.800000000000000600e-01
3.000000000000000236e-02
1.800000000000000211e-01
2.633333333333333637e-01
3.800000000000000600e-01
1.856666666666666687e+00
1.499999999999999944e-01
1.333333333333333419e-02
2.233333333333333004e-01
3.333333333333333547e-03
4.033333333333333215e-01
7.500000000000000000e-01
3.099999999999999978e-01
8.666666666666666963e-02
9.000000000000000222e-01
2.233333333333333559e-01
2.333333333333333093e-02
4.333333333333332926e-01
7.366666666666666918e-01
5.099999999999998979e-01
2.933333333333333903e-01
1.000000000000000194e-01
4.000000000000000083e-02
1.066666666666666735e-01
3.733333333333332948e-01
1.766666666666666663e-01
1.500000000000000000e+00
3.966666666666666674e-01
8.133333333333333526e-01
5.100000000000000089e-01
1.413333333333333330e+00
4.799999999999999822e-01
2.733333333333333726e-01
4.999999999999999584e-02
9.666666666666666463e-02
0.000000000000000000e+00
2.000000000000000042e-02
3.133333333333332971e-01
1.666666666666666574e-01
5.333333333333333676e-02
2.366666666666666641e-01
1.000000000000000021e-02
6.999999999999999278e-02
