1.006666666666666599e+00
7.266666666666666829e-01
1.786666666666666403e+00
2.313333333333333020e+00
3.166666666666666519e-01
3.733333333333333504e-01
1.250000000000000000e+00
7.666666666666667462e-02
2.333333333333333440e-02
1.800000000000000211e-01
4.999999999999999584e-02
1.000000000000000021e-02
6.000000000000000472e-02
4.333333333333333481e-02
3.333333333333333547e-03
1.000000000000000021e-02
6.666666666666667095e-03
3.333333333333333287e-02
1.000000000000000021e-02
9.333333333333333759e-02
8.666666666666666963e-02
1.000000000000000021e-02
2.000000000000000042e-02
1.600000000000000033e-01
1.633333333333333304e-01
1.066666666666666735e-01
1.126666666666666705e+00
2.576666666666666661e+00
