1.260000000000000009e+00
1.266666666666666774e-01
2.099999999999999922e-01
1.389999999999999902e+00
2.539999999999999591e+00
8.700000000000001066e-01
1.400000000000000133e-01
3.266666666666666607e-01
3.300000000000000155e-01
1.600000000000000033e-01
3.000000000000000236e-02
3.666666666666666685e-02
6.333333333333333870e-02
7.633333333333333082e-01
1.533333333333333215e-01
2.333333333333333440e-02
9.333333333333333759e-02
3.666666666666666685e-02
2.666666666666666838e-02
9.999999999999999167e-02
1.600000000000000033e-01
1.033333333333333326e-01
2.666666666666666144e-02
5.666666666666666380e-02
1.433333333333333404e-01
2.733333333333333726e-01
2.000000000000000042e-02
0.000000000000000000e+00
6.199999999999999956e-01
8.333333333333332871e-02
2.533333333333333548e-01
2.066666666666666652e-01
1.316666666666666652e+00
1.233333333333333393e+00
6.133333333333333970e-01
4.666666666666666879e-02
7.000000000000000666e-02
1.333333333333333419e-02
2.666666666666666838e-02
1.866666666666666752e-01
2.723333333333333162e+00
9.033333333333333215e-01
7.666666666666666075e-02
5.566666666666666430e-01
0.000000000000000000e+00
0.000000000000000000e+00
1.666666666666666644e-02
5.333333333333333676e-02
1.499999999999999944e-01
1.333333333333333315e-01
1.463333333333333597e+00
1.096666666666666679e+00
9.666666666666666463e-02
0.000000000000000000e+00
1.000000000000000021e-02
1.636666666666666714e+00
5.866666666666667806e-01
6.666666666666667095e-03
9.333333333333333759e-02
8.866666666666667140e-01
2.253333333333333410e+00
7.299999999999999822e-01
2.050000000000000266e+00
7.233333333333332726e-01
1.616666666666666918e+00
6.666666666666667095e-03
3.333333333333333287e-02
1.100000000000000089e+00
8.666666666666666963e-02
1.833333333333333481e-01
4.000000000000000083e-02
5.666666666666667074e-02
8.166666666666667629e-01
7.833333333333333259e-01
3.333333333333333547e-03
4.733333333333333282e-01
1.933333333333333293e-01
1.333333333333333419e-02
0.000000000000000000e+00
2.833333333333333814e-01
1.393333333333333313e+00
1.899999999999999745e-01
1.700000000000000122e-01
1.033333333333333465e-01
1.566666666666666485e-01
1.466666666666666952e-01
7.299999999999999822e-01
3.766666666666667052e-01
1.473333333333333384e+00
1.046666666666666634e+00
6.800000000000000488e-01
2.766666666666666718e-01
6.333333333333333870e-02
1.033333333333333326e-01
6.666666666666666574e-02
1.333333333333333419e-02
2.333333333333333440e-02
8.000000000000000167e-02
8.000000000000000167e-02
3.899999999999999578e-01
6.533333333333333215e-01
4.333333333333332926e-01
2.999999999999999889e-02
2.799999999999999711e-01
7.466666666666667007e-01
0.000000000000000000e+00
2.033333333333333381e-01
1.949999999999999956e+00
1.633333333333333304e-01
1.199999999999999956e-01
1.059999999999999831e+00
1.300000000000000044e+00
1.326666666666666883e+00
1.766666666666666663e-01
0.000000000000000000e+00
9.566666666666666652e-01
8.666666666666666963e-02
0.000000000000000000e+00
5.000000000000000971e-02
7.900000000000000355e-01
0.000000000000000000e+00
0.000000000000000000e+00
1.679999999999999938e+00
2.333333333333333093e-01
0.000000000000000000e+00
1.666666666666666644e-02
9.333333333333334592e-01
3.433333333333333237e-01
1.133333333333333276e-01
1.756666666666666599e+00
5.033333333333332993e-01
3.733333333333332948e-01
1.133333333333333276e-01
1.666666666666666644e-02
1.000000000000000000e+00
1.370000000000000107e+00
1.033333333333333326e-01
1.333333333333333419e-02
8.099999999999999423e-01
1.933333333333333570e-01
4.233333333333333393e-01
1.106666666666666687e+00
5.333333333333333676e-02
1.000000000000000021e-02
3.333333333333333547e-03
7.666666666666667462e-02
6.666666666666667095e-03
3.333333333333333547e-03
4.666666666666666879e-02
4.799999999999999822e-01
1.666666666666666644e-02
1.899999999999999745e-01
6.900000000000000577e-01
1.766666666666666663e-01
4.933333333333333459e-01
1.166666666666666546e-01
1.833333333333333481e-01
4.999999999999999584e-02
6.366666666666667140e-01
6.666666666666667095e-03
1.266666666666666774e-01
4.000000000000000083e-02
1.766666666666666663e-01
6.099999999999999867e-01
5.666666666666667074e-02
2.000000000000000042e-02
1.000000000000000021e-02
5.333333333333333676e-02
1.326666666666666883e+00
3.499999999999999223e-01
4.333333333333333481e-02
1.000000000000000000e+00
7.066666666666666652e-01
1.666666666666666644e-02
1.270000000000000240e+00
1.593333333333333490e+00
0.000000000000000000e+00
0.000000000000000000e+00
1.313333333333333464e+00
8.333333333333332871e-02
2.999999999999999889e-01
3.666666666666666685e-02
9.199999999999999289e-01
1.733333333333333393e+00
2.336666666666666448e+00
