7.399999999999998801e-01
2.033333333333333381e-01
6.999999999999999278e-02
1.033333333333333326e-01
4.666666666666666879e-02
2.333333333333333093e-02
3.333333333333333547e-03
6.333333333333333870e-02
9.333333333333333759e-02
2.033333333333333381e-01
1.856666666666666687e+00
2.333333333333333093e-01
3.333333333333333547e-03
8.000000000000000167e-02
9.199999999999999289e-01
3.666666666666667379e-02
6.333333333333333870e-02
6.666666666666667095e-03
1.666666666666666574e-01
1.199999999999999956e-01
9.999999999999999167e-02
1.426666666666666750e+00
9.366666666666666474e-01
8.999999999999999112e-01
