8.133333333333333526e-01
1.633333333333333304e-01
2.073333333333333695e+00
1.766666666666666663e-01
2.633333333333333637e-01
3.066666666666666430e-01
3.666666666666667379e-02
5.333333333333333676e-02
5.999999999999999778e-02
0.000000000000000000e+00
1.000000000000000021e-02
0.000000000000000000e+00
0.000000000000000000e+00
0.000000000000000000e+00
1.000000000000000021e-02
1.000000000000000021e-02
0.000000000000000000e+00
5.000000000000000971e-02
0.000000000000000000e+00
1.000000000000000021e-02
4.000000000000000083e-02
5.666666666666666380e-02
3.333333333333333547e-03
4.999999999999999584e-02
5.999999999999999778e-02
1.110000000000000098e+00
1.000000000000000021e-02
1.166666666666666824e-01
1.166666666666666824e-01
4.533333333333333659e-01
5.566666666666666430e-01
6.199999999999999956e-01
5.933333333333332682e-01
2.833333333333333814e-01
3.333333333333333547e-03
8.933333333333332016e-01
1.073333333333333250e+00
0.000000000000000000e+00
3.166666666666666519e-01
2.999999999999999889e-02
2.999999999999999889e-02
0.000000000000000000e+00
1.000000000000000021e-02
2.666666666666666838e-02
3.333333333333333547e-03
0.000000000000000000e+00
0.000000000000000000e+00
3.333333333333333547e-03
0.000000000000000000e+00
1.000000000000000021e-02
1.666666666666666644e-02
6.666666666666667095e-03
1.800000000000000211e-01
1.000000000000000021e-02
0.000000000000000000e+00
0.000000000000000000e+00
1.666666666666666644e-02
8.666666666666666963e-02
5.333333333333333676e-02
1.633333333333333304e-01
0.000000000000000000e+00
8.666666666666666963e-02
2.066666666666666652e-01
3.666666666666666963e-01
5.333333333333333676e-02
1.333333333333333315e-01
3.700000000000000511e-01
1.700000000000000122e-01
2.399999999999999911e-01
2.373333333333333073e+00
4.566666666666667207e-01
2.133333333333333470e-01
1.833333333333333481e-01
7.333333333333333370e-02
1.399999999999999856e-01
1.133333333333333276e-01
0.000000000000000000e+00
2.533333333333333548e-01
9.000000000000001055e-02
2.000000000000000042e-02
0.000000000000000000e+00
4.466666666666666008e-01
1.566666666666666485e-01
1.666666666666666574e-01
3.333333333333333287e-02
1.533333333333333215e-01
9.333333333333333759e-02
1.999999999999999833e-01
4.666666666666666879e-02
9.666666666666667851e-02
2.566666666666666541e-01
1.866666666666666474e-01
1.333333333333333419e-02
0.000000000000000000e+00
2.800000000000000266e-01
1.199999999999999956e-01
0.000000000000000000e+00
6.933333333333333570e-01
0.000000000000000000e+00
4.066666666666666763e-01
1.566666666666666763e-01
2.333333333333333440e-02
1.933333333333333570e-01
3.333333333333333547e-03
2.999999999999999889e-02
1.000000000000000021e-02
1.666666666666666644e-02
2.433333333333333182e-01
3.333333333333333287e-02
3.333333333333333547e-03
4.633333333333333748e-01
1.366666666666666863e-01
2.099999999999999922e-01
0.000000000000000000e+00
4.666666666666666879e-02
1.000000000000000021e-02
1.000000000000000021e-02
1.333333333333333419e-02
6.999999999999999278e-02
2.000000000000000042e-02
0.000000000000000000e+00
0.000000000000000000e+00
1.366666666666666863e-01
4.666666666666666879e-02
8.933333333333334236e-01
6.333333333333333870e-02
5.966666666666665675e-01
1.666666666666666644e-02
6.666666666666666574e-02
8.333333333333332871e-02
2.333333333333333440e-02
1.000000000000000021e-02
2.333333333333333093e-02
1.333333333333333419e-02
1.000000000000000021e-02
2.666666666666666838e-02
2.000000000000000042e-02
1.000000000000000021e-02
1.000000000000000021e-02
0.000000000000000000e+00
1.333333333333333419e-02
2.000000000000000042e-02
2.666666666666666838e-02
2.333333333333333093e-02
1.166666666666666546e-01
6.666666666666666574e-02
3.000000000000000236e-02
1.700000000000000122e-01
1.733333333333333393e-01
1.033333333333333326e-01
1.666666666666666644e-02
2.333333333333333440e-02
3.666666666666667379e-02
1.266666666666666774e-01
3.333333333333333148e-01
1.333333333333333419e-02
5.466666666666667451e-01
3.133333333333333526e-01
1.466666666666666397e-01
2.373333333333333517e+00
2.333333333333333093e-01
1.540000000000000036e+00
6.666666666666667095e-03
4.999999999999999584e-02
1.166666666666666546e-01
5.666666666666667074e-02
6.666666666666667095e-03
6.300000000000000044e-01
2.666666666666666838e-02
1.000000000000000021e-02
2.733333333333333726e-01
2.333333333333333440e-02
4.000000000000000083e-02
8.000000000000000167e-02
1.133333333333333276e-01
2.333333333333333440e-02
3.333333333333333547e-03
1.833333333333333204e-01
0.000000000000000000e+00
0.000000000000000000e+00
1.733333333333333393e-01
3.000000000000000236e-02
1.333333333333333419e-02
0.000000000000000000e+00
0.000000000000000000e+00
0.000000000000000000e+00
0.000000000000000000e+00
3.333333333333333547e-03
2.533333333333333548e-01
2.366666666666666641e-01
2.333333333333333440e-02
4.000000000000000083e-02
1.600000000000000033e-01
5.666666666666667074e-02
3.333333333333333287e-02
1.466666666666666674e-01
3.800000000000000600e-01
5.666666666666667074e-02
2.000000000000000042e-02
9.666666666666667851e-02
8.000000000000000167e-02
1.000000000000000021e-02
1.000000000000000021e-02
1.000000000000000021e-02
6.333333333333333870e-02
2.000000000000000042e-02
0.000000000000000000e+00
3.666666666666667379e-02
1.333333333333333419e-02
2.999999999999999889e-02
1.266666666666666774e-01
1.466666666666666397e-01
0.000000000000000000e+00
3.333333333333333547e-03
7.333333333333334758e-02
0.000000000000000000e+00
1.100000000000000006e-01
1.399999999999999856e-01
0.000000000000000000e+00
8.000000000000000167e-02
1.853333333333333277e+00
1.100000000000000006e-01
3.383333333333332860e+00
2.000000000000000042e-02
6.666666666666667095e-03
8.100000000000000533e-01
4.666666666666666186e-01
2.236666666666666803e+00
2.066666666666666430e+00
