1.903333333333333321e+00
2.099999999999999922e-01
2.866666666666666807e-01
1.533333333333333215e-01
1.866666666666666752e-01
5.333333333333333676e-02
7.333333333333333370e-02
5.000000000000000971e-02
1.100000000000000006e-01
9.333333333333333759e-02
1.233333333333333365e-01
0.000000000000000000e+00
1.133333333333333276e-01
7.666666666666667462e-02
1.533333333333333492e-01
0.000000000000000000e+00
9.666666666666667851e-02
2.500000000000000000e-01
9.033333333333333215e-01
2.800000000000000266e-01
2.066666666666666652e-01
1.499999999999999944e-01
1.036666666666666625e+00
1.100000000000000006e-01
9.666666666666666463e-02
6.666666666666666574e-02
4.099999999999999756e-01
2.333333333333333093e-02
2.933333333333333903e-01
1.766666666666666663e-01
1.660000000000000142e+00
5.799999999999999600e-01
5.866666666666667806e-01
3.766666666666666496e-01
4.333333333333333481e-02
8.666666666666666963e-02
1.333333333333333315e-01
1.333333333333333315e-01
8.666666666666666963e-02
4.333333333333333481e-02
1.866666666666666752e-01
3.333333333333333547e-03
4.000000000000000083e-02
1.333333333333333315e-01
2.233333333333333559e-01
2.533333333333333548e-01
1.666666666666666644e-02
1.899999999999999745e-01
6.666666666666667095e-03
2.299999999999999822e-01
7.366666666666666918e-01
8.333333333333332871e-02
1.433333333333333404e-01
1.000000000000000021e-02
3.033333333333332882e-01
0.000000000000000000e+00
4.666666666666666879e-02
2.000000000000000042e-02
6.666666666666666574e-02
4.966666666666666452e-01
5.666666666666666380e-02
2.900000000000000355e-01
3.133333333333332971e-01
4.166666666666666852e-01
5.400000000000000355e-01
1.643333333333333313e+00
4.299999999999999933e-01
3.033333333333332882e-01
4.199999999999999845e-01
3.366666666666666696e-01
1.506666666666666821e+00
5.566666666666666430e-01
1.666666666666666644e-02
0.000000000000000000e+00
1.000000000000000194e-01
1.300000000000000044e-01
5.133333333333333082e-01
1.666666666666666644e-02
2.566666666666666541e-01
0.000000000000000000e+00
3.000000000000000236e-02
4.666666666666666879e-02
3.333333333333333547e-03
0.000000000000000000e+00
4.000000000000000083e-02
0.000000000000000000e+00
4.666666666666666879e-02
2.899999999999999800e-01
1.633333333333333304e-01
1.520000000000000240e+00
2.299999999999999822e-01
2.666666666666666838e-02
2.999999999999999889e-01
1.660000000000000142e+00
6.566666666666666208e-01
2.666666666666666838e-02
1.399999999999999856e-01
3.166666666666666519e-01
3.800000000000000600e-01
2.533333333333333548e-01
7.933333333333333348e-01
3.099999999999999978e-01
1.100000000000000006e-01
4.166666666666666852e-01
1.026666666666666616e+00
1.733333333333333393e-01
1.000000000000000021e-02
1.906666666666666510e+00
7.799999999999999156e-01
1.033333333333333326e-01
1.366666666666666863e-01
8.333333333333332871e-02
0.000000000000000000e+00
1.000000000000000021e-02
0.000000000000000000e+00
0.000000000000000000e+00
0.000000000000000000e+00
7.900000000000000355e-01
5.333333333333333676e-02
4.066666666666667318e-01
6.600000000000000311e-01
8.199999999999999512e-01
4.966666666666666452e-01
8.699999999999999956e-01
1.456666666666666776e+00
8.000000000000000167e-02
1.853333333333333499e+00
1.366666666666666863e-01
1.449999999999999956e+00
2.033333333333333381e-01
1.066666666666666735e-01
1.233333333333333365e-01
2.099999999999999922e-01
1.733333333333333393e-01
8.166666666666667629e-01
1.276666666666666616e+00
1.199999999999999956e+00
6.933333333333333570e-01
2.166666666666666741e-01
2.933333333333333348e-01
1.833333333333333204e-01
1.466666666666666674e-01
2.666666666666666838e-02
2.333333333333333440e-02
1.199999999999999956e-01
1.466666666666666397e-01
2.050000000000000266e+00
1.000000000000000021e-02
1.133333333333333415e-01
5.533333333333333437e-01
8.333333333333332871e-02
3.633333333333332860e-01
2.433333333333333182e-01
5.133333333333333082e-01
0.000000000000000000e+00
5.333333333333333676e-02
5.000000000000000971e-02
2.200000000000000011e-01
3.333333333333333547e-03
3.333333333333333547e-03
4.533333333333333659e-01
1.246666666666666812e+00
9.000000000000001055e-02
6.333333333333333870e-02
5.666666666666666380e-02
2.333333333333333440e-02
2.266666666666666829e-01
4.666666666666666186e-01
3.333333333333333547e-03
1.046666666666666634e+00
1.266666666666666774e-01
4.333333333333333481e-02
8.000000000000000167e-02
2.500000000000000000e-01
4.333333333333333481e-02
7.000000000000000666e-02
4.000000000000000083e-02
2.000000000000000042e-02
1.000000000000000194e-01
2.000000000000000042e-02
4.099999999999999756e-01
1.666666666666666574e-01
1.999999999999999833e-01
8.666666666666666963e-02
3.966666666666666674e-01
6.333333333333333870e-02
2.333333333333333440e-02
8.000000000000000167e-02
3.666666666666666685e-02
5.999999999999999778e-02
2.733333333333333726e-01
3.566666666666666874e-01
1.366666666666666474e+00
6.866666666666666474e-01
4.966666666666666452e-01
5.766666666666666607e-01
1.393333333333333535e+00
7.299999999999999822e-01
4.000000000000000083e-02
7.366666666666666918e-01
2.399999999999999911e-01
1.353333333333333499e+00
7.933333333333333348e-01
3.866666666666667140e-01
3.300000000000000155e-01
9.733333333333332726e-01
4.999999999999999584e-02
1.370000000000000107e+00
2.399999999999999911e-01
1.666666666666666644e-02
5.333333333333333676e-02
1.000000000000000021e-02
6.666666666666666297e-01
3.333333333333333547e-03
1.010000000000000009e+00
1.833333333333333481e-01
7.966666666666665231e-01
1.333333333333333419e-02
8.333333333333332871e-02
4.733333333333333282e-01
0.000000000000000000e+00
3.533333333333333326e-01
0.000000000000000000e+00
0.000000000000000000e+00
6.766666666666667496e-01
1.199999999999999956e-01
1.433333333333333404e-01
1.253333333333333410e+00
2.189999999999999947e+00
