1.550000000000000044e+00
4.933333333333333459e-01
8.599999999999999867e-01
3.200000000000000067e-01
5.633333333333333526e-01
1.113333333333333286e+00
3.499999999999999223e-01
4.366666666666667029e-01
3.766666666666666496e-01
2.366666666666666641e-01
1.566666666666666485e-01
2.366666666666666641e-01
1.679999999999999938e+00
6.333333333333333870e-02
2.633333333333333637e-01
5.466666666666666341e-01
6.333333333333333037e-01
1.423333333333333117e+00
6.266666666666665941e-01
3.166666666666666519e-01
6.466666666666666119e-01
4.299999999999999933e-01
7.200000000000000844e-01
1.466666666666666674e-01
6.800000000000000488e-01
1.566666666666666485e-01
1.666666666666666644e-02
6.333333333333333870e-02
2.666666666666666630e-01
5.933333333333332682e-01
1.313333333333333464e+00
4.333333333333333481e-01
6.633333333333333304e-01
8.666666666666666963e-02
1.090000000000000080e+00
9.666666666666666463e-02
1.133333333333333415e-01
2.399999999999999911e-01
4.000000000000000083e-02
9.999999999999999167e-02
0.000000000000000000e+00
1.333333333333333419e-02
2.000000000000000042e-02
2.633333333333333637e-01
1.766666666666666663e-01
2.433333333333333182e-01
9.999999999999999167e-02
4.333333333333333481e-01
0.000000000000000000e+00
4.033333333333333215e-01
0.000000000000000000e+00
7.666666666666667462e-02
3.333333333333333547e-03
1.700000000000000122e-01
8.699999999999999956e-01
1.000000000000000021e-02
6.000000000000000472e-02
4.000000000000000083e-02
0.000000000000000000e+00
6.999999999999999278e-02
0.000000000000000000e+00
1.999999999999999833e-01
6.666666666666667095e-03
3.066666666666666985e-01
9.266666666666667496e-01
5.399999999999999245e-01
0.000000000000000000e+00
1.133333333333333276e-01
1.666666666666666644e-02
1.766666666666666663e-01
6.333333333333333870e-02
7.500000000000000000e-01
3.000000000000000236e-02
3.666666666666666685e-02
2.366666666666666641e-01
1.700000000000000122e-01
1.600000000000000033e-01
1.386666666666666714e+00
3.099999999999999978e-01
8.266666666666666607e-01
1.666666666666666574e-01
1.399999999999999856e-01
1.070000000000000062e+00
7.933333333333333348e-01
1.333333333333333419e-02
2.133333333333333470e-01
0.000000000000000000e+00
6.666666666666667095e-03
0.000000000000000000e+00
1.366666666666666585e-01
5.099999999999998979e-01
1.576666666666666883e+00
1.820000000000000062e+00
4.666666666666666186e-02
2.833333333333333814e-01
1.666666666666666574e-01
3.333333333333333547e-03
1.303333333333333455e+00
1.399999999999999856e-01
1.066666666666666735e-01
2.799999999999999711e-01
7.333333333333333370e-02
4.966666666666667562e-01
8.333333333333332871e-02
9.300000000000000488e-01
