1.943333333333333357e+00
9.666666666666667851e-02
1.066666666666666735e-01
9.233333333333333393e-01
7.299999999999999822e-01
9.000000000000001055e-02
1.000000000000000021e-02
2.666666666666666838e-02
3.533333333333333326e-01
7.333333333333333370e-02
4.500000000000000111e-01
1.236666666666666581e+00
0.000000000000000000e+00
8.333333333333332871e-02
2.633333333333333637e-01
1.033333333333333465e-01
2.333333333333333440e-02
1.499999999999999944e-01
1.483333333333333393e+00
1.373333333333333295e+00
3.166666666666667074e-01
1.280000000000000027e+00
2.533333333333333548e-01
6.666666666666666574e-02
3.333333333333333547e-03
1.700000000000000122e-01
1.566666666666666485e-01
1.209999999999999964e+00
8.666666666666666963e-02
4.000000000000000083e-02
6.666666666666667095e-03
2.999999999999999889e-01
1.333333333333333419e-02
2.000000000000000042e-02
5.233333333333333171e-01
4.000000000000000083e-02
2.999999999999999889e-02
6.666666666666667095e-03
8.000000000000000167e-02
1.999999999999999833e-01
8.666666666666666963e-02
2.266666666666666552e-01
1.230000000000000204e+00
6.666666666666666574e-02
7.166666666666666741e-01
7.333333333333334758e-02
2.266666666666666552e-01
8.133333333333334636e-01
1.866666666666666752e-01
3.333333333333333287e-02
2.399999999999999911e-01
2.003333333333333410e+00
2.399999999999999911e-01
1.166666666666666546e-01
6.233333333333334059e-01
1.666666666666666741e+00
4.999999999999999584e-02
1.366666666666666863e-01
1.666666666666666644e-02
1.933333333333333293e-01
1.000000000000000021e-02
4.966666666666666452e-01
1.366666666666666863e-01
5.999999999999999778e-02
1.183333333333333348e+00
2.000000000000000042e-02
4.666666666666666879e-02
3.766666666666667052e-01
3.333333333333333287e-02
1.333333333333333419e-02
1.666666666666666644e-02
1.330000000000000071e+00
1.086666666666666670e+00
5.133333333333333082e-01
3.109999999999999876e+00
1.929999999999999938e+00
1.900000000000000300e-01
3.733333333333333504e-01
5.333333333333333676e-02
4.533333333333333104e-01
2.066666666666666652e-01
0.000000000000000000e+00
0.000000000000000000e+00
3.666666666666666685e-02
3.333333333333333287e-02
2.666666666666666838e-02
2.066666666666666652e-01
1.000000000000000194e-01
1.630000000000000115e+00
1.333333333333333419e-02
9.333333333333333759e-02
1.733333333333333393e-01
3.966666666666666674e-01
2.466666666666666730e-01
2.000000000000000000e+00
