1.046666666666666634e+00
2.500000000000000000e-01
1.533333333333333492e-01
1.733333333333333393e-01
1.316666666666666652e+00
4.933333333333333459e-01
4.199999999999999845e-01
1.266666666666666774e-01
1.099999999999999867e-01
8.666666666666666963e-02
5.566666666666666430e-01
8.000000000000000167e-02
1.133333333333333276e-01
1.499999999999999944e-01
2.199999999999999734e-01
2.833333333333333259e-01
7.099999999999999645e-01
6.666666666666666297e-01
2.000000000000000042e-02
2.633333333333333637e-01
5.999999999999999778e-02
8.666666666666666963e-01
1.800000000000000211e-01
3.066666666666666985e-01
2.333333333333333093e-02
5.000000000000000971e-02
9.766666666666665719e-01
3.333333333333333287e-02
3.166666666666666519e-01
1.033333333333333326e-01
5.299999999999999156e-01
3.333333333333333287e-02
1.166666666666666546e-01
2.266666666666666552e-01
1.266666666666666774e-01
1.903333333333333321e+00
4.666666666666666879e-02
2.000000000000000042e-02
8.000000000000000167e-02
1.466666666666666785e+00
5.000000000000000000e-01
9.033333333333333215e-01
4.666666666666666879e-02
1.499999999999999944e-01
2.033333333333333381e-01
1.100000000000000006e-01
1.700000000000000122e-01
3.200000000000000067e-01
5.033333333333332993e-01
3.699999999999999400e-01
3.033333333333332882e-01
2.600000000000000089e-01
3.300000000000000155e-01
2.103333333333333499e+00
3.166666666666666519e-01
2.833333333333332704e-01
3.166666666666666519e-01
6.900000000000000577e-01
7.366666666666666918e-01
1.566666666666666652e+00
1.400000000000000133e+00
2.259999999999999787e+00
1.639999999999999902e+00
4.366666666666667029e-01
3.066666666666666985e-01
6.333333333333333870e-02
1.263333333333333419e+00
1.500000000000000222e-01
4.566666666666666097e-01
1.433333333333333404e-01
1.666666666666666574e-01
1.666666666666666644e-02
4.500000000000000111e-01
5.533333333333333437e-01
5.566666666666666430e-01
2.299999999999999822e-01
4.333333333333333481e-02
9.366666666666666474e-01
9.233333333333333393e-01
1.163333333333333330e+00
7.333333333333333370e-02
4.333333333333333481e-02
4.366666666666667029e-01
1.333333333333333419e-02
1.023333333333333206e+00
8.300000000000000711e-01
7.600000000000001199e-01
2.366666666666666641e-01
5.333333333333333676e-02
1.583333333333333259e+00
6.666666666666666574e-02
1.399999999999999856e-01
2.233333333333333004e-01
1.770000000000000240e+00
1.666666666666666644e-02
6.333333333333333870e-02
1.453333333333333366e+00
2.999999999999999889e-02
8.233333333333332504e-01
1.360000000000000098e+00
8.999999999999998279e-02
3.200000000000000067e-01
5.033333333333332993e-01
3.533333333333333326e-01
1.493333333333333401e+00
5.166666666666667185e-01
2.733333333333333171e-01
1.336666666666666670e+00
1.330000000000000071e+00
5.933333333333333792e-01
6.666666666666666297e-01
2.750000000000000000e+00
2.033333333333333215e+00
4.500000000000000111e-01
6.300000000000000044e-01
2.999999999999999889e-01
1.063333333333333242e+00
5.733333333333333615e-01
8.933333333333334236e-01
7.366666666666666918e-01
1.669999999999999929e+00
1.423333333333333117e+00
9.433333333333333570e-01
1.016666666666666607e+00
8.300000000000000711e-01
1.260000000000000009e+00
7.766666666666667274e-01
1.570000000000000062e+00
