1.209999999999999964e+00
1.199999999999999956e-01
2.066666666666666652e-01
5.766666666666666607e-01
9.566666666666666652e-01
2.033333333333333381e-01
5.300000000000000266e-01
8.333333333333332871e-02
4.366666666666667029e-01
9.333333333333333759e-02
1.233333333333333365e-01
1.333333333333333419e-02
1.800000000000000211e-01
1.333333333333333315e-01
5.099999999999998979e-01
0.000000000000000000e+00
1.566666666666666485e-01
1.116666666666666474e+00
6.666666666666666574e-02
7.000000000000000666e-02
2.999999999999999889e-02
5.999999999999999778e-02
7.666666666666667462e-02
1.766666666666666385e-01
3.333333333333333547e-03
1.639999999999999902e+00
8.666666666666666963e-02
1.499999999999999944e-01
2.933333333333333348e-01
1.383333333333333526e+00
9.799999999999999822e-01
7.666666666666667462e-02
1.040000000000000036e+00
7.366666666666666918e-01
