7.099999999999999645e-01
2.466666666666666730e-01
1.266666666666666774e-01
1.566666666666666485e-01
1.239999999999999991e+00
2.433333333333333182e-01
1.466666666666666674e-01
3.433333333333333237e-01
7.466666666666665897e-01
4.666666666666666186e-01
2.000000000000000389e-01
2.099999999999999645e-01
9.833333333333333925e-01
1.276666666666666616e+00
1.086666666666666670e+00
1.000000000000000194e-01
1.800000000000000211e-01
9.166666666666666297e-01
3.000000000000000444e-01
5.000000000000000971e-02
2.999999999999999889e-01
1.966666666666666841e-01
1.300000000000000044e-01
1.300000000000000044e-01
3.466666666666666785e-01
1.553333333333333455e+00
4.166666666666666852e-01
3.499999999999999223e-01
2.633333333333333637e-01
1.933333333333333570e-01
3.566666666666666874e-01
1.506666666666666821e+00
1.169999999999999929e+00
1.933333333333333293e-01
6.366666666666667140e-01
9.333333333333333759e-02
7.899999999999999245e-01
1.700000000000000122e-01
1.300000000000000044e-01
1.533333333333333215e-01
5.066666666666667096e-01
5.799999999999999600e-01
9.333333333333333759e-02
1.233333333333333365e-01
3.166666666666666519e-01
1.300000000000000044e+00
1.333333333333333315e-01
4.666666666666666879e-02
7.999999999999999334e-01
1.133333333333333276e-01
1.999999999999999833e-01
8.333333333333332871e-02
3.400000000000000244e-01
6.666666666666666574e-02
4.799999999999999822e-01
2.086666666666666448e+00
2.399999999999999911e-01
1.033333333333333437e+00
9.666666666666667851e-02
1.566666666666666485e-01
9.333333333333333759e-02
1.733333333333333393e-01
3.333333333333333287e-02
1.270000000000000018e+00
3.333333333333333547e-03
9.333333333333333759e-02
7.666666666666667462e-02
2.866666666666666807e-01
6.666666666666666574e-02
1.399999999999999856e-01
1.333333333333333315e-01
2.566666666666666541e-01
2.533333333333333548e-01
2.833333333333333814e-01
2.333333333333333093e-01
1.043333333333333224e+00
2.220000000000000195e+00
9.466666666666666563e-01
