1.936666666666666758e+00
4.366666666666667029e-01
3.466666666666666785e-01
5.333333333333333259e-01
1.366666666666666863e-01
7.200000000000000844e-01
4.099999999999999756e-01
3.333333333333333547e-03
1.666666666666666644e-02
9.000000000000001055e-02
2.233333333333333004e-01
1.333333333333333419e-02
8.900000000000000133e-01
2.700000000000000178e-01
3.499999999999999223e-01
5.666666666666667074e-02
4.999999999999999584e-02
2.999999999999999889e-01
2.566666666666666541e-01
4.666666666666666879e-02
4.933333333333333459e-01
5.066666666666667096e-01
0.000000000000000000e+00
1.333333333333333419e-02
1.056666666666666865e+00
1.233333333333333365e-01
6.666666666666667095e-03
1.033333333333333326e-01
5.000000000000000971e-02
1.266666666666666774e-01
2.433333333333333182e-01
1.066666666666666735e-01
2.333333333333333440e-02
2.033333333333333381e-01
2.533333333333333548e-01
2.333333333333333440e-02
1.000000000000000021e-02
6.266666666666665941e-01
2.500000000000000000e-01
1.366666666666666863e-01
9.333333333333333759e-02
5.333333333333333676e-02
7.333333333333333370e-02
2.000000000000000042e-02
1.159999999999999920e+00
2.333333333333333440e-02
1.166666666666666546e-01
1.033333333333333326e-01
1.200000000000000094e-01
1.766666666666666663e-01
1.000000000000000000e+00
2.233333333333333004e-01
6.666666666666667095e-03
0.000000000000000000e+00
7.133333333333333748e-01
3.666666666666667379e-02
5.033333333333332993e-01
1.033333333333333326e-01
2.099999999999999922e-01
0.000000000000000000e+00
8.666666666666666963e-02
6.666666666666667095e-03
1.433333333333333404e-01
1.533333333333333215e-01
1.719999999999999973e+00
2.333333333333333093e-01
1.800000000000000211e-01
2.733333333333333726e-01
7.333333333333333370e-02
1.169999999999999929e+00
2.466666666666666730e-01
2.666666666666666838e-02
1.233333333333333365e-01
2.333333333333333093e-01
0.000000000000000000e+00
9.966666666666665897e-01
1.146666666666666723e+00
3.666666666666666685e-02
9.999999999999999167e-02
8.233333333333332504e-01
1.133333333333333415e-01
2.999999999999999889e-02
5.333333333333333676e-02
1.600000000000000033e-01
6.266666666666665941e-01
9.233333333333333393e-01
1.456666666666666776e+00
7.733333333333333171e-01
2.500000000000000000e-01
0.000000000000000000e+00
5.466666666666667451e-01
0.000000000000000000e+00
1.633333333333333304e-01
2.433333333333333182e-01
1.509999999999999787e+00
2.733333333333333171e-01
9.999999999999999167e-02
1.633333333333333304e-01
3.333333333333333547e-03
3.166666666666666519e-01
1.666666666666666644e-02
3.366666666666666696e-01
1.000000000000000021e-02
1.466666666666666397e-01
2.033333333333333381e-01
2.533333333333333548e-01
6.333333333333333870e-02
3.833333333333333592e-01
1.333333333333333419e-02
8.966666666666666119e-01
6.066666666666667984e-01
3.233333333333333059e-01
2.099999999999999922e-01
1.136666666666666714e+00
2.766666666666666718e-01
9.000000000000001055e-02
1.413333333333333330e+00
0.000000000000000000e+00
8.666666666666666963e-02
0.000000000000000000e+00
4.000000000000000083e-02
1.033333333333333326e-01
3.366666666666666696e-01
0.000000000000000000e+00
8.133333333333333526e-01
1.866666666666666474e-01
6.666666666666666574e-02
2.999999999999999889e-02
8.333333333333332871e-02
1.266666666666666774e-01
5.000000000000000971e-02
4.233333333333333393e-01
7.000000000000000666e-02
9.866666666666666918e-01
1.466666666666666952e-01
1.000000000000000194e-01
7.666666666666667462e-02
7.833333333333333259e-01
1.333333333333333419e-02
7.333333333333333370e-02
3.666666666666667379e-02
1.300000000000000044e-01
1.399999999999999856e-01
5.666666666666667074e-02
1.199999999999999956e-01
1.766666666666666663e-01
2.600000000000000089e-01
5.200000000000000178e-01
6.333333333333333870e-02
2.333333333333333440e-02
0.000000000000000000e+00
3.666666666666665991e-02
2.000000000000000389e-01
2.533333333333333548e-01
1.666666666666666644e-02
1.166666666666666546e-01
6.666666666666667095e-03
1.433333333333333126e-01
3.666666666666666685e-02
1.000000000000000021e-02
8.333333333333332871e-02
0.000000000000000000e+00
4.999999999999999584e-02
2.466666666666666730e-01
6.333333333333333870e-02
0.000000000000000000e+00
9.100000000000000311e-01
7.000000000000000666e-01
3.466666666666666785e-01
6.766666666666666385e-01
1.339999999999999858e+00
