5.666666666666666519e-01
3.500000000000000333e-01
2.833333333333333259e-01
2.733333333333333171e-01
1.766666666666666663e-01
2.066666666666666652e-01
3.966666666666666674e-01
1.290000000000000036e+00
3.200000000000000067e-01
2.166666666666666741e-01
2.043333333333333446e+00
1.133333333333333304e+00
3.333333333333333287e-02
1.133333333333333276e-01
8.000000000000001554e-01
4.066666666666667318e-01
1.800000000000000211e-01
3.333333333333333547e-03
8.033333333333333437e-01
8.866666666666667140e-01
4.033333333333333215e-01
0.000000000000000000e+00
9.333333333333333759e-02
1.166666666666666824e-01
3.333333333333333547e-03
0.000000000000000000e+00
9.333333333333333759e-02
6.166666666666666963e-01
2.366666666666666641e-01
2.433333333333333182e-01
3.099999999999999978e-01
1.633333333333333304e-01
9.666666666666667851e-02
3.033333333333333437e-01
3.200000000000000067e-01
9.233333333333333393e-01
1.399999999999999856e-01
7.000000000000000666e-02
4.199999999999999845e-01
1.800000000000000211e-01
3.933333333333333681e-01
2.133333333333333470e-01
0.000000000000000000e+00
7.000000000000000666e-02
1.163333333333333330e+00
1.333333333333333419e-02
4.433333333333333570e-01
7.266666666666665719e-01
4.333333333333333481e-02
0.000000000000000000e+00
2.700000000000000178e-01
7.500000000000000000e-01
5.333333333333333676e-02
1.566666666666666485e-01
1.159999999999999920e+00
1.499999999999999944e-01
9.333333333333333759e-02
1.000000000000000021e-02
8.666666666666666963e-02
3.833333333333333037e-01
1.333333333333333419e-02
0.000000000000000000e+00
6.666666666666667095e-03
1.570000000000000062e+00
3.333333333333333287e-02
0.000000000000000000e+00
1.113333333333333508e+00
2.466666666666666730e-01
9.033333333333333215e-01
4.000000000000000083e-02
2.466666666666666730e-01
5.366666666666667362e-01
0.000000000000000000e+00
0.000000000000000000e+00
3.966666666666666674e-01
9.000000000000001055e-02
6.666666666666667095e-03
1.156666666666666732e+00
0.000000000000000000e+00
3.300000000000000155e-01
2.000000000000000042e-02
0.000000000000000000e+00
0.000000000000000000e+00
1.333333333333333315e-01
2.066666666666666652e-01
8.333333333333332871e-02
3.899999999999999578e-01
1.066666666666666735e-01
9.666666666666667851e-01
1.366666666666666863e-01
6.500000000000000222e-01
3.499999999999999223e-01
3.666666666666667379e-02
8.599999999999999867e-01
9.000000000000001055e-02
0.000000000000000000e+00
0.000000000000000000e+00
5.833333333333333703e-01
3.333333333333333547e-03
0.000000000000000000e+00
8.866666666666667140e-01
4.733333333333333282e-01
1.163333333333333330e+00
3.333333333333333287e-02
2.666666666666666838e-02
1.333333333333333419e-02
8.433333333333332682e-01
8.900000000000000133e-01
3.333333333333333547e-03
2.000000000000000042e-02
3.333333333333333547e-03
4.000000000000000083e-02
1.600000000000000033e-01
3.000000000000000444e-01
6.633333333333332194e-01
9.000000000000001055e-02
4.666666666666666186e-01
3.800000000000000600e-01
0.000000000000000000e+00
1.066666666666666735e-01
1.466666666666666674e-01
2.000000000000000042e-02
0.000000000000000000e+00
1.399999999999999856e-01
1.733333333333333393e-01
3.333333333333333547e-03
3.433333333333333237e-01
1.099999999999999867e+00
8.133333333333333526e-01
2.866666666666666252e-01
5.766666666666666607e-01
1.933333333333333570e-01
9.999999999999999167e-02
1.290000000000000036e+00
6.666666666666667095e-03
1.600000000000000033e-01
0.000000000000000000e+00
3.666666666666667379e-02
0.000000000000000000e+00
0.000000000000000000e+00
5.766666666666666607e-01
2.033333333333333381e-01
1.383333333333333526e+00
1.743333333333333179e+00
2.299999999999999822e-01
7.666666666666666075e-02
4.966666666666666452e-01
6.833333333333332371e-01
1.366666666666666585e-01
1.233333333333333365e-01
2.700000000000000622e+00
5.333333333333333676e-02
3.600000000000000422e-01
1.356666666666666687e+00
1.300000000000000044e-01
0.000000000000000000e+00
4.000000000000000083e-02
0.000000000000000000e+00
7.000000000000000666e-02
2.133333333333333470e-01
1.433333333333333404e-01
3.499999999999999223e-01
1.466666666666666952e-01
2.333333333333333440e-02
1.333333333333333419e-02
4.733333333333333282e-01
1.433333333333333404e-01
6.000000000000000472e-02
4.666666666666667296e-01
2.000000000000000042e-02
4.633333333333333748e-01
2.466666666666666730e-01
5.999999999999999778e-02
1.899999999999999745e-01
7.000000000000000666e-02
0.000000000000000000e+00
1.666666666666666574e-01
7.000000000000000666e-02
9.000000000000001055e-02
7.666666666666666075e-02
1.966666666666666841e-01
1.966666666666666841e-01
3.666666666666666685e-02
1.316666666666666652e+00
5.566666666666666430e-01
4.500000000000000111e-01
0.000000000000000000e+00
0.000000000000000000e+00
3.000000000000000236e-02
0.000000000000000000e+00
1.333333333333333315e-01
8.000000000000000167e-02
4.000000000000000083e-02
1.000000000000000021e-02
5.666666666666666380e-02
1.666666666666666574e-01
1.800000000000000211e-01
7.033333333333334769e-01
3.666666666666666685e-02
5.666666666666667074e-02
8.033333333333333437e-01
0.000000000000000000e+00
2.333333333333333093e-01
1.936666666666666758e+00
0.000000000000000000e+00
1.566666666666666485e-01
9.233333333333333393e-01
3.933333333333333126e-01
4.199999999999999845e-01
6.666666666666666574e-02
1.733333333333333393e-01
1.666666666666666644e-02
4.333333333333333481e-02
8.000000000000000167e-02
2.466666666666666730e-01
2.999999999999999889e-02
0.000000000000000000e+00
2.266666666666666552e-01
5.666666666666666380e-02
1.000000000000000021e-02
0.000000000000000000e+00
5.333333333333334370e-02
6.666666666666667095e-03
0.000000000000000000e+00
3.333333333333333547e-03
1.066666666666666652e+00
8.566666666666667984e-01
0.000000000000000000e+00
1.026666666666666616e+00
6.666666666666667095e-03
7.000000000000000666e-01
2.999999999999999889e-02
4.900000000000000466e-01
3.600000000000000422e-01
1.366666666666666474e+00
5.999999999999999778e-02
1.000000000000000021e-02
4.966666666666666452e-01
2.566666666666666541e-01
2.700000000000000178e-01
4.000000000000000083e-02
1.303333333333333455e+00
2.166666666666666463e-01
2.433333333333333182e-01
1.800000000000000211e-01
1.666666666666666574e-01
1.166666666666666741e+00
3.366666666666666696e-01
2.533333333333333548e-01
0.000000000000000000e+00
6.333333333333333870e-02
1.000000000000000021e-02
2.700000000000000178e-01
0.000000000000000000e+00
6.099999999999999867e-01
6.666666666666667095e-03
4.799999999999999822e-01
1.199999999999999956e-01
1.356666666666666687e+00
2.733333333333333726e-01
2.183333333333333126e+00
5.333333333333333676e-02
1.066666666666666652e+00
0.000000000000000000e+00
2.999999999999999889e-02
1.833333333333333204e-01
5.666666666666667074e-02
1.669999999999999929e+00
7.333333333333334758e-02
4.400000000000000022e-01
1.000000000000000021e-02
3.899999999999999578e-01
6.666666666666667095e-03
4.899999999999999911e-01
1.500000000000000222e-01
1.566666666666666763e-01
1.700000000000000122e-01
1.139999999999999902e+00
7.000000000000000666e-02
1.066666666666666735e-01
0.000000000000000000e+00
2.700000000000000178e-01
0.000000000000000000e+00
4.000000000000000083e-02
5.333333333333333676e-02
1.300000000000000044e-01
3.333333333333333287e-02
1.753333333333333188e+00
8.333333333333332871e-02
1.366666666666666863e-01
1.700000000000000122e-01
1.666666666666666644e-02
0.000000000000000000e+00
1.333333333333333419e-02
2.633333333333333637e-01
2.999999999999999889e-02
1.100000000000000006e-01
1.266666666666666774e-01
2.666666666666666838e-02
1.066666666666666735e-01
6.666666666666667095e-03
2.466666666666666730e-01
2.233333333333333004e-01
9.666666666666666463e-02
6.833333333333332371e-01
3.766666666666666496e-01
1.433333333333333404e-01
4.666666666666666186e-01
6.166666666666666963e-01
1.646666666666666723e+00
3.666666666666666963e-01
1.466666666666666397e-01
3.666666666666666963e-01
0.000000000000000000e+00
0.000000000000000000e+00
6.666666666666667095e-03
8.333333333333332871e-02
3.333333333333333547e-03
3.666666666666667379e-02
1.000000000000000021e-02
7.333333333333333925e-01
