1.079999999999999849e+00
9.000000000000000222e-01
8.333333333333332871e-02
1.463333333333333153e+00
8.666666666666666963e-02
1.459999999999999964e+00
8.766666666666665941e-01
1.933333333333333293e-01
1.453333333333333366e+00
3.466666666666666785e-01
8.566666666666665764e-01
8.666666666666666963e-02
6.466666666666666119e-01
2.399999999999999911e-01
1.666666666666666644e-02
0.000000000000000000e+00
4.366666666666667029e-01
2.000000000000000042e-02
3.799999999999999489e-01
0.000000000000000000e+00
7.233333333333332726e-01
1.300000000000000044e+00
1.333333333333333419e-02
1.036666666666666847e+00
7.000000000000000666e-02
2.529999999999999805e+00
7.133333333333332638e-01
4.799999999999999822e-01
2.333333333333333093e-02
2.500000000000000000e-01
2.333333333333333093e-02
6.666666666666667095e-03
5.233333333333333171e-01
2.333333333333333440e-02
1.166666666666666824e-01
4.666666666666666879e-02
6.766666666666667496e-01
1.433333333333333404e-01
8.000000000000000167e-02
3.733333333333333504e-01
9.166666666666666297e-01
1.666666666666666644e-02
1.766666666666666663e-01
1.666666666666666644e-02
4.733333333333333282e-01
2.800000000000000266e-01
1.850000000000000311e+00
2.810000000000000053e+00
8.666666666666666963e-01
2.380000000000000338e+00
6.633333333333333304e-01
4.333333333333333481e-02
7.866666666666666252e-01
1.326666666666666661e+00
1.456666666666666776e+00
3.133333333333332971e-01
2.466666666666666730e-01
4.433333333333333570e-01
7.666666666666667462e-02
2.000000000000000042e-02
1.666666666666666644e-02
4.299999999999999933e-01
7.666666666666667462e-02
2.433333333333333182e-01
1.199999999999999956e-01
1.800000000000000211e-01
9.466666666666666563e-01
1.533333333333333215e-01
3.566666666666666319e-01
9.666666666666666463e-02
4.166666666666666852e-01
3.666666666666667379e-02
4.000000000000000083e-02
4.033333333333333215e-01
0.000000000000000000e+00
1.213333333333333153e+00
2.299999999999999822e-01
2.000000000000000042e-02
1.379999999999999893e+00
9.533333333333332549e-01
6.666666666666666574e-02
1.433333333333333404e-01
3.266666666666666607e-01
0.000000000000000000e+00
1.866666666666666474e-01
6.666666666666667095e-03
5.866666666666667806e-01
3.333333333333333287e-02
4.000000000000000083e-02
4.700000000000000289e-01
6.833333333333332371e-01
2.600000000000000089e-01
8.166666666666667629e-01
7.933333333333333348e-01
2.666666666666666838e-02
5.766666666666666607e-01
1.666666666666666644e-02
1.733333333333333393e-01
2.333333333333333093e-01
1.999999999999999833e-01
1.540000000000000036e+00
5.633333333333333526e-01
3.066666666666666985e-01
6.199999999999999956e-01
5.999999999999999778e-02
5.333333333333333676e-02
1.166666666666666546e-01
2.399999999999999911e-01
1.476666666666666572e+00
4.099999999999999756e-01
1.000000000000000000e+00
9.466666666666666563e-01
1.119999999999999885e+00
1.103333333333333277e+00
1.276666666666666616e+00
1.100000000000000006e-01
7.133333333333333748e-01
6.666666666666666297e-01
1.683333333333333348e+00
9.333333333333333759e-02
8.000000000000000167e-02
7.000000000000000666e-02
1.100000000000000006e-01
3.333333333333333547e-03
3.333333333333333287e-02
1.000000000000000021e-02
1.333333333333333419e-02
5.000000000000000000e-01
2.233333333333333004e-01
2.900000000000000355e-01
1.969999999999999751e+00
1.410000000000000142e+00
1.300000000000000044e-01
4.666666666666666879e-02
4.666666666666666879e-02
7.666666666666667462e-02
6.099999999999999867e-01
6.633333333333333304e-01
4.433333333333333015e-01
1.800000000000000211e-01
9.666666666666667851e-02
1.433333333333333126e-01
3.200000000000000067e-01
4.000000000000000083e-02
1.333333333333333315e-01
5.033333333333332993e-01
2.466666666666666730e-01
2.933333333333333570e+00
