3.766666666666666496e-01
6.999999999999999278e-02
9.999999999999999167e-02
2.133333333333333470e-01
2.033333333333333381e-01
3.733333333333333504e-01
1.290000000000000036e+00
3.066666666666666985e-01
5.999999999999999778e-02
4.633333333333333193e-01
7.000000000000000666e-02
8.666666666666666963e-02
1.316666666666666652e+00
1.083333333333333259e+00
3.999999999999999667e-01
1.966666666666666563e-01
2.600000000000000089e-01
3.099999999999999978e-01
1.066666666666666735e-01
0.000000000000000000e+00
2.999999999999999889e-02
1.233333333333333365e-01
5.066666666666667096e-01
1.633333333333333304e-01
1.333333333333333419e-02
1.266666666666666774e-01
3.000000000000000236e-02
5.333333333333333676e-02
2.333333333333333440e-02
1.933333333333333293e-01
4.000000000000000083e-02
0.000000000000000000e+00
0.000000000000000000e+00
1.633333333333333304e-01
6.333333333333333870e-02
8.000000000000000167e-02
1.333333333333333419e-02
1.999999999999999833e-01
2.300000000000000100e-01
8.666666666666666963e-02
8.900000000000000133e-01
0.000000000000000000e+00
2.366666666666666641e-01
1.666666666666666644e-02
4.333333333333333481e-02
2.866666666666666807e-01
3.466666666666666785e-01
4.133333333333333304e-01
1.043333333333333224e+00
6.266666666666665941e-01
1.266666666666666774e-01
2.333333333333333093e-01
7.333333333333334758e-02
2.000000000000000042e-02
9.000000000000001055e-02
2.933333333333333348e-01
1.033333333333333326e-01
9.000000000000000222e-01
3.233333333333333059e-01
2.600000000000000089e-01
1.766666666666666663e-01
5.200000000000000178e-01
5.799999999999999600e-01
4.433333333333333570e-01
2.166666666666666741e-01
1.099999999999999867e-01
2.500000000000000000e-01
1.866666666666666752e-01
4.200000000000000955e-01
7.466666666666667007e-01
1.036666666666666625e+00
4.600000000000000200e-01
1.769999999999999796e+00
6.999999999999998446e-01
3.966666666666666674e-01
1.766666666666666663e-01
2.399999999999999911e-01
9.999999999999999167e-02
5.333333333333333676e-02
5.833333333333333703e-01
4.999999999999999584e-02
9.666666666666666463e-02
1.466666666666666674e-01
1.433333333333333404e-01
8.333333333333332871e-02
7.600000000000001199e-01
7.866666666666666252e-01
1.233333333333333365e-01
1.666666666666666644e-02
1.533333333333333215e-01
1.466666666666666674e-01
2.333333333333333440e-02
0.000000000000000000e+00
4.333333333333333481e-02
6.333333333333333870e-02
9.899999999999998801e-01
2.066666666666666929e-01
2.999999999999999889e-02
3.666666666666667379e-02
7.333333333333334758e-02
4.999999999999999584e-02
0.000000000000000000e+00
2.600000000000000089e-01
3.666666666666667379e-02
5.666666666666667074e-02
3.333333333333333547e-03
1.199999999999999956e-01
2.333333333333333440e-02
7.333333333333333370e-02
2.333333333333333440e-02
3.666666666666665991e-02
1.666666666666666574e-01
1.133333333333333415e-01
1.099999999999999867e+00
0.000000000000000000e+00
4.500000000000000111e-01
2.333333333333333440e-02
6.666666666666666574e-02
6.333333333333333870e-02
1.266666666666666774e-01
2.299999999999999822e-01
8.666666666666666963e-01
7.299999999999999822e-01
1.566666666666666485e-01
2.466666666666666730e-01
2.333333333333333093e-02
3.333333333333333287e-02
2.866666666666666252e-01
8.033333333333333437e-01
3.033333333333332882e-01
1.403333333333333321e+00
4.233333333333333393e-01
1.233333333333333365e-01
2.433333333333333182e-01
5.000000000000000000e-01
4.400000000000000022e-01
8.100000000000000533e-01
1.600000000000000033e-01
1.333333333333333315e-01
1.766666666666666663e-01
1.499999999999999944e-01
1.100000000000000006e-01
5.600000000000000533e-01
1.216666666666666563e+00
6.000000000000000472e-02
4.433333333333333570e-01
