1.283333333333333437e+00
1.466666666666666674e-01
2.700000000000000178e-01
2.999999999999999889e-02
3.533333333333333326e-01
1.340000000000000080e+00
8.300000000000000711e-01
1.333333333333333419e-02
1.333333333333333419e-02
1.966666666666666563e-01
9.000000000000001055e-02
4.766666666666666274e-01
1.589999999999999858e+00
1.370000000000000107e+00
5.699999999999999512e-01
7.733333333333333171e-01
4.099999999999999756e-01
8.333333333333332871e-02
1.133333333333333276e-01
0.000000000000000000e+00
9.666666666666667851e-02
6.000000000000000472e-02
2.083333333333333481e+00
5.333333333333333676e-02
4.366666666666667029e-01
5.533333333333333437e-01
4.400000000000000022e-01
1.976666666666666572e+00
3.033333333333333437e-01
3.099999999999999978e-01
1.600000000000000311e+00
1.066666666666666735e-01
5.333333333333333676e-02
0.000000000000000000e+00
2.666666666666666838e-02
0.000000000000000000e+00
2.333333333333333440e-02
1.166666666666666824e-01
2.333333333333333440e-02
2.066666666666666652e-01
6.666666666666667095e-03
1.580000000000000071e+00
4.999999999999999584e-02
4.333333333333333481e-02
5.333333333333333676e-02
6.999999999999999278e-02
3.600000000000000422e-01
2.333333333333333093e-02
1.000000000000000021e-02
6.666666666666666574e-02
8.333333333333332871e-02
1.766666666666666663e-01
8.666666666666666963e-02
1.300000000000000044e-01
3.333333333333333547e-03
2.233333333333333004e-01
1.263333333333333419e+00
2.613333333333333286e+00
3.466666666666666785e-01
1.433333333333333404e-01
2.200000000000000011e-01
9.333333333333333759e-02
2.000000000000000042e-02
5.666666666666667074e-02
5.333333333333333676e-02
2.899999999999999800e-01
9.666666666666667851e-02
1.266666666666666774e-01
8.266666666666666607e-01
5.300000000000000266e-01
1.566666666666666763e-01
3.666666666666666685e-02
1.600000000000000033e-01
1.000000000000000021e-02
3.333333333333333287e-02
0.000000000000000000e+00
0.000000000000000000e+00
0.000000000000000000e+00
2.200000000000000011e-01
2.666666666666666630e-01
1.903333333333333321e+00
1.033333333333333465e-01
2.666666666666666630e-01
3.333333333333333287e-02
1.423333333333333561e+00
2.233333333333333004e-01
9.333333333333333759e-02
6.400000000000000133e-01
1.966666666666666841e-01
1.533333333333333492e-01
1.433333333333333404e-01
3.666666666666667379e-02
2.099999999999999922e-01
1.366666666666666863e-01
1.666666666666666644e-02
0.000000000000000000e+00
0.000000000000000000e+00
4.333333333333333481e-02
1.000000000000000194e-01
1.000000000000000194e-01
2.433333333333333182e-01
1.133333333333333276e-01
2.366666666666666918e-01
2.666666666666666630e-01
2.000000000000000042e-02
1.033333333333333326e-01
0.000000000000000000e+00
4.400000000000000022e-01
6.666666666666667095e-03
2.333333333333333440e-02
1.000000000000000021e-02
5.899999999999999689e-01
2.333333333333333440e-02
9.666666666666667851e-01
6.000000000000000472e-02
9.366666666666666474e-01
4.133333333333333304e-01
4.466666666666667118e-01
4.400000000000000022e-01
1.633333333333333304e-01
6.333333333333333870e-02
4.566666666666666097e-01
6.433333333333332016e-01
8.666666666666666963e-02
3.499999999999999223e-01
5.000000000000000000e-01
0.000000000000000000e+00
1.633333333333333304e-01
8.000000000000000167e-02
1.536666666666666847e+00
1.999999999999999833e-01
1.733333333333333393e-01
1.866666666666666752e-01
8.666666666666666963e-02
6.666666666666666574e-02
6.666666666666666574e-02
1.933333333333333570e-01
4.499999999999999556e-01
0.000000000000000000e+00
1.179999999999999938e+00
2.566666666666666541e-01
4.833333333333333370e-01
1.166666666666666546e-01
1.333333333333333419e-02
6.066666666666667984e-01
4.233333333333333393e-01
9.066666666666666208e-01
1.499999999999999944e-01
2.433333333333333182e-01
6.266666666666667052e-01
2.999999999999999889e-02
1.033333333333333326e-01
1.300000000000000044e-01
1.166666666666666546e-01
4.500000000000000111e-01
1.000000000000000021e-02
0.000000000000000000e+00
3.666666666666666963e-01
4.999999999999999584e-02
9.000000000000001055e-02
1.733333333333333393e-01
2.000000000000000042e-02
5.200000000000000178e-01
5.666666666666666519e-01
2.800000000000000266e-01
9.999999999999999167e-02
1.000000000000000194e-01
2.533333333333333548e-01
8.866666666666667140e-01
4.433333333333333015e-01
0.000000000000000000e+00
2.333333333333333093e-01
2.000000000000000042e-02
4.333333333333333481e-02
5.200000000000000178e-01
5.999999999999999778e-02
1.666666666666666574e-01
4.333333333333333481e-02
1.300000000000000044e-01
6.266666666666667052e-01
3.466666666666666785e-01
5.333333333333333676e-02
3.566666666666666319e-01
1.233333333333333365e-01
1.999999999999999833e-01
2.500000000000000000e-01
6.333333333333333870e-02
1.393333333333333313e+00
2.600000000000000089e-01
1.333333333333333419e-02
1.370000000000000107e+00
3.099999999999999978e-01
9.433333333333333570e-01
1.533333333333333215e-01
1.633333333333333304e-01
4.000000000000000083e-02
9.000000000000000222e-01
3.666666666666666685e-02
2.933333333333332793e-01
2.833333333333333814e-01
1.183333333333333348e+00
3.033333333333332882e-01
3.000000000000000444e-01
4.733333333333333282e-01
1.066666666666666735e-01
7.099999999999999645e-01
