6.433333333333334236e-01
2.633333333333333637e-01
4.199999999999999289e-01
6.800000000000000488e-01
4.633333333333333748e-01
7.599999999999998979e-01
2.533333333333333548e-01
5.000000000000000971e-02
1.583333333333333259e+00
7.966666666666667451e-01
1.066666666666666735e-01
2.733333333333333726e-01
7.399999999999998801e-01
1.000000000000000021e-02
8.333333333333332871e-02
1.500000000000000222e-01
1.033333333333333326e-01
6.666666666666667095e-03
1.133333333333333415e-01
4.666666666666666879e-02
4.799999999999999822e-01
3.166666666666666519e-01
2.533333333333333548e-01
2.733333333333333171e-01
1.533333333333333215e-01
9.000000000000001055e-02
3.433333333333333237e-01
4.133333333333333304e-01
7.000000000000000666e-02
3.533333333333333326e-01
0.000000000000000000e+00
7.500000000000000000e-01
5.899999999999999689e-01
1.633333333333333304e-01
1.499999999999999944e-01
5.166666666666666075e-01
4.333333333333333481e-01
1.399999999999999856e-01
9.666666666666666741e-01
