2.350000000000000089e+00
1.093333333333333490e+00
6.000000000000000472e-02
6.333333333333333870e-02
1.106666666666666687e+00
2.666666666666666838e-02
3.666666666666666685e-02
9.500000000000000666e-01
1.166666666666666546e-01
0.000000000000000000e+00
6.566666666666667318e-01
1.469999999999999973e+00
1.286666666666666847e+00
3.333333333333333287e-02
1.666666666666666644e-02
6.400000000000000133e-01
0.000000000000000000e+00
3.333333333333333287e-02
6.566666666666667318e-01
1.433333333333333404e-01
1.933333333333333570e-01
9.166666666666666297e-01
