1.256666666666666599e+00
6.199999999999999956e-01
1.533333333333333215e-01
2.066666666666666652e-01
3.333333333333333287e-02
1.233333333333333365e-01
1.066666666666666735e-01
1.100000000000000006e-01
8.399999999999999689e-01
2.533333333333333548e-01
1.793333333333333224e+00
1.233333333333333365e-01
1.700000000000000122e-01
2.899999999999999800e-01
2.099999999999999922e-01
1.336666666666666892e+00
2.666666666666666630e-01
5.666666666666667074e-02
1.199999999999999956e-01
1.499999999999999944e-01
1.303333333333333455e+00
3.133333333333332971e-01
0.000000000000000000e+00
1.506666666666666599e+00
1.833333333333333204e-01
3.099999999999999978e-01
7.366666666666666918e-01
2.466666666666666730e-01
3.433333333333333237e-01
9.033333333333333215e-01
9.366666666666666474e-01
