5.533333333333333437e-01
5.366666666666666252e-01
2.003333333333333410e+00
6.199999999999999956e-01
1.209999999999999964e+00
4.099999999999999756e-01
1.333333333333333315e-01
8.666666666666666963e-02
1.003333333333333188e+00
1.499999999999999944e-01
6.666666666666666574e-02
7.666666666666666075e-01
2.533333333333333548e-01
4.666666666666666879e-02
2.333333333333333440e-02
4.000000000000000083e-02
8.433333333333332682e-01
4.333333333333333481e-02
1.666666666666666644e-02
9.100000000000000311e-01
4.666666666666666186e-01
1.503333333333333188e+00
3.333333333333333287e-02
5.666666666666666380e-02
7.433333333333332904e-01
2.166666666666666741e-01
1.000000000000000021e-02
7.333333333333334758e-02
2.833333333333333259e-01
3.666666666666666685e-02
3.333333333333333547e-03
1.033333333333333326e-01
1.129999999999999893e+00
1.933333333333333293e-01
1.149999999999999911e+00
1.073333333333333250e+00
1.333333333333333315e-01
1.246666666666666812e+00
5.566666666666666430e-01
2.433333333333333182e-01
2.166666666666666741e-01
4.333333333333333481e-01
9.666666666666666463e-02
2.399999999999999911e-01
4.633333333333333748e-01
5.633333333333333526e-01
7.033333333333334769e-01
1.666666666666666574e-01
5.999999999999999778e-02
2.266666666666666552e-01
5.499999999999999334e-01
1.000000000000000021e-02
2.999999999999999889e-02
1.033333333333333326e-01
0.000000000000000000e+00
1.000000000000000021e-02
1.300000000000000044e-01
0.000000000000000000e+00
1.000000000000000021e-02
1.333333333333333419e-02
6.666666666666666574e-02
1.000000000000000021e-02
2.999999999999999889e-02
6.233333333333334059e-01
8.000000000000000167e-02
3.333333333333333287e-02
1.666666666666666574e-01
1.000000000000000021e-02
1.333333333333333419e-02
1.000000000000000021e-02
2.033333333333333381e-01
1.266666666666666774e-01
3.333333333333333287e-02
4.333333333333333481e-02
1.366666666666666585e-01
7.333333333333333370e-02
1.086666666666666670e+00
1.466666666666666952e-01
5.999999999999999778e-02
5.200000000000000178e-01
