6.666666666666666297e-01
2.399999999999999911e-01
2.666666666666666630e-01
0.000000000000000000e+00
9.433333333333333570e-01
1.266666666666666607e+00
1.333333333333333419e-02
3.633333333333332860e-01
5.999999999999999778e-02
6.699999999999999289e-01
1.399999999999999856e-01
3.600000000000000422e-01
0.000000000000000000e+00
1.333333333333333419e-02
1.333333333333333419e-02
5.666666666666667074e-02
3.333333333333333547e-03
5.333333333333333676e-02
5.899999999999999689e-01
5.666666666666667074e-02
0.000000000000000000e+00
1.533333333333333215e-01
5.799999999999999600e-01
2.999999999999999889e-02
6.666666666666666574e-02
6.666666666666667095e-03
4.999999999999999584e-02
7.366666666666666918e-01
6.666666666666667095e-03
1.000000000000000194e-01
3.666666666666666685e-02
3.666666666666666685e-02
1.066666666666666735e-01
1.300000000000000044e-01
9.000000000000001055e-02
1.410000000000000142e+00
8.399999999999999689e-01
9.666666666666667851e-02
3.133333333333332971e-01
1.026666666666666616e+00
5.566666666666666430e-01
1.616666666666666474e+00
3.099999999999999978e-01
6.666666666666667095e-03
1.466666666666666952e-01
1.566666666666666485e-01
9.000000000000001055e-02
3.333333333333333287e-02
1.033333333333333326e-01
1.199999999999999956e-01
1.400000000000000133e-01
8.666666666666666963e-02
7.000000000000000666e-02
1.100000000000000006e-01
5.966666666666666785e-01
1.059999999999999831e+00
1.266666666666666774e-01
3.800000000000000600e-01
8.499999999999999778e-01
1.486666666666666581e+00
1.233333333333333365e-01
6.333333333333333870e-02
1.499999999999999944e-01
1.000000000000000194e-01
1.186666666666666758e+00
5.000000000000000971e-02
2.999999999999999889e-02
6.666666666666666574e-02
9.999999999999999167e-02
2.366666666666666641e-01
2.600000000000000089e-01
3.333333333333333287e-02
2.666666666666666838e-02
1.499999999999999944e-01
2.466666666666666730e-01
6.666666666666667095e-03
1.433333333333333404e-01
9.666666666666667851e-02
1.333333333333333315e-01
2.000000000000000042e-02
9.000000000000001055e-02
6.333333333333333870e-02
4.533333333333333659e-01
2.233333333333333004e-01
1.866666666666666752e-01
6.666666666666666574e-02
8.666666666666666963e-02
3.166666666666666519e-01
2.099999999999999922e-01
1.790000000000000036e+00
1.383333333333333526e+00
1.066666666666666735e-01
4.633333333333333748e-01
7.699999999999999067e-01
2.333333333333333093e-02
1.133333333333333276e-01
1.010000000000000009e+00
6.166666666666666963e-01
1.000000000000000021e-02
3.000000000000000236e-02
1.766666666666666663e-01
1.133333333333333276e-01
1.533333333333333215e-01
2.033333333333333381e-01
2.700000000000000178e-01
3.066666666666666430e-01
0.000000000000000000e+00
0.000000000000000000e+00
1.000000000000000021e-02
1.333333333333333419e-02
1.099999999999999867e-01
1.566666666666666485e-01
4.833333333333333925e-01
8.666666666666666963e-02
0.000000000000000000e+00
1.799999999999999822e+00
2.133333333333333470e-01
7.533333333333334103e-01
3.233333333333333059e-01
3.666666666666666685e-02
5.333333333333333676e-02
3.333333333333333547e-03
4.999999999999999584e-02
0.000000000000000000e+00
0.000000000000000000e+00
5.000000000000000971e-02
1.186666666666666758e+00
1.433333333333333404e-01
1.726666666666666572e+00
4.166666666666666852e-01
1.269999999999999796e+00
4.666666666666666879e-02
1.090000000000000080e+00
0.000000000000000000e+00
2.199999999999999734e-01
1.023333333333333206e+00
2.000000000000000042e-02
0.000000000000000000e+00
9.666666666666666741e-01
6.666666666666666574e-02
2.999999999999999889e-02
2.000000000000000042e-02
6.999999999999999278e-02
3.333333333333333287e-02
0.000000000000000000e+00
1.000000000000000021e-02
6.666666666666667095e-03
0.000000000000000000e+00
3.233333333333333059e-01
3.666666666666667379e-02
2.866666666666666807e-01
0.000000000000000000e+00
9.999999999999999167e-02
3.000000000000000444e-01
8.666666666666666963e-02
3.333333333333333547e-03
1.033333333333333326e-01
2.399999999999999911e-01
1.499999999999999944e-01
1.333333333333333419e-02
1.043333333333333224e+00
2.883333333333332860e+00
4.899999999999999911e-01
1.126666666666666705e+00
5.100000000000000089e-01
1.000000000000000021e-02
1.746666666666666812e+00
1.743333333333333401e+00
2.133333333333332915e-01
3.766666666666666496e-01
1.466666666666666952e-01
7.799999999999999156e-01
6.333333333333333870e-02
7.233333333333332726e-01
0.000000000000000000e+00
2.666666666666666838e-02
1.000000000000000021e-02
1.666666666666666644e-02
6.999999999999999278e-02
1.433333333333333404e-01
5.366666666666666252e-01
6.333333333333333870e-02
1.166666666666666546e-01
1.233333333333333365e-01
5.933333333333333792e-01
5.999999999999999778e-02
5.333333333333333676e-02
4.666666666666666879e-02
3.433333333333332682e-01
7.633333333333333082e-01
2.666666666666666838e-02
1.266666666666666774e-01
0.000000000000000000e+00
0.000000000000000000e+00
3.333333333333333287e-02
4.000000000000000083e-02
5.333333333333333676e-02
1.343333333333333490e+00
7.900000000000000355e-01
2.066666666666666652e-01
8.700000000000001066e-01
7.833333333333333259e-01
9.166666666666666297e-01
1.369999999999999885e+00
3.066666666666666430e-01
4.666666666666666879e-02
4.999999999999999584e-02
3.433333333333332682e-01
7.666666666666667462e-02
1.400000000000000133e-01
1.300000000000000044e-01
2.866666666666666807e-01
1.199999999999999956e-01
1.166666666666666824e-01
3.166666666666666519e-01
1.866666666666666752e-01
7.533333333333332993e-01
8.366666666666667806e-01
3.566666666666666874e-01
6.900000000000000577e-01
1.133333333333333304e+00
9.233333333333332282e-01
1.733333333333333393e-01
3.333333333333333287e-02
1.300000000000000044e-01
1.733333333333333393e-01
1.876666666666666705e+00
5.333333333333333676e-02
9.666666666666667851e-02
2.999999999999999889e-02
0.000000000000000000e+00
1.499999999999999944e-01
1.300000000000000044e-01
4.333333333333333481e-02
0.000000000000000000e+00
1.533333333333333215e-01
1.633333333333333304e-01
1.333333333333333419e-02
2.999999999999999889e-01
5.666666666666667074e-02
2.666666666666666838e-02
2.666666666666666838e-02
2.999999999999999889e-01
1.000000000000000021e-02
1.196666666666666545e+00
1.466666666666666674e-01
1.233333333333333365e-01
6.666666666666667095e-03
4.666666666666666879e-02
2.366666666666666641e-01
1.600000000000000033e-01
2.056666666666666643e+00
1.156666666666666954e+00
5.666666666666666380e-02
4.066666666666666763e-01
1.119999999999999885e+00
5.333333333333333676e-02
9.000000000000001055e-02
1.063333333333333242e+00
4.099999999999999756e-01
6.666666666666667095e-03
1.666666666666666644e-02
1.099999999999999867e-01
6.333333333333333870e-02
9.666666666666667851e-02
1.266666666666666774e-01
6.333333333333333870e-02
3.333333333333333287e-02
0.000000000000000000e+00
0.000000000000000000e+00
0.000000000000000000e+00
0.000000000000000000e+00
5.333333333333333676e-02
1.166666666666666546e-01
5.233333333333333171e-01
2.133333333333332915e-01
1.600000000000000033e-01
1.606666666666666687e+00
1.800000000000000211e-01
4.633333333333333193e-01
2.833333333333332704e-01
2.000000000000000042e-02
4.000000000000000083e-02
0.000000000000000000e+00
1.333333333333333419e-02
4.333333333333333481e-02
0.000000000000000000e+00
7.000000000000000666e-02
2.063333333333333020e+00
1.600000000000000033e-01
2.106666666666666465e+00
3.200000000000000067e-01
6.199999999999999956e-01
8.666666666666666963e-02
1.110000000000000098e+00
0.000000000000000000e+00
3.333333333333333148e-01
1.516666666666666607e+00
4.000000000000000083e-02
0.000000000000000000e+00
1.083333333333333259e+00
1.266666666666666774e-01
2.333333333333333440e-02
4.000000000000000083e-02
3.333333333333333287e-02
1.666666666666666644e-02
3.333333333333333547e-03
0.000000000000000000e+00
3.333333333333333547e-03
4.333333333333333481e-02
3.833333333333333037e-01
1.399999999999999856e-01
1.466666666666666674e-01
0.000000000000000000e+00
1.933333333333333293e-01
1.000000000000000194e-01
3.333333333333333287e-02
0.000000000000000000e+00
0.000000000000000000e+00
1.766666666666666663e-01
1.833333333333333481e-01
9.333333333333333759e-02
2.999999999999999889e-01
3.206666666666666998e+00
