2.433333333333333182e-01
6.066666666666665764e-01
1.933333333333333293e-01
1.900000000000000300e-01
1.733333333333333393e-01
8.133333333333333526e-01
1.999999999999999833e-01
6.666666666666666574e-02
2.366666666666666641e-01
6.433333333333332016e-01
1.073333333333333250e+00
0.000000000000000000e+00
3.333333333333333547e-03
5.233333333333333171e-01
2.999999999999999889e-02
3.333333333333333547e-03
3.566666666666666874e-01
2.486666666666666359e+00
7.666666666666666075e-02
1.333333333333333419e-02
9.900000000000001021e-01
1.743333333333333401e+00
1.866666666666666474e-01
7.999999999999999334e-01
3.166666666666666519e-01
3.000000000000000444e-01
4.899999999999999911e-01
5.233333333333333171e-01
3.333333333333333287e-02
4.633333333333333748e-01
8.800000000000000044e-01
6.999999999999999278e-02
1.633333333333333304e-01
4.199999999999999845e-01
3.366666666666666696e-01
1.300000000000000044e-01
1.326666666666666661e+00
9.400000000000000577e-01
1.253333333333333410e+00
1.266666666666666774e-01
7.000000000000000666e-02
9.833333333333333925e-01
5.833333333333333703e-01
8.000000000000000167e-02
0.000000000000000000e+00
2.899999999999999800e-01
1.496666666666666812e+00
0.000000000000000000e+00
0.000000000000000000e+00
4.666666666666666186e-02
4.000000000000000083e-02
4.000000000000000083e-02
6.666666666666666574e-02
2.433333333333333182e-01
4.266666666666666941e-01
5.666666666666667074e-02
3.600000000000000422e-01
5.566666666666666430e-01
9.699999999999998623e-01
7.566666666666664876e-01
1.833333333333333481e-01
6.933333333333333570e-01
6.999999999999999278e-02
8.333333333333332871e-02
6.333333333333333870e-02
1.666666666666666644e-02
6.333333333333333870e-02
1.900000000000000300e-01
0.000000000000000000e+00
1.666666666666666644e-02
1.000000000000000194e-01
7.500000000000000000e-01
5.333333333333333676e-02
1.533333333333333492e-01
4.400000000000000022e-01
1.983333333333333171e+00
2.900000000000000355e-01
4.266666666666666941e-01
3.166666666666667074e-01
7.900000000000000355e-01
1.966666666666666785e+00
7.133333333333333748e-01
3.566666666666666874e-01
3.666666666666666963e-01
3.666666666666666963e-01
1.290000000000000036e+00
1.146666666666666723e+00
1.333333333333333315e-01
3.766666666666666496e-01
9.999999999999999167e-02
1.866666666666666752e-01
6.433333333333334236e-01
0.000000000000000000e+00
2.333333333333333440e-02
3.133333333333333526e-01
7.333333333333333370e-02
3.000000000000000236e-02
1.063333333333333242e+00
9.900000000000001021e-01
2.233333333333333559e-01
2.466666666666666730e-01
4.166666666666666852e-01
1.406666666666666510e+00
7.333333333333333370e-02
6.533333333333333215e-01
8.000000000000000167e-02
1.066666666666666735e-01
2.099999999999999922e-01
8.033333333333333437e-01
0.000000000000000000e+00
9.666666666666666463e-02
6.900000000000000577e-01
2.999999999999999889e-02
2.000000000000000042e-02
2.366666666666666641e-01
8.666666666666666963e-02
2.000000000000000042e-02
9.100000000000000311e-01
2.833333333333333814e-01
8.700000000000001066e-01
2.733333333333333726e-01
1.566666666666666485e-01
6.166666666666666963e-01
7.533333333333334103e-01
5.333333333333334370e-02
6.666666666666667095e-03
1.433333333333333404e-01
1.156666666666666510e+00
0.000000000000000000e+00
0.000000000000000000e+00
2.333333333333333093e-02
2.000000000000000042e-02
2.666666666666666838e-02
1.366666666666666863e-01
2.233333333333333004e-01
3.433333333333333237e-01
2.000000000000000042e-02
1.833333333333333204e-01
5.666666666666667074e-02
1.166666666666666546e-01
8.833333333333334147e-01
1.033333333333333465e-01
8.333333333333333703e-01
1.366666666666666863e-01
2.999999999999999889e-02
4.666666666666666879e-02
3.333333333333333547e-03
4.666666666666666879e-02
2.133333333333333470e-01
0.000000000000000000e+00
3.666666666666667379e-02
3.666666666666666685e-02
5.699999999999999512e-01
5.666666666666667074e-02
8.333333333333332871e-02
9.666666666666667851e-02
3.733333333333332948e-01
4.999999999999999584e-02
1.000000000000000194e-01
5.599999999999999423e-01
5.866666666666666696e-01
4.146666666666665613e+00
