8.533333333333333881e-01
6.500000000000000222e-01
2.433333333333333182e-01
2.226666666666666572e+00
3.366666666666666696e-01
4.499999999999999556e-01
1.400000000000000133e+00
1.966666666666666563e-01
6.666666666666667095e-03
1.300000000000000044e-01
1.700000000000000122e-01
4.133333333333333304e-01
1.096666666666666679e+00
1.436666666666666536e+00
1.003333333333333410e+00
1.333333333333333419e-02
2.666666666666666838e-02
1.570000000000000062e+00
1.066666666666666735e-01
1.000000000000000021e-02
1.766666666666666663e-01
7.799999999999999156e-01
4.666666666666666879e-02
4.333333333333333481e-02
2.466666666666666730e-01
1.433333333333333404e-01
1.266666666666666774e-01
4.333333333333333481e-02
2.600000000000000089e-01
8.333333333333332871e-02
1.133333333333333415e-01
7.333333333333334758e-02
3.400000000000000244e-01
2.646666666666666501e+00
5.400000000000000355e-01
1.723333333333333384e+00
1.666666666666666574e-01
6.766666666666667496e-01
1.536666666666666847e+00
