2.516666666666666163e+00
2.700000000000000178e-01
1.023333333333333428e+00
2.899999999999999800e-01
4.799999999999999822e-01
8.666666666666666963e-02
1.553333333333333455e+00
4.166666666666666852e-01
9.200000000000000400e-01
1.396666666666666501e+00
2.966666666666666896e-01
9.166666666666666297e-01
4.799999999999999822e-01
1.033333333333333326e-01
2.666666666666666630e-01
7.800000000000001377e-01
4.666666666666666879e-02
1.633333333333333581e-01
2.999999999999999889e-02
3.700000000000000511e-01
1.333333333333333419e-02
1.110000000000000098e+00
2.466666666666666730e-01
1.000000000000000021e-02
4.233333333333333393e-01
2.600000000000000089e-01
8.666666666666666963e-02
5.333333333333333676e-02
2.066666666666666652e-01
9.466666666666666563e-01
1.146666666666666723e+00
4.066666666666666763e-01
4.333333333333333481e-02
7.333333333333334758e-02
1.000000000000000021e-02
6.199999999999999956e-01
1.766666666666666663e-01
8.333333333333332871e-02
1.096666666666666901e+00
4.000000000000000083e-02
3.166666666666667074e-01
3.733333333333333504e-01
1.733333333333333393e-01
3.800000000000000600e-01
5.666666666666666380e-02
2.433333333333333182e-01
1.700000000000000122e-01
7.666666666666667462e-02
6.666666666666666574e-02
7.333333333333331983e-02
2.766666666666666718e-01
1.566666666666666485e-01
6.999999999999999278e-02
1.073333333333333472e+00
2.166666666666666463e-01
2.000000000000000389e-01
1.159999999999999920e+00
4.033333333333333215e-01
2.733333333333333726e-01
4.566666666666666097e-01
3.300000000000000155e-01
1.300000000000000044e-01
3.333333333333333287e-02
4.333333333333333481e-02
3.800000000000000600e-01
0.000000000000000000e+00
2.133333333333333470e-01
4.000000000000000083e-02
7.033333333333332549e-01
3.166666666666667074e-01
1.403333333333333321e+00
8.100000000000000533e-01
5.333333333333333676e-02
2.333333333333333440e-02
1.166666666666666741e+00
6.133333333333333970e-01
1.899999999999999745e-01
4.766666666666667385e-01
4.099999999999999756e-01
9.700000000000000844e-01
4.266666666666665830e-01
4.000000000000000083e-02
1.199999999999999956e-01
0.000000000000000000e+00
3.066666666666666430e-01
0.000000000000000000e+00
6.666666666666666574e-02
2.166666666666666741e-01
7.000000000000000666e-02
9.933333333333332904e-01
1.050000000000000044e+00
6.766666666666667496e-01
5.000000000000000971e-02
5.633333333333333526e-01
1.400000000000000133e-01
2.066666666666666652e-01
1.660000000000000142e+00
9.066666666666667318e-01
3.099999999999999978e-01
3.300000000000000155e-01
1.190000000000000169e+00
1.566666666666666485e-01
1.933333333333333293e-01
2.133333333333333470e-01
3.533333333333333326e-01
6.099999999999999867e-01
3.400000000000000244e-01
5.499999999999999334e-01
5.899999999999999689e-01
1.556666666666666643e+00
3.766666666666666496e-01
2.000000000000000042e-02
4.000000000000000083e-02
1.233333333333333365e-01
1.300000000000000044e-01
0.000000000000000000e+00
0.000000000000000000e+00
4.666666666666666879e-02
3.333333333333333287e-02
3.899999999999999578e-01
1.399999999999999856e-01
5.833333333333333703e-01
7.000000000000000666e-02
2.333333333333333440e-02
3.600000000000000422e-01
2.233333333333333559e-01
6.866666666666666474e-01
8.566666666666667984e-01
3.733333333333333504e-01
9.799999999999999822e-01
2.766666666666666718e-01
1.333333333333333419e-02
3.700000000000000511e-01
0.000000000000000000e+00
9.300000000000000488e-01
0.000000000000000000e+00
7.666666666666666075e-02
2.566666666666666541e-01
8.566666666666665764e-01
1.333333333333333419e-02
8.166666666666667629e-01
1.366666666666666863e-01
3.899999999999999578e-01
8.000000000000000167e-02
1.866666666666666474e-01
4.999999999999999584e-02
9.000000000000000222e-01
1.000000000000000021e-02
1.999999999999999833e-01
4.333333333333333481e-02
2.566666666666667096e-01
5.233333333333333171e-01
1.020000000000000018e+00
6.833333333333332371e-01
3.333333333333333547e-03
1.000000000000000021e-02
1.666666666666666644e-02
9.000000000000001055e-02
8.000000000000000167e-02
3.333333333333333547e-03
2.666666666666666838e-02
1.066666666666666735e-01
8.000000000000000167e-02
0.000000000000000000e+00
1.333333333333333419e-02
7.000000000000000666e-02
1.266666666666666774e-01
0.000000000000000000e+00
1.333333333333333419e-02
4.899999999999999911e-01
8.333333333333332871e-02
7.633333333333333082e-01
8.199999999999999512e-01
0.000000000000000000e+00
3.333333333333333287e-02
3.966666666666666674e-01
3.066666666666666985e-01
1.766666666666666663e-01
2.833333333333333814e-01
3.666666666666667379e-02
1.066666666666666735e-01
2.000000000000000042e-02
1.633333333333333304e-01
9.666666666666667851e-02
1.000000000000000021e-02
8.000000000000000167e-02
0.000000000000000000e+00
4.233333333333333393e-01
0.000000000000000000e+00
6.333333333333333870e-02
2.800000000000000266e-01
5.933333333333333792e-01
1.523333333333333428e+00
2.833333333333333814e-01
9.333333333333333759e-02
1.833333333333333481e-01
8.233333333333332504e-01
2.099999999999999922e-01
2.433333333333333182e-01
1.666666666666666644e-02
3.333333333333333287e-02
2.999999999999999889e-02
1.166666666666666546e-01
2.199999999999999734e-01
0.000000000000000000e+00
3.099999999999999978e-01
9.933333333333332904e-01
1.300000000000000044e-01
3.233333333333333059e-01
2.066666666666666652e-01
3.666666666666666685e-02
1.006666666666666599e+00
3.500000000000000333e-01
4.333333333333333481e-02
3.499999999999999223e-01
4.833333333333333925e-01
2.999999999999999889e-02
1.466666666666666674e-01
2.399999999999999911e-01
0.000000000000000000e+00
8.166666666666667629e-01
2.433333333333333182e-01
1.466666666666666397e-01
4.033333333333333215e-01
0.000000000000000000e+00
1.690000000000000169e+00
2.233333333333333559e-01
1.666666666666666644e-02
1.326666666666666883e+00
0.000000000000000000e+00
4.433333333333333015e-01
0.000000000000000000e+00
2.866666666666666807e-01
0.000000000000000000e+00
3.799999999999999489e-01
2.466666666666666730e-01
1.020000000000000018e+00
2.433333333333333126e+00
