4.933333333333333459e-01
3.133333333333332971e-01
2.733333333333333171e-01
2.966666666666666896e-01
9.933333333333332904e-01
6.400000000000000133e-01
5.666666666666667074e-02
2.699999999999999623e-01
2.299999999999999822e-01
1.583333333333333259e+00
2.016666666666666607e+00
5.400000000000000355e-01
1.196666666666666545e+00
5.466666666666667451e-01
1.000000000000000021e-02
4.333333333333333481e-02
1.793333333333333224e+00
4.299999999999999933e-01
2.399999999999999911e-01
4.099999999999999756e-01
9.666666666666667851e-02
6.333333333333333870e-02
1.633333333333333304e-01
5.033333333333332993e-01
7.600000000000001199e-01
1.133333333333333276e-01
7.333333333333333370e-02
0.000000000000000000e+00
6.666666666666667095e-03
9.533333333333332549e-01
2.999999999999999889e-02
3.333333333333333547e-03
6.333333333333333870e-02
1.596666666666666679e+00
5.033333333333332993e-01
5.999999999999999778e-02
6.666666666666667095e-03
1.593333333333333490e+00
2.006666666666666377e+00
9.100000000000000311e-01
9.333333333333333759e-02
1.499999999999999944e-01
7.700000000000000178e-01
6.666666666666666574e-02
3.333333333333333148e-01
2.200000000000000011e-01
2.999999999999999889e-01
9.333333333333333759e-02
6.666666666666667095e-03
2.666666666666666630e-01
1.666666666666666574e-01
0.000000000000000000e+00
1.933333333333333570e-01
5.666666666666666380e-02
1.666666666666666574e-01
1.000000000000000021e-02
9.966666666666665897e-01
1.370000000000000107e+00
2.833333333333333814e-01
6.466666666666666119e-01
1.199999999999999956e-01
3.733333333333332948e-01
2.666666666666666838e-02
9.466666666666666563e-01
3.066666666666666985e-01
1.000000000000000021e-02
1.000000000000000021e-02
6.500000000000000222e-01
8.599999999999998757e-01
0.000000000000000000e+00
0.000000000000000000e+00
5.866666666666666696e-01
3.333333333333333287e-02
1.933333333333333570e-01
1.333333333333333419e-02
1.000000000000000021e-02
4.833333333333333370e-01
8.900000000000000133e-01
2.566666666666666541e-01
4.333333333333333481e-02
2.566666666666666541e-01
6.366666666666667140e-01
4.333333333333333481e-02
1.833333333333333481e-01
7.000000000000000666e-02
1.399999999999999856e-01
5.333333333333333676e-02
4.333333333333332926e-01
0.000000000000000000e+00
6.666666666666667095e-03
6.133333333333333970e-01
1.333333333333333315e-01
0.000000000000000000e+00
1.000000000000000021e-02
1.496666666666666812e+00
3.600000000000000422e-01
2.666666666666666838e-02
1.199999999999999956e-01
6.333333333333333870e-02
6.833333333333332371e-01
5.333333333333333676e-02
1.333333333333333419e-02
3.433333333333333237e-01
1.066666666666666735e-01
5.733333333333333615e-01
6.033333333333332771e-01
4.866666666666666363e-01
2.333333333333333440e-02
6.000000000000000472e-02
7.766666666666667274e-01
4.000000000000000083e-02
1.333333333333333419e-02
1.333333333333333419e-02
7.666666666666667462e-02
0.000000000000000000e+00
2.333333333333333440e-02
1.366666666666666863e-01
1.066666666666666735e-01
3.333333333333333547e-03
6.666666666666667095e-03
1.333333333333333419e-02
6.333333333333333870e-02
0.000000000000000000e+00
0.000000000000000000e+00
4.000000000000000083e-02
1.133333333333333276e-01
0.000000000000000000e+00
1.933333333333333570e-01
6.533333333333333215e-01
2.166666666666666741e-01
7.366666666666666918e-01
6.633333333333334414e-01
1.040000000000000036e+00
3.233333333333333059e-01
1.146666666666666723e+00
1.526666666666666616e+00
8.800000000000000044e-01
1.566666666666666763e-01
1.030000000000000027e+00
9.999999999999999167e-02
7.666666666666667462e-02
2.000000000000000042e-02
1.766666666666666663e-01
7.066666666666666652e-01
9.466666666666666563e-01
9.400000000000000577e-01
3.733333333333333504e-01
1.396666666666666501e+00
2.636666666666666714e+00
9.366666666666665364e-01
1.043333333333333224e+00
7.000000000000000666e-01
1.366666666666666474e+00
8.666666666666665853e-01
2.270000000000000018e+00
