2.600000000000000089e-01
1.133333333333333276e-01
5.233333333333333171e-01
2.666666666666666838e-02
0.000000000000000000e+00
0.000000000000000000e+00
0.000000000000000000e+00
4.000000000000000083e-02
3.899999999999999578e-01
1.163333333333333330e+00
4.099999999999999756e-01
2.076666666666666661e+00
1.133333333333333415e-01
1.666666666666666574e-01
3.046666666666666412e+00
4.999999999999999584e-02
5.366666666666666252e-01
2.399999999999999911e-01
2.566666666666666541e-01
1.526666666666666616e+00
9.999999999999999167e-02
4.799999999999999822e-01
7.333333333333333370e-02
2.333333333333333440e-02
1.133333333333333276e-01
2.299999999999999822e-01
4.733333333333333282e-01
5.966666666666666785e-01
4.299999999999999933e-01
9.766666666666666829e-01
1.496666666666666812e+00
1.226666666666666572e+00
2.999999999999999889e-01
4.899999999999999911e-01
6.166666666666666963e-01
8.666666666666666963e-02
2.733333333333333726e-01
2.199999999999999734e-01
1.000000000000000021e-02
1.766666666666666663e-01
1.666666666666666644e-02
3.033333333333332882e-01
2.366666666666666641e-01
1.900000000000000133e+00
1.166666666666666546e-01
0.000000000000000000e+00
2.666666666666666838e-02
1.666666666666666644e-02
1.666666666666666644e-02
4.433333333333333570e-01
3.733333333333333504e-01
3.233333333333333059e-01
3.166666666666666519e-01
3.666666666666666685e-02
9.333333333333333759e-02
7.333333333333333370e-02
4.066666666666666763e-01
9.999999999999999167e-02
4.433333333333333570e-01
2.900000000000000355e-01
1.766666666666666663e-01
1.166666666666666546e-01
5.999999999999999778e-01
2.000000000000000042e-02
0.000000000000000000e+00
6.666666666666666574e-02
1.460000000000000187e+00
5.899999999999999689e-01
6.666666666666666574e-02
9.499999999999998446e-01
1.066666666666666458e-01
9.999999999999999167e-02
6.199999999999999956e-01
4.333333333333333481e-02
4.833333333333333370e-01
7.399999999999998801e-01
2.999999999999999889e-01
1.256666666666666821e+00
1.290000000000000036e+00
0.000000000000000000e+00
6.999999999999999278e-02
2.533333333333333548e-01
0.000000000000000000e+00
1.333333333333333419e-02
1.100000000000000006e-01
1.636666666666666714e+00
1.566666666666666485e-01
1.233333333333333365e-01
6.199999999999999956e-01
1.159999999999999920e+00
3.266666666666666607e-01
1.639999999999999902e+00
6.600000000000000311e-01
3.033333333333333437e-01
1.666666666666666644e-02
1.466666666666666952e-01
5.333333333333333676e-02
9.999999999999999167e-02
4.033333333333333215e-01
9.666666666666666463e-02
6.666666666666667095e-03
2.999999999999999889e-02
4.033333333333333215e-01
7.666666666666667462e-02
3.666666666666666685e-02
4.799999999999999822e-01
0.000000000000000000e+00
2.099999999999999645e-01
2.666666666666666630e-01
1.533333333333333215e-01
1.633333333333333304e-01
6.666666666666666297e-01
6.433333333333334236e-01
1.219999999999999973e+00
3.033333333333332882e-01
6.300000000000000044e-01
1.499999999999999944e-01
3.966666666666666674e-01
1.633333333333333304e-01
3.933333333333333681e-01
1.176666666666666750e+00
2.099999999999999922e-01
5.466666666666666341e-01
1.300000000000000044e-01
0.000000000000000000e+00
7.000000000000000666e-01
3.066666666666666430e-01
6.333333333333333870e-02
6.666666666666667095e-03
0.000000000000000000e+00
4.333333333333333481e-02
2.333333333333333440e-02
1.333333333333333419e-02
6.366666666666667140e-01
1.033333333333333326e-01
7.200000000000000844e-01
5.866666666666667806e-01
9.100000000000000311e-01
1.410000000000000142e+00
1.233333333333333365e-01
2.999999999999999889e-01
7.533333333333332993e-01
1.733333333333333393e-01
1.499999999999999944e-01
7.333333333333333370e-02
5.499999999999999334e-01
4.000000000000000083e-02
0.000000000000000000e+00
4.333333333333333481e-02
0.000000000000000000e+00
3.666666666666665991e-02
4.000000000000000083e-02
1.800000000000000211e-01
5.666666666666667074e-02
2.433333333333333182e-01
2.333333333333333093e-02
2.333333333333333440e-02
5.166666666666667185e-01
6.333333333333333870e-02
9.333333333333333759e-02
0.000000000000000000e+00
4.333333333333333481e-02
2.466666666666666730e-01
2.333333333333333648e-01
7.099999999999999645e-01
6.666666666666667095e-03
0.000000000000000000e+00
3.166666666666666519e-01
2.666666666666666838e-02
4.766666666666667385e-01
8.333333333333332871e-02
9.666666666666666463e-02
1.566666666666666763e-01
5.733333333333332504e-01
4.366666666666667029e-01
4.533333333333333104e-01
2.233333333333333559e-01
3.433333333333333237e-01
1.596666666666666679e+00
1.163333333333333330e+00
5.200000000000000178e-01
4.950000000000000178e+00
