1.266666666666666829e+00
1.466666666666666674e-01
2.100000000000000089e+00
9.333333333333332371e-01
6.666666666666667095e-03
3.500000000000000333e-01
1.536666666666666847e+00
2.999999999999999889e-01
0.000000000000000000e+00
1.010000000000000009e+00
2.566666666666666541e-01
7.833333333333333259e-01
0.000000000000000000e+00
1.159999999999999920e+00
1.333333333333333315e-01
4.000000000000000083e-02
0.000000000000000000e+00
1.263333333333333419e+00
2.500000000000000000e-01
1.066666666666666735e-01
2.199999999999999734e-01
5.333333333333333259e-01
3.800000000000000600e-01
8.066666666666666430e-01
1.563333333333333464e+00
2.866666666666666807e-01
8.766666666666665941e-01
4.000000000000000083e-02
1.500000000000000000e+00
6.433333333333334236e-01
7.333333333333333370e-02
7.133333333333332638e-01
9.333333333333333759e-02
1.100000000000000006e-01
5.933333333333333792e-01
5.100000000000000089e-01
2.666666666666666838e-02
4.799999999999999822e-01
1.260000000000000009e+00
3.333333333333333547e-03
4.000000000000000083e-02
2.006666666666666377e+00
1.383333333333333526e+00
7.333333333333333370e-02
1.906666666666666510e+00
2.700000000000000178e-01
1.133333333333333276e-01
1.366666666666666863e-01
0.000000000000000000e+00
1.933333333333333293e-01
2.000000000000000042e-02
3.333333333333333547e-03
4.000000000000000083e-02
9.333333333333332371e-01
1.666666666666666644e-02
1.666666666666666644e-02
4.500000000000000111e-01
6.000000000000000472e-02
5.999999999999999778e-02
1.866666666666666474e-01
5.733333333333333615e-01
8.000000000000000167e-02
1.333333333333333419e-02
0.000000000000000000e+00
4.633333333333333193e-01
1.166666666666666546e-01
6.666666666666667095e-03
6.666666666666667095e-03
8.666666666666666963e-01
8.133333333333333526e-01
2.366666666666666918e-01
8.333333333333332871e-02
8.033333333333333437e-01
9.599999999999999645e-01
7.333333333333333370e-02
3.099999999999999978e-01
3.466666666666666785e-01
3.233333333333333059e-01
1.133333333333333415e-01
1.719999999999999973e+00
4.599999999999999645e-01
1.746666666666666812e+00
2.176666666666666750e+00
1.173333333333333339e+00
1.093333333333333268e+00
2.899999999999999800e-01
1.896666666666666723e+00
3.466666666666666785e-01
3.006666666666666377e+00
