1.056666666666666643e+00
9.666666666666666741e-01
6.333333333333333870e-02
4.666666666666666879e-02
5.666666666666667074e-02
3.833333333333333037e-01
9.666666666666667851e-02
1.000000000000000021e-02
7.666666666666667462e-02
3.266666666666666607e-01
5.933333333333333792e-01
1.666666666666666644e-02
1.133333333333333276e-01
3.666666666666666685e-02
2.999999999999999889e-02
1.466666666666666674e-01
3.099999999999999978e-01
6.666666666666667095e-03
2.899999999999999800e-01
1.309999999999999831e+00
0.000000000000000000e+00
2.666666666666666838e-02
1.226666666666666572e+00
3.333333333333333287e-02
2.666666666666666838e-02
1.610000000000000098e+00
2.566666666666666541e-01
7.666666666666667462e-02
1.733333333333333393e-01
0.000000000000000000e+00
8.000000000000000167e-02
3.133333333333332971e-01
1.666666666666666574e-01
4.866666666666666363e-01
2.399999999999999911e-01
5.033333333333332993e-01
2.666666666666666838e-02
3.766666666666666496e-01
3.933333333333333681e-01
6.666666666666667095e-03
4.000000000000000083e-02
6.300000000000000044e-01
1.310000000000000275e+00
2.333333333333333440e-02
8.199999999999999512e-01
2.253333333333333410e+00
