2.863333333333333286e+00
6.166666666666666963e-01
2.266666666666666552e-01
6.633333333333333304e-01
9.700000000000000844e-01
6.666666666666667095e-03
6.000000000000000472e-02
4.900000000000000466e-01
2.000000000000000042e-02
1.333333333333333419e-02
2.000000000000000042e-02
8.666666666666666963e-02
1.333333333333333315e-01
6.099999999999999867e-01
7.666666666666666075e-02
6.066666666666665764e-01
1.400000000000000133e-01
1.083333333333333259e+00
2.266666666666666552e-01
3.866666666666667140e-01
2.000000000000000042e-02
6.833333333333332371e-01
6.666666666666667095e-03
0.000000000000000000e+00
2.999999999999999889e-02
6.666666666666667095e-03
7.000000000000000666e-02
1.700000000000000122e-01
9.133333333333334414e-01
3.066666666666666430e-01
2.099999999999999922e-01
2.333333333333333440e-02
1.900000000000000300e-01
6.999999999999999278e-02
0.000000000000000000e+00
2.866666666666666807e-01
6.833333333333332371e-01
1.666666666666666644e-02
1.746666666666666812e+00
9.166666666666666297e-01
2.833333333333333814e-01
9.666666666666666463e-02
5.733333333333333615e-01
3.333333333333333547e-03
2.533333333333333548e-01
3.333333333333333287e-02
1.733333333333333393e-01
1.303333333333333455e+00
1.500000000000000222e-01
8.666666666666666963e-02
5.366666666666667362e-01
3.099999999999999978e-01
1.133333333333333276e-01
2.500000000000000000e-01
8.000000000000000167e-02
2.099999999999999922e-01
4.866666666666666363e-01
3.266666666666667163e-01
1.899999999999999745e-01
8.166666666666667629e-01
4.833333333333333370e-01
6.666666666666666574e-02
9.133333333333334414e-01
1.100000000000000006e-01
2.666666666666666838e-02
1.333333333333333419e-02
0.000000000000000000e+00
1.090000000000000080e+00
4.999999999999999584e-02
9.033333333333333215e-01
1.866666666666666752e-01
3.233333333333333059e-01
1.899999999999999745e-01
6.666666666666667095e-03
0.000000000000000000e+00
0.000000000000000000e+00
7.333333333333334758e-02
4.899999999999999911e-01
2.033333333333333381e-01
3.099999999999999978e-01
8.666666666666666963e-02
7.433333333333332904e-01
5.333333333333333259e-01
6.566666666666667318e-01
3.866666666666667140e-01
1.466666666666666674e-01
3.166666666666666519e-01
3.666666666666666408e-01
2.666666666666666838e-02
1.246666666666666812e+00
5.600000000000000533e-01
2.633333333333333637e-01
3.000000000000000236e-02
6.666666666666666574e-02
7.333333333333333370e-02
1.199999999999999956e-01
2.733333333333333726e-01
2.533333333333333548e-01
2.999999999999999889e-02
2.166666666666666463e-01
1.366666666666666863e-01
9.666666666666667851e-02
3.333333333333333287e-02
0.000000000000000000e+00
1.389999999999999902e+00
2.999999999999999889e-02
0.000000000000000000e+00
3.666666666666667379e-02
1.433333333333333404e-01
2.533333333333333548e-01
2.099999999999999922e-01
4.299999999999999933e-01
1.333333333333333419e-02
1.666666666666666644e-02
0.000000000000000000e+00
0.000000000000000000e+00
4.099999999999999756e-01
5.266666666666667274e-01
1.650000000000000133e+00
7.333333333333333370e-02
1.479999999999999760e+00
1.700000000000000122e-01
8.333333333333332871e-02
1.000000000000000021e-02
6.666666666666667095e-03
0.000000000000000000e+00
2.333333333333333440e-02
1.899999999999999745e-01
2.399999999999999911e-01
4.033333333333333215e-01
1.100000000000000006e-01
1.166666666666666546e-01
1.399999999999999856e-01
2.566666666666666541e-01
2.933333333333333903e-01
4.000000000000000083e-02
3.666666666666667379e-02
2.333333333333333093e-01
0.000000000000000000e+00
2.433333333333333182e-01
2.033333333333333215e+00
2.333333333333333440e-02
3.733333333333332948e-01
2.433333333333333182e-01
1.066666666666666458e-01
1.480000000000000204e+00
1.196666666666666545e+00
5.999999999999999778e-02
3.333333333333333547e-03
3.699999999999999400e-01
8.533333333333333881e-01
2.066666666666666652e-01
1.499999999999999944e-01
3.233333333333333059e-01
1.966666666666666563e-01
6.533333333333333215e-01
1.576666666666666883e+00
2.666666666666666838e-02
3.099999999999999978e-01
1.233333333333333365e-01
3.766666666666667052e-01
7.500000000000000000e-01
4.333333333333333481e-02
2.700000000000000178e-01
8.266666666666666607e-01
7.666666666666667462e-02
0.000000000000000000e+00
6.533333333333333215e-01
9.633333333333332638e-01
1.666666666666666644e-02
0.000000000000000000e+00
2.300000000000000266e+00
1.699999999999999956e+00
2.999999999999999889e-01
1.716666666666666785e+00
1.800000000000000211e-01
8.666666666666666963e-01
1.033333333333333326e-01
1.666666666666666574e-01
4.966666666666666452e-01
2.333333333333333440e-02
8.666666666666666963e-02
1.600000000000000033e-01
9.000000000000001055e-02
4.400000000000000022e-01
2.066666666666666652e-01
2.733333333333333726e-01
5.666666666666667074e-02
1.833333333333333481e-01
3.366666666666666696e-01
7.933333333333333348e-01
4.333333333333333481e-02
3.766666666666666496e-01
1.483333333333333393e+00
4.000000000000000083e-02
4.233333333333333393e-01
3.333333333333333547e-03
9.133333333333334414e-01
2.666666666666666838e-02
5.000000000000000971e-02
7.133333333333332638e-01
1.753333333333333188e+00
3.333333333333333287e-02
1.266666666666666774e-01
2.666666666666666838e-02
2.433333333333333182e-01
0.000000000000000000e+00
6.666666666666667095e-03
2.666666666666666838e-02
3.899999999999999578e-01
3.099999999999999978e-01
1.333333333333333315e-01
4.333333333333333481e-02
2.000000000000000042e-02
1.499999999999999944e-01
0.000000000000000000e+00
3.333333333333333547e-03
0.000000000000000000e+00
5.333333333333334370e-02
4.899999999999999911e-01
4.000000000000000083e-02
2.099999999999999922e-01
7.333333333333333370e-02
0.000000000000000000e+00
5.866666666666666696e-01
0.000000000000000000e+00
3.600000000000000422e-01
1.133333333333333276e-01
2.533333333333333548e-01
0.000000000000000000e+00
1.000000000000000021e-02
0.000000000000000000e+00
8.333333333333332871e-02
4.866666666666666363e-01
2.699999999999999623e-01
2.333333333333333440e-02
4.666666666666666879e-02
0.000000000000000000e+00
3.400000000000000244e-01
1.530000000000000027e+00
1.396666666666666723e+00
6.466666666666666119e-01
1.586666666666666670e+00
3.200000000000000067e-01
4.599999999999999645e-01
1.510000000000000009e+00
1.086666666666666670e+00
9.766666666666666829e-01
2.166666666666666741e-01
1.533333333333333215e-01
1.159999999999999920e+00
6.000000000000000472e-02
2.000000000000000042e-02
3.000000000000000236e-02
1.476666666666666572e+00
2.999999999999999889e-02
1.666666666666666644e-02
1.633333333333333304e-01
2.333333333333333440e-02
3.333333333333333287e-02
7.200000000000000844e-01
9.566666666666665542e-01
0.000000000000000000e+00
1.999999999999999833e-01
1.133333333333333304e+00
1.133333333333333276e-01
0.000000000000000000e+00
2.000000000000000042e-02
8.666666666666666963e-02
1.093333333333333490e+00
5.066666666666667096e-01
