5.433333333333333348e-01
2.766666666666666718e-01
1.566666666666666485e-01
1.999999999999999833e-01
3.533333333333333326e-01
1.433333333333333404e-01
2.099999999999999922e-01
1.133333333333333415e-01
2.133333333333332915e-01
1.966666666666666841e-01
1.070000000000000062e+00
1.383333333333333526e+00
3.533333333333333326e-01
2.833333333333333259e-01
3.733333333333333504e-01
2.833333333333333814e-01
8.066666666666666430e-01
2.433333333333333182e-01
9.000000000000001055e-02
7.333333333333333370e-02
7.000000000000000666e-02
3.333333333333333287e-02
1.013333333333333419e+00
1.266666666666666774e-01
6.000000000000000888e-01
1.096666666666666679e+00
1.399999999999999856e-01
1.113333333333333508e+00
3.366666666666666696e-01
5.433333333333333348e-01
1.723333333333333384e+00
2.166666666666666741e-01
1.033333333333333326e-01
2.133333333333333470e-01
2.566666666666666541e-01
1.933333333333333293e-01
1.466666666666666785e+00
7.666666666666667462e-02
3.266666666666666607e-01
3.666666666666667379e-02
1.306666666666666643e+00
5.000000000000000971e-02
1.366666666666666863e-01
2.666666666666666838e-02
1.633333333333333581e-01
9.666666666666666463e-02
1.236666666666666581e+00
2.099999999999999922e-01
3.633333333333333415e-01
2.233333333333333004e-01
9.000000000000001055e-02
7.933333333333333348e-01
2.033333333333333381e-01
7.000000000000000666e-01
4.999999999999999584e-02
4.666666666666666186e-02
2.033333333333333381e-01
3.699999999999999400e-01
1.199999999999999956e-01
3.233333333333333059e-01
6.033333333333332771e-01
9.000000000000001055e-02
2.033333333333333381e-01
7.366666666666666918e-01
4.766666666666666274e-01
1.999999999999999833e-01
3.666666666666666408e-01
4.933333333333333459e-01
7.800000000000001377e-01
5.899999999999999689e-01
1.000000000000000021e-02
5.466666666666667451e-01
2.666666666666666838e-02
1.800000000000000211e-01
1.063333333333333242e+00
1.413333333333333330e+00
3.433333333333333237e-01
0.000000000000000000e+00
8.766666666666665941e-01
8.000000000000000167e-02
5.333333333333333676e-02
0.000000000000000000e+00
6.033333333333333881e-01
0.000000000000000000e+00
2.333333333333333093e-01
2.609999999999999876e+00
0.000000000000000000e+00
1.300000000000000044e-01
3.133333333333332971e-01
1.233333333333333365e-01
1.900000000000000300e-01
2.000000000000000042e-02
2.666666666666666838e-02
1.013333333333333419e+00
6.666666666666667095e-03
1.100000000000000006e-01
0.000000000000000000e+00
5.266666666666667274e-01
2.000000000000000042e-02
1.499999999999999944e-01
4.000000000000000083e-02
2.093333333333333268e+00
2.600000000000000089e-01
2.000000000000000042e-02
3.066666666666666985e-01
3.200000000000000067e-01
2.166666666666666741e-01
2.999999999999999889e-02
3.433333333333333237e-01
6.666666666666667095e-03
1.166666666666666546e-01
4.666666666666666879e-02
3.900000000000000688e-01
5.333333333333333676e-02
6.999999999999999278e-02
1.510000000000000009e+00
3.800000000000000600e-01
1.729999999999999760e+00
