7.200000000000000844e-01
3.333333333333333547e-03
2.933333333333333903e-01
6.333333333333333870e-02
1.033333333333333326e-01
2.966666666666666341e-01
4.799999999999999822e-01
3.833333333333333037e-01
4.266666666666665830e-01
4.933333333333333459e-01
5.733333333333332504e-01
2.166666666666666741e-01
4.833333333333333370e-01
2.466666666666666730e-01
5.000000000000000971e-02
3.200000000000000067e-01
1.866666666666666752e-01
4.000000000000000083e-02
3.066666666666666985e-01
2.033333333333333381e-01
6.333333333333333870e-02
1.333333333333333419e-02
0.000000000000000000e+00
0.000000000000000000e+00
8.666666666666666963e-02
1.000000000000000021e-02
3.366666666666666696e-01
0.000000000000000000e+00
3.233333333333333059e-01
7.033333333333334769e-01
1.736666666666666581e+00
1.099999999999999867e-01
1.233333333333333365e-01
1.090000000000000080e+00
1.233333333333333365e-01
1.733333333333333393e-01
0.000000000000000000e+00
0.000000000000000000e+00
0.000000000000000000e+00
0.000000000000000000e+00
0.000000000000000000e+00
2.999999999999999889e-02
4.000000000000000083e-02
1.360000000000000098e+00
4.899999999999999911e-01
6.666666666666666574e-02
0.000000000000000000e+00
1.499999999999999944e-01
0.000000000000000000e+00
1.000000000000000021e-02
1.150000000000000133e+00
3.899999999999999578e-01
0.000000000000000000e+00
2.999999999999999889e-02
2.966666666666666896e-01
9.333333333333333759e-02
0.000000000000000000e+00
1.193333333333333357e+00
9.999999999999999167e-02
5.000000000000000971e-02
3.666666666666666685e-02
9.933333333333331794e-01
1.499999999999999944e-01
3.333333333333333547e-03
9.999999999999999167e-02
0.000000000000000000e+00
1.233333333333333365e-01
0.000000000000000000e+00
1.000000000000000021e-02
1.000000000000000021e-02
1.559999999999999831e+00
4.266666666666665830e-01
1.230000000000000204e+00
7.833333333333332149e-01
1.119999999999999885e+00
4.066666666666666763e-01
2.399999999999999911e-01
1.933333333333333570e-01
9.666666666666666463e-02
6.533333333333333215e-01
0.000000000000000000e+00
1.800000000000000211e-01
0.000000000000000000e+00
7.333333333333333925e-01
7.599999999999998979e-01
8.666666666666666963e-02
5.000000000000000971e-02
1.466666666666666397e-01
1.166666666666666546e-01
1.766666666666666663e-01
5.666666666666666380e-02
5.966666666666666785e-01
1.933333333333333293e-01
1.733333333333333393e-01
8.333333333333332871e-02
0.000000000000000000e+00
0.000000000000000000e+00
0.000000000000000000e+00
8.100000000000000533e-01
1.666666666666666644e-02
2.300000000000000100e-01
3.233333333333333615e-01
1.066666666666666735e-01
1.060000000000000053e+00
1.999999999999999833e-01
1.700000000000000122e-01
7.000000000000000666e-02
1.633333333333333304e-01
0.000000000000000000e+00
3.666666666666666685e-02
3.766666666666666496e-01
6.666666666666666574e-02
1.033333333333333326e-01
1.013333333333333419e+00
4.066666666666666763e-01
1.233333333333333365e-01
1.700000000000000122e-01
1.133333333333333276e-01
1.166666666666666824e-01
2.466666666666666730e-01
1.333333333333333419e-02
6.499999999999999112e-01
1.590000000000000080e+00
1.466666666666666674e-01
1.433333333333333348e+00
1.866666666666666752e-01
3.966666666666666674e-01
9.733333333333332726e-01
5.833333333333333703e-01
0.000000000000000000e+00
7.666666666666667462e-02
2.333333333333333093e-02
0.000000000000000000e+00
3.333333333333333547e-03
3.333333333333333547e-03
1.333333333333333419e-02
1.700000000000000122e-01
3.200000000000000067e-01
8.933333333333334236e-01
5.333333333333333259e-01
3.633333333333332860e-01
3.333333333333333287e-02
1.166666666666666546e-01
1.000000000000000021e-02
8.333333333333332871e-02
2.733333333333333726e-01
7.666666666666666075e-02
5.066666666666667096e-01
4.333333333333333481e-02
8.566666666666665764e-01
6.666666666666667095e-03
1.566666666666666763e-01
3.099999999999999978e-01
2.133333333333333470e-01
1.133333333333333276e-01
1.300000000000000044e-01
3.566666666666666319e-01
3.499999999999999223e-01
0.000000000000000000e+00
6.500000000000000222e-01
3.333333333333333547e-03
2.199999999999999734e-01
4.333333333333333481e-02
2.666666666666666838e-02
1.033333333333333326e-01
2.266666666666666552e-01
2.199999999999999734e-01
2.266666666666666829e-01
9.999999999999999167e-02
1.500000000000000222e-01
0.000000000000000000e+00
0.000000000000000000e+00
2.333333333333333093e-02
1.000000000000000021e-02
8.666666666666666963e-02
1.666666666666666574e-01
1.466666666666666952e-01
1.596666666666666679e+00
4.366666666666667029e-01
2.166666666666666463e-01
1.199999999999999956e-01
1.333333333333333419e-02
1.099999999999999867e-01
5.666666666666667074e-02
3.333333333333333287e-02
3.466666666666666785e-01
2.299999999999999822e-01
1.066666666666666735e-01
2.666666666666666630e-01
1.133333333333333415e-01
1.933333333333333293e-01
1.120000000000000107e+00
2.866666666666666807e-01
0.000000000000000000e+00
6.666666666666667095e-03
0.000000000000000000e+00
2.666666666666666838e-02
1.066666666666666735e-01
3.899999999999999578e-01
1.700000000000000122e-01
8.033333333333333437e-01
1.566666666666666763e-01
0.000000000000000000e+00
2.533333333333333548e-01
7.333333333333333370e-02
5.666666666666667074e-02
4.999999999999999584e-02
3.699999999999999400e-01
2.200000000000000011e-01
9.333333333333333759e-02
1.999999999999999833e-01
8.666666666666666963e-02
8.633333333333332860e-01
7.666666666666666075e-02
6.666666666666666297e-01
2.266666666666666552e-01
1.386666666666666714e+00
