4.166666666666666852e-01
5.566666666666666430e-01
1.056666666666666643e+00
5.033333333333334103e-01
1.316666666666666652e+00
1.099999999999999867e-01
1.243333333333333179e+00
4.333333333333333481e-01
5.733333333333332504e-01
9.666666666666667851e-02
1.733333333333333393e-01
1.800000000000000211e-01
3.899999999999999578e-01
8.366666666666665586e-01
9.333333333333333759e-02
1.733333333333333393e-01
1.000000000000000021e-02
2.233333333333333004e-01
2.900000000000000355e-01
6.066666666666665764e-01
1.436666666666666758e+00
6.266666666666665941e-01
6.933333333333333570e-01
1.033333333333333465e-01
2.333333333333333440e-02
1.966666666666666563e-01
5.999999999999999778e-02
4.033333333333333215e-01
4.666666666666666879e-02
1.260000000000000009e+00
5.666666666666666519e-01
0.000000000000000000e+00
9.233333333333333393e-01
1.666666666666666644e-02
5.000000000000000971e-02
6.666666666666666574e-02
7.500000000000000000e-01
1.236666666666666581e+00
6.666666666666666574e-02
9.466666666666667673e-01
4.666666666666666879e-02
3.666666666666667379e-02
2.600000000000000089e-01
9.000000000000000222e-01
5.333333333333333676e-02
8.666666666666666963e-02
1.000000000000000021e-02
5.733333333333333615e-01
1.250000000000000000e+00
2.033333333333333381e-01
1.366666666666666863e-01
5.833333333333333703e-01
7.433333333333332904e-01
7.766666666666667274e-01
3.466666666666666785e-01
1.800000000000000211e-01
7.000000000000000666e-02
0.000000000000000000e+00
1.866666666666666474e-01
1.013333333333333419e+00
6.999999999999999278e-02
1.433333333333333404e-01
1.183333333333333348e+00
0.000000000000000000e+00
6.999999999999999278e-02
4.000000000000000083e-02
2.700000000000000178e-01
2.666666666666666838e-02
2.300000000000000100e-01
2.366666666666666641e-01
9.366666666666666474e-01
1.966666666666666563e-01
6.533333333333333215e-01
1.343333333333333490e+00
1.600000000000000033e-01
1.900000000000000300e-01
1.433333333333333404e-01
2.400000000000000189e-01
5.999999999999999778e-02
1.166666666666666546e-01
1.660000000000000142e+00
1.533333333333333492e-01
2.433333333333333182e-01
3.866666666666667140e-01
8.033333333333333437e-01
