1.239999999999999991e+00
4.299999999999999933e-01
2.566666666666666541e-01
2.223333333333333162e+00
6.300000000000000044e-01
3.033333333333333437e-01
1.426666666666666750e+00
5.233333333333333171e-01
1.966666666666666563e-01
5.099999999999998979e-01
3.899999999999999578e-01
8.266666666666666607e-01
1.133333333333333276e-01
9.433333333333333570e-01
1.600000000000000033e-01
1.800000000000000211e-01
1.076666666666666883e+00
9.466666666666666563e-01
9.666666666666667851e-02
9.999999999999999167e-02
1.603333333333333499e+00
1.300000000000000044e-01
1.266666666666666774e-01
1.199999999999999956e-01
1.366666666666666863e-01
5.666666666666667074e-02
1.233333333333333365e-01
8.333333333333332871e-02
2.833333333333333814e-01
3.666666666666666685e-02
7.333333333333334758e-02
6.766666666666666385e-01
2.566666666666666541e-01
7.200000000000000844e-01
1.636666666666666714e+00
5.499999999999999334e-01
1.466666666666666785e+00
