3.633333333333333415e-01
0.000000000000000000e+00
9.999999999999999167e-02
2.040000000000000036e+00
6.066666666666666874e-01
1.666666666666666574e-01
5.666666666666667074e-02
1.066666666666666735e-01
5.133333333333333082e-01
0.000000000000000000e+00
1.666666666666666644e-02
1.156666666666666510e+00
1.833333333333333481e-01
1.700000000000000122e-01
2.333333333333333440e-02
0.000000000000000000e+00
8.533333333333333881e-01
6.333333333333333870e-02
0.000000000000000000e+00
0.000000000000000000e+00
1.266666666666666774e-01
0.000000000000000000e+00
0.000000000000000000e+00
6.833333333333332371e-01
8.333333333333332871e-02
8.000000000000000167e-02
1.600000000000000033e-01
4.633333333333333748e-01
1.266666666666666774e-01
2.299999999999999822e-01
9.666666666666666463e-02
8.000000000000000167e-02
6.333333333333333870e-02
1.900000000000000300e-01
1.400000000000000133e-01
2.666666666666666838e-02
6.166666666666666963e-01
8.666666666666666963e-02
0.000000000000000000e+00
3.666666666666666685e-02
0.000000000000000000e+00
0.000000000000000000e+00
0.000000000000000000e+00
3.666666666666666685e-02
5.666666666666667074e-02
1.766666666666666663e-01
0.000000000000000000e+00
1.166666666666666546e-01
1.593333333333333490e+00
2.833333333333333259e-01
2.166666666666666741e-01
2.500000000000000000e-01
6.333333333333333870e-02
0.000000000000000000e+00
8.233333333333332504e-01
4.033333333333333215e-01
0.000000000000000000e+00
1.533333333333333215e-01
1.770000000000000240e+00
2.433333333333333182e-01
1.276666666666666616e+00
0.000000000000000000e+00
1.399999999999999856e-01
1.633333333333333526e+00
3.600000000000000422e-01
1.166666666666666546e-01
2.520000000000000018e+00
6.666666666666666574e-02
7.333333333333333370e-02
1.550000000000000044e+00
8.333333333333332871e-02
2.333333333333333440e-02
8.666666666666666963e-02
3.133333333333333526e-01
8.799999999999998934e-01
1.700000000000000122e-01
5.366666666666667362e-01
0.000000000000000000e+00
3.333333333333333287e-02
1.833333333333333481e-01
2.700000000000000178e-01
5.333333333333333676e-02
0.000000000000000000e+00
0.000000000000000000e+00
3.666666666666666685e-02
1.666666666666666644e-02
9.000000000000001055e-02
2.666666666666666838e-02
5.000000000000000971e-02
7.333333333333333370e-02
1.499999999999999944e-01
2.133333333333333470e-01
5.066666666666667096e-01
1.150000000000000133e+00
6.333333333333333870e-02
2.899999999999999800e-01
5.633333333333333526e-01
1.403333333333333321e+00
1.999999999999999833e-01
1.056666666666666643e+00
1.566666666666666652e+00
7.133333333333333748e-01
3.333333333333333287e-02
2.333333333333333440e-02
5.200000000000000178e-01
4.933333333333333459e-01
0.000000000000000000e+00
5.000000000000000971e-02
7.000000000000000666e-02
1.000000000000000021e-02
2.000000000000000042e-02
6.566666666666666208e-01
9.999999999999999167e-02
5.333333333333333259e-01
9.133333333333334414e-01
2.366666666666666641e-01
6.733333333333333393e-01
0.000000000000000000e+00
6.666666666666667095e-03
0.000000000000000000e+00
6.666666666666667095e-03
0.000000000000000000e+00
2.666666666666666838e-02
6.666666666666667095e-03
0.000000000000000000e+00
1.333333333333333419e-02
6.666666666666667095e-03
1.999999999999999833e-01
5.333333333333333676e-02
1.366666666666666863e-01
1.300000000000000044e-01
2.433333333333333737e-01
7.000000000000000666e-02
5.166666666666666075e-01
3.066666666666666985e-01
3.666666666666666685e-02
4.233333333333333393e-01
3.066666666666666985e-01
4.266666666666666941e-01
1.899999999999999745e-01
1.053333333333333455e+00
1.700000000000000122e-01
4.433333333333333570e-01
4.033333333333333215e-01
5.266666666666667274e-01
1.266666666666666774e-01
1.100000000000000006e-01
2.766666666666666718e-01
1.046666666666666634e+00
5.600000000000000533e-01
9.333333333333333759e-02
3.666666666666666963e-01
2.500000000000000000e-01
8.000000000000000167e-02
2.999999999999999889e-02
1.899999999999999745e-01
1.183333333333333348e+00
1.000000000000000194e-01
9.000000000000001055e-02
1.833333333333333481e-01
8.333333333333332871e-02
1.183333333333333348e+00
7.000000000000000666e-02
2.393333333333333091e+00
4.000000000000000083e-02
4.999999999999999584e-02
8.966666666666666119e-01
1.839999999999999858e+00
5.366666666666666252e-01
1.733333333333333393e-01
7.700000000000000178e-01
3.500000000000000333e-01
2.333333333333333440e-02
1.233333333333333365e-01
3.133333333333332971e-01
5.000000000000000971e-02
1.000000000000000021e-02
4.000000000000000083e-02
2.999999999999999889e-02
1.666666666666666574e-01
1.966666666666666841e-01
1.733333333333333393e-01
2.299999999999999822e-01
0.000000000000000000e+00
0.000000000000000000e+00
1.333333333333333419e-02
0.000000000000000000e+00
2.666666666666666838e-02
3.333333333333333547e-03
1.000000000000000021e-02
1.000000000000000021e-02
5.000000000000000971e-02
1.566666666666666485e-01
7.333333333333333370e-02
2.466666666666666730e-01
8.000000000000000167e-02
2.866666666666666807e-01
1.280000000000000027e+00
2.500000000000000000e-01
1.833333333333333204e-01
2.700000000000000178e-01
1.066666666666666652e+00
8.833333333333333037e-01
5.300000000000000266e-01
1.800000000000000211e-01
1.033333333333333326e-01
1.233333333333333365e-01
8.599999999999999867e-01
9.833333333333333925e-01
1.666666666666666644e-02
0.000000000000000000e+00
1.333333333333333419e-02
1.000000000000000194e-01
1.333333333333333315e-01
0.000000000000000000e+00
2.266666666666666552e-01
1.333333333333333315e-01
0.000000000000000000e+00
7.166666666666667851e-01
7.899999999999999245e-01
1.766666666666666663e-01
1.353333333333333499e+00
8.700000000000001066e-01
8.333333333333332871e-02
6.433333333333334236e-01
9.666666666666667851e-02
2.466666666666666730e-01
0.000000000000000000e+00
6.666666666666666574e-02
9.999999999999999167e-02
6.666666666666667095e-03
0.000000000000000000e+00
3.566666666666666319e-01
6.666666666666666574e-02
1.666666666666666644e-02
5.333333333333334370e-02
9.799999999999999822e-01
4.333333333333333481e-02
8.333333333333332871e-02
1.040000000000000036e+00
8.800000000000000044e-01
3.966666666666666674e-01
2.433333333333333182e-01
2.666666666666666630e-01
3.529999999999999805e+00
1.333333333333333315e-01
6.666666666666667095e-03
0.000000000000000000e+00
6.366666666666666030e-01
4.366666666666667029e-01
2.800000000000000266e-01
1.666666666666666644e-02
2.099999999999999922e-01
1.199999999999999956e-01
1.000000000000000021e-02
0.000000000000000000e+00
3.933333333333333681e-01
2.466666666666666730e-01
1.333333333333333419e-02
1.000000000000000021e-02
3.333333333333333547e-03
1.030000000000000027e+00
4.666666666666666879e-02
0.000000000000000000e+00
0.000000000000000000e+00
1.000000000000000194e-01
5.000000000000000971e-02
3.333333333333333287e-02
9.633333333333333748e-01
7.000000000000000666e-02
4.266666666666666941e-01
6.666666666666667095e-03
3.366666666666666696e-01
1.399999999999999856e-01
2.200000000000000011e-01
3.533333333333333326e-01
1.899999999999999745e-01
2.266666666666666552e-01
2.633333333333333637e-01
1.066666666666666458e-01
4.333333333333333481e-02
7.666666666666666075e-01
2.999999999999999889e-02
1.000000000000000021e-02
6.666666666666667095e-03
6.666666666666667095e-03
0.000000000000000000e+00
0.000000000000000000e+00
5.333333333333333676e-02
3.000000000000000236e-02
1.400000000000000133e-01
3.666666666666667379e-02
1.766666666666666663e-01
1.996666666666666812e+00
1.066666666666666735e-01
3.366666666666666696e-01
9.666666666666667851e-02
2.999999999999999889e-02
6.666666666666667095e-03
9.199999999999999289e-01
2.299999999999999822e-01
2.333333333333333440e-02
9.333333333333333759e-02
1.896666666666666501e+00
3.033333333333332882e-01
1.150000000000000133e+00
0.000000000000000000e+00
1.266666666666666774e-01
2.146666666666666501e+00
2.633333333333333637e-01
1.199999999999999956e-01
2.303333333333333233e+00
4.666666666666666879e-02
1.466666666666666674e-01
7.433333333333332904e-01
7.666666666666666075e-02
1.000000000000000021e-02
1.933333333333333293e-01
2.966666666666666896e-01
1.233333333333333393e+00
2.899999999999999800e-01
6.833333333333332371e-01
6.666666666666667095e-03
1.333333333333333419e-02
8.666666666666666963e-02
3.800000000000000600e-01
0.000000000000000000e+00
0.000000000000000000e+00
0.000000000000000000e+00
3.333333333333333547e-03
0.000000000000000000e+00
1.333333333333333419e-02
9.333333333333333759e-02
1.666666666666666644e-02
4.666666666666666879e-02
1.000000000000000000e+00
1.466666666666666674e-01
5.299999999999999156e-01
8.999999999999999112e-01
9.666666666666666463e-02
2.833333333333333259e-01
5.166666666666666075e-01
6.199999999999999956e-01
1.033333333333333465e-01
6.266666666666665941e-01
1.463333333333333597e+00
1.169999999999999929e+00
3.333333333333333547e-03
2.000000000000000042e-02
5.066666666666667096e-01
2.866666666666666807e-01
0.000000000000000000e+00
1.166666666666666546e-01
1.933333333333333293e-01
7.333333333333333370e-02
0.000000000000000000e+00
1.250000000000000000e+00
1.766666666666666663e-01
1.600000000000000033e-01
6.366666666666667140e-01
2.133333333333332915e-01
1.520000000000000240e+00
0.000000000000000000e+00
1.333333333333333419e-02
1.000000000000000021e-02
2.333333333333333093e-02
0.000000000000000000e+00
0.000000000000000000e+00
0.000000000000000000e+00
0.000000000000000000e+00
0.000000000000000000e+00
0.000000000000000000e+00
2.333333333333333093e-01
9.666666666666666463e-02
4.666666666666666879e-02
1.566666666666666485e-01
4.333333333333332926e-01
1.666666666666666574e-01
1.016666666666666607e+00
5.933333333333332682e-01
6.666666666666666574e-02
5.033333333333332993e-01
1.600000000000000033e-01
2.399999999999999911e-01
1.066666666666666735e-01
1.113333333333333286e+00
1.166666666666666546e-01
4.633333333333333193e-01
4.166666666666666852e-01
8.566666666666665764e-01
4.733333333333333282e-01
2.333333333333333440e-02
6.333333333333333870e-02
6.800000000000000488e-01
4.233333333333333393e-01
0.000000000000000000e+00
4.033333333333333215e-01
9.333333333333333759e-02
1.333333333333333419e-02
5.999999999999999778e-02
1.933333333333333293e-01
8.833333333333333037e-01
1.466666666666666674e-01
1.233333333333333365e-01
2.066666666666666652e-01
5.666666666666667074e-02
1.400000000000000133e+00
1.033333333333333326e-01
2.653333333333333321e+00
4.000000000000000083e-02
2.333333333333333440e-02
8.433333333333333792e-01
2.669999999999999929e+00
6.800000000000000488e-01
3.300000000000000155e-01
2.766666666666666718e-01
2.833333333333333814e-01
1.766666666666666663e-01
9.333333333333333759e-02
9.333333333333332371e-02
1.333333333333333419e-02
3.333333333333333547e-03
1.000000000000000021e-02
2.333333333333333440e-02
1.900000000000000300e-01
3.633333333333332860e-01
1.333333333333333315e-01
2.999999999999999889e-01
0.000000000000000000e+00
0.000000000000000000e+00
3.333333333333333547e-03
4.666666666666666879e-02
1.000000000000000021e-02
1.000000000000000021e-02
0.000000000000000000e+00
1.166666666666666824e-01
2.200000000000000011e-01
2.033333333333333381e-01
5.966666666666666785e-01
2.433333333333333182e-01
9.666666666666666463e-02
2.700000000000000178e-01
1.836666666666666670e+00
2.600000000000000089e-01
8.666666666666666963e-02
4.333333333333332926e-01
2.423333333333333339e+00
4.866666666666666363e-01
2.066666666666666652e-01
7.399999999999998801e-01
6.333333333333333870e-02
7.333333333333334758e-02
1.596666666666666679e+00
1.379999999999999893e+00
3.000000000000000236e-02
0.000000000000000000e+00
2.000000000000000042e-02
1.066666666666666735e-01
1.066666666666666735e-01
0.000000000000000000e+00
3.733333333333333504e-01
1.566666666666666485e-01
0.000000000000000000e+00
5.166666666666667185e-01
4.233333333333333393e-01
2.299999999999999822e-01
1.593333333333333490e+00
1.253333333333333410e+00
9.000000000000001055e-02
7.033333333333332549e-01
4.633333333333333193e-01
2.733333333333333726e-01
0.000000000000000000e+00
1.099999999999999867e-01
2.066666666666666652e-01
6.666666666666667095e-03
0.000000000000000000e+00
1.333333333333333315e-01
7.666666666666667462e-02
2.333333333333333440e-02
1.333333333333333419e-02
5.366666666666667362e-01
8.000000000000000167e-02
2.000000000000000042e-02
8.133333333333333526e-01
1.096666666666666679e+00
4.600000000000000200e-01
1.000000000000000021e-02
2.099999999999999645e-01
2.896666666666666501e+00
