5.833333333333333703e-01
2.099999999999999922e-01
2.266666666666666552e-01
1.366666666666666863e-01
1.483333333333333393e+00
2.199999999999999734e-01
1.050000000000000044e+00
9.466666666666666563e-01
1.166666666666666546e-01
5.333333333333333676e-02
2.266666666666666552e-01
4.833333333333333370e-01
2.666666666666666838e-02
3.699999999999999400e-01
1.303333333333333455e+00
6.433333333333333126e-01
0.000000000000000000e+00
1.333333333333333419e-02
7.233333333333332726e-01
2.000000000000000042e-02
1.866666666666666474e-01
1.056666666666666865e+00
9.666666666666667851e-02
5.999999999999999778e-02
1.066666666666666735e-01
1.399999999999999856e-01
7.000000000000000666e-02
3.333333333333333547e-03
4.000000000000000083e-02
3.333333333333333547e-03
3.333333333333333287e-02
9.433333333333333570e-01
5.966666666666665675e-01
4.000000000000000083e-02
5.333333333333333676e-02
2.299999999999999822e-01
3.000000000000000236e-02
8.633333333333333970e-01
9.999999999999999167e-02
2.666666666666666838e-02
0.000000000000000000e+00
5.333333333333333676e-02
3.666666666666666685e-02
2.000000000000000042e-02
0.000000000000000000e+00
6.266666666666665941e-01
1.516666666666666607e+00
2.000000000000000389e-01
7.233333333333332726e-01
5.533333333333333437e-01
9.799999999999999822e-01
2.166666666666666741e-01
7.666666666666667462e-02
3.333333333333333287e-02
1.999999999999999833e-01
3.300000000000000155e-01
1.869999999999999885e+00
