8.900000000000000133e-01
1.033333333333333326e-01
0.000000000000000000e+00
4.000000000000000083e-02
1.866666666666666474e-01
1.566666666666666485e-01
2.399999999999999911e-01
7.666666666666667462e-02
2.533333333333333548e-01
3.300000000000000155e-01
1.366666666666666585e-01
1.866666666666666752e-01
1.866666666666666752e-01
1.133333333333333276e-01
1.093333333333333268e+00
2.399999999999999911e-01
5.333333333333333676e-02
3.266666666666666607e-01
1.266666666666666774e-01
1.666666666666666574e-01
5.366666666666666252e-01
3.500000000000000333e-01
1.000000000000000021e-02
0.000000000000000000e+00
5.000000000000000971e-02
2.033333333333333381e-01
2.733333333333333726e-01
8.666666666666666963e-02
5.666666666666666519e-01
3.166666666666666519e-01
5.500000000000000444e-01
4.033333333333333215e-01
1.550000000000000044e+00
9.000000000000001055e-02
3.533333333333333326e-01
1.933333333333333293e-01
4.000000000000000083e-02
1.433333333333333404e-01
1.466666666666666397e-01
1.000000000000000021e-02
2.133333333333333470e-01
1.666666666666666644e-02
1.566666666666666485e-01
1.766666666666666663e-01
5.533333333333333437e-01
2.666666666666666630e-01
1.110000000000000098e+00
8.000000000000000167e-02
1.033333333333333326e-01
1.700000000000000122e-01
9.300000000000000488e-01
8.666666666666666963e-02
2.333333333333333440e-02
3.000000000000000236e-02
7.666666666666667462e-02
1.110000000000000098e+00
5.999999999999999778e-02
2.999999999999999889e-01
1.666666666666666644e-02
9.333333333333333759e-02
3.333333333333333547e-03
8.633333333333332860e-01
