8.500000000000000888e-01
6.733333333333333393e-01
4.299999999999999933e-01
7.333333333333333370e-02
3.333333333333333547e-03
5.466666666666667451e-01
1.933333333333333293e-01
3.400000000000000244e-01
1.933333333333333570e-01
4.000000000000000083e-02
0.000000000000000000e+00
2.500000000000000000e-01
0.000000000000000000e+00
9.433333333333333570e-01
1.900000000000000300e-01
1.300000000000000044e-01
2.033333333333333381e-01
2.999999999999999889e-02
1.136666666666666714e+00
4.000000000000000083e-02
6.033333333333333881e-01
0.000000000000000000e+00
5.999999999999999778e-02
5.666666666666666380e-02
9.666666666666666463e-02
0.000000000000000000e+00
8.000000000000000167e-02
1.333333333333333419e-02
1.083333333333333481e+00
1.370000000000000107e+00
1.833333333333333481e-01
1.999999999999999833e-01
0.000000000000000000e+00
0.000000000000000000e+00
2.266666666666666829e-01
2.666666666666666838e-02
1.033333333333333326e-01
8.333333333333332871e-02
3.800000000000000600e-01
1.966666666666666563e-01
1.700000000000000122e-01
1.666666666666666574e-01
3.066666666666666430e-01
9.900000000000001021e-01
3.333333333333333547e-03
3.766666666666666496e-01
6.333333333333333870e-02
1.040000000000000036e+00
6.666666666666667095e-03
9.333333333333333759e-02
1.000000000000000021e-02
0.000000000000000000e+00
5.466666666666666341e-01
1.233333333333333365e-01
8.000000000000000167e-02
9.333333333333333759e-02
4.366666666666667029e-01
4.599999999999999645e-01
2.399999999999999911e-01
4.866666666666666363e-01
4.366666666666667029e-01
2.833333333333333259e-01
4.966666666666666452e-01
5.533333333333333437e-01
9.300000000000000488e-01
3.333333333333333547e-03
1.000000000000000021e-02
2.226666666666666572e+00
3.200000000000000067e-01
0.000000000000000000e+00
1.739999999999999991e+00
1.119999999999999885e+00
2.666666666666666838e-02
2.999999999999999889e-02
3.266666666666666607e-01
2.333333333333333440e-02
4.000000000000000083e-02
9.199999999999999289e-01
5.666666666666667074e-02
0.000000000000000000e+00
1.533333333333333215e-01
8.866666666666667140e-01
4.333333333333333481e-02
0.000000000000000000e+00
2.966666666666666896e-01
2.333333333333333440e-02
1.700000000000000122e-01
2.200000000000000011e-01
3.133333333333332971e-01
2.333333333333333648e-01
1.466666666666666674e-01
2.113333333333333286e+00
1.633333333333333304e-01
1.566666666666666485e-01
3.666666666666666963e-01
4.199999999999999845e-01
1.766666666666666663e-01
1.666666666666666644e-02
2.233333333333333004e-01
7.133333333333333748e-01
4.666666666666666879e-02
1.666666666666666644e-02
0.000000000000000000e+00
0.000000000000000000e+00
1.000000000000000021e-02
0.000000000000000000e+00
6.666666666666667095e-03
7.666666666666667462e-02
3.233333333333333059e-01
3.000000000000000236e-02
1.286666666666666625e+00
2.166666666666666741e-01
1.733333333333333393e-01
1.183333333333333348e+00
2.999999999999999889e-02
3.666666666666666685e-02
1.633333333333333304e-01
1.600000000000000033e-01
2.666666666666666838e-02
3.333333333333333287e-02
3.833333333333333037e-01
6.733333333333333393e-01
2.966666666666666341e-01
3.600000000000000422e-01
7.333333333333332815e-01
6.666666666666667095e-03
0.000000000000000000e+00
8.000000000000000167e-02
8.000000000000000167e-02
3.900000000000000688e-01
2.449999999999999734e+00
1.383333333333333526e+00
5.666666666666667074e-02
1.223333333333333384e+00
2.333333333333333093e-01
2.533333333333333548e-01
2.266666666666666829e-01
6.666666666666667095e-03
1.333333333333333315e-01
2.066666666666666652e-01
6.966666666666666563e-01
0.000000000000000000e+00
0.000000000000000000e+00
9.666666666666667851e-02
1.266666666666666774e-01
0.000000000000000000e+00
6.800000000000000488e-01
1.696666666666666545e+00
3.433333333333333237e-01
5.333333333333333676e-02
1.543333333333333224e+00
1.546666666666666856e+00
7.666666666666667462e-02
3.333333333333333287e-02
4.033333333333333215e-01
2.000000000000000042e-02
7.700000000000000178e-01
8.466666666666666785e-01
8.233333333333332504e-01
7.799999999999999156e-01
2.666666666666666838e-02
2.933333333333332793e-01
3.333333333333333547e-03
7.099999999999999645e-01
4.999999999999999584e-02
1.263333333333333419e+00
0.000000000000000000e+00
2.666666666666666838e-02
1.093333333333333268e+00
3.966666666666666674e-01
0.000000000000000000e+00
1.566666666666666763e-01
5.299999999999999156e-01
0.000000000000000000e+00
2.000000000000000042e-02
1.466666666666666785e+00
1.433333333333333404e-01
0.000000000000000000e+00
7.299999999999999822e-01
2.103333333333333499e+00
1.933333333333333570e-01
5.666666666666667074e-02
1.499999999999999944e-01
7.833333333333332149e-01
6.666666666666666574e-02
1.199999999999999956e-01
2.000000000000000042e-02
0.000000000000000000e+00
5.899999999999999689e-01
7.000000000000000666e-02
2.299999999999999822e-01
1.666666666666666644e-02
5.999999999999999778e-02
3.066666666666666430e-01
1.766666666666666663e-01
1.433333333333333126e-01
1.399999999999999856e-01
1.800000000000000211e-01
1.506666666666666821e+00
8.999999999999999112e-01
6.099999999999999867e-01
6.666666666666667095e-03
6.333333333333333870e-02
0.000000000000000000e+00
2.066666666666666652e-01
3.333333333333333287e-02
1.800000000000000211e-01
1.333333333333333419e-02
6.999999999999999278e-02
1.000000000000000021e-02
0.000000000000000000e+00
2.599999999999999534e-01
1.199999999999999956e-01
1.743333333333333401e+00
1.593333333333333490e+00
1.899999999999999745e-01
1.399999999999999856e-01
1.766666666666666663e-01
6.666666666666666574e-02
3.333333333333333547e-03
3.899999999999999578e-01
4.733333333333333282e-01
2.743333333333333623e+00
2.533333333333333548e-01
2.003333333333333410e+00
8.133333333333333526e-01
9.000000000000001055e-02
2.333333333333333093e-01
6.866666666666665364e-01
7.966666666666667451e-01
7.333333333333334758e-02
1.300000000000000044e+00
2.533333333333333548e-01
1.933333333333333570e-01
2.036666666666666625e+00
3.600000000000000422e-01
1.933333333333333570e-01
5.666666666666666380e-02
1.566666666666666485e-01
8.666666666666666963e-02
8.466666666666666785e-01
1.800000000000000211e-01
2.666666666666666838e-02
1.566666666666666763e-01
1.000000000000000021e-02
3.566666666666666874e-01
1.099999999999999867e-01
6.666666666666667095e-03
6.666666666666667095e-03
1.333333333333333419e-02
2.299999999999999822e-01
0.000000000000000000e+00
1.566666666666666485e-01
1.533333333333333215e-01
7.566666666666667096e-01
7.299999999999999822e-01
2.199999999999999734e-01
1.099999999999999867e+00
2.613333333333333286e+00
2.000000000000000389e-01
1.166666666666666546e-01
1.333333333333333419e-02
1.700000000000000122e-01
3.333333333333333547e-03
1.233333333333333365e-01
1.333333333333333419e-02
1.913333333333333330e+00
2.333333333333333440e-02
9.999999999999999167e-02
2.066666666666666652e-01
1.800000000000000211e-01
1.066666666666666735e-01
3.333333333333333287e-02
8.333333333333332871e-02
5.999999999999999778e-02
1.599999999999999867e+00
1.750000000000000000e+00
1.066666666666666652e+00
8.166666666666665408e-01
1.523333333333333428e+00
2.266666666666666552e-01
1.000000000000000021e-02
1.596666666666666679e+00
2.666666666666666630e-01
7.533333333333334103e-01
1.133333333333333415e-01
3.333333333333333287e-02
8.666666666666666963e-02
4.633333333333333748e-01
5.166666666666667185e-01
1.666666666666666574e-01
2.700000000000000178e-01
9.333333333333334592e-01
3.833333333333333037e-01
2.000000000000000042e-02
1.076666666666666661e+00
1.733333333333333393e-01
3.666666666666666685e-02
8.333333333333332871e-02
1.666666666666666644e-02
0.000000000000000000e+00
9.000000000000001055e-02
3.600000000000000422e-01
9.000000000000001055e-02
1.033333333333333326e-01
1.800000000000000211e-01
0.000000000000000000e+00
1.199999999999999956e-01
2.299999999999999822e-01
0.000000000000000000e+00
1.520000000000000240e+00
9.333333333333333759e-02
1.643333333333333313e+00
1.766666666666666663e-01
2.166666666666666741e-01
0.000000000000000000e+00
3.666666666666665991e-02
5.000000000000000000e-01
3.899999999999999578e-01
9.000000000000001055e-02
1.550000000000000044e+00
1.343333333333333490e+00
6.000000000000000472e-02
1.606666666666666687e+00
1.163333333333333330e+00
3.233333333333333059e-01
1.173333333333333339e+00
7.466666666666667007e-01
2.700000000000000178e-01
2.533333333333333548e-01
1.499999999999999944e-01
6.000000000000000472e-02
4.333333333333333481e-02
3.166666666666666519e-01
2.000000000000000000e+00
1.123333333333333295e+00
3.266666666666666607e-01
2.833333333333333814e-01
3.333333333333333547e-03
2.366666666666666641e-01
1.233333333333333365e-01
5.333333333333333676e-02
3.666666666666667379e-02
3.833333333333333037e-01
2.666666666666666838e-02
7.433333333333332904e-01
6.333333333333333870e-02
9.000000000000001055e-02
6.333333333333333870e-02
3.400000000000000244e-01
1.360000000000000098e+00
1.936666666666666758e+00
4.966666666666666452e-01
1.010000000000000009e+00
2.766666666666666718e-01
2.333333333333333440e-02
0.000000000000000000e+00
6.033333333333333881e-01
0.000000000000000000e+00
2.766666666666666718e-01
9.333333333333333759e-02
3.133333333333332971e-01
9.666666666666667851e-02
1.366666666666666863e-01
3.666666666666666963e-01
2.966666666666666341e-01
9.000000000000001055e-02
9.500000000000000666e-01
1.033333333333333326e-01
2.933333333333332793e-01
2.146666666666666945e+00
1.100000000000000006e-01
1.369999999999999885e+00
1.263333333333333419e+00
8.499999999999999778e-01
3.999999999999999667e-01
4.166666666666666852e-01
4.999999999999999584e-02
7.099999999999999645e-01
2.613333333333333286e+00
5.300000000000000266e-01
3.800000000000000600e-01
1.290000000000000036e+00
5.666666666666666380e-02
1.733333333333333393e-01
0.000000000000000000e+00
8.233333333333333615e-01
6.433333333333334236e-01
4.266666666666666941e-01
0.000000000000000000e+00
6.666666666666667095e-03
7.099999999999999645e-01
4.999999999999999584e-02
1.933333333333333570e-01
8.333333333333332871e-02
0.000000000000000000e+00
0.000000000000000000e+00
2.533333333333333548e-01
9.000000000000001055e-02
7.833333333333333259e-01
2.566666666666666541e-01
5.666666666666667074e-02
3.266666666666666607e-01
9.666666666666666463e-02
5.033333333333332993e-01
2.666666666666666630e-01
6.433333333333334236e-01
0.000000000000000000e+00
0.000000000000000000e+00
0.000000000000000000e+00
0.000000000000000000e+00
0.000000000000000000e+00
1.100000000000000006e-01
0.000000000000000000e+00
4.666666666666666186e-01
9.300000000000000488e-01
1.199999999999999956e-01
2.099999999999999922e-01
1.333333333333333419e-02
0.000000000000000000e+00
1.023333333333333428e+00
1.000000000000000021e-02
3.666666666666666685e-02
1.766666666666666663e-01
3.766666666666667052e-01
6.066666666666665764e-01
2.133333333333333470e-01
2.633333333333333637e-01
2.166666666666666741e-01
1.673333333333333117e+00
4.333333333333333481e-02
2.500000000000000000e-01
1.600000000000000033e-01
1.086666666666666670e+00
0.000000000000000000e+00
2.633333333333333637e-01
3.166666666666666519e-01
7.000000000000000666e-02
9.266666666666667496e-01
1.666666666666666574e-01
1.000000000000000194e-01
1.326666666666666883e+00
2.033333333333333381e-01
2.233333333333333004e-01
2.099999999999999922e-01
3.566666666666666874e-01
4.199999999999999845e-01
2.966666666666666341e-01
6.800000000000000488e-01
6.900000000000000577e-01
1.003333333333333410e+00
6.666666666666667095e-03
4.333333333333333481e-02
1.710000000000000187e+00
1.833333333333333481e-01
1.000000000000000021e-02
1.380000000000000115e+00
8.900000000000000133e-01
6.666666666666667095e-03
4.333333333333333481e-02
5.200000000000000178e-01
1.433333333333333404e-01
1.166666666666666546e-01
8.333333333333333703e-01
2.833333333333333259e-01
0.000000000000000000e+00
4.333333333333333481e-02
4.566666666666667207e-01
1.633333333333333304e-01
2.000000000000000042e-02
2.766666666666666718e-01
7.000000000000000666e-02
3.533333333333333326e-01
2.233333333333333004e-01
2.633333333333333637e-01
1.733333333333333393e-01
9.000000000000001055e-02
1.383333333333333526e+00
8.333333333333332871e-02
4.666666666666666879e-02
2.200000000000000011e-01
9.333333333333333759e-02
2.000000000000000042e-02
0.000000000000000000e+00
0.000000000000000000e+00
6.666666666666666297e-01
9.666666666666667851e-02
1.666666666666666644e-02
0.000000000000000000e+00
0.000000000000000000e+00
0.000000000000000000e+00
0.000000000000000000e+00
6.666666666666667095e-03
3.433333333333333237e-01
1.300000000000000044e-01
8.000000000000000167e-02
9.933333333333332904e-01
2.199999999999999734e-01
1.600000000000000033e-01
8.866666666666667140e-01
1.666666666666666644e-02
6.999999999999999278e-02
1.933333333333333570e-01
1.000000000000000194e-01
1.033333333333333326e-01
0.000000000000000000e+00
1.566666666666666485e-01
1.106666666666666687e+00
2.666666666666666838e-02
4.266666666666666941e-01
1.306666666666666643e+00
9.666666666666666463e-02
3.333333333333333547e-03
3.333333333333333287e-02
3.666666666666666685e-02
3.666666666666667379e-02
5.999999999999999778e-01
1.233333333333333365e-01
1.166666666666666546e-01
9.233333333333333393e-01
2.066666666666666652e-01
1.600000000000000033e-01
3.500000000000000333e-01
5.333333333333333676e-02
2.466666666666666730e-01
3.466666666666666785e-01
4.266666666666666941e-01
4.000000000000000083e-02
0.000000000000000000e+00
2.133333333333332915e-01
9.666666666666667851e-02
0.000000000000000000e+00
4.133333333333333304e-01
1.073333333333333250e+00
3.333333333333333148e-01
1.066666666666666458e-01
9.466666666666666563e-01
1.446666666666666545e+00
6.666666666666667095e-03
1.466666666666666397e-01
2.399999999999999911e-01
5.333333333333333676e-02
1.416666666666666741e+00
1.463333333333333597e+00
3.733333333333333504e-01
6.199999999999999956e-01
8.000000000000000167e-02
8.666666666666666963e-02
1.333333333333333419e-02
6.533333333333333215e-01
3.000000000000000236e-02
5.766666666666666607e-01
0.000000000000000000e+00
2.000000000000000042e-02
1.183333333333333348e+00
9.533333333333334769e-01
0.000000000000000000e+00
1.666666666666666574e-01
1.456666666666666776e+00
9.999999999999999167e-02
2.333333333333333093e-02
1.510000000000000009e+00
3.366666666666666696e-01
6.666666666666667095e-03
7.500000000000000000e-01
8.666666666666666963e-01
9.999999999999999167e-02
4.999999999999999584e-02
2.299999999999999822e-01
3.500000000000000333e-01
1.000000000000000021e-02
2.666666666666666630e-01
1.600000000000000033e-01
7.666666666666667462e-02
1.576666666666666883e+00
2.399999999999999911e-01
4.933333333333333459e-01
0.000000000000000000e+00
1.800000000000000211e-01
1.399999999999999856e-01
8.666666666666666963e-01
2.433333333333333182e-01
1.499999999999999944e-01
2.066666666666666652e-01
1.016666666666666607e+00
7.066666666666666652e-01
7.033333333333334769e-01
2.000000000000000042e-02
9.000000000000001055e-02
1.400000000000000133e-01
4.266666666666666941e-01
6.666666666666667095e-03
2.833333333333333259e-01
0.000000000000000000e+00
5.333333333333334370e-02
1.633333333333333304e-01
1.000000000000000021e-02
4.000000000000000083e-02
2.999999999999999889e-02
1.433333333333333570e+00
1.929999999999999938e+00
1.566666666666666485e-01
3.133333333333332971e-01
8.666666666666666963e-02
1.100000000000000006e-01
5.000000000000000971e-02
9.333333333333333759e-02
4.133333333333333304e-01
1.276666666666666616e+00
1.733333333333333393e-01
1.913333333333333330e+00
7.299999999999999822e-01
3.099999999999999978e-01
8.066666666666666430e-01
8.133333333333333526e-01
1.099999999999999867e+00
9.000000000000001055e-02
1.336666666666666670e+00
3.666666666666666408e-01
6.333333333333333870e-02
8.866666666666667140e-01
9.666666666666667851e-02
1.100000000000000006e-01
4.666666666666666879e-02
1.099999999999999867e-01
1.033333333333333326e-01
2.633333333333333637e-01
1.800000000000000211e-01
1.066666666666666735e-01
1.066666666666666735e-01
1.333333333333333419e-02
2.366666666666666641e-01
6.333333333333332482e-02
0.000000000000000000e+00
6.666666666666667095e-03
1.333333333333333315e-01
5.666666666666667629e-01
6.000000000000000472e-02
1.233333333333333365e-01
1.433333333333333404e-01
8.466666666666666785e-01
1.313333333333333464e+00
4.033333333333333215e-01
7.099999999999999645e-01
1.520000000000000240e+00
3.600000000000000422e-01
7.666666666666667462e-02
0.000000000000000000e+00
0.000000000000000000e+00
2.000000000000000042e-02
2.766666666666666718e-01
8.000000000000000167e-02
7.266666666666666829e-01
1.000000000000000021e-02
1.033333333333333326e-01
1.966666666666666563e-01
2.533333333333333548e-01
7.000000000000000666e-02
4.000000000000000083e-02
8.000000000000000167e-02
1.399999999999999856e-01
1.173333333333333339e+00
7.099999999999999645e-01
1.346666666666666679e+00
7.433333333333332904e-01
2.503333333333333410e+00
5.699999999999999512e-01
2.166666666666666741e-01
1.150000000000000133e+00
2.966666666666666896e-01
2.700000000000000178e-01
3.166666666666666519e-01
9.000000000000001055e-02
6.999999999999999278e-02
2.999999999999999889e-01
5.400000000000000355e-01
5.666666666666666519e-01
2.666666666666666838e-02
5.866666666666667806e-01
5.333333333333333259e-01
5.666666666666666380e-02
1.370000000000000107e+00
2.700000000000000178e-01
1.333333333333333419e-02
3.366666666666666696e-01
6.333333333333333870e-02
0.000000000000000000e+00
0.000000000000000000e+00
1.966666666666666841e-01
6.666666666666667095e-03
1.700000000000000122e-01
1.166666666666666824e-01
4.333333333333333481e-02
2.933333333333332793e-01
4.366666666666667029e-01
9.000000000000001055e-02
1.636666666666666714e+00
1.133333333333333276e-01
1.063333333333333242e+00
1.100000000000000006e-01
3.366666666666666696e-01
1.033333333333333326e-01
1.000000000000000194e-01
1.196666666666666545e+00
5.666666666666666519e-01
1.233333333333333365e-01
9.466666666666666563e-01
1.696666666666666545e+00
3.133333333333332971e-01
2.233333333333332948e+00
1.726666666666666572e+00
1.133333333333333415e-01
1.533333333333333437e+00
7.299999999999999822e-01
1.499999999999999944e-01
5.133333333333333082e-01
2.333333333333333440e-02
0.000000000000000000e+00
1.333333333333333419e-02
3.233333333333333059e-01
2.296666666666666856e+00
1.056666666666666643e+00
1.999999999999999833e-01
1.066666666666666735e-01
0.000000000000000000e+00
2.899999999999999800e-01
2.999999999999999889e-02
3.333333333333333547e-03
1.199999999999999956e-01
4.966666666666666452e-01
1.666666666666666644e-02
1.550000000000000044e+00
7.666666666666666075e-02
1.466666666666666397e-01
2.000000000000000042e-02
2.633333333333333637e-01
2.030000000000000249e+00
6.099999999999999867e-01
2.933333333333332793e-01
2.013333333333333197e+00
5.000000000000000000e-01
1.233333333333333365e-01
0.000000000000000000e+00
6.199999999999999956e-01
1.000000000000000021e-02
3.333333333333333148e-01
4.333333333333333481e-01
4.233333333333333393e-01
2.299999999999999822e-01
7.466666666666667007e-01
2.566666666666666541e-01
1.800000000000000211e-01
7.333333333333333370e-02
1.253333333333333188e+00
1.666666666666666574e-01
1.733333333333333393e-01
1.656666666666666510e+00
5.299999999999999156e-01
1.230000000000000204e+00
1.356666666666666687e+00
6.833333333333332371e-01
1.370000000000000107e+00
3.866666666666666585e-01
4.999999999999999584e-02
3.766666666666666496e-01
1.703333333333333366e+00
4.299999999999999933e-01
5.666666666666666519e-01
1.666666666666666741e+00
2.766666666666666718e-01
3.866666666666667140e-01
1.633333333333333304e-01
