7.433333333333332904e-01
1.219999999999999973e+00
5.999999999999999778e-02
1.533333333333333215e-01
5.099999999999998979e-01
6.666666666666667095e-03
8.999999999999999112e-01
1.733333333333333393e-01
2.633333333333333637e-01
8.333333333333333703e-01
1.266666666666666774e-01
1.466666666666666397e-01
1.093333333333333490e+00
1.063333333333333464e+00
1.199999999999999956e-01
7.666666666666667462e-02
8.266666666666667718e-01
8.633333333333332860e-01
1.499999999999999944e-01
5.999999999999999778e-02
4.233333333333333393e-01
1.166666666666666546e-01
1.263333333333333419e+00
7.933333333333333348e-01
2.533333333333333548e-01
1.000000000000000194e-01
1.040000000000000036e+00
8.666666666666665853e-01
5.666666666666667074e-02
7.300000000000000933e-01
1.126666666666666705e+00
6.166666666666666963e-01
9.999999999999999167e-02
8.133333333333333526e-01
1.250000000000000000e+00
0.000000000000000000e+00
7.200000000000000844e-01
9.733333333333332726e-01
6.733333333333333393e-01
2.000000000000000042e-02
4.633333333333333748e-01
3.666666666666666685e-02
3.333333333333333547e-03
0.000000000000000000e+00
0.000000000000000000e+00
1.199999999999999956e-01
8.666666666666666963e-02
9.999999999999999167e-02
5.533333333333333437e-01
1.186666666666666536e+00
1.399999999999999856e-01
9.766666666666666829e-01
3.000000000000000236e-02
7.299999999999999822e-01
9.666666666666666463e-02
1.090000000000000080e+00
4.566666666666667207e-01
0.000000000000000000e+00
1.900000000000000300e-01
2.099999999999999922e-01
3.366666666666666696e-01
1.383333333333333526e+00
4.566666666666666097e-01
2.000000000000000042e-02
3.799999999999999489e-01
6.300000000000000044e-01
1.333333333333333419e-02
2.000000000000000042e-02
8.133333333333333526e-01
1.266666666666666607e+00
3.333333333333333287e-02
2.166666666666666463e-01
8.000000000000000167e-02
1.236666666666666581e+00
1.630000000000000115e+00
8.066666666666666430e-01
8.666666666666666963e-02
1.500000000000000222e-01
1.246666666666666812e+00
9.633333333333333748e-01
0.000000000000000000e+00
4.933333333333333459e-01
1.216666666666666563e+00
1.066666666666666735e-01
2.800000000000000266e-01
7.033333333333332549e-01
6.666666666666666297e-01
7.666666666666667462e-02
2.633333333333333637e-01
7.333333333333333370e-02
7.666666666666667185e-01
3.333333333333333547e-03
0.000000000000000000e+00
8.333333333333332871e-02
1.666666666666666644e-02
5.333333333333333259e-01
1.066666666666666458e-01
3.899999999999999578e-01
5.833333333333333703e-01
1.840000000000000080e+00
2.566666666666666541e-01
7.366666666666666918e-01
2.500000000000000000e-01
4.233333333333333393e-01
6.700000000000000400e-01
1.669999999999999929e+00
