1.283333333333333437e+00
3.400000000000000244e-01
1.036666666666666625e+00
1.000000000000000021e-02
5.666666666666666519e-01
3.933333333333333681e-01
0.000000000000000000e+00
3.333333333333333287e-02
1.133333333333333276e-01
4.333333333333333481e-02
0.000000000000000000e+00
1.866666666666666752e-01
1.639999999999999902e+00
8.099999999999999423e-01
1.610000000000000098e+00
6.666666666666667095e-03
1.266666666666666774e-01
0.000000000000000000e+00
0.000000000000000000e+00
0.000000000000000000e+00
0.000000000000000000e+00
4.000000000000000083e-02
1.700000000000000122e-01
1.233333333333333365e-01
1.233333333333333365e-01
3.000000000000000236e-02
0.000000000000000000e+00
8.666666666666666963e-02
2.533333333333333548e-01
1.000000000000000021e-02
2.333333333333333440e-02
1.133333333333333276e-01
5.000000000000000971e-02
5.999999999999999778e-02
1.266666666666666774e-01
2.999999999999999889e-01
1.166666666666666546e-01
1.373333333333333295e+00
2.343333333333333268e+00
1.610000000000000098e+00
1.133333333333333276e-01
0.000000000000000000e+00
0.000000000000000000e+00
0.000000000000000000e+00
0.000000000000000000e+00
3.333333333333333547e-03
3.333333333333333287e-02
1.013333333333333419e+00
1.183333333333333348e+00
2.133333333333333470e-01
5.166666666666667185e-01
5.999999999999999778e-02
7.000000000000000666e-02
0.000000000000000000e+00
0.000000000000000000e+00
6.666666666666667095e-03
6.666666666666667095e-03
2.000000000000000042e-02
3.999999999999999667e-01
4.899999999999999911e-01
2.000000000000000042e-02
6.199999999999999956e-01
1.120000000000000107e+00
3.333333333333333547e-03
1.159999999999999920e+00
1.489999999999999991e+00
1.466666666666666674e-01
1.366666666666666863e-01
2.966666666666666896e-01
1.866666666666666474e-01
3.500000000000000333e-01
9.566666666666666652e-01
8.000000000000000167e-02
1.333333333333333419e-02
6.666666666666667095e-03
1.666666666666666574e-01
1.433333333333333570e+00
1.020000000000000018e+00
1.066666666666666735e-01
3.633333333333333415e-01
1.733333333333333393e-01
3.333333333333333547e-03
1.000000000000000021e-02
1.020000000000000018e+00
4.999999999999999584e-02
3.333333333333333547e-03
1.106666666666666687e+00
4.066666666666666763e-01
4.233333333333333393e-01
3.333333333333333287e-02
1.449999999999999956e+00
2.066666666666666652e-01
1.223333333333333384e+00
1.333333333333333419e-02
7.299999999999999822e-01
6.666666666666667095e-03
0.000000000000000000e+00
0.000000000000000000e+00
0.000000000000000000e+00
8.000000000000000167e-02
9.666666666666666463e-02
9.566666666666666652e-01
8.766666666666665941e-01
3.333333333333333547e-03
1.300000000000000044e-01
3.333333333333333547e-03
2.999999999999999889e-02
8.133333333333333526e-01
0.000000000000000000e+00
4.199999999999999845e-01
0.000000000000000000e+00
3.333333333333333547e-03
8.133333333333333526e-01
6.000000000000000472e-02
2.366666666666666641e-01
1.466666666666666952e-01
9.666666666666667851e-02
1.396666666666666723e+00
5.000000000000000971e-02
2.299999999999999822e-01
1.199999999999999956e-01
5.666666666666666380e-02
1.199999999999999956e-01
0.000000000000000000e+00
5.599999999999999423e-01
5.633333333333333526e-01
3.333333333333333287e-02
4.000000000000000083e-02
9.599999999999999645e-01
1.290000000000000036e+00
1.499999999999999944e-01
8.133333333333333526e-01
2.133333333333332915e-01
3.799999999999999489e-01
3.833333333333333037e-01
3.366666666666666141e-01
1.833333333333333481e-01
1.096666666666666679e+00
2.066666666666666652e-01
0.000000000000000000e+00
1.193333333333333357e+00
4.099999999999999756e-01
1.666666666666666644e-02
9.133333333333334414e-01
4.000000000000000083e-02
0.000000000000000000e+00
3.333333333333333547e-03
1.096666666666666679e+00
3.666666666666667379e-02
0.000000000000000000e+00
2.800000000000000266e-01
4.499999999999999556e-01
1.099999999999999867e-01
5.333333333333333676e-02
7.600000000000001199e-01
7.666666666666667462e-02
3.000000000000000236e-02
5.999999999999999778e-02
1.333333333333333419e-02
6.666666666666667095e-03
0.000000000000000000e+00
3.333333333333333547e-03
1.513333333333333419e+00
4.799999999999999822e-01
3.366666666666666141e-01
6.666666666666666574e-02
4.333333333333333481e-02
4.666666666666666879e-02
0.000000000000000000e+00
5.333333333333333676e-02
1.600000000000000033e-01
0.000000000000000000e+00
6.666666666666667095e-03
1.666666666666666644e-02
4.166666666666666852e-01
1.033333333333333326e-01
3.800000000000000600e-01
2.033333333333333381e-01
5.833333333333333703e-01
2.666666666666666838e-02
4.833333333333333370e-01
1.173333333333333339e+00
3.666666666666666685e-02
3.666666666666666685e-02
0.000000000000000000e+00
2.266666666666666829e-01
5.633333333333333526e-01
1.433333333333333404e-01
7.333333333333333370e-02
1.650000000000000133e+00
1.686666666666666758e+00
2.333333333333333093e-02
2.333333333333333093e-02
0.000000000000000000e+00
1.000000000000000021e-02
1.000000000000000194e-01
1.000000000000000021e-02
5.000000000000000971e-02
7.266666666666665719e-01
0.000000000000000000e+00
6.666666666666667095e-03
1.600000000000000033e-01
3.600000000000000422e-01
3.766666666666666496e-01
1.066666666666666735e-01
9.333333333333333759e-02
1.000000000000000194e-01
4.266666666666666941e-01
1.733333333333333393e-01
1.633333333333333304e-01
1.846666666666666679e+00
5.999999999999999778e-02
9.466666666666666563e-01
1.103333333333333277e+00
2.066666666666666929e-01
1.150000000000000133e+00
5.666666666666667074e-02
3.333333333333333287e-02
0.000000000000000000e+00
1.499999999999999944e-01
1.499999999999999944e-01
9.333333333333333759e-02
1.000000000000000021e-02
0.000000000000000000e+00
4.000000000000000083e-02
3.333333333333333287e-02
1.133333333333333415e-01
7.666666666666666075e-02
6.333333333333333870e-02
1.000000000000000021e-02
8.000000000000000167e-02
5.299999999999999156e-01
6.666666666666667095e-03
1.333333333333333419e-02
1.266666666666666774e-01
1.333333333333333419e-02
2.999999999999999889e-02
0.000000000000000000e+00
2.333333333333333440e-02
0.000000000000000000e+00
1.800000000000000211e-01
3.666666666666667379e-02
4.033333333333333215e-01
9.233333333333333393e-01
4.799999999999999822e-01
1.033333333333333465e-01
1.666666666666666644e-02
2.933333333333333903e-01
0.000000000000000000e+00
0.000000000000000000e+00
9.300000000000000488e-01
2.000000000000000042e-02
0.000000000000000000e+00
4.566666666666667207e-01
6.366666666666666030e-01
6.666666666666667095e-03
6.666666666666667095e-03
3.666666666666666963e-01
3.333333333333333287e-02
2.333333333333333440e-02
3.933333333333333126e-01
1.013333333333333419e+00
9.333333333333333759e-02
9.333333333333333759e-02
6.700000000000000400e-01
4.999999999999999584e-02
2.000000000000000042e-02
2.333333333333333440e-02
1.033333333333333465e-01
0.000000000000000000e+00
2.099999999999999922e-01
6.666666666666666297e-01
2.666666666666666838e-02
5.666666666666666380e-02
7.666666666666667462e-02
7.666666666666667462e-02
1.666666666666666574e-01
3.233333333333333059e-01
2.333333333333333093e-01
1.099999999999999867e-01
1.333333333333333419e-02
2.333333333333333440e-02
6.099999999999999867e-01
1.000000000000000021e-02
7.666666666666667462e-02
2.233333333333333004e-01
2.999999999999999889e-02
1.536666666666666847e+00
4.499999999999999556e-01
2.099999999999999922e-01
3.366666666666666141e-01
6.666666666666666297e-01
1.199999999999999956e+00
1.233333333333333365e-01
3.666666666666667379e-02
1.433333333333333404e-01
3.333333333333333547e-03
2.000000000000000042e-02
0.000000000000000000e+00
1.366666666666666863e-01
5.933333333333332682e-01
3.566666666666666874e-01
2.189999999999999947e+00
2.800000000000000266e-01
1.506666666666666599e+00
4.999999999999999584e-02
7.000000000000000666e-02
8.000000000000000167e-02
3.666666666666666685e-02
7.333333333333333370e-02
8.000000000000000167e-02
5.000000000000000971e-02
9.133333333333334414e-01
3.333333333333333287e-02
0.000000000000000000e+00
0.000000000000000000e+00
4.333333333333333481e-02
4.533333333333333659e-01
0.000000000000000000e+00
1.000000000000000021e-02
2.000000000000000042e-02
4.666666666666666879e-02
3.666666666666667379e-02
1.300000000000000044e-01
1.499999999999999944e-01
0.000000000000000000e+00
3.333333333333333287e-02
0.000000000000000000e+00
6.000000000000000472e-02
2.333333333333333440e-02
1.733333333333333393e-01
2.999999999999999889e-02
9.733333333333331616e-01
0.000000000000000000e+00
0.000000000000000000e+00
0.000000000000000000e+00
7.700000000000000178e-01
0.000000000000000000e+00
4.000000000000000083e-02
2.333333333333333093e-02
1.133333333333333276e-01
0.000000000000000000e+00
1.066666666666666735e-01
0.000000000000000000e+00
6.666666666666666574e-02
1.780000000000000027e+00
5.999999999999999778e-01
1.533333333333333215e-01
9.666666666666667851e-02
5.300000000000000266e-01
8.333333333333332871e-02
4.466666666666666008e-01
1.199999999999999956e-01
1.356666666666666687e+00
7.666666666666667462e-02
1.290000000000000036e+00
3.566666666666666319e-01
9.666666666666666741e-01
8.000000000000000167e-02
1.033333333333333326e-01
1.733333333333333393e-01
2.133333333333333470e-01
1.113333333333333286e+00
2.266666666666666552e-01
6.133333333333333970e-01
1.333333333333333419e-02
4.366666666666667029e-01
1.123333333333333295e+00
0.000000000000000000e+00
6.666666666666667095e-03
1.333333333333333419e-02
8.000000000000000167e-02
0.000000000000000000e+00
2.333333333333333093e-02
5.300000000000000266e-01
7.033333333333332549e-01
2.516666666666667052e+00
2.666666666666666838e-02
2.399999999999999911e-01
0.000000000000000000e+00
0.000000000000000000e+00
0.000000000000000000e+00
2.999999999999999889e-02
2.399999999999999911e-01
4.000000000000000777e-01
1.333333333333333315e-01
3.066666666666666430e-01
0.000000000000000000e+00
0.000000000000000000e+00
2.033333333333333381e-01
1.800000000000000211e-01
6.666666666666667095e-03
8.333333333333332871e-02
1.666666666666666574e-01
8.666666666666666963e-02
4.133333333333333304e-01
3.666666666666666963e-01
1.266666666666666774e-01
2.299999999999999822e-01
1.150000000000000133e+00
3.443333333333333357e+00
1.626666666666666705e+00
2.033333333333333381e-01
6.666666666666666574e-02
0.000000000000000000e+00
0.000000000000000000e+00
0.000000000000000000e+00
6.666666666666667095e-03
1.499999999999999944e-01
5.799999999999999600e-01
1.146666666666666723e+00
3.866666666666667140e-01
1.066666666666666735e-01
3.333333333333333547e-03
1.300000000000000044e-01
0.000000000000000000e+00
0.000000000000000000e+00
0.000000000000000000e+00
6.333333333333333870e-02
1.133333333333333276e-01
6.533333333333333215e-01
1.316666666666666652e+00
8.333333333333332871e-02
1.780000000000000027e+00
1.463333333333333597e+00
0.000000000000000000e+00
1.079999999999999849e+00
9.000000000000000222e-01
5.733333333333333615e-01
3.433333333333333237e-01
3.933333333333333681e-01
1.666666666666666644e-02
1.666666666666666644e-02
6.466666666666666119e-01
2.666666666666666838e-02
1.333333333333333419e-02
0.000000000000000000e+00
1.566666666666666485e-01
1.393333333333333313e+00
6.199999999999999956e-01
3.099999999999999978e-01
5.633333333333333526e-01
2.500000000000000000e-01
1.000000000000000021e-02
3.666666666666666685e-02
9.666666666666666741e-01
6.666666666666667095e-03
2.000000000000000042e-02
8.399999999999999689e-01
3.633333333333332860e-01
3.666666666666666963e-01
2.333333333333333440e-02
1.083333333333333259e+00
1.700000000000000122e-01
9.666666666666667851e-01
1.000000000000000021e-02
7.900000000000000355e-01
4.666666666666666879e-02
0.000000000000000000e+00
0.000000000000000000e+00
0.000000000000000000e+00
4.000000000000000083e-02
5.666666666666667074e-02
4.633333333333333748e-01
9.533333333333334769e-01
0.000000000000000000e+00
4.666666666666666879e-02
1.000000000000000021e-02
6.666666666666666574e-02
7.299999999999999822e-01
1.000000000000000021e-02
6.533333333333333215e-01
0.000000000000000000e+00
0.000000000000000000e+00
6.866666666666666474e-01
5.999999999999999778e-02
1.666666666666666574e-01
1.300000000000000044e-01
5.999999999999999778e-02
8.800000000000000044e-01
1.000000000000000021e-02
2.233333333333333004e-01
1.033333333333333326e-01
2.999999999999999889e-02
2.099999999999999922e-01
1.000000000000000021e-02
3.733333333333333504e-01
3.766666666666666496e-01
4.999999999999999584e-02
5.666666666666667074e-02
1.403333333333333321e+00
1.169999999999999929e+00
1.999999999999999833e-01
6.833333333333332371e-01
2.100000000000000477e-01
8.166666666666667629e-01
5.100000000000000089e-01
2.933333333333333348e-01
2.833333333333333259e-01
1.110000000000000098e+00
1.966666666666666563e-01
2.666666666666666838e-02
1.209999999999999964e+00
8.900000000000000133e-01
3.666666666666666685e-02
1.173333333333333339e+00
5.000000000000000971e-02
0.000000000000000000e+00
0.000000000000000000e+00
1.093333333333333490e+00
1.333333333333333419e-02
0.000000000000000000e+00
1.966666666666666563e-01
6.833333333333332371e-01
0.000000000000000000e+00
1.333333333333333419e-02
5.433333333333333348e-01
9.333333333333333759e-02
2.999999999999999889e-02
3.333333333333333547e-03
4.000000000000000083e-02
5.999999999999999778e-02
0.000000000000000000e+00
1.333333333333333419e-02
1.723333333333333384e+00
7.700000000000000178e-01
4.599999999999999645e-01
3.266666666666666607e-01
4.666666666666666879e-02
2.999999999999999889e-02
6.666666666666667095e-03
4.999999999999999584e-02
2.033333333333333381e-01
6.333333333333333870e-02
8.333333333333332871e-02
3.333333333333333547e-03
5.066666666666667096e-01
1.199999999999999956e-01
4.866666666666666363e-01
5.233333333333333171e-01
2.399999999999999911e-01
0.000000000000000000e+00
5.800000000000000711e-01
5.733333333333332504e-01
4.666666666666666879e-02
2.666666666666666838e-02
0.000000000000000000e+00
3.999999999999999667e-01
4.599999999999999645e-01
3.733333333333333504e-01
2.999999999999999889e-02
2.050000000000000266e+00
1.059999999999999831e+00
4.333333333333332926e-01
3.300000000000000155e-01
4.999999999999999584e-02
3.666666666666666685e-02
1.966666666666666841e-01
5.666666666666667074e-02
1.499999999999999944e-01
8.766666666666665941e-01
1.333333333333333419e-02
2.666666666666666838e-02
9.333333333333333759e-02
2.833333333333333259e-01
4.599999999999999645e-01
3.333333333333333287e-02
8.000000000000000167e-02
1.333333333333333419e-02
7.200000000000000844e-01
4.033333333333333215e-01
2.099999999999999922e-01
1.116666666666666474e+00
1.000000000000000021e-02
1.106666666666666687e+00
1.256666666666666821e+00
3.633333333333333415e-01
1.636666666666666714e+00
1.433333333333333404e-01
2.333333333333333440e-02
3.333333333333333547e-03
8.000000000000000167e-02
9.400000000000000577e-01
4.533333333333333104e-01
1.066666666666666735e-01
0.000000000000000000e+00
4.333333333333333481e-02
3.333333333333333287e-02
1.833333333333333481e-01
8.333333333333332871e-02
1.233333333333333365e-01
3.333333333333333287e-02
4.000000000000000083e-02
1.743333333333333401e+00
1.133333333333333276e-01
3.333333333333333547e-03
4.000000000000000083e-02
2.000000000000000042e-02
0.000000000000000000e+00
0.000000000000000000e+00
0.000000000000000000e+00
2.000000000000000042e-02
1.566666666666666485e-01
1.033333333333333326e-01
8.033333333333333437e-01
1.193333333333333357e+00
2.299999999999999822e-01
2.299999999999999822e-01
1.333333333333333419e-02
1.183333333333333348e+00
3.333333333333333547e-03
1.233333333333333365e-01
1.136666666666666714e+00
4.333333333333333481e-02
0.000000000000000000e+00
5.133333333333333082e-01
9.733333333333332726e-01
0.000000000000000000e+00
6.666666666666667095e-03
5.699999999999999512e-01
2.333333333333333440e-02
0.000000000000000000e+00
2.333333333333333440e-02
1.513333333333333419e+00
2.666666666666666838e-02
1.033333333333333326e-01
2.733333333333333726e-01
2.999999999999999889e-02
1.666666666666666644e-02
5.333333333333333676e-02
1.066666666666666735e-01
0.000000000000000000e+00
1.866666666666666474e-01
4.033333333333333215e-01
1.333333333333333419e-02
4.333333333333333481e-02
3.666666666666666685e-02
1.333333333333333419e-02
0.000000000000000000e+00
1.866666666666666474e-01
5.000000000000000000e-01
2.166666666666666741e-01
0.000000000000000000e+00
1.633333333333333304e-01
1.160000000000000142e+00
8.333333333333332871e-02
1.700000000000000122e-01
1.366666666666666863e-01
1.566666666666666485e-01
1.293333333333333224e+00
1.266666666666666774e-01
1.999999999999999833e-01
2.633333333333333637e-01
1.246666666666666812e+00
4.500000000000000111e-01
3.333333333333333287e-02
3.666666666666666685e-02
4.000000000000000083e-02
0.000000000000000000e+00
4.666666666666666879e-02
3.333333333333333547e-03
1.100000000000000006e-01
5.899999999999999689e-01
2.833333333333333814e-01
1.510000000000000009e+00
9.666666666666667851e-02
1.376666666666666705e+00
3.333333333333333547e-03
1.233333333333333365e-01
9.333333333333332371e-02
2.000000000000000042e-02
1.766666666666666663e-01
2.666666666666666838e-02
1.199999999999999956e-01
1.110000000000000098e+00
2.133333333333333470e-01
1.066666666666666735e-01
1.333333333333333419e-02
1.366666666666666585e-01
1.143333333333333313e+00
3.000000000000000236e-02
2.999999999999999889e-02
1.666666666666666644e-02
5.000000000000000971e-02
2.099999999999999645e-01
4.000000000000000083e-02
7.200000000000000844e-01
0.000000000000000000e+00
3.333333333333333287e-02
0.000000000000000000e+00
3.700000000000000511e-01
0.000000000000000000e+00
7.666666666666667462e-02
5.333333333333332288e-02
6.166666666666666963e-01
8.000000000000000167e-02
0.000000000000000000e+00
0.000000000000000000e+00
4.633333333333333748e-01
1.000000000000000021e-02
3.999999999999999667e-01
2.666666666666666838e-02
6.333333333333333870e-02
0.000000000000000000e+00
3.366666666666667251e-01
6.666666666666667095e-03
3.266666666666666607e-01
1.246666666666666812e+00
4.266666666666666941e-01
7.333333333333333370e-02
7.000000000000000666e-02
8.066666666666666430e-01
2.066666666666666652e-01
3.066666666666666430e-01
1.033333333333333326e-01
1.446666666666666545e+00
1.300000000000000044e-01
1.239999999999999991e+00
5.233333333333333171e-01
1.433333333333333570e+00
5.666666666666667074e-02
1.100000000000000006e-01
9.666666666666666463e-02
1.933333333333333570e-01
