1.383333333333333526e+00
8.700000000000001066e-01
1.566666666666666652e+00
5.266666666666666163e-01
2.310000000000000053e+00
9.800000000000000933e-01
3.600000000000000422e-01
1.179999999999999938e+00
1.199999999999999956e+00
1.266666666666666774e-01
7.000000000000000666e-02
1.933333333333333293e-01
5.666666666666665408e-01
7.666666666666667462e-02
3.766666666666666496e-01
2.033333333333333381e-01
8.666666666666666963e-02
9.833333333333333925e-01
1.410000000000000142e+00
0.000000000000000000e+00
8.333333333333332871e-02
4.999999999999999584e-02
7.200000000000000844e-01
1.073333333333333472e+00
2.666666666666666838e-02
9.333333333333333759e-02
2.399999999999999911e-01
1.166666666666666546e-01
4.000000000000000083e-02
3.000000000000000236e-02
4.766666666666666274e-01
0.000000000000000000e+00
1.233333333333333365e-01
6.633333333333333304e-01
