5.899999999999999689e-01
1.899999999999999745e-01
6.333333333333333870e-02
3.333333333333333547e-03
1.433333333333333404e-01
1.533333333333333492e-01
4.399999999999999467e-01
3.333333333333333547e-03
1.333333333333333419e-02
4.333333333333333481e-01
1.766666666666666663e-01
2.000000000000000389e-01
6.666666666666666574e-02
0.000000000000000000e+00
5.566666666666666430e-01
2.633333333333333637e-01
1.333333333333333419e-02
4.333333333333333481e-02
3.666666666666667379e-02
2.666666666666666838e-02
1.733333333333333393e-01
5.999999999999999778e-02
1.800000000000000211e-01
1.066666666666666735e-01
3.333333333333333287e-02
1.033333333333333326e-01
2.399999999999999911e-01
1.966666666666666841e-01
1.499999999999999944e-01
2.399999999999999911e-01
1.300000000000000044e-01
2.566666666666666541e-01
8.233333333333333615e-01
6.666666666666667095e-03
1.166666666666666546e-01
2.333333333333333093e-02
8.266666666666666607e-01
1.233333333333333365e-01
1.199999999999999956e-01
8.666666666666666963e-02
4.000000000000000083e-02
5.533333333333333437e-01
0.000000000000000000e+00
9.666666666666667851e-02
1.666666666666666644e-02
2.666666666666666838e-02
4.333333333333333481e-02
1.266666666666666774e-01
6.666666666666667095e-03
2.999999999999999889e-02
3.566666666666666874e-01
1.209999999999999964e+00
6.099999999999999867e-01
4.000000000000000083e-02
6.933333333333333570e-01
1.016666666666666829e+00
5.000000000000000000e-01
5.333333333333333676e-02
5.666666666666667074e-02
1.900000000000000300e-01
6.666666666666667095e-03
1.150000000000000133e+00
2.866666666666666807e-01
1.033333333333333326e-01
6.333333333333333870e-02
4.666666666666666879e-02
7.433333333333332904e-01
8.000000000000000167e-02
9.333333333333333759e-02
3.066666666666666985e-01
1.199999999999999956e-01
1.999999999999999833e-01
5.366666666666666252e-01
1.783333333333333215e+00
9.333333333333333759e-02
1.333333333333333315e-01
1.233333333333333365e-01
7.333333333333333370e-02
1.533333333333333215e+00
1.066666666666666735e-01
1.333333333333333315e-01
2.633333333333333637e-01
0.000000000000000000e+00
3.499999999999999223e-01
2.200000000000000011e-01
4.400000000000000022e-01
2.333333333333333440e-02
0.000000000000000000e+00
5.300000000000000266e-01
1.333333333333333419e-02
8.333333333333332871e-02
6.400000000000000133e-01
2.333333333333333440e-02
1.000000000000000021e-02
2.999999999999999889e-02
1.000000000000000194e-01
1.000000000000000021e-02
8.666666666666666963e-02
2.333333333333333093e-02
1.406666666666666510e+00
2.899999999999999800e-01
1.313333333333333464e+00
1.866666666666666474e-01
2.333333333333333093e-01
3.533333333333333326e-01
6.666666666666666574e-02
1.049999999999999822e+00
9.799999999999999822e-01
6.666666666666666574e-02
1.233333333333333365e-01
1.099999999999999867e-01
2.600000000000000089e-01
1.566666666666666485e-01
2.500000000000000000e-01
1.143333333333333313e+00
8.166666666666667629e-01
8.666666666666666963e-02
1.903333333333333321e+00
1.533333333333333215e-01
3.433333333333333237e-01
1.633333333333333304e-01
4.333333333333333481e-02
9.900000000000001021e-01
2.466666666666666730e-01
2.633333333333333637e-01
1.266666666666666774e-01
4.000000000000000083e-02
0.000000000000000000e+00
5.999999999999999778e-02
9.333333333333333759e-02
3.099999999999999978e-01
0.000000000000000000e+00
1.000000000000000021e-02
2.999999999999999889e-01
3.666666666666666685e-02
6.000000000000000472e-02
6.333333333333333870e-02
3.333333333333333547e-03
4.366666666666667029e-01
2.399999999999999911e-01
3.333333333333333547e-03
2.666666666666666838e-02
7.666666666666667462e-02
0.000000000000000000e+00
9.999999999999999167e-02
2.999999999999999889e-02
1.499999999999999944e-01
1.966666666666666563e-01
6.666666666666666574e-02
2.333333333333333093e-02
2.800000000000000266e-01
2.399999999999999911e-01
2.166666666666666463e-01
2.933333333333333348e-01
1.466666666666666397e-01
9.666666666666666463e-02
7.233333333333332726e-01
0.000000000000000000e+00
2.433333333333333182e-01
9.000000000000001055e-02
8.566666666666665764e-01
7.666666666666666075e-02
2.000000000000000042e-02
8.666666666666666963e-02
1.000000000000000021e-02
8.633333333333332860e-01
3.333333333333333547e-03
4.000000000000000083e-02
9.000000000000001055e-02
4.666666666666666879e-02
1.333333333333333419e-02
1.099999999999999867e+00
5.999999999999999778e-02
1.333333333333333419e-02
2.800000000000000266e-01
9.300000000000000488e-01
1.166666666666666741e+00
0.000000000000000000e+00
3.000000000000000444e-01
5.699999999999999512e-01
2.966666666666666896e-01
2.333333333333333440e-02
2.333333333333333093e-02
1.466666666666666674e-01
2.500000000000000000e-01
1.336666666666666670e+00
2.966666666666666896e-01
5.666666666666666380e-02
5.333333333333334370e-02
7.666666666666667462e-02
2.103333333333333499e+00
1.199999999999999956e-01
1.100000000000000006e-01
2.366666666666666641e-01
2.533333333333333548e-01
1.600000000000000033e-01
5.666666666666667074e-02
1.173333333333333339e+00
4.333333333333333481e-02
1.466666666666666397e-01
2.666666666666666838e-02
6.666666666666666574e-02
1.316666666666666652e+00
6.533333333333333215e-01
1.113333333333333286e+00
1.633333333333333304e-01
4.000000000000000083e-02
8.266666666666666607e-01
6.999999999999999278e-02
8.333333333333332871e-02
4.000000000000000083e-02
6.666666666666667095e-03
6.233333333333332948e-01
0.000000000000000000e+00
0.000000000000000000e+00
6.066666666666667984e-01
6.333333333333333870e-02
0.000000000000000000e+00
1.000000000000000021e-02
9.000000000000001055e-02
1.333333333333333419e-02
1.566666666666666485e-01
2.000000000000000042e-02
1.080000000000000071e+00
1.133333333333333276e-01
1.589999999999999858e+00
2.066666666666666652e-01
1.366666666666666863e-01
4.933333333333333459e-01
6.666666666666666574e-02
5.799999999999999600e-01
9.633333333333333748e-01
2.233333333333333559e-01
9.333333333333333759e-02
3.166666666666666519e-01
3.600000000000000422e-01
1.133333333333333276e-01
2.633333333333333637e-01
1.030000000000000027e+00
3.766666666666666496e-01
1.266666666666666774e-01
2.416666666666666519e+00
5.000000000000000971e-02
2.399999999999999911e-01
1.666666666666666574e-01
1.900000000000000300e-01
1.480000000000000204e+00
1.340000000000000080e+00
