1.406666666666666510e+00
2.733333333333333726e-01
1.110000000000000098e+00
1.399999999999999856e-01
2.866666666666666807e-01
2.000000000000000042e-02
6.000000000000000472e-02
1.633333333333333304e-01
4.433333333333333570e-01
1.866666666666666474e-01
5.999999999999999778e-02
2.899999999999999800e-01
1.499999999999999944e-01
1.600000000000000033e-01
1.933333333333333293e-01
0.000000000000000000e+00
1.333333333333333419e-02
8.000000000000000167e-02
0.000000000000000000e+00
4.666666666666666879e-02
3.666666666666666685e-02
0.000000000000000000e+00
0.000000000000000000e+00
3.666666666666666963e-01
6.133333333333332860e-01
4.666666666666666879e-02
2.866666666666666807e-01
6.433333333333332016e-01
8.333333333333333703e-01
8.666666666666666963e-02
1.280000000000000027e+00
1.966666666666666841e-01
5.333333333333333676e-02
4.000000000000000083e-02
1.866666666666666752e-01
2.366666666666666641e-01
6.666666666666666574e-02
1.300000000000000044e-01
4.000000000000000083e-02
4.566666666666667207e-01
8.666666666666666963e-01
4.866666666666666363e-01
2.633333333333333637e-01
3.600000000000000422e-01
4.199999999999999845e-01
1.696666666666666545e+00
1.566666666666666485e-01
9.733333333333332726e-01
1.209999999999999964e+00
6.400000000000000133e-01
7.266666666666665719e-01
1.100000000000000006e-01
1.700000000000000122e-01
1.833333333333333481e-01
3.500000000000000333e-01
2.366666666666666641e-01
1.833333333333333481e-01
2.299999999999999822e-01
1.000000000000000021e-02
0.000000000000000000e+00
8.000000000000000167e-02
3.166666666666666519e-01
2.466666666666666730e-01
4.266666666666666941e-01
1.033333333333333326e-01
1.250000000000000000e+00
2.399999999999999911e-01
8.000000000000000167e-02
2.366666666666666641e-01
6.666666666666666574e-02
8.333333333333332871e-02
1.999999999999999833e-01
5.333333333333333676e-02
1.466666666666666952e-01
1.199999999999999956e-01
0.000000000000000000e+00
1.333333333333333419e-02
0.000000000000000000e+00
0.000000000000000000e+00
3.333333333333333547e-03
3.333333333333333547e-03
6.733333333333333393e-01
3.466666666666666785e-01
2.366666666666666641e-01
1.866666666666666474e-01
9.000000000000001055e-02
3.666666666666666685e-02
2.999999999999999889e-02
1.666666666666666644e-02
0.000000000000000000e+00
8.000000000000000167e-02
4.299999999999999933e-01
4.299999999999999933e-01
1.033333333333333326e-01
1.700000000000000122e-01
1.533333333333333215e-01
2.200000000000000011e-01
2.933333333333332793e-01
5.533333333333333437e-01
3.899999999999999578e-01
2.266666666666666829e-01
1.136666666666666714e+00
2.666666666666666838e-02
6.800000000000000488e-01
