6.333333333333333037e-01
1.533333333333333215e-01
8.333333333333332871e-02
6.666666666666667095e-03
5.000000000000000971e-02
1.333333333333333315e-01
1.833333333333333481e-01
7.000000000000000666e-02
2.066666666666666652e-01
3.866666666666667140e-01
1.466666666666666674e-01
2.800000000000000266e-01
2.333333333333333440e-02
1.166666666666666824e-01
1.066666666666666735e-01
1.000000000000000021e-02
6.333333333333333870e-02
1.700000000000000122e-01
7.333333333333334758e-02
4.000000000000000083e-02
1.000000000000000021e-02
2.166666666666666741e-01
1.233333333333333365e-01
1.206666666666666776e+00
1.210000000000000187e+00
1.126666666666666705e+00
1.900000000000000300e-01
0.000000000000000000e+00
3.600000000000000422e-01
1.016666666666666829e+00
1.223333333333333384e+00
