9.400000000000000577e-01
5.599999999999999423e-01
4.866666666666666363e-01
7.133333333333333748e-01
8.166666666666665408e-01
7.099999999999999645e-01
5.166666666666667185e-01
4.333333333333333481e-01
5.599999999999999423e-01
5.933333333333333792e-01
1.000000000000000021e-02
5.033333333333332993e-01
2.500000000000000000e-01
1.666666666666666644e-02
3.333333333333333547e-03
1.000000000000000021e-02
1.966666666666666563e-01
3.666666666666666963e-01
1.370000000000000107e+00
1.333333333333333419e-02
7.000000000000000666e-01
5.366666666666667362e-01
3.066666666666666430e-01
3.733333333333333504e-01
3.866666666666667140e-01
1.666666666666666574e-01
2.600000000000000089e-01
3.633333333333332860e-01
6.800000000000000488e-01
7.900000000000000355e-01
1.213333333333333375e+00
1.290000000000000036e+00
7.533333333333332993e-01
8.000000000000000167e-02
6.033333333333333881e-01
1.166666666666666546e-01
1.333333333333333419e-02
8.333333333333332871e-02
6.666666666666666574e-02
2.000000000000000042e-02
2.999999999999999889e-02
2.000000000000000042e-02
1.166666666666666546e-01
7.333333333333333370e-02
1.366666666666666863e-01
1.133333333333333276e-01
8.333333333333332871e-02
1.100000000000000006e-01
7.666666666666667462e-02
4.666666666666666879e-02
3.866666666666667140e-01
2.033333333333333381e-01
9.000000000000001055e-02
1.000000000000000021e-02
1.333333333333333315e-01
4.666666666666666879e-02
1.199999999999999956e-01
1.100000000000000006e-01
5.999999999999999778e-01
2.700000000000000178e-01
1.300000000000000044e-01
8.566666666666667984e-01
1.100000000000000006e-01
5.200000000000000178e-01
3.166666666666666519e-01
6.666666666666666574e-02
5.833333333333333703e-01
2.466666666666666730e-01
7.666666666666667462e-02
2.933333333333333348e-01
3.433333333333332682e-01
2.299999999999999822e-01
5.999999999999999778e-02
9.433333333333333570e-01
1.793333333333333224e+00
1.333333333333333419e-02
1.576666666666666883e+00
5.166666666666666075e-01
6.999999999999999278e-02
9.333333333333333759e-02
5.233333333333333171e-01
1.146666666666666723e+00
3.966666666666666674e-01
0.000000000000000000e+00
2.333333333333333440e-02
1.666666666666666644e-02
7.333333333333334758e-02
7.666666666666667462e-02
3.233333333333333059e-01
9.000000000000001055e-02
8.433333333333333792e-01
6.433333333333333126e-01
2.080000000000000071e+00
