6.300000000000000044e-01
4.000000000000000083e-02
1.153333333333333321e+00
4.199999999999999845e-01
8.000000000000000167e-02
5.999999999999999778e-01
1.033333333333333326e-01
5.933333333333333792e-01
4.333333333333333481e-02
1.456666666666666776e+00
2.700000000000000178e-01
2.000000000000000042e-02
1.700000000000000122e-01
5.666666666666667074e-02
3.333333333333333287e-02
1.666666666666666644e-02
2.066666666666666652e-01
1.066666666666666458e-01
2.000000000000000042e-02
2.066666666666666652e-01
0.000000000000000000e+00
8.666666666666666963e-02
3.666666666666666685e-02
5.166666666666667185e-01
2.366666666666666641e-01
1.199999999999999956e-01
1.896666666666666501e+00
3.099999999999999978e-01
4.140000000000000568e+00
9.066666666666666208e-01
1.666666666666666574e-01
1.940000000000000169e+00
7.400000000000001021e-01
4.766666666666666274e-01
5.933333333333332682e-01
3.333333333333333287e-02
1.003333333333333188e+00
8.333333333333332871e-02
8.699999999999999956e-01
6.333333333333333870e-02
5.666666666666667074e-02
4.199999999999999845e-01
6.666666666666667095e-03
3.333333333333333287e-02
2.000000000000000042e-02
2.533333333333333548e-01
3.000000000000000236e-02
6.666666666666667095e-03
2.399999999999999911e-01
1.533333333333333492e-01
2.733333333333333726e-01
5.999999999999999778e-02
2.009999999999999787e+00
1.733333333333333393e-01
1.600000000000000033e-01
1.373333333333333295e+00
4.533333333333333659e-01
5.663333333333333108e+00
