1.213333333333333375e+00
2.566666666666666541e-01
6.500000000000000222e-01
2.433333333333333182e-01
1.866666666666666752e-01
8.900000000000000133e-01
4.999999999999999584e-02
3.866666666666666585e-01
3.166666666666666519e-01
5.933333333333332682e-01
1.966666666666666841e-01
8.666666666666666963e-01
5.100000000000000089e-01
4.000000000000000083e-02
4.433333333333333570e-01
3.333333333333333287e-02
2.666666666666666630e-01
6.666666666666667095e-03
1.333333333333333419e-02
9.233333333333332282e-01
1.166666666666666824e-01
2.199999999999999734e-01
4.133333333333333304e-01
2.600000000000000089e-01
6.333333333333333870e-02
1.666666666666666644e-02
7.000000000000000666e-02
4.766666666666666274e-01
1.966666666666666841e-01
1.303333333333333455e+00
9.666666666666666463e-02
5.000000000000000971e-02
7.466666666666665897e-01
5.466666666666667451e-01
7.000000000000000666e-01
1.000000000000000194e-01
4.766666666666667385e-01
7.533333333333332993e-01
1.499999999999999944e-01
9.233333333333333393e-01
9.766666666666666829e-01
3.899999999999999578e-01
1.266666666666666774e-01
9.399999999999999467e-01
1.199999999999999956e-01
1.566666666666666485e-01
2.999999999999999889e-02
1.933333333333333570e-01
3.333333333333333547e-03
9.999999999999999167e-02
3.800000000000000600e-01
1.273333333333333428e+00
2.933333333333332793e-01
3.066666666666666430e-01
2.223333333333333162e+00
1.006666666666666821e+00
3.400000000000000244e-01
3.666666666666666963e-01
2.466666666666666730e-01
1.866666666666666752e-01
9.000000000000001055e-02
2.099999999999999922e-01
0.000000000000000000e+00
5.333333333333333676e-02
1.059999999999999831e+00
3.766666666666667052e-01
1.000000000000000021e-02
2.866666666666666252e-01
5.633333333333333526e-01
0.000000000000000000e+00
4.333333333333333481e-02
5.633333333333333526e-01
2.899999999999999800e-01
0.000000000000000000e+00
3.333333333333333287e-02
1.833333333333333259e+00
1.433333333333333404e-01
1.666666666666666644e-02
1.243333333333333401e+00
9.333333333333333759e-02
5.499999999999999334e-01
3.600000000000000422e-01
1.013333333333333419e+00
6.166666666666666963e-01
6.666666666666666574e-02
3.966666666666666674e-01
6.666666666666667095e-03
7.333333333333333370e-02
1.000000000000000021e-02
2.033333333333333381e-01
3.200000000000000067e-01
5.666666666666667074e-02
2.266666666666666552e-01
4.633333333333333748e-01
4.599999999999999645e-01
1.133333333333333415e-01
3.000000000000000444e-01
7.000000000000000666e-02
2.533333333333333548e-01
0.000000000000000000e+00
1.000000000000000021e-02
2.766666666666666718e-01
7.333333333333333370e-02
0.000000000000000000e+00
8.833333333333334147e-01
6.433333333333334236e-01
5.666666666666667074e-02
6.333333333333333870e-02
7.699999999999999067e-01
2.080000000000000071e+00
3.666666666666667379e-02
3.099999999999999978e-01
0.000000000000000000e+00
1.000000000000000021e-02
7.666666666666667462e-02
2.099999999999999922e-01
1.199999999999999956e+00
8.433333333333333792e-01
3.433333333333333237e-01
9.533333333333334769e-01
3.166666666666666519e-01
1.899999999999999745e-01
9.999999999999999167e-02
0.000000000000000000e+00
7.133333333333333748e-01
2.666666666666666838e-02
1.000000000000000021e-02
9.666666666666666741e-01
6.966666666666666563e-01
4.000000000000000083e-02
1.839999999999999858e+00
1.600000000000000033e-01
2.340000000000000302e+00
3.099999999999999978e-01
4.033333333333333215e-01
4.533333333333333104e-01
0.000000000000000000e+00
1.183333333333333348e+00
2.600000000000000089e-01
4.966666666666666452e-01
4.533333333333333104e-01
3.733333333333333504e-01
2.533333333333333548e-01
5.066666666666667096e-01
8.666666666666666963e-02
3.899999999999999578e-01
5.933333333333332682e-01
1.886666666666666714e+00
9.666666666666667851e-02
2.999999999999999889e-02
1.566666666666666485e-01
1.166666666666666546e-01
5.633333333333333526e-01
2.000000000000000042e-02
1.036666666666666625e+00
7.299999999999999822e-01
9.566666666666666652e-01
1.139999999999999902e+00
2.700000000000000178e-01
1.013333333333333419e+00
2.700000000000000178e-01
0.000000000000000000e+00
0.000000000000000000e+00
2.333333333333333440e-02
1.666666666666666574e-01
2.000000000000000042e-02
8.233333333333332504e-01
2.133333333333333470e-01
9.333333333333333759e-02
3.233333333333333059e-01
6.266666666666667052e-01
7.333333333333334758e-02
7.599999999999998979e-01
2.999999999999999889e-02
3.333333333333333287e-02
3.866666666666666585e-01
3.166666666666666519e-01
6.566666666666666208e-01
5.999999999999999778e-02
1.266666666666666774e-01
6.933333333333333570e-01
6.333333333333333870e-02
9.666666666666667851e-02
1.333333333333333419e-02
5.666666666666667074e-02
5.000000000000000971e-02
2.000000000000000042e-02
1.563333333333333464e+00
1.566666666666666485e-01
2.999999999999999889e-02
2.166666666666666741e-01
1.000000000000000000e+00
2.633333333333333637e-01
1.469999999999999973e+00
2.166666666666666741e-01
1.466666666666666952e-01
3.333333333333333547e-03
4.333333333333333481e-02
7.333333333333333370e-02
4.000000000000000083e-02
5.766666666666666607e-01
1.666666666666666644e-02
2.266666666666666552e-01
1.733333333333333393e-01
1.333333333333333419e-02
0.000000000000000000e+00
1.333333333333333419e-02
0.000000000000000000e+00
1.000000000000000021e-02
8.000000000000000167e-02
5.000000000000000971e-02
9.333333333333332371e-02
4.633333333333333193e-01
2.129999999999999893e+00
2.666666666666666630e-01
7.266666666666666829e-01
2.333333333333333093e-01
3.300000000000000155e-01
1.566666666666666763e-01
8.333333333333332871e-02
1.633333333333333304e-01
3.166666666666666519e-01
4.333333333333333481e-02
1.566666666666666485e-01
0.000000000000000000e+00
0.000000000000000000e+00
2.666666666666666838e-02
0.000000000000000000e+00
0.000000000000000000e+00
3.666666666666667379e-02
0.000000000000000000e+00
4.633333333333333748e-01
4.133333333333333304e-01
8.000000000000000167e-02
1.000000000000000021e-02
2.999999999999999889e-02
1.199999999999999956e-01
2.333333333333333440e-02
3.233333333333333059e-01
6.666666666666666574e-02
0.000000000000000000e+00
0.000000000000000000e+00
6.999999999999999278e-02
4.999999999999999584e-02
6.666666666666667095e-03
6.099999999999999867e-01
8.900000000000000133e-01
1.450000000000000178e+00
7.000000000000000666e-02
2.333333333333333440e-02
4.966666666666666452e-01
1.733333333333333393e-01
3.400000000000000244e-01
5.466666666666666341e-01
3.666666666666666408e-01
1.340000000000000080e+00
2.466666666666666730e-01
1.360000000000000098e+00
7.333333333333333925e-01
2.166666666666666741e-01
5.133333333333333082e-01
4.466666666666666008e-01
6.199999999999999956e-01
1.410000000000000142e+00
7.466666666666667007e-01
2.333333333333333440e-02
1.300000000000000044e-01
2.633333333333333637e-01
1.800000000000000211e-01
1.466666666666666674e-01
2.199999999999999734e-01
1.733333333333333393e-01
0.000000000000000000e+00
1.433333333333333404e-01
3.000000000000000236e-02
3.333333333333333547e-03
6.666666666666666574e-02
3.666666666666667379e-02
1.000000000000000021e-02
1.666666666666666574e-01
5.333333333333333676e-02
0.000000000000000000e+00
1.666666666666666644e-02
9.966666666666667007e-01
1.133333333333333276e-01
3.099999999999999978e-01
5.400000000000000355e-01
4.533333333333333104e-01
5.999999999999999778e-02
3.233333333333333059e-01
7.333333333333333370e-02
2.899999999999999800e-01
8.800000000000000044e-01
1.050000000000000044e+00
2.000000000000000042e-02
4.666666666666666186e-01
5.633333333333333526e-01
4.999999999999999584e-02
4.666666666666666879e-02
8.866666666666667140e-01
2.999999999999999889e-02
0.000000000000000000e+00
3.600000000000000422e-01
1.700000000000000122e-01
0.000000000000000000e+00
1.333333333333333419e-02
1.066666666666666735e-01
3.266666666666666607e-01
0.000000000000000000e+00
1.233333333333333365e-01
1.533333333333333492e-01
2.999999999999999889e-02
4.333333333333333481e-02
1.066666666666666735e-01
1.066666666666666735e-01
6.666666666666667095e-03
1.533333333333333215e-01
7.333333333333333370e-02
1.133333333333333276e-01
1.853333333333333499e+00
2.099999999999999922e-01
3.666666666666666685e-02
2.999999999999999889e-02
3.666666666666666685e-02
0.000000000000000000e+00
0.000000000000000000e+00
6.666666666666667095e-03
8.000000000000000167e-02
2.000000000000000042e-02
1.666666666666666644e-02
4.666666666666666186e-01
1.099999999999999867e+00
8.333333333333332871e-02
3.000000000000000236e-02
1.533333333333333215e-01
8.233333333333333615e-01
7.266666666666666829e-01
8.000000000000000167e-02
1.433333333333333404e-01
7.333333333333334758e-02
6.666666666666666574e-02
5.000000000000000971e-02
2.166666666666666741e-01
7.000000000000000666e-02
3.666666666666666685e-02
5.000000000000000971e-02
0.000000000000000000e+00
5.333333333333333676e-02
0.000000000000000000e+00
1.333333333333333419e-02
0.000000000000000000e+00
4.666666666666666879e-02
2.199999999999999734e-01
0.000000000000000000e+00
2.433333333333333182e-01
6.066666666666666874e-01
8.433333333333333792e-01
1.666666666666666644e-02
4.733333333333333282e-01
3.233333333333333059e-01
1.333333333333333419e-02
1.233333333333333365e-01
9.000000000000001055e-02
0.000000000000000000e+00
0.000000000000000000e+00
3.899999999999999578e-01
3.333333333333333287e-02
1.000000000000000021e-02
1.633333333333333304e-01
1.303333333333333455e+00
4.866666666666666363e-01
1.766666666666666663e-01
1.846666666666666679e+00
