7.933333333333333348e-01
3.566666666666666319e-01
2.999999999999999889e-01
1.293333333333333224e+00
4.599999999999999645e-01
8.333333333333332871e-02
3.766666666666666496e-01
5.866666666666665586e-01
6.099999999999999867e-01
1.333333333333333315e-01
1.999999999999999833e-01
3.999999999999999667e-01
3.166666666666666519e-01
6.666666666666666574e-02
6.166666666666666963e-01
7.133333333333333748e-01
1.826666666666666883e+00
6.166666666666666963e-01
6.166666666666666963e-01
3.333333333333333148e-01
2.266666666666666829e-01
2.700000000000000178e-01
1.066666666666666735e-01
7.333333333333333370e-02
2.566666666666666541e-01
1.000000000000000021e-02
7.333333333333333370e-02
3.666666666666667379e-02
2.999999999999999889e-01
2.333333333333333440e-02
1.000000000000000021e-02
7.399999999999998801e-01
2.733333333333333171e-01
4.000000000000000083e-02
1.533333333333333215e-01
1.616666666666666474e+00
1.866666666666666752e-01
8.333333333333332871e-02
2.899999999999999800e-01
4.433333333333333570e-01
1.410000000000000142e+00
2.033333333333333381e-01
3.333333333333333287e-02
8.666666666666666963e-02
1.666666666666666644e-02
2.833333333333333259e-01
0.000000000000000000e+00
0.000000000000000000e+00
2.466666666666666730e-01
0.000000000000000000e+00
6.666666666666666574e-02
6.366666666666666030e-01
2.466666666666666730e-01
1.066666666666666735e-01
2.000000000000000389e-01
7.099999999999999645e-01
1.666666666666666574e-01
8.166666666666667629e-01
0.000000000000000000e+00
2.000000000000000042e-02
2.666666666666666630e-01
9.000000000000001055e-02
0.000000000000000000e+00
2.033333333333333381e-01
3.433333333333333237e-01
3.333333333333333287e-02
2.666666666666666838e-02
4.233333333333333393e-01
0.000000000000000000e+00
1.799999999999999656e-01
3.966666666666666674e-01
9.999999999999999167e-02
1.093333333333333268e+00
1.199999999999999956e-01
3.099999999999999978e-01
2.033333333333333381e-01
1.883333333333333526e+00
2.129999999999999449e+00
2.333333333333333440e-02
3.333333333333333547e-03
4.000000000000000083e-02
3.433333333333332682e-01
2.000000000000000042e-02
3.533333333333333326e-01
0.000000000000000000e+00
8.666666666666666963e-01
5.666666666666667629e-01
7.000000000000000666e-02
8.366666666666667806e-01
2.266666666666666829e-01
1.000000000000000021e-02
0.000000000000000000e+00
2.000000000000000042e-02
0.000000000000000000e+00
3.333333333333333287e-02
3.666666666666666685e-02
1.666666666666666644e-02
6.666666666666667095e-03
5.666666666666667074e-02
1.166666666666666824e-01
1.033333333333333326e-01
2.000000000000000042e-02
6.666666666666666574e-02
2.866666666666666252e-01
1.033333333333333326e-01
8.066666666666666430e-01
1.333333333333333315e-01
6.666666666666667095e-03
1.456666666666666776e+00
9.666666666666667851e-02
1.666666666666666644e-02
3.533333333333333326e-01
1.666666666666666644e-02
2.966666666666666785e+00
2.380000000000000338e+00
4.386666666666667602e+00
