1.086666666666666670e+00
7.566666666666667096e-01
3.366666666666666696e-01
5.233333333333333171e-01
1.266666666666666774e-01
3.500000000000000333e-01
2.266666666666666829e-01
9.566666666666666652e-01
2.270000000000000018e+00
2.600000000000000089e-01
1.653333333333333321e+00
3.733333333333333504e-01
2.133333333333333470e-01
1.066666666666666735e-01
1.333333333333333419e-02
6.466666666666666119e-01
2.966666666666666341e-01
1.333333333333333315e-01
2.466666666666666730e-01
6.666666666666666574e-02
3.966666666666666674e-01
7.666666666666667462e-02
9.000000000000001055e-02
9.333333333333332371e-01
8.700000000000001066e-01
2.933333333333333348e-01
1.533333333333333215e-01
5.000000000000000971e-02
9.666666666666667851e-02
2.666666666666666838e-02
4.133333333333333304e-01
2.173333333333333339e+00
1.566666666666666485e-01
3.366666666666666696e-01
1.053333333333333455e+00
8.000000000000000167e-02
8.666666666666666963e-02
9.666666666666667851e-02
2.933333333333333348e-01
2.999999999999999889e-02
2.399999999999999911e-01
4.000000000000000083e-02
2.966666666666666341e-01
3.333333333333333287e-02
1.433333333333333126e-01
8.333333333333332871e-02
2.333333333333333440e-02
1.466666666666666674e-01
8.333333333333332871e-02
1.023333333333333428e+00
3.666666666666666963e-01
6.766666666666666385e-01
1.600000000000000033e-01
9.200000000000000400e-01
4.966666666666666452e-01
1.733333333333333393e-01
1.596666666666666679e+00
1.133333333333333276e-01
1.823333333333333250e+00
1.260000000000000009e+00
5.033333333333332993e-01
4.533333333333333104e-01
3.266666666666666607e-01
2.533333333333333548e-01
1.170000000000000151e+00
7.366666666666666918e-01
2.666666666666666630e-01
1.466666666666666397e-01
1.119999999999999885e+00
4.666666666666666879e-02
1.466666666666666397e-01
1.999999999999999833e-01
3.533333333333333326e-01
1.790000000000000036e+00
4.099999999999999756e-01
5.333333333333333676e-02
2.199999999999999734e-01
1.266666666666666774e-01
2.566666666666666541e-01
2.000000000000000042e-02
9.666666666666667851e-02
3.733333333333332948e-01
2.666666666666666838e-02
4.666666666666666186e-01
4.000000000000000083e-02
1.499999999999999944e-01
1.300000000000000044e-01
7.799999999999999156e-01
1.133333333333333276e-01
4.066666666666666763e-01
5.666666666666667074e-02
3.200000000000000067e-01
1.410000000000000142e+00
4.333333333333333481e-01
1.129999999999999893e+00
5.000000000000000000e-01
2.899999999999999800e-01
1.166666666666666546e-01
2.500000000000000000e-01
7.133333333333332638e-01
2.933333333333333348e-01
3.333333333333333547e-03
1.133333333333333526e+00
2.399999999999999911e-01
1.000000000000000000e+00
1.000000000000000021e-02
1.633333333333333304e-01
3.333333333333333547e-03
2.333333333333333440e-02
5.999999999999999778e-02
6.666666666666667095e-03
7.333333333333333370e-02
1.033333333333333326e-01
1.316666666666666652e+00
6.333333333333333037e-01
3.666666666666666685e-02
2.066666666666666652e-01
2.293333333333333446e+00
1.526666666666666616e+00
4.500000000000000111e-01
1.033333333333333465e-01
5.133333333333333082e-01
8.333333333333332871e-02
3.800000000000000600e-01
1.266666666666666774e-01
7.566666666666664876e-01
2.293333333333333446e+00
5.433333333333333348e-01
1.510000000000000009e+00
2.700000000000000178e-01
1.266666666666666774e-01
2.466666666666666730e-01
6.333333333333333870e-02
1.036666666666666847e+00
3.600000000000000422e-01
1.233333333333333365e-01
1.933333333333333570e-01
7.000000000000000666e-02
4.099999999999999756e-01
9.333333333333333759e-02
6.666666666666667095e-03
6.999999999999998446e-01
6.633333333333333304e-01
1.366666666666666863e-01
2.699999999999999623e-01
5.000000000000000971e-02
1.999999999999999833e-01
9.333333333333333759e-02
4.899999999999999911e-01
1.733333333333333171e+00
6.666666666666666574e-02
1.853333333333333277e+00
2.499999999999999556e+00
1.466666666666666397e-01
4.199999999999999289e-01
9.666666666666666463e-02
2.166666666666666741e-01
0.000000000000000000e+00
6.933333333333333570e-01
7.666666666666666075e-02
1.233333333333333365e-01
4.000000000000000083e-02
4.299999999999999933e-01
1.133333333333333276e-01
5.666666666666666380e-02
5.633333333333333526e-01
3.066666666666666430e-01
9.799999999999999822e-01
2.433333333333333182e-01
2.899999999999999800e-01
2.333333333333333440e-02
2.466666666666666730e-01
8.333333333333332871e-02
2.200000000000000011e-01
6.033333333333333881e-01
6.999999999999999278e-02
1.276666666666666616e+00
1.416666666666666741e+00
2.433333333333333182e-01
6.033333333333333881e-01
3.300000000000000155e-01
5.400000000000000355e-01
1.860000000000000098e+00
9.700000000000000844e-01
2.966666666666666896e-01
0.000000000000000000e+00
1.383333333333333526e+00
6.333333333333333870e-02
1.466666666666666952e-01
8.333333333333333703e-01
7.633333333333333082e-01
1.043333333333333224e+00
4.733333333333333282e-01
4.899999999999999911e-01
2.966666666666666896e-01
1.933333333333333293e-01
1.003333333333333188e+00
1.666666666666666644e-02
9.000000000000001055e-02
4.266666666666666941e-01
1.666666666666666574e-01
6.433333333333334236e-01
3.666666666666666685e-02
1.399999999999999856e-01
5.666666666666666380e-02
1.086666666666666670e+00
6.666666666666667095e-03
1.899999999999999745e-01
1.733333333333333393e-01
5.333333333333333259e-01
1.773333333333333428e+00
3.933333333333333681e-01
1.283333333333333437e+00
4.666666666666666186e-01
6.666666666666666574e-02
2.200000000000000011e-01
7.699999999999999067e-01
1.273333333333333428e+00
3.666666666666666963e-01
0.000000000000000000e+00
9.100000000000000311e-01
1.999999999999999833e-01
7.533333333333332993e-01
1.666666666666666574e-01
8.000000000000000167e-02
2.000000000000000042e-02
1.166666666666666546e-01
8.666666666666666963e-02
0.000000000000000000e+00
5.999999999999999778e-02
6.666666666666667095e-03
9.000000000000000222e-01
1.330000000000000071e+00
4.533333333333333104e-01
7.366666666666666918e-01
2.166666666666666519e+00
