1.333333333333333315e-01
1.933333333333333293e-01
5.333333333333333676e-02
1.633333333333333304e-01
4.899999999999999911e-01
1.666666666666666574e-01
5.333333333333333676e-02
2.099999999999999922e-01
7.666666666666666075e-02
1.033333333333333326e-01
1.000000000000000194e-01
1.096666666666666679e+00
7.500000000000000000e-01
1.333333333333333419e-02
1.000000000000000021e-02
9.666666666666666463e-02
1.366666666666666863e-01
0.000000000000000000e+00
1.016666666666666607e+00
3.600000000000000422e-01
3.766666666666666496e-01
3.266666666666666607e-01
1.499999999999999944e-01
8.666666666666666963e-01
2.113333333333333286e+00
5.566666666666666430e-01
4.933333333333333459e-01
1.933333333333333293e-01
2.866666666666666807e-01
1.633333333333333304e-01
1.533333333333333215e-01
3.133333333333332971e-01
1.166666666666666546e-01
8.000000000000000167e-02
4.699999999999999734e-01
1.966666666666666563e-01
1.566666666666666485e-01
7.333333333333333370e-02
6.666666666666666574e-02
3.333333333333333547e-03
5.666666666666666380e-02
2.333333333333333440e-02
9.566666666666666652e-01
1.000000000000000021e-02
9.333333333333333759e-02
7.333333333333334758e-02
1.566666666666666485e-01
2.333333333333333440e-02
4.199999999999999845e-01
7.933333333333333348e-01
2.666666666666666838e-02
4.199999999999999289e-01
1.666666666666666644e-02
4.000000000000000083e-02
3.000000000000000236e-02
1.766666666666666663e-01
1.333333333333333419e-02
2.999999999999999889e-02
5.499999999999999334e-01
3.200000000000000067e-01
1.499999999999999944e-01
9.666666666666667851e-01
4.536666666666666181e+00
4.829999999999999183e+00
5.533333333333333437e-01
2.666666666666666630e-01
1.033333333333333326e-01
3.666666666666666963e-01
9.366666666666666474e-01
1.370000000000000107e+00
1.733333333333333393e-01
3.333333333333333287e-02
8.333333333333332871e-02
1.100000000000000006e-01
1.533333333333333492e-01
9.433333333333333570e-01
6.333333333333333037e-01
6.666666666666667095e-03
9.000000000000001055e-02
2.133333333333333470e-01
2.466666666666666730e-01
3.666666666666667379e-02
7.933333333333333348e-01
4.366666666666667029e-01
5.833333333333333703e-01
1.700000000000000122e-01
1.566666666666666485e-01
1.463333333333333597e+00
1.790000000000000036e+00
1.700000000000000122e-01
2.266666666666666552e-01
1.766666666666666663e-01
5.099999999999998979e-01
5.466666666666667451e-01
2.399999999999999911e-01
2.833333333333333814e-01
3.333333333333333148e-01
1.066666666666666735e-01
2.633333333333333637e-01
4.099999999999999756e-01
5.333333333333332288e-02
5.666666666666667074e-02
1.533333333333333215e-01
2.000000000000000042e-02
0.000000000000000000e+00
3.333333333333333547e-03
5.933333333333332682e-01
6.666666666666667095e-03
2.333333333333333440e-02
4.333333333333333481e-02
8.333333333333332871e-02
0.000000000000000000e+00
3.400000000000000244e-01
5.200000000000000178e-01
0.000000000000000000e+00
5.400000000000000355e-01
3.666666666666666685e-02
1.000000000000000021e-02
7.666666666666667462e-02
2.666666666666666630e-01
1.333333333333333419e-02
2.666666666666666838e-02
1.726666666666666572e+00
3.566666666666666874e-01
2.999999999999999889e-02
8.166666666666667629e-01
2.850000000000000089e+00
3.209999999999999520e+00
