1.026666666666666616e+00
7.299999999999999822e-01
3.600000000000000422e-01
1.003333333333333188e+00
4.266666666666666941e-01
9.700000000000000844e-01
1.533333333333333215e-01
3.033333333333333437e-01
1.166666666666666546e-01
2.700000000000000178e-01
3.500000000000000333e-01
1.593333333333333490e+00
9.599999999999999645e-01
1.233333333333333365e-01
5.933333333333332682e-01
5.266666666666667274e-01
1.533333333333333215e-01
1.333333333333333419e-02
4.433333333333333570e-01
4.799999999999999822e-01
4.000000000000000083e-02
1.933333333333333570e-01
1.066666666666666458e-01
4.900000000000000466e-01
4.499999999999999556e-01
6.633333333333332194e-01
1.826666666666666883e+00
1.376666666666666705e+00
2.080000000000000071e+00
5.966666666666666785e-01
2.433333333333333182e-01
1.433333333333333404e-01
8.100000000000000533e-01
8.966666666666668339e-01
2.200000000000000011e-01
2.633333333333333637e-01
6.000000000000000472e-02
1.399999999999999856e-01
4.666666666666666879e-02
1.000000000000000021e-02
2.000000000000000042e-02
1.053333333333333455e+00
1.199999999999999956e-01
8.333333333333332871e-02
2.433333333333333182e-01
2.066666666666666652e-01
4.133333333333333859e-01
6.099999999999999867e-01
4.833333333333333370e-01
2.999999999999999889e-01
2.833333333333333814e-01
1.236666666666666581e+00
