8.866666666666667140e-01
1.733333333333333393e-01
2.033333333333333659e-01
9.300000000000000488e-01
7.799999999999999156e-01
1.333333333333333315e-01
1.423333333333333117e+00
5.466666666666666341e-01
2.999999999999999889e-02
4.900000000000000466e-01
6.666666666666667095e-03
1.666666666666666644e-02
3.033333333333332882e-01
1.096666666666666679e+00
0.000000000000000000e+00
2.666666666666666838e-02
1.040000000000000036e+00
5.666666666666667074e-02
1.666666666666666644e-02
6.666666666666667095e-03
1.179999999999999938e+00
5.666666666666667074e-02
7.666666666666666075e-02
6.333333333333333870e-02
4.099999999999999756e-01
6.333333333333333870e-02
1.366666666666666863e-01
1.033333333333333326e-01
6.666666666666667095e-03
1.000000000000000194e-01
1.266666666666666774e-01
7.000000000000000666e-02
1.253333333333333410e+00
2.600000000000000089e-01
1.966666666666666563e-01
1.733333333333333393e-01
9.733333333333332726e-01
3.233333333333333059e-01
2.600000000000000089e-01
5.666666666666666380e-02
2.999999999999999889e-02
4.333333333333333481e-01
2.166666666666666463e-01
2.200000000000000011e-01
4.333333333333333481e-02
1.333333333333333419e-02
8.100000000000000533e-01
1.000000000000000021e-02
0.000000000000000000e+00
0.000000000000000000e+00
3.333333333333333287e-02
7.700000000000000178e-01
0.000000000000000000e+00
3.333333333333333547e-03
5.000000000000000971e-02
7.799999999999999156e-01
4.999999999999999584e-02
5.666666666666667074e-02
1.966666666666666841e-01
2.333333333333333440e-02
3.333333333333333547e-03
1.966666666666666563e-01
8.433333333333333792e-01
1.133333333333333276e-01
4.000000000000000083e-02
5.333333333333333259e-01
9.666666666666666463e-02
2.233333333333333004e-01
1.983333333333333393e+00
3.966666666666666674e-01
2.066666666666666652e-01
6.600000000000000311e-01
4.733333333333333282e-01
2.000000000000000042e-02
0.000000000000000000e+00
5.300000000000000266e-01
8.666666666666666963e-02
2.999999999999999889e-02
1.166666666666666546e-01
2.099999999999999922e-01
2.900000000000000355e-01
2.873333333333333517e+00
