9.233333333333333393e-01
6.333333333333333870e-02
2.333333333333333440e-02
2.000000000000000042e-02
0.000000000000000000e+00
1.333333333333333419e-02
2.999999999999999889e-02
1.666666666666666644e-02
1.300000000000000044e-01
5.400000000000000355e-01
6.633333333333334414e-01
3.333333333333333547e-03
9.000000000000001055e-02
1.273333333333333428e+00
3.666666666666667379e-02
3.666666666666667379e-02
6.666666666666667095e-03
1.760000000000000009e+00
1.733333333333333393e-01
1.933333333333333293e-01
5.666666666666666380e-02
2.333333333333333093e-01
3.366666666666666696e-01
4.333333333333333481e-02
5.199999999999999067e-01
6.333333333333333870e-02
2.033333333333333381e-01
3.066666666666666985e-01
5.099999999999998979e-01
7.166666666666667851e-01
5.366666666666667362e-01
1.799999999999999656e-01
1.533333333333333215e-01
1.666666666666666644e-02
2.899999999999999800e-01
7.000000000000000666e-01
3.333333333333333287e-02
3.333333333333333547e-03
0.000000000000000000e+00
0.000000000000000000e+00
0.000000000000000000e+00
1.000000000000000021e-02
4.999999999999999584e-02
1.203333333333333366e+00
2.333333333333333440e-02
8.833333333333334147e-01
2.333333333333333440e-02
1.400000000000000133e-01
1.000000000000000021e-02
0.000000000000000000e+00
0.000000000000000000e+00
4.266666666666666941e-01
2.333333333333333093e-02
6.800000000000000488e-01
7.000000000000000666e-01
5.666666666666667074e-02
1.033333333333333326e-01
2.533333333333333548e-01
3.066666666666666430e-01
1.216666666666666785e+00
7.500000000000000000e-01
7.333333333333334758e-02
2.666666666666666838e-02
9.000000000000001055e-02
7.666666666666667462e-02
0.000000000000000000e+00
3.333333333333333287e-02
1.733333333333333393e-01
0.000000000000000000e+00
2.333333333333333093e-02
5.299999999999999156e-01
6.666666666666666574e-02
6.666666666666667095e-03
3.333333333333333547e-03
4.966666666666666452e-01
3.566666666666666874e-01
2.666666666666666838e-02
3.666666666666666685e-02
6.333333333333333870e-02
1.300000000000000044e-01
9.000000000000001055e-02
1.506666666666666599e+00
5.033333333333332993e-01
0.000000000000000000e+00
1.499999999999999944e-01
1.899999999999999745e-01
0.000000000000000000e+00
0.000000000000000000e+00
6.666666666666667095e-03
1.000000000000000021e-02
2.866666666666666807e-01
2.099999999999999922e-01
2.333333333333333440e-02
1.700000000000000122e-01
2.333333333333333440e-02
1.083333333333333259e+00
2.000000000000000042e-02
0.000000000000000000e+00
6.466666666666666119e-01
6.666666666666666574e-02
1.666666666666666644e-02
5.666666666666666380e-02
2.133333333333333470e-01
5.999999999999999778e-02
5.333333333333333676e-02
4.666666666666666879e-02
9.333333333333333759e-02
5.000000000000000971e-02
2.000000000000000389e-01
9.666666666666667851e-02
5.666666666666667074e-02
8.666666666666666963e-02
1.020000000000000240e+00
1.066666666666666735e-01
1.466666666666666397e-01
1.033333333333333326e-01
1.033333333333333465e-01
6.666666666666667095e-03
0.000000000000000000e+00
6.666666666666667095e-03
4.333333333333333481e-02
1.333333333333333419e-02
0.000000000000000000e+00
1.056666666666666643e+00
0.000000000000000000e+00
5.333333333333333676e-02
1.399999999999999856e-01
6.333333333333333870e-02
1.333333333333333419e-02
0.000000000000000000e+00
0.000000000000000000e+00
8.066666666666666430e-01
3.699999999999999400e-01
6.666666666666666574e-02
6.666666666666666574e-02
1.333333333333333315e-01
8.566666666666665764e-01
2.633333333333333637e-01
0.000000000000000000e+00
1.000000000000000021e-02
1.036666666666666625e+00
1.100000000000000006e-01
3.333333333333333547e-03
4.000000000000000083e-02
2.566666666666666541e-01
2.000000000000000042e-02
1.000000000000000021e-02
9.666666666666667851e-02
1.363333333333333286e+00
1.786666666666666847e+00
3.866666666666667140e-01
7.000000000000000666e-02
1.666666666666666574e-01
7.000000000000000666e-02
3.333333333333333547e-03
3.033333333333332882e-01
2.866666666666666807e-01
1.333333333333333419e-02
1.550000000000000044e+00
0.000000000000000000e+00
2.999999999999999889e-02
6.333333333333333870e-02
1.666666666666666644e-02
1.666666666666666644e-02
1.333333333333333419e-02
5.899999999999999689e-01
2.333333333333333093e-02
1.000000000000000021e-02
1.466666666666666674e-01
9.333333333333333759e-02
6.033333333333333881e-01
3.733333333333333504e-01
9.300000000000000488e-01
0.000000000000000000e+00
0.000000000000000000e+00
3.333333333333333547e-03
2.333333333333333440e-02
1.666666666666666644e-02
1.700000000000000122e-01
1.499999999999999944e-01
1.933333333333333570e-01
4.199999999999999845e-01
1.400000000000000133e-01
7.400000000000001021e-01
3.266666666666666607e-01
6.433333333333334236e-01
4.000000000000000083e-02
1.333333333333333419e-02
3.333333333333333287e-02
1.133333333333333276e-01
0.000000000000000000e+00
1.033333333333333326e-01
6.666666666666667095e-03
9.966666666666667007e-01
2.373333333333333517e+00
1.866666666666666752e-01
1.393333333333333535e+00
2.033333333333333381e-01
1.290000000000000036e+00
2.966666666666666896e-01
1.800000000000000211e-01
2.543333333333333002e+00
1.613333333333333286e+00
4.433333333333333570e-01
1.999999999999999833e-01
6.000000000000000472e-02
6.733333333333333393e-01
4.000000000000000083e-02
1.190000000000000169e+00
1.133333333333333276e-01
9.333333333333332371e-02
4.066666666666666763e-01
7.666666666666666075e-02
3.999999999999999667e-01
2.999999999999999889e-02
3.333333333333333148e-01
4.333333333333333481e-02
1.199999999999999956e-01
3.333333333333333547e-03
2.333333333333333440e-02
1.333333333333333259e+00
1.166666666666666546e-01
4.666666666666666879e-02
8.666666666666666963e-02
9.333333333333333759e-02
2.933333333333332793e-01
2.166666666666666741e-01
9.899999999999998801e-01
5.066666666666667096e-01
4.000000000000000083e-02
3.633333333333333415e-01
5.166666666666666075e-01
3.099999999999999978e-01
7.000000000000000666e-02
1.666666666666666574e-01
4.999999999999999584e-02
0.000000000000000000e+00
3.333333333333333287e-02
2.733333333333333726e-01
2.333333333333333093e-01
4.999999999999999584e-02
1.459999999999999964e+00
3.866666666666667140e-01
2.333333333333333093e-01
3.166666666666666519e-01
8.233333333333332504e-01
4.266666666666666941e-01
1.143333333333333313e+00
1.666666666666666644e-02
9.999999999999999167e-02
0.000000000000000000e+00
8.000000000000000167e-02
1.833333333333333481e-01
1.300000000000000044e+00
0.000000000000000000e+00
9.666666666666667851e-02
2.866666666666666807e-01
2.033333333333333381e-01
1.013333333333333419e+00
1.370000000000000107e+00
4.000000000000000083e-02
9.999999999999999167e-02
6.800000000000000488e-01
1.566666666666666485e-01
1.999999999999999833e-01
3.466666666666666785e-01
7.333333333333334758e-02
2.899999999999999800e-01
1.833333333333333481e-01
2.133333333333333470e-01
9.666666666666667851e-02
8.333333333333332871e-02
4.666666666666666186e-01
6.000000000000000472e-02
4.466666666666667118e-01
1.229999999999999982e+00
6.666666666666667095e-03
1.033333333333333326e-01
1.123333333333333295e+00
6.933333333333333570e-01
1.233333333333333365e-01
0.000000000000000000e+00
1.933333333333333293e-01
1.943333333333333357e+00
2.099999999999999922e-01
3.000000000000000236e-02
1.403333333333333321e+00
5.999999999999999778e-02
1.933333333333333570e-01
8.733333333333334059e-01
1.060000000000000053e+00
1.266666666666666774e-01
7.033333333333332549e-01
2.299999999999999822e-01
1.059999999999999831e+00
3.600000000000000422e-01
1.263333333333333419e+00
8.666666666666666963e-02
3.333333333333333287e-02
3.666666666666666685e-02
6.933333333333333570e-01
0.000000000000000000e+00
3.333333333333333547e-03
0.000000000000000000e+00
6.666666666666667095e-03
3.666666666666667379e-02
1.366666666666666863e-01
1.666666666666666574e-01
2.000000000000000042e-02
1.533333333333333492e-01
2.533333333333333548e-01
1.666666666666666644e-02
1.666666666666666644e-02
5.999999999999999778e-02
4.000000000000000083e-02
2.366666666666666641e-01
8.333333333333332871e-02
3.333333333333333547e-03
7.200000000000000844e-01
2.000000000000000042e-02
0.000000000000000000e+00
2.999999999999999889e-02
2.216666666666666785e+00
2.533333333333333548e-01
3.666666666666665991e-02
4.566666666666667207e-01
1.333333333333333315e-01
4.799999999999999822e-01
9.433333333333333570e-01
2.333333333333333440e-02
9.000000000000001055e-02
4.333333333333333481e-01
4.566666666666667207e-01
0.000000000000000000e+00
9.666666666666667851e-02
3.333333333333333148e-01
1.966666666666666563e-01
8.133333333333333526e-01
4.933333333333333459e-01
5.333333333333333676e-02
4.333333333333333481e-01
1.366666666666666863e-01
4.666666666666666879e-02
2.999999999999999889e-02
1.003333333333333410e+00
4.666666666666666879e-02
3.066666666666666430e-01
1.393333333333333313e+00
6.866666666666666474e-01
1.066666666666666458e-01
8.000000000000000167e-02
4.666666666666666879e-02
3.233333333333333615e-01
1.836666666666666670e+00
8.000000000000000167e-02
4.733333333333333282e-01
9.333333333333333759e-02
3.533333333333333326e-01
1.266666666666666774e-01
4.666666666666666186e-02
2.566666666666666541e-01
9.999999999999999167e-02
5.200000000000000178e-01
2.666666666666666838e-02
0.000000000000000000e+00
1.666666666666666644e-02
0.000000000000000000e+00
0.000000000000000000e+00
0.000000000000000000e+00
0.000000000000000000e+00
0.000000000000000000e+00
0.000000000000000000e+00
1.733333333333333393e-01
0.000000000000000000e+00
0.000000000000000000e+00
1.566666666666666652e+00
1.186666666666666758e+00
5.966666666666666785e-01
3.233333333333333059e-01
1.533333333333333215e-01
3.066666666666666430e-01
1.166666666666666546e-01
2.933333333333333348e-01
9.000000000000001055e-02
1.166666666666666546e-01
5.933333333333333792e-01
9.000000000000001055e-02
0.000000000000000000e+00
6.333333333333333870e-02
3.333333333333333287e-02
3.333333333333333547e-03
1.666666666666666644e-02
1.370000000000000107e+00
4.766666666666667385e-01
7.666666666666667462e-02
1.593333333333333490e+00
1.239999999999999991e+00
1.160000000000000142e+00
6.000000000000000472e-02
9.933333333333331794e-01
9.666666666666666463e-02
6.000000000000000472e-02
1.666666666666666644e-02
7.866666666666666252e-01
8.800000000000000044e-01
1.566666666666666485e-01
2.266666666666666829e-01
3.400000000000000244e-01
2.399999999999999911e-01
5.333333333333333676e-02
3.499999999999999223e-01
2.166666666666666741e-01
1.070000000000000062e+00
2.433333333333333182e-01
2.700000000000000178e-01
1.933333333333333570e-01
4.566666666666667207e-01
1.066666666666666652e+00
1.250000000000000000e+00
0.000000000000000000e+00
1.666666666666666644e-02
6.666666666666667095e-03
7.133333333333333748e-01
2.333333333333333440e-02
0.000000000000000000e+00
6.533333333333333215e-01
4.999999999999999584e-02
1.466666666666666952e-01
1.333333333333333315e-01
7.333333333333334758e-02
6.500000000000000222e-01
3.866666666666666585e-01
6.666666666666666574e-02
3.000000000000000236e-02
1.666666666666666644e-02
2.933333333333333903e-01
5.666666666666667074e-02
2.333333333333333093e-02
1.600000000000000033e-01
1.050000000000000044e+00
2.666666666666666838e-02
5.666666666666667074e-02
6.000000000000000472e-02
1.633333333333333304e-01
8.766666666666665941e-01
1.020000000000000018e+00
4.999999999999999584e-02
2.000000000000000042e-02
0.000000000000000000e+00
2.333333333333333440e-02
9.999999999999999167e-02
1.000000000000000021e-02
1.100000000000000006e-01
3.333333333333333287e-02
2.000000000000000042e-02
4.000000000000000083e-02
0.000000000000000000e+00
6.333333333333333870e-02
1.100000000000000006e-01
1.933333333333333293e-01
2.899999999999999800e-01
1.666666666666666644e-02
8.666666666666666963e-01
1.110000000000000098e+00
9.999999999999999167e-02
7.666666666666666075e-02
1.800000000000000211e-01
3.300000000000000155e-01
1.036666666666666625e+00
1.266666666666666774e-01
1.190000000000000169e+00
2.600000000000000089e-01
9.766666666666665719e-01
1.833333333333333481e-01
1.366666666666666863e-01
1.033333333333333326e-01
1.493333333333333401e+00
5.633333333333333526e-01
2.733333333333333726e-01
2.333333333333333440e-02
0.000000000000000000e+00
0.000000000000000000e+00
6.666666666666667095e-03
5.999999999999999778e-02
7.500000000000000000e-01
1.540000000000000036e+00
3.966666666666666674e-01
3.333333333333333547e-03
2.766666666666666718e-01
1.246666666666666812e+00
0.000000000000000000e+00
0.000000000000000000e+00
3.533333333333333326e-01
1.666666666666666644e-02
3.733333333333332948e-01
1.746666666666666812e+00
4.700000000000000289e-01
2.276666666666666838e+00
2.146666666666666501e+00
6.666666666666667095e-03
2.733333333333333726e-01
3.300000000000000155e-01
2.333333333333333093e-02
2.866666666666666807e-01
6.666666666666666574e-02
2.000000000000000042e-02
2.666666666666666838e-02
2.999999999999999889e-02
0.000000000000000000e+00
5.566666666666666430e-01
1.533333333333333215e-01
1.386666666666666714e+00
8.333333333333332871e-02
5.000000000000000971e-02
1.370000000000000107e+00
8.633333333333332860e-01
0.000000000000000000e+00
7.000000000000000666e-02
0.000000000000000000e+00
0.000000000000000000e+00
0.000000000000000000e+00
9.666666666666667851e-01
9.333333333333332371e-02
5.100000000000000089e-01
2.333333333333333440e-02
2.133333333333333470e-01
3.000000000000000236e-02
1.119999999999999885e+00
0.000000000000000000e+00
1.000000000000000021e-02
4.000000000000000083e-02
2.999999999999999889e-02
6.099999999999999867e-01
6.199999999999999956e-01
1.339999999999999858e+00
2.033333333333333381e-01
4.666666666666666879e-02
9.999999999999999167e-02
4.833333333333333370e-01
1.666666666666666644e-02
0.000000000000000000e+00
7.333333333333333370e-02
5.666666666666666380e-02
6.666666666666667095e-03
1.349999999999999867e+00
3.300000000000000155e-01
0.000000000000000000e+00
1.033333333333333326e-01
4.366666666666667029e-01
1.156666666666666732e+00
3.666666666666666685e-02
1.986666666666666581e+00
2.666666666666666838e-02
3.666666666666667379e-02
0.000000000000000000e+00
0.000000000000000000e+00
3.333333333333333287e-02
1.666666666666666644e-02
4.899999999999999911e-01
2.099999999999999922e-01
1.466666666666666952e-01
2.966666666666666341e-01
2.999999999999999889e-01
1.000000000000000194e-01
1.300000000000000044e-01
1.396666666666666723e+00
1.533333333333333492e-01
4.899999999999999911e-01
9.000000000000001055e-02
0.000000000000000000e+00
6.666666666666667095e-03
3.333333333333333547e-03
4.099999999999999756e-01
5.999999999999999778e-02
0.000000000000000000e+00
1.000000000000000021e-02
1.236666666666666581e+00
6.666666666666667095e-03
0.000000000000000000e+00
5.433333333333333348e-01
3.366666666666666696e-01
3.333333333333333547e-03
9.333333333333332371e-01
5.333333333333333676e-02
6.166666666666666963e-01
2.066666666666666652e-01
3.000000000000000236e-02
3.333333333333333547e-03
1.333333333333333419e-02
1.000000000000000021e-02
1.133333333333333276e-01
0.000000000000000000e+00
5.333333333333333676e-02
1.666666666666666644e-02
1.033333333333333465e-01
3.566666666666666319e-01
2.649999999999999911e+00
