1.510000000000000009e+00
1.733333333333333393e+00
1.066666666666666458e-01
0.000000000000000000e+00
3.333333333333333547e-03
1.666666666666666644e-02
0.000000000000000000e+00
0.000000000000000000e+00
2.000000000000000042e-02
8.000000000000000167e-02
1.533333333333333492e-01
2.399999999999999911e-01
2.000000000000000042e-02
0.000000000000000000e+00
3.066666666666666430e-01
1.666666666666666644e-02
0.000000000000000000e+00
1.666666666666666644e-02
3.300000000000000155e-01
4.999999999999999584e-02
0.000000000000000000e+00
5.066666666666667096e-01
1.866666666666666474e-01
4.000000000000000083e-02
0.000000000000000000e+00
3.600000000000000422e-01
2.500000000000000000e-01
8.333333333333332871e-02
2.266666666666666829e-01
4.000000000000000083e-02
1.733333333333333393e-01
1.400000000000000133e-01
3.366666666666666696e-01
1.000000000000000021e-02
1.199999999999999956e-01
1.033333333333333326e-01
9.466666666666666563e-01
4.000000000000000083e-02
1.723333333333333384e+00
1.633333333333333304e-01
1.050000000000000044e+00
3.366666666666666696e-01
5.333333333333333676e-02
1.766666666666666663e-01
1.173333333333333339e+00
7.066666666666666652e-01
2.999999999999999889e-02
5.300000000000000266e-01
9.333333333333333759e-02
0.000000000000000000e+00
2.666666666666666838e-02
1.766666666666666663e-01
1.466666666666666785e+00
8.333333333333332871e-02
1.333333333333333315e-01
2.366666666666666641e-01
6.666666666666666297e-01
6.233333333333334059e-01
1.366666666666666863e-01
1.366666666666666863e-01
5.999999999999999778e-02
2.800000000000000266e-01
2.333333333333333440e-02
2.666666666666666838e-02
2.000000000000000042e-02
0.000000000000000000e+00
4.000000000000000083e-02
7.333333333333334758e-02
9.433333333333333570e-01
1.233333333333333365e-01
9.999999999999999167e-02
9.666666666666667851e-02
1.333333333333333419e-02
7.200000000000000844e-01
8.000000000000000167e-02
4.000000000000000083e-02
9.366666666666666474e-01
9.666666666666666463e-02
1.066666666666666735e-01
2.533333333333333548e-01
1.066666666666666735e-01
7.666666666666667462e-02
6.166666666666666963e-01
2.166666666666666741e-01
1.600000000000000033e-01
1.373333333333333295e+00
9.700000000000000844e-01
6.066666666666665764e-01
8.666666666666666963e-02
1.533333333333333215e-01
6.666666666666666574e-02
1.366666666666666863e-01
2.666666666666666838e-02
7.666666666666667185e-01
3.099999999999999978e-01
3.666666666666667379e-02
1.033333333333333326e-01
1.900000000000000300e-01
1.700000000000000122e-01
7.666666666666667462e-02
1.000000000000000021e-02
0.000000000000000000e+00
5.999999999999999778e-01
0.000000000000000000e+00
4.333333333333333481e-02
1.366666666666666585e-01
1.600000000000000033e-01
1.723333333333333384e+00
0.000000000000000000e+00
6.666666666666666574e-02
9.966666666666667007e-01
2.000000000000000042e-02
1.000000000000000021e-02
9.199999999999999289e-01
7.000000000000000666e-02
3.333333333333333287e-02
2.066666666666666652e-01
2.166666666666666741e-01
4.000000000000000083e-02
6.666666666666667095e-03
1.219999999999999973e+00
1.003333333333333188e+00
1.700000000000000122e-01
1.199999999999999956e-01
1.663333333333333330e+00
3.566666666666666319e-01
1.833333333333333481e-01
2.399999999999999911e+00
4.066666666666666763e-01
7.666666666666667462e-02
6.333333333333333870e-02
0.000000000000000000e+00
0.000000000000000000e+00
2.666666666666666838e-02
2.666666666666666838e-02
4.333333333333333481e-02
4.333333333333333481e-02
2.633333333333333637e-01
2.266666666666666552e-01
1.333333333333333419e-02
8.333333333333332871e-02
7.333333333333333370e-02
6.833333333333332371e-01
1.066666666666666458e-01
3.333333333333333547e-03
4.000000000000000083e-02
6.666666666666667095e-03
0.000000000000000000e+00
1.000000000000000021e-02
2.000000000000000042e-02
2.999999999999999889e-02
3.333333333333333547e-03
1.333333333333333419e-02
8.166666666666667629e-01
1.666666666666666644e-02
2.600000000000000089e-01
1.619999999999999885e+00
1.283333333333333437e+00
2.500000000000000000e-01
3.966666666666666674e-01
1.366666666666666474e+00
1.010000000000000009e+00
1.766666666666666663e-01
0.000000000000000000e+00
1.366666666666666863e-01
0.000000000000000000e+00
1.000000000000000021e-02
6.666666666666667095e-03
2.099999999999999922e-01
2.533333333333333548e-01
3.633333333333332860e-01
6.099999999999999867e-01
6.466666666666666119e-01
1.023333333333333206e+00
3.400000000000000244e-01
4.333333333333333481e-01
1.463333333333333597e+00
3.666666666666666685e-02
8.666666666666666963e-02
6.666666666666667095e-03
3.300000000000000155e-01
4.333333333333333481e-02
3.333333333333333547e-03
0.000000000000000000e+00
1.000000000000000021e-02
6.999999999999999278e-02
1.333333333333333419e-02
3.333333333333333547e-03
2.800000000000000266e-01
5.400000000000000355e-01
3.600000000000000422e-01
2.333333333333333440e-02
7.333333333333333370e-02
1.090000000000000080e+00
1.066666666666666735e-01
1.333333333333333419e-02
2.066666666666666652e-01
4.899999999999999911e-01
4.000000000000000083e-02
9.666666666666666463e-02
2.666666666666666838e-02
1.333333333333333419e-02
1.666666666666666574e-01
3.600000000000000422e-01
1.473333333333333384e+00
0.000000000000000000e+00
0.000000000000000000e+00
5.433333333333333348e-01
3.499999999999999223e-01
1.466666666666666674e-01
0.000000000000000000e+00
4.500000000000000111e-01
2.379999999999999893e+00
2.333333333333333093e-01
4.666666666666666186e-02
5.933333333333333792e-01
2.299999999999999822e-01
1.366666666666666863e-01
2.833333333333333259e-01
8.000000000000000167e-02
2.566666666666666541e-01
5.000000000000000000e-01
4.000000000000000083e-02
1.933333333333333293e-01
3.333333333333333547e-03
6.666666666666667095e-03
4.833333333333333370e-01
1.333333333333333419e-02
1.000000000000000021e-02
1.000000000000000021e-02
6.666666666666666574e-02
7.666666666666667462e-02
1.333333333333333419e-02
2.666666666666666838e-02
2.000000000000000042e-02
3.099999999999999978e-01
6.999999999999999278e-02
6.333333333333333870e-02
3.566666666666666319e-01
1.033333333333333326e-01
2.333333333333333440e-02
1.199999999999999956e-01
6.466666666666666119e-01
1.433333333333333404e-01
3.500000000000000333e-01
2.299999999999999822e-01
2.633333333333333637e-01
4.233333333333333393e-01
1.333333333333333259e+00
4.799999999999999822e-01
1.426666666666666750e+00
9.066666666666667318e-01
3.999999999999999667e-01
6.333333333333333870e-02
1.253333333333333410e+00
1.499999999999999944e-01
1.333333333333333419e-02
2.666666666666666838e-02
6.333333333333333870e-02
9.666666666666667851e-02
2.466666666666666730e-01
2.033333333333333381e-01
1.333333333333333419e-02
3.666666666666666685e-02
5.633333333333333526e-01
1.066666666666666735e-01
1.666666666666666574e-01
6.666666666666666574e-02
7.333333333333333370e-02
3.500000000000000333e-01
3.333333333333333547e-03
3.333333333333333547e-03
2.633333333333333637e-01
9.999999999999999167e-02
1.333333333333333419e-02
9.166666666666666297e-01
6.666666666666667095e-03
1.000000000000000021e-02
3.066666666666666985e-01
4.633333333333333193e-01
2.033333333333333381e-01
1.543333333333333224e+00
5.200000000000000178e-01
3.300000000000000155e-01
2.466666666666666730e-01
2.999999999999999889e-02
4.000000000000000083e-02
5.833333333333333703e-01
1.666666666666666644e-02
0.000000000000000000e+00
2.866666666666666807e-01
1.966666666666666841e-01
1.333333333333333419e-02
1.233333333333333365e-01
3.999999999999999667e-01
2.200000000000000011e-01
2.006666666666666821e+00
7.000000000000000666e-02
2.133333333333333470e-01
8.666666666666666963e-02
1.133333333333333415e-01
4.033333333333333215e-01
2.666666666666666838e-02
1.766666666666666663e-01
8.333333333333332871e-02
8.599999999999999867e-01
6.699999999999999289e-01
0.000000000000000000e+00
4.299999999999999933e-01
2.666666666666666144e-02
0.000000000000000000e+00
0.000000000000000000e+00
0.000000000000000000e+00
4.000000000000000083e-02
1.000000000000000021e-02
5.000000000000000971e-02
3.333333333333333547e-03
9.999999999999999167e-02
3.666666666666667379e-02
1.253333333333333188e+00
3.899999999999999578e-01
2.399999999999999911e-01
7.666666666666667462e-02
7.733333333333333171e-01
5.566666666666667540e-01
0.000000000000000000e+00
6.666666666666666297e-01
5.899999999999999689e-01
2.333333333333333093e-02
1.666666666666666644e-02
2.700000000000000178e-01
1.066666666666666735e-01
6.666666666666667095e-03
2.699999999999999623e-01
1.400000000000000133e-01
1.143333333333333313e+00
9.000000000000001055e-02
2.700000000000000178e-01
4.366666666666667029e-01
3.233333333333333059e-01
1.100000000000000006e-01
5.000000000000000971e-02
2.176666666666667194e+00
1.633333333333333304e-01
5.333333333333334370e-02
2.066666666666666652e-01
4.433333333333333570e-01
2.766666666666666718e-01
2.866666666666666807e-01
9.466666666666667673e-01
1.566666666666666485e-01
7.333333333333333370e-02
4.333333333333333481e-02
9.000000000000001055e-02
4.566666666666667207e-01
2.299999999999999822e-01
1.933333333333333570e-01
1.499999999999999944e-01
1.366666666666666474e+00
3.099999999999999978e-01
1.300000000000000044e-01
1.809999999999999831e+00
6.666666666666666574e-02
4.666666666666666879e-02
0.000000000000000000e+00
1.466666666666666674e-01
2.000000000000000042e-02
5.333333333333333676e-02
3.333333333333333547e-03
1.166666666666666546e-01
1.066666666666666735e-01
0.000000000000000000e+00
1.000000000000000021e-02
1.166666666666666546e-01
1.000000000000000021e-02
7.033333333333334769e-01
4.000000000000000083e-02
1.099999999999999867e-01
5.000000000000000000e-01
7.300000000000000933e-01
1.133333333333333415e-01
6.666666666666667095e-03
1.206666666666666776e+00
4.599999999999999645e-01
4.666666666666666879e-02
6.800000000000000488e-01
2.366666666666666641e-01
4.666666666666666879e-02
2.299999999999999822e-01
2.500000000000000000e+00
8.699999999999999956e-01
1.339999999999999858e+00
6.666666666666667095e-03
4.999999999999999584e-02
6.666666666666667095e-03
1.266666666666666774e-01
2.833333333333333814e-01
0.000000000000000000e+00
2.633333333333333637e-01
1.600000000000000033e-01
3.833333333333333037e-01
2.133333333333333470e-01
1.600000000000000033e-01
1.323333333333333472e+00
1.703333333333333144e+00
5.800000000000000711e-01
5.366666666666666252e-01
1.666666666666666644e-02
1.866666666666666752e-01
7.699999999999999067e-01
3.333333333333333287e-02
2.800000000000000266e-01
3.633333333333332860e-01
3.233333333333333059e-01
1.666666666666666574e-01
2.033333333333333381e-01
5.300000000000000266e-01
3.333333333333333287e-02
6.666666666666667095e-03
7.666666666666667462e-02
1.700000000000000122e-01
3.333333333333333287e-02
2.099999999999999922e-01
8.333333333333332871e-02
3.666666666666667379e-02
8.333333333333332871e-02
7.433333333333332904e-01
8.666666666666666963e-02
1.966666666666666563e-01
1.066666666666666735e-01
1.163333333333333330e+00
1.553333333333333455e+00
2.533333333333333548e-01
5.333333333333333676e-02
1.393333333333333535e+00
5.333333333333333259e-01
2.033333333333333215e+00
1.686666666666666758e+00
1.696666666666666545e+00
1.666666666666666574e-01
1.929999999999999938e+00
2.496666666666666590e+00
1.943333333333333357e+00
3.310000000000000053e+00
1.589999999999999858e+00
