1.400000000000000133e+00
3.433333333333333237e-01
1.933333333333333293e-01
6.666666666666667095e-03
2.199999999999999734e-01
1.766666666666666663e-01
2.000000000000000042e-02
1.686666666666666758e+00
1.090000000000000080e+00
2.299999999999999822e-01
1.900000000000000300e-01
1.733333333333333393e-01
2.800000000000000266e-01
5.833333333333333703e-01
9.499999999999998446e-01
2.666666666666666838e-02
4.266666666666666941e-01
2.399999999999999911e-01
2.333333333333333093e-01
1.080000000000000071e+00
3.333333333333333148e-01
2.466666666666667007e-01
8.666666666666666963e-02
2.999999999999999889e-01
8.000000000000000167e-02
3.333333333333333148e-01
3.600000000000000422e-01
4.500000000000000111e-01
1.633333333333333304e-01
5.066666666666667096e-01
7.033333333333332549e-01
8.333333333333332871e-02
3.333333333333333547e-03
1.166666666666666546e-01
3.733333333333333504e-01
1.366666666666666863e-01
1.133333333333333415e-01
5.333333333333333676e-02
8.133333333333333526e-01
1.433333333333333404e-01
1.566666666666666485e-01
4.000000000000000083e-02
1.666666666666666644e-02
3.066666666666666985e-01
4.333333333333333481e-02
7.333333333333334758e-02
7.200000000000000844e-01
1.966666666666666563e-01
2.433333333333333182e-01
1.466666666666666674e-01
1.066666666666666735e-01
1.733333333333333393e-01
1.933333333333333570e-01
1.333333333333333419e-02
3.333333333333333287e-02
4.333333333333333481e-02
8.000000000000000167e-02
6.333333333333333870e-02
4.333333333333333481e-02
2.233333333333333004e-01
6.333333333333333870e-02
1.100000000000000006e-01
5.866666666666666696e-01
4.366666666666667029e-01
2.800000000000000266e-01
6.199999999999999956e-01
2.199999999999999734e-01
1.133333333333333415e-01
1.400000000000000133e-01
1.333333333333333315e-01
2.033333333333333215e+00
6.199999999999999956e-01
4.366666666666667029e-01
2.866666666666666807e-01
3.366666666666666696e-01
8.666666666666666963e-02
1.633333333333333304e-01
5.000000000000000971e-02
1.533333333333333215e-01
2.666666666666666838e-02
1.800000000000000211e-01
8.666666666666666963e-02
5.000000000000000971e-02
2.999999999999999889e-01
1.666666666666666644e-02
1.700000000000000122e-01
