6.433333333333334236e-01
3.833333333333333037e-01
5.399999999999999245e-01
3.466666666666666785e-01
1.016666666666666607e+00
3.799999999999999489e-01
5.166666666666666075e-01
2.733333333333333726e-01
2.333333333333333093e-01
3.266666666666666607e-01
9.100000000000000311e-01
4.366666666666667029e-01
6.833333333333332371e-01
1.800000000000000211e-01
2.399999999999999911e-01
5.766666666666666607e-01
2.366666666666666641e-01
1.213333333333333153e+00
3.666666666666666685e-02
9.566666666666666652e-01
3.566666666666666874e-01
6.466666666666666119e-01
4.633333333333333193e-01
5.533333333333333437e-01
2.133333333333332915e-01
9.000000000000001055e-02
3.499999999999999223e-01
1.666666666666666574e-01
1.666666666666666574e-01
3.300000000000000155e-01
1.566666666666666485e-01
1.166666666666666824e-01
5.400000000000000355e-01
8.000000000000000167e-02
9.999999999999999167e-02
1.033333333333333326e-01
1.020000000000000018e+00
2.433333333333333182e-01
7.433333333333332904e-01
2.966666666666666341e-01
1.466666666666666785e+00
9.000000000000001055e-02
1.839999999999999858e+00
6.233333333333334059e-01
2.000000000000000042e-02
5.966666666666666785e-01
3.099999999999999978e-01
4.000000000000000083e-02
2.000000000000000042e-02
3.666666666666666685e-02
2.666666666666666838e-02
7.600000000000001199e-01
1.633333333333333304e-01
9.999999999999999167e-02
4.000000000000000083e-02
1.733333333333333393e-01
5.033333333333332993e-01
1.183333333333333348e+00
8.566666666666665764e-01
5.433333333333333348e-01
8.666666666666666963e-02
1.499999999999999944e-01
1.063333333333333242e+00
9.900000000000001021e-01
1.400000000000000133e-01
1.133333333333333415e-01
6.333333333333332482e-02
1.266666666666666774e-01
1.400000000000000133e-01
7.666666666666667462e-02
1.733333333333333393e-01
1.066666666666666735e-01
1.300000000000000044e-01
2.066666666666666652e-01
6.000000000000000472e-02
4.033333333333333215e-01
4.666666666666666879e-02
6.666666666666667095e-03
1.433333333333333404e-01
3.833333333333333037e-01
1.000000000000000021e-02
1.666666666666666574e-01
1.526666666666666616e+00
2.720000000000000195e+00
