6.233333333333334059e-01
3.133333333333332971e-01
1.166666666666666546e-01
8.666666666666666963e-02
8.366666666666665586e-01
3.300000000000000155e-01
1.033333333333333326e-01
1.050000000000000044e+00
1.006666666666666599e+00
7.333333333333333370e-02
1.000000000000000021e-02
3.899999999999999578e-01
1.849999999999999867e+00
2.333333333333333093e-02
2.666666666666666630e-01
8.000000000000000167e-02
3.933333333333333126e-01
2.466666666666666730e-01
3.733333333333333504e-01
1.133333333333333415e-01
6.600000000000000311e-01
1.253333333333333410e+00
2.666666666666666838e-02
3.333333333333333547e-03
1.033333333333333326e-01
6.999999999999999278e-02
1.333333333333333419e-02
5.999999999999999778e-02
3.133333333333332971e-01
0.000000000000000000e+00
3.333333333333333547e-03
7.966666666666667451e-01
2.966666666666666341e-01
2.399999999999999911e-01
0.000000000000000000e+00
1.666666666666666574e-01
2.566666666666666541e-01
1.733333333333333393e-01
2.566666666666666541e-01
2.333333333333333093e-01
0.000000000000000000e+00
1.833333333333333481e-01
1.399999999999999856e-01
6.666666666666667095e-03
5.633333333333333526e-01
1.866666666666666474e-01
9.999999999999999167e-02
5.666666666666666380e-02
6.333333333333333870e-02
5.133333333333333082e-01
1.066666666666666652e+00
3.600000000000000422e-01
4.099999999999999756e-01
0.000000000000000000e+00
6.199999999999999956e-01
4.533333333333333104e-01
1.000000000000000021e-02
6.666666666666667095e-03
1.333333333333333315e-01
1.263333333333333419e+00
4.000000000000000083e-02
2.333333333333333440e-02
1.999999999999999833e-01
8.333333333333333703e-01
3.433333333333333237e-01
1.813333333333333242e+00
9.866666666666666918e-01
8.699999999999999956e-01
6.699999999999999289e-01
0.000000000000000000e+00
6.099999999999999867e-01
4.033333333333333215e-01
0.000000000000000000e+00
0.000000000000000000e+00
1.133333333333333276e-01
5.533333333333333437e-01
0.000000000000000000e+00
8.166666666666667629e-01
4.933333333333333459e-01
4.333333333333333481e-02
2.733333333333333726e-01
9.666666666666666463e-02
6.199999999999999956e-01
9.466666666666666563e-01
6.366666666666667140e-01
1.093333333333333490e+00
5.133333333333333082e-01
1.600000000000000033e-01
5.566666666666666430e-01
9.000000000000000222e-01
4.333333333333333481e-02
2.199999999999999734e-01
1.766666666666666663e-01
0.000000000000000000e+00
2.433333333333333182e-01
3.333333333333333547e-03
2.299999999999999822e-01
0.000000000000000000e+00
0.000000000000000000e+00
2.433333333333333182e-01
2.999999999999999889e-02
1.333333333333333419e-02
1.666666666666666644e-02
4.999999999999999584e-02
1.466666666666666952e-01
1.333333333333333419e-02
1.199999999999999956e-01
7.500000000000000000e-01
8.333333333333332871e-02
2.566666666666666541e-01
1.366666666666666863e-01
9.133333333333332194e-01
4.333333333333333481e-02
3.333333333333333547e-03
1.033333333333333326e-01
1.333333333333333315e-01
1.046666666666666634e+00
3.333333333333333547e-03
6.033333333333333881e-01
1.183333333333333348e+00
5.000000000000000971e-02
2.439999999999999947e+00
