3.500000000000000333e-01
4.733333333333333282e-01
1.090000000000000080e+00
2.006666666666666821e+00
3.333333333333333287e-02
1.133333333333333276e-01
3.833333333333333037e-01
5.333333333333333676e-02
1.833333333333333204e-01
1.586666666666666670e+00
4.733333333333333282e-01
1.933333333333333293e-01
1.489999999999999991e+00
1.166666666666666546e-01
4.666666666666666879e-02
5.533333333333333437e-01
3.333333333333333287e-02
6.333333333333334147e-01
1.233333333333333365e-01
9.733333333333332726e-01
9.000000000000000222e-01
2.399999999999999911e-01
5.233333333333333171e-01
1.699999999999999956e+00
6.699999999999999289e-01
8.700000000000001066e-01
1.156666666666666510e+00
2.666666666666666838e-02
6.666666666666666574e-02
4.999999999999999584e-02
2.300000000000000100e-01
6.666666666666666574e-02
3.333333333333333287e-02
9.666666666666666463e-02
9.000000000000001055e-02
2.099999999999999922e-01
5.066666666666667096e-01
6.266666666666667052e-01
1.833333333333333481e-01
3.366666666666666696e-01
1.513333333333333419e+00
3.833333333333333037e-01
2.299999999999999822e-01
8.666666666666666963e-02
2.166666666666666741e-01
3.166666666666666519e-01
2.733333333333333726e-01
1.333333333333333315e-01
7.033333333333332549e-01
1.393333333333333535e+00
1.336666666666666670e+00
5.433333333333333348e-01
9.666666666666667851e-02
1.419999999999999929e+00
3.066666666666666430e-01
2.666666666666666630e-01
2.116666666666666696e+00
2.466666666666666730e-01
4.899999999999999911e-01
1.533333333333333215e+00
6.433333333333333126e-01
6.333333333333333870e-02
5.300000000000000266e-01
8.733333333333334059e-01
5.899999999999999689e-01
1.533333333333333215e-01
3.833333333333333037e-01
1.456666666666666776e+00
1.066666666666666652e+00
2.300000000000000100e-01
2.200000000000000011e-01
5.100000000000000089e-01
1.966666666666666563e-01
9.366666666666666474e-01
1.400000000000000133e+00
1.979999999999999760e+00
2.066666666666666652e-01
1.433333333333333348e+00
1.246666666666666590e+00
