1.100000000000000089e+00
2.200000000000000011e-01
3.466666666666666785e-01
9.766666666666666829e-01
1.066666666666666735e-01
1.766666666666666663e-01
2.333333333333333440e-02
1.533333333333333215e-01
1.666666666666666644e-02
5.866666666666666696e-01
9.666666666666666463e-02
0.000000000000000000e+00
0.000000000000000000e+00
1.500000000000000222e-01
9.333333333333333759e-02
1.766666666666666663e-01
7.033333333333334769e-01
5.066666666666667096e-01
6.000000000000000472e-02
8.666666666666666963e-02
1.199999999999999956e-01
2.800000000000000266e-01
5.000000000000000971e-02
4.166666666666666852e-01
3.666666666666667379e-02
7.666666666666666075e-02
6.666666666666666574e-02
1.700000000000000122e-01
1.100000000000000006e-01
4.666666666666666879e-02
1.300000000000000044e-01
6.666666666666666574e-02
9.666666666666667851e-02
1.296666666666666634e+00
1.580000000000000071e+00
7.033333333333332549e-01
4.333333333333333481e-02
7.000000000000000666e-02
1.900000000000000300e-01
7.000000000000000666e-02
5.233333333333333171e-01
0.000000000000000000e+00
0.000000000000000000e+00
9.833333333333333925e-01
1.033333333333333326e-01
0.000000000000000000e+00
1.333333333333333419e-02
4.633333333333333193e-01
8.366666666666665586e-01
8.666666666666666963e-02
3.333333333333333287e-02
9.100000000000000311e-01
0.000000000000000000e+00
1.966666666666666841e-01
0.000000000000000000e+00
0.000000000000000000e+00
6.666666666666666574e-02
6.666666666666667095e-03
1.000000000000000021e-02
2.333333333333333440e-02
1.633333333333333304e-01
2.306666666666666643e+00
1.133333333333333276e-01
1.700000000000000122e-01
1.163333333333333330e+00
8.366666666666665586e-01
7.666666666666666075e-02
6.666666666666667095e-03
6.733333333333333393e-01
3.333333333333333547e-03
1.000000000000000021e-02
2.000000000000000042e-02
0.000000000000000000e+00
0.000000000000000000e+00
0.000000000000000000e+00
3.666666666666666963e-01
1.000000000000000021e-02
1.833333333333333481e-01
5.866666666666665586e-01
1.306666666666666865e+00
1.386666666666666714e+00
1.499999999999999944e-01
1.656666666666666510e+00
2.333333333333333648e-01
9.666666666666667851e-02
8.433333333333332682e-01
8.433333333333332682e-01
8.999999999999998279e-02
3.300000000000000155e-01
2.700000000000000178e-01
2.133333333333333470e-01
5.699999999999999512e-01
6.666666666666667095e-03
8.900000000000000133e-01
1.046666666666666634e+00
2.999999999999999889e-02
0.000000000000000000e+00
3.733333333333333504e-01
7.766666666666667274e-01
3.333333333333333287e-02
1.333333333333333419e-02
2.366666666666666641e-01
6.866666666666666474e-01
3.066666666666666985e-01
4.666666666666666879e-02
3.666666666666666685e-02
2.233333333333333004e-01
3.566666666666666874e-01
1.110000000000000098e+00
6.666666666666666574e-02
6.666666666666667095e-03
3.000000000000000444e-01
4.799999999999999822e-01
1.366666666666666863e-01
1.600000000000000033e-01
1.673333333333333117e+00
2.999999999999999889e-02
4.000000000000000083e-02
1.230000000000000204e+00
2.326666666666666661e+00
4.500000000000000111e-01
5.666666666666667074e-02
1.336666666666666670e+00
2.666666666666666838e-02
3.466666666666666785e-01
1.496666666666666812e+00
1.466666666666666674e-01
4.899999999999999911e-01
1.143333333333333313e+00
1.066666666666666458e-01
4.333333333333333481e-02
2.000000000000000042e-02
3.666666666666666685e-02
1.796666666666666856e+00
3.666666666666666685e-02
3.866666666666667140e-01
1.580000000000000071e+00
1.266666666666666774e-01
7.966666666666667451e-01
7.633333333333333082e-01
8.333333333333332871e-02
2.636666666666666714e+00
5.800000000000000711e-01
3.899999999999999578e-01
9.666666666666667851e-02
1.900000000000000300e-01
1.033333333333333326e-01
8.599999999999999867e-01
3.666666666666666963e-01
2.333333333333333440e-02
1.926666666666666528e+00
1.440000000000000169e+00
2.033333333333333381e-01
1.300000000000000044e-01
6.300000000000000044e-01
1.833333333333333204e-01
1.666666666666666574e-01
4.533333333333333104e-01
2.299999999999999822e-01
3.366666666666666696e-01
2.266666666666666552e-01
8.566666666666667984e-01
1.033333333333333437e+00
1.666666666666666644e-02
0.000000000000000000e+00
1.300000000000000044e-01
4.999999999999999584e-02
8.199999999999999512e-01
3.233333333333333059e-01
5.733333333333333615e-01
1.133333333333333276e-01
1.000000000000000021e-02
5.966666666666666785e-01
1.000000000000000021e-02
2.666666666666666838e-02
3.266666666666666607e-01
2.033333333333333381e-01
1.353333333333333499e+00
4.199999999999999845e-01
