2.313333333333333020e+00
1.199999999999999956e+00
7.000000000000000666e-02
1.366666666666666863e-01
1.466666666666666674e-01
2.533333333333333548e-01
6.666666666666666574e-02
3.333333333333333547e-03
3.333333333333333547e-03
2.333333333333333440e-02
4.000000000000000083e-02
3.333333333333333547e-03
3.866666666666666585e-01
1.446666666666666545e+00
6.666666666666666574e-02
1.199999999999999956e+00
4.166666666666666852e-01
3.333333333333333287e-02
1.666666666666666644e-02
0.000000000000000000e+00
0.000000000000000000e+00
2.999999999999999889e-02
3.333333333333333287e-02
1.033333333333333326e-01
0.000000000000000000e+00
0.000000000000000000e+00
6.000000000000000472e-02
2.466666666666666730e-01
3.333333333333333547e-03
1.000000000000000021e-02
1.666666666666666644e-02
0.000000000000000000e+00
0.000000000000000000e+00
0.000000000000000000e+00
6.666666666666666574e-02
1.903333333333333321e+00
7.666666666666666075e-01
4.033333333333333215e-01
1.393333333333333313e+00
6.999999999999999278e-02
4.666666666666666879e-02
8.333333333333332871e-02
3.166666666666666519e-01
2.999999999999999889e-02
1.333333333333333419e-02
3.333333333333333547e-03
3.333333333333333287e-02
2.000000000000000042e-02
0.000000000000000000e+00
1.333333333333333419e-02
0.000000000000000000e+00
3.800000000000000600e-01
8.966666666666666119e-01
8.433333333333332682e-01
2.653333333333332877e+00
2.706666666666666554e+00
2.029999999999999805e+00
9.999999999999999167e-02
2.833333333333333259e-01
1.166666666666666546e-01
8.066666666666666430e-01
4.666666666666666879e-02
3.666666666666667379e-02
0.000000000000000000e+00
4.000000000000000083e-02
1.399999999999999856e-01
3.000000000000000236e-02
6.633333333333333304e-01
1.383333333333333526e+00
2.766666666666666718e-01
2.029999999999999805e+00
7.633333333333333082e-01
2.966666666666666341e-01
2.999999999999999889e-02
0.000000000000000000e+00
0.000000000000000000e+00
8.333333333333332871e-02
0.000000000000000000e+00
6.666666666666667095e-03
6.666666666666667095e-03
0.000000000000000000e+00
1.666666666666666644e-02
1.233333333333333365e-01
2.666666666666666838e-02
1.000000000000000021e-02
1.000000000000000021e-02
0.000000000000000000e+00
0.000000000000000000e+00
0.000000000000000000e+00
2.999999999999999889e-02
7.933333333333333348e-01
3.699999999999999400e-01
2.099999999999999922e-01
8.300000000000000711e-01
1.300000000000000044e-01
7.000000000000000666e-02
1.666666666666666644e-02
5.000000000000000971e-02
7.333333333333333370e-02
0.000000000000000000e+00
4.000000000000000083e-02
8.000000000000000167e-02
1.300000000000000044e-01
1.333333333333333419e-02
3.666666666666667379e-02
6.666666666666667095e-03
4.199999999999999845e-01
8.033333333333333437e-01
7.399999999999998801e-01
1.026666666666666616e+00
1.760000000000000009e+00
1.756666666666666599e+00
8.000000000000000167e-02
7.333333333333333370e-02
1.066666666666666735e-01
1.600000000000000033e-01
4.666666666666666879e-02
4.666666666666666879e-02
2.999999999999999889e-02
5.333333333333333676e-02
1.966666666666666563e-01
8.666666666666666963e-02
4.899999999999999911e-01
2.023333333333333428e+00
2.199999999999999734e-01
1.276666666666666616e+00
5.466666666666667451e-01
1.666666666666666574e-01
4.000000000000000083e-02
1.666666666666666644e-02
0.000000000000000000e+00
5.333333333333333676e-02
4.666666666666666879e-02
4.000000000000000083e-02
8.000000000000000167e-02
2.000000000000000042e-02
9.666666666666667851e-02
1.300000000000000044e-01
6.999999999999999278e-02
3.333333333333333287e-02
1.866666666666666752e-01
0.000000000000000000e+00
8.333333333333332871e-02
0.000000000000000000e+00
2.133333333333332915e-01
1.343333333333333490e+00
4.066666666666666763e-01
5.266666666666667274e-01
1.490000000000000213e+00
4.999999999999999584e-02
4.000000000000000083e-02
1.033333333333333326e-01
2.566666666666666541e-01
1.833333333333333481e-01
4.333333333333333481e-02
2.666666666666666838e-02
6.666666666666667095e-03
7.000000000000000666e-02
2.333333333333333440e-02
7.666666666666667462e-02
2.299999999999999822e-01
9.233333333333333393e-01
1.356666666666666687e+00
9.100000000000000311e-01
2.580000000000000071e+00
3.586666666666666448e+00
1.173333333333333339e+00
1.066666666666666735e-01
2.166666666666666741e-01
1.733333333333333393e-01
7.500000000000000000e-01
6.999999999999999278e-02
1.300000000000000044e-01
5.999999999999999778e-02
1.000000000000000021e-02
1.233333333333333365e-01
1.999999999999999833e-01
4.599999999999999645e-01
1.230000000000000204e+00
1.700000000000000122e-01
9.366666666666665364e-01
8.133333333333333526e-01
4.500000000000000111e-01
7.000000000000000666e-02
9.666666666666667851e-02
0.000000000000000000e+00
7.666666666666667462e-02
2.999999999999999889e-02
7.666666666666667462e-02
7.000000000000000666e-02
4.000000000000000083e-02
2.333333333333333440e-02
1.533333333333333215e-01
1.000000000000000021e-02
1.266666666666666774e-01
4.999999999999999584e-02
1.333333333333333419e-02
1.666666666666666644e-02
4.333333333333333481e-02
2.233333333333333004e-01
6.933333333333333570e-01
5.699999999999999512e-01
1.566666666666666763e-01
9.933333333333332904e-01
4.333333333333333481e-02
1.666666666666666644e-02
1.000000000000000021e-02
1.099999999999999867e-01
6.333333333333333870e-02
5.666666666666666380e-02
7.666666666666667462e-02
1.666666666666666644e-02
2.666666666666666838e-02
1.000000000000000021e-02
1.766666666666666663e-01
1.499999999999999944e-01
5.466666666666667451e-01
1.613333333333333286e+00
1.873333333333333073e+00
1.780000000000000027e+00
3.673333333333333783e+00
1.830000000000000071e+00
8.666666666666666963e-02
9.000000000000001055e-02
1.700000000000000122e-01
3.200000000000000067e-01
2.466666666666666730e-01
6.666666666666666574e-02
1.666666666666666574e-01
3.599999999999999312e-01
4.500000000000000111e-01
6.666666666666666574e-02
7.900000000000000355e-01
1.110000000000000098e+00
2.233333333333333559e-01
1.613333333333333286e+00
6.533333333333333215e-01
1.100000000000000006e-01
1.199999999999999956e-01
1.666666666666666644e-02
1.166666666666666546e-01
1.033333333333333326e-01
1.133333333333333276e-01
1.133333333333333415e-01
6.666666666666667095e-03
4.000000000000000083e-02
1.000000000000000021e-02
3.366666666666666696e-01
2.333333333333333440e-02
6.666666666666666574e-02
5.333333333333333676e-02
5.333333333333333676e-02
2.999999999999999889e-02
1.666666666666666644e-02
5.499999999999999334e-01
1.283333333333333437e+00
1.449999999999999956e+00
3.800000000000000600e-01
1.666666666666666741e+00
7.000000000000000666e-02
4.666666666666666879e-02
3.666666666666667379e-02
1.766666666666666663e-01
4.666666666666666879e-02
1.033333333333333326e-01
1.666666666666666574e-01
6.333333333333333870e-02
2.433333333333333182e-01
3.333333333333333287e-02
9.666666666666667851e-02
2.666666666666666838e-02
8.800000000000000044e-01
8.800000000000000044e-01
3.533333333333333326e-01
2.569999999999999840e+00
3.336666666666666448e+00
1.256666666666666599e+00
9.000000000000001055e-02
9.999999999999999167e-02
1.866666666666666474e-01
4.233333333333333393e-01
5.999999999999999778e-02
1.033333333333333326e-01
4.333333333333333481e-02
4.666666666666666879e-02
2.399999999999999911e-01
1.333333333333333419e-02
1.323333333333333472e+00
1.199999999999999956e+00
9.000000000000001055e-02
1.493333333333333401e+00
6.899999999999999467e-01
3.333333333333333287e-02
7.666666666666666075e-02
2.999999999999999889e-02
2.099999999999999922e-01
9.000000000000001055e-02
5.999999999999999778e-02
0.000000000000000000e+00
3.666666666666667379e-02
2.333333333333333440e-02
5.000000000000000971e-02
6.733333333333333393e-01
6.333333333333333870e-02
1.666666666666666644e-02
2.999999999999999889e-02
0.000000000000000000e+00
4.000000000000000083e-02
2.333333333333333440e-02
1.466666666666666674e-01
1.453333333333333366e+00
1.633333333333333304e-01
4.266666666666665830e-01
1.300000000000000044e+00
3.600000000000000422e-01
5.333333333333333676e-02
4.666666666666666879e-02
1.099999999999999867e-01
1.633333333333333304e-01
7.000000000000000666e-02
6.333333333333333870e-02
1.333333333333333419e-02
1.133333333333333415e-01
2.333333333333333440e-02
1.066666666666666735e-01
1.566666666666666485e-01
7.533333333333332993e-01
9.599999999999999645e-01
5.666666666666665408e-01
1.763333333333333419e+00
