9.100000000000000311e-01
4.199999999999999845e-01
1.466666666666666674e-01
2.833333333333333259e-01
5.666666666666667074e-02
9.733333333333332726e-01
1.276666666666666616e+00
7.666666666666666075e-02
8.933333333333334236e-01
2.900000000000000355e-01
2.366666666666666641e-01
1.333333333333333315e-01
4.466666666666666008e-01
6.666666666666666574e-02
7.733333333333334281e-01
2.900000000000000355e-01
2.666666666666666838e-02
1.666666666666666644e-02
2.366666666666666641e-01
0.000000000000000000e+00
3.333333333333333547e-03
3.866666666666667140e-01
9.000000000000001055e-02
2.166666666666666741e-01
1.833333333333333481e-01
1.833333333333333481e-01
1.300000000000000044e-01
2.766666666666666718e-01
9.700000000000000844e-01
2.166666666666666741e-01
1.899999999999999745e-01
3.266666666666666607e-01
4.799999999999999822e-01
1.966666666666666841e-01
2.033333333333333381e-01
1.880000000000000115e+00
2.666666666666666630e-01
5.233333333333333171e-01
9.666666666666666463e-02
1.099999999999999867e-01
1.096666666666666679e+00
0.000000000000000000e+00
0.000000000000000000e+00
1.600000000000000033e-01
3.000000000000000444e-01
6.666666666666667095e-03
2.333333333333333440e-02
1.070000000000000062e+00
1.766666666666666663e-01
8.000000000000000167e-02
6.300000000000000044e-01
3.633333333333332860e-01
1.223333333333333384e+00
1.506666666666666599e+00
2.999999999999999889e-02
0.000000000000000000e+00
2.799999999999999711e-01
7.066666666666666652e-01
9.333333333333333759e-02
2.233333333333333004e-01
1.766666666666666663e-01
1.330000000000000071e+00
9.000000000000000222e-01
1.580000000000000071e+00
2.200000000000000011e-01
8.000000000000000167e-02
7.633333333333333082e-01
2.099999999999999922e-01
1.199999999999999956e-01
2.199999999999999734e-01
4.366666666666667029e-01
1.433333333333333404e-01
3.866666666666666585e-01
7.000000000000000666e-02
1.866666666666666752e-01
9.666666666666667851e-02
1.966666666666666841e-01
6.366666666666666030e-01
1.366666666666666863e-01
1.933333333333333570e-01
2.099999999999999922e-01
3.800000000000000600e-01
2.299999999999999822e-01
6.300000000000000044e-01
6.866666666666666474e-01
2.333333333333333440e-02
1.033333333333333326e-01
3.666666666666666685e-02
4.366666666666667029e-01
5.000000000000000000e-01
3.600000000000000422e-01
1.399999999999999856e-01
3.599999999999999312e-01
5.699999999999999512e-01
5.333333333333333676e-02
5.333333333333333676e-02
2.899999999999999800e-01
1.366666666666666863e-01
9.000000000000001055e-02
1.499999999999999944e-01
3.499999999999999223e-01
2.666666666666666630e-01
3.133333333333332971e-01
1.633333333333333304e-01
4.833333333333333370e-01
2.833333333333333814e-01
1.000000000000000194e-01
1.899999999999999745e-01
5.333333333333334370e-02
1.200000000000000094e-01
2.966666666666666896e-01
6.099999999999999867e-01
1.643333333333333313e+00
