1.750000000000000000e+00
4.599999999999999645e-01
2.200000000000000011e-01
5.699999999999999512e-01
3.666666666666666963e-01
4.233333333333333393e-01
1.433333333333333404e-01
2.666666666666666630e-01
5.666666666666667074e-02
1.400000000000000133e-01
1.546666666666666634e+00
1.666666666666666644e-02
1.369999999999999885e+00
1.499999999999999944e-01
4.066666666666666763e-01
1.866666666666666474e-01
3.166666666666666519e-01
1.899999999999999745e-01
2.000000000000000042e-02
1.866666666666666752e-01
2.333333333333333093e-01
1.000000000000000021e-02
7.666666666666667185e-01
1.333333333333333315e-01
1.433333333333333404e-01
2.366666666666666641e-01
5.433333333333333348e-01
1.333333333333333315e-01
3.933333333333333126e-01
2.033333333333333381e-01
1.146666666666666723e+00
2.133333333333333470e-01
2.799999999999999711e-01
3.966666666666666674e-01
3.366666666666666696e-01
4.266666666666665830e-01
1.333333333333333315e-01
2.933333333333332793e-01
3.000000000000000444e-01
7.000000000000000666e-02
2.266666666666666829e-01
6.999999999999999278e-02
2.000000000000000042e-02
2.000000000000000389e-01
2.399999999999999911e-01
2.233333333333333559e-01
1.499999999999999944e-01
2.566666666666666541e-01
7.500000000000000000e-01
9.900000000000001021e-01
1.290000000000000036e+00
1.480000000000000204e+00
8.333333333333332871e-02
2.733333333333333726e-01
3.133333333333333526e-01
7.600000000000001199e-01
1.300000000000000044e-01
9.666666666666666463e-02
6.333333333333333870e-02
1.366666666666666863e-01
2.566666666666666541e-01
1.233333333333333365e-01
2.039999999999999591e+00
1.679999999999999938e+00
