7.833333333333332149e-01
1.516666666666666607e+00
2.000000000000000042e-02
2.133333333333333470e-01
4.066666666666667318e-01
2.666666666666666838e-02
6.666666666666667095e-03
5.333333333333333676e-02
2.999999999999999889e-02
0.000000000000000000e+00
2.000000000000000042e-02
5.000000000000000000e-01
3.000000000000000236e-02
6.666666666666667095e-03
7.333333333333334758e-02
6.166666666666666963e-01
2.000000000000000042e-02
2.333333333333333440e-02
1.166666666666666546e-01
8.100000000000000533e-01
1.000000000000000021e-02
4.266666666666666941e-01
1.533333333333333215e-01
1.266666666666666774e-01
2.999999999999999889e-01
4.666666666666666879e-02
1.623333333333333295e+00
7.799999999999999156e-01
2.666666666666666838e-02
1.100000000000000006e-01
2.999999999999999889e-01
4.999999999999999584e-02
4.000000000000000083e-02
5.033333333333332993e-01
6.933333333333333570e-01
1.000000000000000021e-02
6.666666666666667095e-03
2.299999999999999822e-01
6.666666666666667095e-03
3.333333333333333547e-03
9.033333333333333215e-01
7.333333333333334758e-02
2.999999999999999889e-02
1.166666666666666546e-01
1.566666666666666485e-01
5.666666666666667074e-02
2.000000000000000042e-02
9.799999999999999822e-01
1.733333333333333393e+00
1.366666666666666863e-01
1.766666666666666663e-01
1.133333333333333276e-01
1.833333333333333481e-01
1.433333333333333404e-01
8.000000000000000167e-02
8.666666666666666963e-02
1.433333333333333126e-01
1.566666666666666485e-01
3.133333333333332971e-01
8.266666666666666607e-01
7.299999999999999822e-01
8.000000000000000167e-02
6.166666666666666963e-01
1.199999999999999956e-01
2.666666666666666838e-02
1.033333333333333326e-01
8.066666666666666430e-01
5.799999999999999600e-01
2.666666666666666838e-02
3.033333333333333437e-01
1.866666666666666752e-01
7.500000000000000000e-01
6.000000000000000472e-02
4.333333333333333481e-02
1.040000000000000036e+00
4.000000000000000083e-02
8.333333333333332871e-02
3.500000000000000333e-01
6.300000000000000044e-01
2.333333333333333440e-02
4.433333333333333570e-01
3.666666666666666685e-02
0.000000000000000000e+00
9.999999999999999167e-02
1.399999999999999856e-01
3.333333333333333287e-02
3.333333333333333287e-02
8.333333333333332871e-02
1.000000000000000021e-02
6.000000000000000472e-02
2.333333333333333440e-02
0.000000000000000000e+00
9.999999999999999167e-02
6.533333333333333215e-01
2.999999999999999889e-02
1.499999999999999944e-01
7.799999999999999156e-01
2.500000000000000000e-01
2.333333333333333440e-02
7.000000000000000666e-02
3.499999999999999223e-01
1.000000000000000194e-01
0.000000000000000000e+00
3.433333333333333237e-01
8.666666666666666963e-02
1.000000000000000021e-02
3.333333333333333547e-03
1.566666666666666763e-01
4.633333333333333748e-01
3.333333333333333547e-03
4.099999999999999756e-01
3.099999999999999978e-01
9.333333333333332371e-02
1.399999999999999856e-01
1.866666666666666752e-01
1.466666666666666952e-01
2.000000000000000042e-02
7.400000000000001021e-01
2.033333333333333381e-01
0.000000000000000000e+00
8.466666666666666785e-01
3.666666666666666963e-01
1.293333333333333224e+00
1.633333333333333304e-01
1.933333333333333570e-01
1.209999999999999964e+00
