4.599999999999999645e-01
1.000000000000000021e-02
0.000000000000000000e+00
3.333333333333333287e-02
2.666666666666666838e-02
5.666666666666667074e-02
6.666666666666667095e-03
1.666666666666666644e-02
3.066666666666666430e-01
7.000000000000000666e-02
1.166666666666666546e-01
0.000000000000000000e+00
1.099999999999999867e-01
1.666666666666666644e-02
8.433333333333333792e-01
4.499999999999999556e-01
5.899999999999999689e-01
9.799999999999999822e-01
5.166666666666667185e-01
3.666666666666667379e-02
2.333333333333333440e-02
1.800000000000000211e-01
5.300000000000000266e-01
4.000000000000000083e-02
1.610000000000000098e+00
1.466666666666666674e-01
2.800000000000000266e-01
1.466666666666666952e-01
7.700000000000000178e-01
6.666666666666667095e-03
1.000000000000000021e-02
1.466666666666666952e-01
1.419999999999999929e+00
2.999999999999999889e-02
1.000000000000000021e-02
3.433333333333333237e-01
2.899999999999999800e-01
4.433333333333333570e-01
3.033333333333333992e-01
2.800000000000000266e-01
1.716666666666666785e+00
1.300000000000000044e-01
1.026666666666666616e+00
6.066666666666665764e-01
5.999999999999999778e-02
0.000000000000000000e+00
3.666666666666667379e-02
0.000000000000000000e+00
1.666666666666666644e-02
2.333333333333333440e-02
8.300000000000000711e-01
1.916666666666666741e+00
9.666666666666667851e-02
4.999999999999999584e-02
3.333333333333333148e-01
3.366666666666666696e-01
1.000000000000000021e-02
5.933333333333332682e-01
2.100000000000000089e+00
1.623333333333333295e+00
2.833333333333333814e-01
7.533333333333332993e-01
4.033333333333333215e-01
4.000000000000000083e-02
1.996666666666666812e+00
2.466666666666666730e-01
6.666666666666666574e-02
0.000000000000000000e+00
2.666666666666666838e-02
0.000000000000000000e+00
0.000000000000000000e+00
1.000000000000000021e-02
7.666666666666667462e-02
1.633333333333333082e+00
8.266666666666666607e-01
4.666666666666666186e-01
2.223333333333333162e+00
1.396666666666666723e+00
1.166666666666666546e-01
8.000000000000000167e-02
5.199999999999999067e-01
2.666666666666666838e-02
1.000000000000000021e-02
2.899999999999999800e-01
0.000000000000000000e+00
3.666666666666666685e-02
1.000000000000000021e-02
1.636666666666666714e+00
3.266666666666666607e-01
2.000000000000000042e-02
5.666666666666667629e-01
6.533333333333333215e-01
0.000000000000000000e+00
1.266666666666666774e-01
1.709999999999999964e+00
3.333333333333333287e-02
2.666666666666666838e-02
1.726666666666666572e+00
1.333333333333333419e-02
1.300000000000000044e-01
3.766666666666666496e-01
1.333333333333333419e-02
4.333333333333333481e-02
2.299999999999999822e-01
9.700000000000000844e-01
2.999999999999999889e-02
3.366666666666666696e-01
4.866666666666666363e-01
2.666666666666666838e-02
2.666666666666666838e-02
1.000000000000000021e-02
2.333333333333333440e-02
7.333333333333331983e-02
1.166666666666666546e-01
3.300000000000000155e-01
2.233333333333333004e-01
2.999999999999999889e-02
1.666666666666666574e-01
7.066666666666666652e-01
4.966666666666666452e-01
4.666666666666666879e-02
5.499999999999999334e-01
4.866666666666666363e-01
6.199999999999999956e-01
4.333333333333333481e-01
4.133333333333333304e-01
6.466666666666666119e-01
1.066666666666666735e-01
6.300000000000000044e-01
6.666666666666666574e-02
3.333333333333333547e-03
3.333333333333333547e-03
6.666666666666667095e-03
3.799999999999999489e-01
0.000000000000000000e+00
1.233333333333333365e-01
5.399999999999999245e-01
9.933333333333331794e-01
1.433333333333333404e-01
1.086666666666666670e+00
8.000000000000000167e-02
5.300000000000000266e-01
4.333333333333333481e-01
3.300000000000000155e-01
1.433333333333333404e-01
5.666666666666667629e-01
1.823333333333333472e+00
1.999999999999999833e-01
7.866666666666666252e-01
6.366666666666666030e-01
2.489999999999999769e+00
1.173333333333333339e+00
3.733333333333333504e-01
1.176666666666666750e+00
2.399999999999999911e-01
2.566666666666666541e-01
2.466666666666666730e-01
9.266666666666666385e-01
4.166666666666666852e-01
2.200000000000000011e-01
1.833333333333333481e-01
1.733333333333333393e-01
6.699999999999999289e-01
2.800000000000000266e-01
6.466666666666667229e-01
8.666666666666666963e-02
3.666666666666666963e-01
5.000000000000000000e-01
2.166666666666666463e-01
8.599999999999999867e-01
2.666666666666666630e-01
0.000000000000000000e+00
7.666666666666667185e-01
0.000000000000000000e+00
2.333333333333333093e-01
6.333333333333333870e-02
2.933333333333333348e-01
6.666666666666667095e-03
5.000000000000000971e-02
1.700000000000000122e-01
7.033333333333332549e-01
1.456666666666666776e+00
5.699999999999999512e-01
5.000000000000000971e-02
0.000000000000000000e+00
1.166666666666666546e-01
2.000000000000000042e-02
9.333333333333332371e-02
2.666666666666666838e-02
5.666666666666667074e-02
2.500000000000000000e-01
1.533333333333333492e-01
1.766666666666666663e-01
6.666666666666667095e-03
7.000000000000000666e-02
0.000000000000000000e+00
9.633333333333333748e-01
6.300000000000000044e-01
2.033333333333333381e-01
8.666666666666665853e-01
6.400000000000000133e-01
2.233333333333333004e-01
3.633333333333332860e-01
1.866666666666666752e-01
1.040000000000000036e+00
1.100000000000000006e-01
1.290000000000000036e+00
1.499999999999999944e-01
4.899999999999999911e-01
5.866666666666667806e-01
1.126666666666666705e+00
1.499999999999999944e-01
3.333333333333333287e-02
2.133333333333333470e-01
1.243333333333333401e+00
3.666666666666667379e-02
0.000000000000000000e+00
3.133333333333332971e-01
3.533333333333333326e-01
1.066666666666666735e-01
2.066666666666666652e-01
1.166666666666666546e-01
1.596666666666666679e+00
1.033333333333333465e-01
5.899999999999999689e-01
5.600000000000000533e-01
3.333333333333333287e-02
1.333333333333333419e-02
0.000000000000000000e+00
0.000000000000000000e+00
0.000000000000000000e+00
1.333333333333333419e-02
6.300000000000000044e-01
1.553333333333333455e+00
9.999999999999999167e-02
1.333333333333333419e-02
6.533333333333333215e-01
4.500000000000000111e-01
1.333333333333333315e-01
9.399999999999999467e-01
1.693333333333333357e+00
1.343333333333333046e+00
2.033333333333333381e-01
4.799999999999999822e-01
1.000000000000000194e-01
2.999999999999999889e-02
1.273333333333333428e+00
2.566666666666666541e-01
2.066666666666666652e-01
1.666666666666666644e-02
0.000000000000000000e+00
0.000000000000000000e+00
0.000000000000000000e+00
2.000000000000000042e-02
8.333333333333332871e-02
2.063333333333333464e+00
1.136666666666666714e+00
1.666666666666666574e-01
2.379999999999999893e+00
2.256666666666666821e+00
2.266666666666666552e-01
1.299999999999999767e-01
6.633333333333333304e-01
1.533333333333333492e-01
2.000000000000000042e-02
2.233333333333333004e-01
0.000000000000000000e+00
4.333333333333333481e-02
2.333333333333333440e-02
1.793333333333333224e+00
9.999999999999999167e-02
5.666666666666667074e-02
5.066666666666667096e-01
4.266666666666666941e-01
0.000000000000000000e+00
5.999999999999999778e-02
1.853333333333333499e+00
4.333333333333333481e-02
6.999999999999999278e-02
2.299999999999999822e+00
6.333333333333333870e-02
1.100000000000000006e-01
5.533333333333333437e-01
0.000000000000000000e+00
8.666666666666666963e-02
2.200000000000000011e-01
9.366666666666665364e-01
1.000000000000000021e-02
3.666666666666666685e-02
1.933333333333333570e-01
0.000000000000000000e+00
6.666666666666666574e-02
1.000000000000000021e-02
3.666666666666666685e-02
1.000000000000000021e-02
1.133333333333333415e-01
2.466666666666666730e-01
4.199999999999999845e-01
1.133333333333333415e-01
1.566666666666666485e-01
9.566666666666666652e-01
5.633333333333333526e-01
0.000000000000000000e+00
2.899999999999999800e-01
3.833333333333333037e-01
4.933333333333333459e-01
1.999999999999999833e-01
9.000000000000001055e-02
1.219999999999999973e+00
4.000000000000000083e-02
6.999999999999998446e-01
1.666666666666666644e-02
1.666666666666666644e-02
2.000000000000000042e-02
1.000000000000000021e-02
3.866666666666666585e-01
6.666666666666667095e-03
3.666666666666667379e-02
4.833333333333333370e-01
1.063333333333333464e+00
2.366666666666666641e-01
2.223333333333333162e+00
1.499999999999999944e-01
1.700000000000000122e-01
2.633333333333333637e-01
4.166666666666666852e-01
1.333333333333333315e-01
9.799999999999999822e-01
2.430000000000000160e+00
3.066666666666666430e-01
1.433333333333333404e-01
1.066666666666666735e-01
8.533333333333333881e-01
6.600000000000000311e-01
1.233333333333333365e-01
7.833333333333332149e-01
8.000000000000000167e-02
1.466666666666666674e-01
2.033333333333333381e-01
1.726666666666666572e+00
3.900000000000000688e-01
1.666666666666666574e-01
1.866666666666666752e-01
1.166666666666666546e-01
3.300000000000000155e-01
2.533333333333333548e-01
1.003333333333333188e+00
1.733333333333333393e-01
1.700000000000000122e-01
7.399999999999998801e-01
1.366666666666666863e-01
8.699999999999999956e-01
1.833333333333333204e-01
3.666666666666667379e-02
6.899999999999999467e-01
0.000000000000000000e+00
5.000000000000000000e-01
1.633333333333333304e-01
3.300000000000000155e-01
3.000000000000000236e-02
3.666666666666666685e-02
3.000000000000000444e-01
6.666666666666666297e-01
7.266666666666665719e-01
