1.316666666666666652e+00
8.366666666666665586e-01
1.466666666666666952e-01
1.370000000000000107e+00
7.099999999999999645e-01
4.833333333333333370e-01
4.633333333333333748e-01
7.666666666666667462e-02
9.700000000000000844e-01
2.503333333333333410e+00
1.580000000000000071e+00
1.953333333333333366e+00
1.063333333333333242e+00
1.033333333333333326e-01
1.300000000000000044e+00
3.466666666666666785e-01
7.200000000000000844e-01
2.700000000000000178e-01
3.833333333333333037e-01
8.666666666666666963e-02
5.400000000000000355e-01
8.000000000000000167e-02
9.000000000000001055e-02
2.399999999999999911e-01
1.726666666666666572e+00
8.466666666666666785e-01
0.000000000000000000e+00
1.666666666666666574e-01
2.366666666666666641e-01
1.666666666666666644e-02
5.033333333333332993e-01
1.766666666666666663e-01
3.410000000000000142e+00
3.333333333333333287e-02
3.666666666666667379e-02
2.800000000000000266e-01
2.713333333333333375e+00
2.433333333333333737e-01
2.166666666666666463e-01
5.299999999999999156e-01
1.199999999999999956e-01
1.916666666666666741e+00
9.766666666666665719e-01
4.466666666666667118e-01
2.490000000000000213e+00
1.400000000000000133e-01
3.133333333333332971e-01
3.433333333333332682e-01
7.366666666666666918e-01
6.199999999999999956e-01
2.310000000000000053e+00
6.199999999999999956e-01
2.066666666666666430e+00
6.800000000000000488e-01
3.133333333333332971e-01
6.666666666666667095e-03
2.600000000000000089e-01
1.096666666666666679e+00
1.633333333333333304e-01
9.900000000000001021e-01
6.800000000000000488e-01
1.333333333333333419e-02
8.000000000000000167e-02
7.533333333333334103e-01
2.166666666666666741e-01
1.453333333333333366e+00
1.666666666666666644e-02
3.200000000000000067e-01
1.306666666666666643e+00
1.666666666666666574e-01
3.733333333333333504e-01
1.123333333333333295e+00
