5.766666666666666607e-01
1.833333333333333481e-01
4.466666666666667118e-01
5.199999999999999067e-01
3.233333333333333059e-01
3.466666666666666785e-01
1.206666666666666776e+00
3.333333333333333148e-01
3.333333333333333287e-02
1.133333333333333304e+00
1.666666666666666644e-02
5.333333333333333676e-02
2.666666666666666838e-02
6.666666666666667095e-03
4.333333333333333481e-02
1.233333333333333365e-01
0.000000000000000000e+00
1.499999999999999944e-01
5.666666666666666380e-02
7.333333333333333370e-02
0.000000000000000000e+00
6.333333333333333870e-02
1.696666666666666545e+00
2.999999999999999889e-02
4.000000000000000083e-02
3.333333333333333547e-03
7.000000000000000666e-01
2.033333333333333381e-01
0.000000000000000000e+00
5.999999999999999778e-02
9.166666666666666297e-01
3.666666666666667379e-02
2.399999999999999911e-01
9.999999999999999167e-02
1.800000000000000211e-01
3.966666666666666674e-01
1.066666666666666735e-01
9.866666666666666918e-01
5.099999999999998979e-01
4.799999999999999822e-01
3.333333333333333287e-02
4.333333333333333481e-02
4.999999999999999584e-02
1.366666666666666863e-01
2.033333333333333381e-01
0.000000000000000000e+00
5.999999999999999778e-02
9.999999999999999167e-02
0.000000000000000000e+00
0.000000000000000000e+00
7.333333333333334758e-02
5.666666666666666380e-02
0.000000000000000000e+00
8.333333333333333703e-01
3.899999999999999578e-01
1.366666666666666863e-01
1.000000000000000021e-02
7.399999999999998801e-01
6.400000000000000133e-01
0.000000000000000000e+00
2.966666666666666896e-01
1.046666666666666634e+00
5.400000000000000355e-01
1.333333333333333419e-02
1.399999999999999856e-01
1.066666666666666735e-01
5.833333333333333703e-01
6.333333333333333870e-02
3.133333333333333526e-01
6.766666666666666385e-01
2.200000000000000011e-01
5.833333333333333703e-01
0.000000000000000000e+00
1.666666666666666644e-02
2.233333333333333559e-01
8.666666666666666963e-02
5.666666666666667074e-02
2.666666666666666630e-01
1.633333333333333304e-01
0.000000000000000000e+00
0.000000000000000000e+00
1.100000000000000006e-01
4.000000000000000083e-02
0.000000000000000000e+00
3.333333333333333547e-03
8.933333333333332016e-01
8.000000000000000167e-02
0.000000000000000000e+00
8.000000000000000167e-02
5.999999999999999778e-02
1.203333333333333366e+00
2.333333333333333093e-01
2.173333333333333339e+00
