8.666666666666665853e-01
1.533333333333333492e-01
2.333333333333333093e-01
2.966666666666666341e-01
4.333333333333333481e-02
5.000000000000000971e-02
9.333333333333333759e-02
8.000000000000000167e-02
1.066666666666666735e-01
8.000000000000000167e-02
6.666666666666667095e-03
1.333333333333333315e-01
5.333333333333333676e-02
0.000000000000000000e+00
1.100000000000000006e-01
6.666666666666666574e-02
8.000000000000000167e-02
3.666666666666666685e-02
5.333333333333334370e-02
1.403333333333333321e+00
9.333333333333333759e-02
5.666666666666667074e-02
1.233333333333333365e-01
4.666666666666666879e-02
6.666666666666667095e-03
0.000000000000000000e+00
4.000000000000000083e-02
1.333333333333333419e-02
1.666666666666666644e-02
7.966666666666667451e-01
9.333333333333333759e-02
5.233333333333333171e-01
1.800000000000000211e-01
6.666666666666666574e-02
2.833333333333333814e-01
5.333333333333334370e-02
2.033333333333333381e-01
5.833333333333333703e-01
3.633333333333332860e-01
2.466666666666666730e-01
1.653333333333333321e+00
1.413333333333333330e+00
3.099999999999999978e-01
1.050000000000000044e+00
7.200000000000000844e-01
1.033333333333333326e-01
1.206666666666666776e+00
4.099999999999999756e-01
1.600000000000000033e-01
4.000000000000000083e-02
3.333333333333333287e-02
1.066666666666666735e-01
1.700000000000000122e-01
1.000000000000000021e-02
4.500000000000000111e-01
1.143333333333333313e+00
1.100000000000000006e-01
8.000000000000000167e-02
5.499999999999999334e-01
6.433333333333333126e-01
6.999999999999999278e-02
2.000000000000000042e-02
4.799999999999999822e-01
6.266666666666665941e-01
4.099999999999999756e-01
6.333333333333333870e-02
5.233333333333333171e-01
5.766666666666666607e-01
2.443333333333333357e+00
