8.299999999999999600e-01
2.266666666666666829e-01
1.999999999999999833e-01
9.333333333333332371e-02
3.833333333333333037e-01
3.133333333333332971e-01
1.553333333333333455e+00
3.266666666666666607e-01
4.033333333333333215e-01
1.596666666666666679e+00
5.166666666666666075e-01
5.666666666666667074e-02
3.133333333333332971e-01
1.433333333333333404e-01
6.666666666666666574e-02
9.333333333333333759e-02
2.999999999999999889e-02
4.666666666666666879e-02
3.033333333333332882e-01
1.666666666666666644e-02
0.000000000000000000e+00
1.499999999999999944e-01
3.166666666666666519e-01
6.999999999999999278e-02
1.866666666666666752e-01
1.213333333333333153e+00
1.716666666666666785e+00
9.433333333333332460e-01
9.599999999999999645e-01
2.333333333333333440e-02
1.800000000000000211e-01
2.366666666666666918e-01
0.000000000000000000e+00
5.533333333333333437e-01
9.333333333333333759e-02
6.666666666666667095e-03
7.333333333333333370e-02
1.333333333333333419e-02
8.566666666666665764e-01
2.999999999999999889e-02
7.533333333333332993e-01
5.166666666666667185e-01
5.633333333333333526e-01
6.099999999999999867e-01
7.000000000000000666e-02
3.333333333333333148e-01
1.340000000000000080e+00
1.083333333333333259e+00
0.000000000000000000e+00
0.000000000000000000e+00
2.333333333333333440e-02
1.793333333333333224e+00
3.800000000000000600e-01
0.000000000000000000e+00
8.333333333333333703e-01
7.733333333333333171e-01
8.666666666666666963e-02
1.333333333333333419e-02
1.000000000000000021e-02
2.933333333333333348e-01
2.533333333333333548e-01
5.333333333333333676e-02
1.666666666666666644e-02
5.866666666666665586e-01
9.000000000000001055e-02
0.000000000000000000e+00
9.000000000000001055e-02
1.600000000000000033e-01
8.766666666666665941e-01
2.399999999999999911e-01
2.999999999999999889e-01
6.199999999999999956e-01
4.566666666666667207e-01
8.900000000000000133e-01
2.260000000000000231e+00
