1.363333333333333286e+00
7.066666666666666652e-01
8.333333333333332871e-02
1.000000000000000021e-02
7.299999999999999822e-01
6.999999999999999278e-02
7.333333333333333370e-02
9.333333333333333759e-02
0.000000000000000000e+00
0.000000000000000000e+00
2.333333333333333440e-02
1.333333333333333315e-01
1.159999999999999920e+00
2.833333333333333814e-01
2.299999999999999822e-01
2.536666666666666625e+00
3.833333333333333037e-01
2.020000000000000018e+00
3.799999999999999489e-01
1.250000000000000000e+00
2.000000000000000042e-02
0.000000000000000000e+00
0.000000000000000000e+00
0.000000000000000000e+00
0.000000000000000000e+00
9.333333333333333759e-02
6.666666666666667095e-03
4.799999999999999822e-01
5.733333333333333615e-01
7.333333333333333370e-02
5.666666666666667074e-02
2.666666666666666838e-02
5.666666666666667074e-02
1.566666666666666485e-01
3.000000000000000236e-02
1.800000000000000211e-01
2.733333333333333726e-01
8.333333333333333703e-01
3.066666666666666430e-01
1.633333333333333304e-01
5.266666666666667274e-01
5.733333333333333615e-01
1.809999999999999831e+00
5.666666666666666380e-02
1.103333333333333277e+00
2.399999999999999911e-01
1.333333333333333259e+00
6.666666666666667095e-03
3.500000000000000333e-01
7.666666666666667462e-02
0.000000000000000000e+00
1.090000000000000080e+00
4.766666666666667385e-01
2.533333333333333548e-01
2.200000000000000011e-01
2.333333333333333093e-01
1.159999999999999920e+00
2.233333333333333004e-01
3.266666666666666607e-01
6.300000000000000044e-01
1.419999999999999929e+00
1.833333333333333204e-01
3.333333333333333547e-03
7.099999999999999645e-01
7.000000000000000666e-01
1.166666666666666546e-01
9.933333333333332904e-01
1.556666666666666643e+00
1.300000000000000044e-01
1.000000000000000021e-02
3.999999999999999667e-01
0.000000000000000000e+00
1.399999999999999856e-01
7.233333333333332726e-01
1.766666666666666663e-01
2.000000000000000042e-02
3.666666666666667379e-02
1.716666666666666785e+00
9.866666666666666918e-01
0.000000000000000000e+00
1.856666666666666687e+00
5.666666666666667074e-02
7.766666666666667274e-01
2.700000000000000178e-01
1.933333333333333570e-01
3.266666666666667163e-01
2.366666666666666641e-01
1.983333333333333393e+00
1.733333333333333393e-01
1.033333333333333326e-01
3.833333333333333037e-01
1.183333333333333348e+00
1.600000000000000033e-01
3.666666666666666685e-02
1.266666666666666774e-01
2.633333333333333637e-01
3.666666666666667379e-02
0.000000000000000000e+00
1.000000000000000021e-02
6.666666666666667095e-03
1.700000000000000122e-01
1.333333333333333419e-02
1.666666666666666644e-02
2.033333333333333381e-01
2.066666666666666652e-01
2.999999999999999889e-02
1.179999999999999938e+00
4.599999999999999645e-01
3.533333333333333326e-01
1.466666666666666785e+00
1.333333333333333419e-02
5.999999999999999778e-02
0.000000000000000000e+00
2.433333333333333182e-01
4.333333333333333481e-02
7.666666666666667462e-02
3.200000000000000067e-01
5.833333333333333703e-01
1.600000000000000033e-01
9.300000000000000488e-01
5.133333333333333082e-01
1.666666666666666644e-02
0.000000000000000000e+00
5.000000000000000971e-02
1.166666666666666546e-01
1.133333333333333276e-01
7.833333333333332149e-01
4.333333333333333481e-01
1.066666666666666735e-01
1.216666666666666785e+00
2.299999999999999822e-01
7.666666666666667462e-02
2.733333333333333726e-01
1.000000000000000194e-01
3.400000000000000244e-01
5.133333333333333082e-01
1.226666666666666794e+00
6.666666666666666574e-02
0.000000000000000000e+00
2.700000000000000178e-01
1.933333333333333293e-01
1.666666666666666644e-02
1.333333333333333315e-01
8.000000000000001554e-01
3.766666666666666496e-01
8.333333333333332871e-02
2.333333333333333648e-01
8.333333333333332871e-02
1.066666666666666735e-01
1.446666666666666545e+00
4.666666666666666186e-01
1.333333333333333315e-01
5.866666666666665586e-01
1.833333333333333481e-01
4.499999999999999556e-01
9.066666666666667318e-01
1.100000000000000006e-01
2.766666666666666718e-01
4.000000000000000083e-02
6.066666666666667984e-01
5.333333333333333676e-02
3.166666666666666519e-01
3.333333333333333547e-03
4.333333333333333481e-02
1.116666666666666696e+00
1.966666666666666563e-01
0.000000000000000000e+00
5.899999999999999689e-01
5.999999999999999778e-01
3.333333333333333287e-02
2.666666666666666838e-02
1.096666666666666679e+00
1.199999999999999956e-01
0.000000000000000000e+00
1.103333333333333277e+00
1.613333333333333286e+00
1.933333333333333293e-01
2.333333333333333440e-02
8.533333333333333881e-01
6.199999999999999956e-01
6.333333333333333870e-02
6.300000000000000044e-01
3.300000000000000155e-01
1.000000000000000021e-02
6.999999999999998446e-01
2.700000000000000178e-01
1.999999999999999833e-01
4.000000000000000083e-02
2.099999999999999922e-01
1.933333333333333293e-01
3.500000000000000333e-01
2.999999999999999889e-01
3.200000000000000067e-01
2.699999999999999623e-01
1.496666666666666812e+00
2.566666666666666541e-01
6.833333333333332371e-01
0.000000000000000000e+00
6.333333333333333870e-02
0.000000000000000000e+00
6.266666666666665941e-01
1.000000000000000021e-02
1.086666666666666670e+00
1.000000000000000021e-02
1.433333333333333404e-01
2.666666666666666838e-02
0.000000000000000000e+00
4.666666666666666879e-02
1.999999999999999833e-01
1.499999999999999944e-01
2.069999999999999840e+00
1.766666666666666663e-01
5.600000000000000533e-01
2.133333333333332915e-01
2.233333333333333559e-01
0.000000000000000000e+00
1.533333333333333215e-01
1.046666666666666634e+00
5.933333333333333792e-01
8.000000000000000167e-02
9.899999999999998801e-01
1.199999999999999956e-01
2.000000000000000042e-02
3.133333333333333526e-01
9.300000000000000488e-01
9.000000000000000222e-01
9.333333333333333759e-02
1.453333333333333144e+00
8.066666666666666430e-01
2.799999999999999711e-01
1.213333333333333375e+00
2.233333333333333559e-01
1.066666666666666735e-01
4.333333333333333481e-02
3.666666666666666685e-02
1.266666666666666774e-01
4.166666666666666852e-01
1.433333333333333404e-01
2.600000000000000089e-01
8.666666666666666963e-02
7.333333333333334758e-02
4.833333333333333370e-01
5.833333333333333703e-01
0.000000000000000000e+00
2.000000000000000042e-02
0.000000000000000000e+00
5.100000000000000089e-01
0.000000000000000000e+00
2.833333333333333814e-01
1.266666666666666774e-01
2.766666666666666718e-01
8.133333333333333526e-01
4.666666666666666186e-01
4.266666666666666941e-01
8.366666666666667806e-01
1.199999999999999956e-01
9.000000000000001055e-02
3.333333333333333547e-03
1.199999999999999956e-01
7.000000000000000666e-02
2.266666666666666552e-01
4.333333333333333481e-02
1.313333333333333242e+00
2.333333333333333440e-02
1.133333333333333276e-01
3.400000000000000244e-01
1.223333333333333384e+00
1.366666666666666863e-01
2.633333333333333637e-01
1.633333333333333304e-01
1.700000000000000122e-01
1.533333333333333215e+00
6.199999999999999956e-01
5.566666666666666430e-01
3.766666666666666496e-01
1.373333333333333295e+00
1.833333333333333481e-01
1.333333333333333419e-02
1.703333333333333144e+00
8.000000000000000167e-02
1.966666666666666563e-01
1.800000000000000211e-01
1.700000000000000122e-01
1.033333333333333326e-01
7.966666666666665231e-01
8.466666666666666785e-01
5.433333333333333348e-01
1.633333333333333304e-01
7.500000000000000000e-01
5.133333333333333082e-01
5.333333333333333676e-02
1.423333333333333561e+00
2.666666666666666630e-01
2.666666666666666838e-02
3.899999999999999578e-01
1.033333333333333326e-01
1.066666666666666735e-01
2.999999999999999889e-02
8.666666666666666963e-02
0.000000000000000000e+00
2.333333333333333440e-02
7.666666666666667462e-02
0.000000000000000000e+00
8.666666666666666963e-02
1.733333333333333393e-01
0.000000000000000000e+00
5.866666666666667806e-01
1.333333333333333419e-02
1.919999999999999929e+00
4.666666666666666879e-02
2.233333333333333559e-01
1.300000000000000044e-01
4.666666666666666879e-02
5.366666666666666252e-01
4.033333333333333215e-01
1.633333333333333304e-01
1.349999999999999867e+00
2.363333333333333286e+00
1.233333333333333365e-01
1.843333333333333046e+00
1.286666666666666847e+00
2.066666666666666652e-01
5.633333333333333526e-01
8.566666666666665764e-01
1.333333333333333419e-02
1.066666666666666735e-01
1.666666666666666644e-02
0.000000000000000000e+00
3.333333333333333547e-03
1.733333333333333393e-01
1.913333333333333330e+00
8.900000000000000133e-01
1.499999999999999944e-01
3.333333333333333287e-02
0.000000000000000000e+00
2.866666666666666807e-01
1.666666666666666644e-02
3.333333333333333287e-02
1.233333333333333365e-01
5.933333333333333792e-01
2.999999999999999889e-02
1.589999999999999858e+00
2.333333333333333093e-02
9.333333333333333759e-02
3.666666666666665991e-02
1.900000000000000300e-01
1.936666666666666758e+00
7.600000000000001199e-01
4.799999999999999822e-01
2.003333333333333410e+00
1.499999999999999944e-01
6.333333333333333870e-02
1.333333333333333419e-02
2.700000000000000178e-01
0.000000000000000000e+00
1.499999999999999944e-01
0.000000000000000000e+00
4.199999999999999289e-01
2.666666666666666838e-02
2.266666666666666829e-01
1.666666666666666574e-01
1.566666666666666485e-01
5.333333333333333676e-02
7.200000000000000844e-01
1.900000000000000300e-01
3.166666666666666519e-01
1.936666666666666758e+00
4.733333333333333282e-01
1.159999999999999920e+00
2.640000000000000124e+00
3.356666666666666909e+00
7.666666666666667462e-02
9.333333333333333759e-02
4.033333333333333215e-01
4.099999999999999756e-01
3.400000000000000244e-01
3.633333333333333415e-01
1.776666666666666616e+00
1.199999999999999956e-01
3.433333333333333237e-01
9.999999999999999167e-02
