6.733333333333333393e-01
2.333333333333333093e-01
3.666666666666667379e-02
2.099999999999999922e-01
2.033333333333333381e-01
3.666666666666666408e-01
8.533333333333333881e-01
1.166666666666666546e-01
1.026666666666666616e+00
5.000000000000000971e-02
0.000000000000000000e+00
5.000000000000000971e-02
0.000000000000000000e+00
3.666666666666667379e-02
3.666666666666667379e-02
1.333333333333333419e-02
0.000000000000000000e+00
4.000000000000000083e-02
1.266666666666666774e-01
2.333333333333333440e-02
1.866666666666666752e-01
4.000000000000000083e-02
0.000000000000000000e+00
7.000000000000000666e-02
3.433333333333333237e-01
9.666666666666666463e-02
1.330000000000000071e+00
2.033333333333333381e-01
6.900000000000000577e-01
1.519999999999999796e+00
1.146666666666666723e+00
2.866666666666666807e-01
4.833333333333333925e-01
2.233333333333333004e-01
6.266666666666665941e-01
3.200000000000000067e-01
8.633333333333332860e-01
0.000000000000000000e+00
2.466666666666666730e-01
8.333333333333332871e-02
1.866666666666666752e-01
7.633333333333333082e-01
4.299999999999999933e-01
2.333333333333333093e-01
4.000000000000000083e-02
8.000000000000000167e-02
7.500000000000000000e-01
2.000000000000000042e-02
1.666666666666666644e-02
6.666666666666667095e-03
2.000000000000000042e-02
0.000000000000000000e+00
1.133333333333333276e-01
5.999999999999999778e-02
7.066666666666666652e-01
3.333333333333333547e-03
1.233333333333333365e-01
4.000000000000000083e-02
4.733333333333333282e-01
7.233333333333332726e-01
2.033333333333333381e-01
3.400000000000000244e-01
2.006666666666666377e+00
1.366666666666666863e-01
0.000000000000000000e+00
1.733333333333333393e-01
2.700000000000000178e-01
5.666666666666666380e-02
0.000000000000000000e+00
6.999999999999999278e-02
4.000000000000000083e-02
1.000000000000000194e-01
2.666666666666666838e-02
1.366666666666666863e-01
4.000000000000000083e-02
2.333333333333333440e-02
3.799999999999999489e-01
2.733333333333333726e-01
4.000000000000000083e-02
1.400000000000000133e-01
5.366666666666666252e-01
6.666666666666666574e-02
5.666666666666667074e-02
1.016666666666666607e+00
2.833333333333332704e-01
2.999999999999999889e-01
6.666666666666667095e-03
9.233333333333333393e-01
4.666666666666666186e-01
1.199999999999999956e-01
2.666666666666666838e-02
2.999999999999999889e-02
1.800000000000000211e-01
0.000000000000000000e+00
1.100000000000000006e-01
2.666666666666666838e-02
2.500000000000000000e-01
1.483333333333333393e+00
3.333333333333333287e-02
5.833333333333333703e-01
1.933333333333333570e-01
0.000000000000000000e+00
7.333333333333333925e-01
1.333333333333333419e-02
8.666666666666666963e-02
4.133333333333333304e-01
2.666666666666666630e-01
1.566666666666666485e-01
1.433333333333333404e-01
1.093333333333333490e+00
2.666666666666666838e-02
2.099999999999999922e-01
1.333333333333333419e-02
8.333333333333333703e-01
1.466666666666666952e-01
2.099999999999999922e-01
5.999999999999999778e-01
3.000000000000000236e-02
1.433333333333333404e-01
3.233333333333333059e-01
4.000000000000000083e-02
3.333333333333333547e-03
8.299999999999999600e-01
8.000000000000000167e-02
5.666666666666666380e-02
5.833333333333333703e-01
1.899999999999999745e-01
3.200000000000000067e-01
3.300000000000000155e-01
1.900000000000000300e-01
1.133333333333333276e-01
1.000000000000000021e-02
3.666666666666666685e-02
8.333333333333332871e-02
1.966666666666666841e-01
1.433333333333333404e-01
0.000000000000000000e+00
0.000000000000000000e+00
8.666666666666666963e-02
2.633333333333333637e-01
0.000000000000000000e+00
0.000000000000000000e+00
0.000000000000000000e+00
3.666666666666667379e-02
6.300000000000000044e-01
3.123333333333333517e+00
2.069999999999999840e+00
1.466666666666666952e-01
9.333333333333333759e-02
4.333333333333333481e-02
8.000000000000000167e-02
4.000000000000000083e-02
1.266666666666666774e-01
4.333333333333333481e-02
0.000000000000000000e+00
3.333333333333333547e-03
0.000000000000000000e+00
2.666666666666666630e-01
4.899999999999999911e-01
6.199999999999999956e-01
2.166666666666666463e-01
1.900000000000000300e-01
1.333333333333333315e-01
1.199999999999999956e-01
3.333333333333333547e-03
9.999999999999999167e-02
8.333333333333332871e-02
4.033333333333333215e-01
6.033333333333333881e-01
8.233333333333333615e-01
9.333333333333333759e-02
1.033333333333333326e-01
1.666666666666666574e-01
4.666666666666666879e-02
1.733333333333333393e-01
1.080000000000000071e+00
1.330000000000000071e+00
5.499999999999999334e-01
3.333333333333333287e-02
2.399999999999999911e-01
2.266666666666666552e-01
9.766666666666665719e-01
2.533333333333333548e-01
3.733333333333333504e-01
2.866666666666666807e-01
4.266666666666665830e-01
4.666666666666666879e-02
7.333333333333334758e-02
4.666666666666666879e-02
2.633333333333333637e-01
1.133333333333333276e-01
1.260000000000000009e+00
2.900000000000000355e-01
3.833333333333333592e-01
6.633333333333332194e-01
6.566666666666666208e-01
1.933333333333333293e-01
3.333333333333333547e-03
4.599999999999999645e-01
2.666666666666666838e-02
2.433333333333333182e-01
1.066666666666666735e-01
2.633333333333333637e-01
8.666666666666666963e-02
1.300000000000000044e-01
1.066666666666666735e-01
6.666666666666667095e-03
2.466666666666666730e-01
5.333333333333333676e-02
2.666666666666666838e-02
0.000000000000000000e+00
6.333333333333333037e-01
8.333333333333332871e-02
2.666666666666666838e-02
7.333333333333333370e-02
1.110000000000000098e+00
1.033333333333333326e-01
3.433333333333333237e-01
1.199999999999999956e-01
8.333333333333332871e-02
4.999999999999999584e-02
5.999999999999999778e-02
3.000000000000000236e-02
1.400000000000000133e-01
6.666666666666667095e-03
2.000000000000000042e-02
2.299999999999999822e-01
2.699999999999999623e-01
3.466666666666666785e-01
8.000000000000000167e-02
1.266666666666666774e-01
1.656666666666666510e+00
2.500000000000000000e-01
0.000000000000000000e+00
9.666666666666667851e-02
5.300000000000000266e-01
1.333333333333333419e-02
2.233333333333333559e-01
1.266666666666666774e-01
4.266666666666666941e-01
1.966666666666666563e-01
1.133333333333333276e-01
1.000000000000000021e-02
6.333333333333333870e-02
1.666666666666666574e-01
1.933333333333333570e-01
1.466666666666666674e-01
1.733333333333333393e-01
1.833333333333333481e-01
2.013333333333333197e+00
9.433333333333333570e-01
1.966666666666666841e-01
1.000000000000000021e-02
7.333333333333334758e-02
9.666666666666666463e-02
6.666666666666667095e-03
6.666666666666667095e-03
8.466666666666666785e-01
4.600000000000000200e-01
8.366666666666665586e-01
8.333333333333332871e-02
1.666666666666666644e-02
4.833333333333333370e-01
1.533333333333333215e+00
4.333333333333332926e-01
1.250000000000000000e+00
8.433333333333333792e-01
2.799999999999999711e-01
1.096666666666666679e+00
0.000000000000000000e+00
2.200000000000000011e-01
9.266666666666666385e-01
3.000000000000000236e-02
5.999999999999999778e-02
1.633333333333333304e-01
1.026666666666666616e+00
5.333333333333334370e-02
5.333333333333333676e-02
1.433333333333333404e-01
7.333333333333334758e-02
2.333333333333333440e-02
0.000000000000000000e+00
3.333333333333333287e-02
1.133333333333333276e-01
9.666666666666666741e-01
9.666666666666667851e-02
2.333333333333333093e-02
8.666666666666666963e-02
2.399999999999999911e-01
0.000000000000000000e+00
2.233333333333333559e-01
4.933333333333333459e-01
1.333333333333333419e-02
6.666666666666666574e-02
1.073333333333333472e+00
9.599999999999999645e-01
1.230000000000000204e+00
1.286666666666666847e+00
8.866666666666667140e-01
3.533333333333333326e-01
0.000000000000000000e+00
9.533333333333332549e-01
5.066666666666667096e-01
4.666666666666666879e-02
1.600000000000000033e-01
1.103333333333333277e+00
1.700000000000000122e-01
2.333333333333333093e-01
4.666666666666666879e-02
1.266666666666666774e-01
0.000000000000000000e+00
1.276666666666666616e+00
1.499999999999999944e-01
3.799999999999999489e-01
1.899999999999999745e-01
7.833333333333333259e-01
4.933333333333333459e-01
7.666666666666667462e-02
2.733333333333333726e-01
2.333333333333333440e-02
1.000000000000000021e-02
0.000000000000000000e+00
6.666666666666666574e-02
1.733333333333333393e-01
2.566666666666666541e-01
1.399999999999999856e-01
4.000000000000000083e-02
5.299999999999999156e-01
1.820000000000000062e+00
1.300000000000000044e-01
2.833333333333333259e-01
1.133333333333333276e-01
4.000000000000000083e-02
2.299999999999999822e-01
5.666666666666667629e-01
1.033333333333333465e-01
6.666666666666666574e-02
1.533333333333333215e-01
7.000000000000000666e-02
2.133333333333333470e-01
4.133333333333333859e-01
1.566666666666666485e-01
5.666666666666667074e-02
9.000000000000001055e-02
3.000000000000000236e-02
0.000000000000000000e+00
6.666666666666667095e-03
6.666666666666667095e-03
3.099999999999999978e-01
4.666666666666666879e-02
3.333333333333333287e-02
2.000000000000000042e-02
2.566666666666666541e-01
2.533333333333333548e-01
9.333333333333333759e-02
3.333333333333333547e-03
8.333333333333332871e-02
0.000000000000000000e+00
1.933333333333333570e-01
2.266666666666666552e-01
3.333333333333333287e-02
0.000000000000000000e+00
4.799999999999999822e-01
4.000000000000000083e-02
1.000000000000000021e-02
4.000000000000000083e-02
1.066666666666666735e-01
6.666666666666666574e-02
3.666666666666666685e-02
1.796666666666666634e+00
4.133333333333333304e-01
1.536666666666666847e+00
1.033333333333333326e-01
2.833333333333333259e-01
3.333333333333333287e-02
7.900000000000000355e-01
9.000000000000001055e-02
2.633333333333333637e-01
3.666666666666667379e-02
1.533333333333333492e-01
8.666666666666666963e-02
2.133333333333333470e-01
1.266666666666666774e-01
4.500000000000000111e-01
2.666666666666666838e-02
1.000000000000000021e-02
3.333333333333333287e-02
0.000000000000000000e+00
6.666666666666667095e-03
2.633333333333333637e-01
0.000000000000000000e+00
0.000000000000000000e+00
9.666666666666667851e-02
2.333333333333333093e-02
2.333333333333333440e-02
5.999999999999999778e-02
9.000000000000001055e-02
3.333333333333333547e-03
2.766666666666666718e-01
3.733333333333333504e-01
1.333333333333333315e-01
0.000000000000000000e+00
2.000000000000000042e-02
0.000000000000000000e+00
1.333333333333333419e-02
5.333333333333333676e-02
1.533333333333333492e-01
2.000000000000000042e-02
5.166666666666667185e-01
2.466666666666666730e-01
7.200000000000000844e-01
4.866666666666666363e-01
2.866666666666666807e-01
1.433333333333333404e-01
6.666666666666666574e-02
8.000000000000000167e-02
1.666666666666666574e-01
1.666666666666666644e-02
0.000000000000000000e+00
6.666666666666667095e-03
0.000000000000000000e+00
9.000000000000001055e-02
5.333333333333334370e-02
1.166666666666666546e-01
7.933333333333333348e-01
6.999999999999999278e-02
2.933333333333333348e-01
4.566666666666667207e-01
1.666666666666666644e-02
0.000000000000000000e+00
0.000000000000000000e+00
3.333333333333333287e-02
1.133333333333333276e-01
0.000000000000000000e+00
5.000000000000000971e-02
0.000000000000000000e+00
8.233333333333333615e-01
4.333333333333333481e-02
1.233333333333333365e-01
4.000000000000000083e-02
0.000000000000000000e+00
1.666666666666666644e-02
4.666666666666666879e-02
4.999999999999999584e-02
2.999999999999999889e-02
1.166666666666666546e-01
6.666666666666666574e-02
9.000000000000001055e-02
2.833333333333333814e-01
0.000000000000000000e+00
2.333333333333333440e-02
0.000000000000000000e+00
1.466666666666666952e-01
1.266666666666666774e-01
3.333333333333333547e-03
9.000000000000001055e-02
4.000000000000000083e-02
1.633333333333333304e-01
1.333333333333333419e-02
4.000000000000000083e-02
3.333333333333333547e-03
4.533333333333333104e-01
4.333333333333333481e-02
4.666666666666666879e-02
0.000000000000000000e+00
1.800000000000000211e-01
3.666666666666667379e-02
1.466666666666666952e-01
7.000000000000000666e-02
5.666666666666667074e-02
8.333333333333332871e-02
0.000000000000000000e+00
2.333333333333333440e-02
9.666666666666667851e-02
2.233333333333333004e-01
4.666666666666666879e-02
4.000000000000000083e-02
6.333333333333333870e-02
1.733333333333333393e-01
2.700000000000000178e-01
2.099999999999999645e-01
9.666666666666667851e-02
2.000000000000000042e-02
3.333333333333333287e-02
2.666666666666666838e-02
0.000000000000000000e+00
0.000000000000000000e+00
1.000000000000000021e-02
0.000000000000000000e+00
0.000000000000000000e+00
2.666666666666666838e-02
2.666666666666666838e-02
5.666666666666667074e-02
9.000000000000001055e-02
1.033333333333333326e-01
1.800000000000000211e-01
6.666666666666666297e-01
4.099999999999999756e-01
2.666666666666666630e-01
6.666666666666667095e-03
1.166666666666666546e-01
1.133333333333333415e-01
1.000000000000000021e-02
7.333333333333333370e-02
3.666666666666666685e-02
0.000000000000000000e+00
4.333333333333333481e-02
1.266666666666666774e-01
3.666666666666666685e-02
4.333333333333333481e-02
7.833333333333333259e-01
4.066666666666666763e-01
3.166666666666666519e-01
5.299999999999999156e-01
2.966666666666666341e-01
0.000000000000000000e+00
1.000000000000000021e-02
2.000000000000000042e-02
0.000000000000000000e+00
0.000000000000000000e+00
5.000000000000000000e-01
7.333333333333334758e-02
3.000000000000000236e-02
2.333333333333333093e-01
2.066666666666666652e-01
2.099999999999999922e-01
1.300000000000000044e-01
2.666666666666666838e-02
8.333333333333332871e-02
0.000000000000000000e+00
8.666666666666666963e-02
0.000000000000000000e+00
4.999999999999999584e-02
1.866666666666666752e-01
9.000000000000001055e-02
6.333333333333333870e-02
1.000000000000000021e-02
7.666666666666667462e-02
7.666666666666667462e-02
1.166666666666666824e-01
1.666666666666666644e-02
1.666666666666666644e-02
6.000000000000000472e-02
1.933333333333333293e-01
4.666666666666666879e-02
4.200000000000000955e-01
3.866666666666667140e-01
1.033333333333333326e-01
7.333333333333334758e-02
1.000000000000000021e-02
5.733333333333333615e-01
0.000000000000000000e+00
1.000000000000000194e-01
6.666666666666667095e-03
1.366666666666666863e-01
1.349999999999999867e+00
1.900000000000000300e-01
1.833333333333333481e-01
2.299999999999999822e-01
1.600000000000000033e-01
8.433333333333332682e-01
1.533333333333333492e-01
3.333333333333333547e-03
0.000000000000000000e+00
1.333333333333333419e-02
0.000000000000000000e+00
5.466666666666667451e-01
2.433333333333333182e-01
3.400000000000000244e-01
2.233333333333333004e-01
7.666666666666667462e-02
4.666666666666666879e-02
1.566666666666666485e-01
5.333333333333333676e-02
5.200000000000000178e-01
1.700000000000000122e-01
2.066666666666666652e-01
2.093333333333333268e+00
3.366666666666666696e-01
1.000000000000000021e-02
1.966666666666666563e-01
5.999999999999999778e-02
1.866666666666666752e-01
3.200000000000000067e-01
1.433333333333333404e-01
1.060000000000000053e+00
3.400000000000000244e-01
5.333333333333333676e-02
1.133333333333333276e-01
0.000000000000000000e+00
2.699999999999999623e-01
1.666666666666666644e-02
0.000000000000000000e+00
0.000000000000000000e+00
1.233333333333333365e-01
7.633333333333333082e-01
0.000000000000000000e+00
2.500000000000000000e-01
1.333333333333333315e-01
3.833333333333333037e-01
4.466666666666667118e-01
5.000000000000000971e-02
1.766666666666666663e-01
8.000000000000000167e-02
0.000000000000000000e+00
1.666666666666666574e-01
1.000000000000000021e-02
0.000000000000000000e+00
1.000000000000000021e-02
1.499999999999999944e-01
5.666666666666667074e-02
4.133333333333333304e-01
1.106666666666666687e+00
5.666666666666666380e-02
2.000000000000000042e-02
7.333333333333333370e-02
8.000000000000000167e-02
2.033333333333333381e-01
6.666666666666666574e-02
5.033333333333332993e-01
8.800000000000000044e-01
9.000000000000001055e-02
9.000000000000001055e-02
2.000000000000000042e-02
3.033333333333332882e-01
0.000000000000000000e+00
7.000000000000000666e-02
1.633333333333333304e-01
5.500000000000000444e-01
4.000000000000000083e-02
2.733333333333333726e-01
1.666666666666666644e-02
8.199999999999999512e-01
3.300000000000000155e-01
1.600000000000000033e-01
5.666666666666667074e-02
1.333333333333333419e-02
0.000000000000000000e+00
2.566666666666666541e-01
5.000000000000000971e-02
4.666666666666666879e-02
8.333333333333332871e-02
0.000000000000000000e+00
9.666666666666667851e-02
6.666666666666666574e-02
2.333333333333333440e-02
1.666666666666666574e-01
4.533333333333333659e-01
3.333333333333333287e-02
2.366666666666666641e-01
1.666666666666666644e-02
1.100000000000000006e-01
2.000000000000000042e-02
0.000000000000000000e+00
1.999999999999999833e-01
4.099999999999999756e-01
5.333333333333333676e-02
1.633333333333333304e-01
1.600000000000000033e-01
2.700000000000000178e-01
7.000000000000000666e-02
9.999999999999999167e-02
1.199999999999999956e-01
2.533333333333333548e-01
3.266666666666666607e-01
1.266666666666666774e-01
1.233333333333333365e-01
2.833333333333333814e-01
4.333333333333333481e-01
1.899999999999999745e-01
5.000000000000000971e-02
5.666666666666667074e-02
0.000000000000000000e+00
1.333333333333333419e-02
1.466666666666666397e-01
2.033333333333333381e-01
1.099999999999999867e-01
2.166666666666666463e-01
2.333333333333333440e-02
9.666666666666667851e-02
1.000000000000000021e-02
8.333333333333332871e-02
1.066666666666666735e-01
8.033333333333333437e-01
2.066666666666666652e-01
6.500000000000000222e-01
2.613333333333333286e+00
