1.660000000000000142e+00
4.233333333333333393e-01
2.833333333333332704e-01
4.533333333333333104e-01
1.186666666666666758e+00
7.866666666666666252e-01
7.466666666666667007e-01
1.466666666666666674e-01
2.000000000000000042e-02
5.966666666666666785e-01
3.966666666666666674e-01
8.100000000000000533e-01
1.199999999999999956e-01
0.000000000000000000e+00
3.566666666666666319e-01
1.166666666666666546e-01
4.666666666666666879e-02
1.066666666666666735e-01
3.666666666666666963e-01
1.250000000000000000e+00
3.533333333333333326e-01
1.966666666666666785e+00
1.899999999999999745e-01
4.766666666666667385e-01
7.933333333333333348e-01
1.436666666666666536e+00
1.266666666666666774e-01
1.499999999999999944e-01
1.499999999999999944e-01
6.833333333333332371e-01
1.366666666666666863e-01
2.066666666666666652e-01
3.999999999999999667e-01
1.540000000000000036e+00
1.316666666666666652e+00
6.566666666666666208e-01
3.233333333333333059e-01
5.333333333333334370e-02
0.000000000000000000e+00
9.833333333333333925e-01
1.716666666666666563e+00
9.000000000000000222e-01
