1.000000000000000000e+00
1.066666666666666735e-01
5.899999999999999689e-01
0.000000000000000000e+00
0.000000000000000000e+00
6.999999999999999278e-02
2.333333333333333440e-02
3.966666666666666674e-01
5.699999999999999512e-01
7.333333333333333370e-02
1.499999999999999944e-01
7.299999999999999822e-01
5.666666666666667074e-02
3.633333333333333415e-01
1.639999999999999902e+00
2.433333333333333182e-01
2.733333333333333726e-01
1.733333333333333393e-01
6.666666666666667095e-03
2.666666666666666838e-02
1.899999999999999745e-01
3.966666666666666674e-01
6.666666666666667095e-03
7.600000000000001199e-01
3.899999999999999578e-01
3.333333333333333287e-02
1.666666666666666644e-02
2.399999999999999911e-01
2.833333333333333259e-01
0.000000000000000000e+00
6.466666666666667229e-01
7.599999999999998979e-01
4.433333333333333570e-01
1.499999999999999944e-01
2.733333333333333726e-01
1.053333333333333455e+00
0.000000000000000000e+00
6.666666666666666574e-02
4.666666666666666879e-02
3.666666666666667379e-02
4.000000000000000083e-02
0.000000000000000000e+00
7.699999999999999067e-01
0.000000000000000000e+00
3.766666666666666496e-01
1.966666666666666841e-01
1.566666666666666485e-01
3.666666666666665991e-02
7.500000000000000000e-01
4.199999999999999845e-01
2.533333333333333548e-01
2.266666666666666829e-01
1.700000000000000122e-01
8.033333333333333437e-01
7.733333333333333171e-01
8.000000000000000167e-02
8.000000000000000167e-02
1.233333333333333365e-01
2.966666666666666896e-01
4.000000000000000083e-02
1.933333333333333293e-01
1.433333333333333404e-01
1.000000000000000021e-02
3.666666666666666963e-01
3.266666666666666607e-01
3.666666666666666685e-02
3.333333333333333287e-02
0.000000000000000000e+00
0.000000000000000000e+00
5.466666666666667451e-01
2.933333333333333903e-01
2.406666666666666732e+00
1.666666666666666574e-01
1.639999999999999902e+00
1.566666666666666485e-01
2.866666666666666807e-01
1.333333333333333315e-01
4.733333333333333282e-01
5.033333333333332993e-01
9.000000000000001055e-02
2.333333333333333093e-02
1.700000000000000122e-01
1.033333333333333326e-01
3.666666666666666685e-02
1.000000000000000021e-02
0.000000000000000000e+00
1.933333333333333293e-01
1.666666666666666574e-01
3.666666666666666685e-02
7.000000000000000666e-02
2.433333333333333182e-01
1.200000000000000094e-01
0.000000000000000000e+00
9.000000000000000222e-01
1.129999999999999893e+00
3.966666666666666674e-01
3.066666666666666985e-01
1.000000000000000021e-02
2.500000000000000000e-01
7.333333333333333370e-02
0.000000000000000000e+00
0.000000000000000000e+00
1.433333333333333404e-01
1.133333333333333415e-01
1.000000000000000021e-02
2.220000000000000195e+00
2.866666666666666807e-01
6.400000000000000133e-01
5.566666666666666430e-01
4.000000000000000083e-02
6.666666666666667095e-03
2.766666666666666718e-01
4.600000000000000200e-01
1.836666666666666670e+00
1.700000000000000122e-01
2.900000000000000355e-01
1.200000000000000094e-01
1.013333333333333419e+00
3.899999999999999578e-01
3.966666666666666674e-01
9.333333333333333759e-02
8.433333333333332682e-01
2.466666666666666730e-01
4.366666666666667029e-01
1.120000000000000107e+00
9.333333333333333759e-02
4.533333333333333104e-01
4.099999999999999756e-01
4.299999999999999933e-01
1.033333333333333326e-01
1.499999999999999944e-01
1.800000000000000211e-01
3.000000000000000444e-01
5.666666666666666519e-01
8.333333333333332871e-02
1.499999999999999944e-01
3.433333333333332682e-01
2.133333333333333470e-01
1.833333333333333481e-01
3.733333333333332948e-01
1.666666666666666644e-02
1.600000000000000033e-01
2.766666666666666718e-01
2.066666666666666652e-01
8.900000000000000133e-01
2.333333333333333440e-02
7.566666666666667096e-01
5.600000000000000533e-01
1.233333333333333365e-01
5.100000000000000089e-01
1.686666666666666758e+00
1.300000000000000044e-01
5.000000000000000000e-01
2.050000000000000266e+00
2.399999999999999911e-01
7.833333333333333259e-01
3.000000000000000236e-02
4.000000000000000083e-02
2.433333333333333182e-01
5.000000000000000971e-02
2.466666666666666730e-01
4.000000000000000083e-02
2.000000000000000042e-02
4.333333333333333481e-02
3.666666666666666963e-01
2.999999999999999889e-01
1.066666666666666735e-01
1.050000000000000044e+00
9.399999999999999467e-01
0.000000000000000000e+00
4.133333333333333304e-01
1.600000000000000033e-01
3.333333333333333547e-03
3.866666666666667140e-01
1.016666666666666829e+00
1.059999999999999831e+00
0.000000000000000000e+00
9.966666666666667007e-01
2.999999999999999889e-01
1.633333333333333304e-01
6.000000000000000472e-02
1.099999999999999867e-01
1.333333333333333315e-01
0.000000000000000000e+00
6.999999999999999278e-02
0.000000000000000000e+00
1.666666666666666644e-02
8.000000000000000167e-02
1.233333333333333365e-01
3.166666666666666519e-01
6.733333333333333393e-01
1.833333333333333481e-01
1.026666666666666616e+00
4.333333333333333481e-02
6.666666666666667095e-03
0.000000000000000000e+00
1.199999999999999956e-01
3.333333333333333547e-03
1.133333333333333276e-01
4.766666666666666274e-01
2.933333333333333348e-01
5.999999999999999778e-02
9.233333333333333393e-01
1.263333333333333419e+00
7.000000000000000666e-02
3.933333333333333681e-01
2.666666666666666838e-02
3.099999999999999978e-01
1.063333333333333242e+00
8.366666666666665586e-01
6.666666666666666574e-02
6.999999999999999278e-02
5.566666666666666430e-01
5.000000000000000000e-01
1.266666666666666774e-01
6.666666666666666574e-02
4.033333333333333215e-01
3.666666666666666963e-01
1.993333333333333401e+00
1.866666666666666752e-01
3.333333333333333287e-02
6.333333333333333870e-02
2.333333333333333648e-01
1.466666666666666674e-01
2.933333333333333348e-01
2.803333333333333233e+00
