8.866666666666667140e-01
3.200000000000000067e-01
4.900000000000000466e-01
1.433333333333333404e-01
3.433333333333332682e-01
3.733333333333332948e-01
3.266666666666666607e-01
1.110000000000000098e+00
1.833333333333333481e-01
1.133333333333333415e-01
5.999999999999999778e-02
8.333333333333332871e-02
9.999999999999999167e-02
3.333333333333333547e-03
1.499999999999999944e-01
2.433333333333333182e-01
1.333333333333333419e-02
0.000000000000000000e+00
2.666666666666666838e-02
1.766666666666666663e-01
3.500000000000000333e-01
0.000000000000000000e+00
1.150000000000000133e+00
1.766666666666666663e-01
1.666666666666666644e-02
2.666666666666666838e-02
8.933333333333334236e-01
9.266666666666666385e-01
4.999999999999999584e-02
2.033333333333333381e-01
9.666666666666666463e-02
2.833333333333333814e-01
7.466666666666667007e-01
1.500000000000000000e+00
6.366666666666666030e-01
3.766666666666666496e-01
6.333333333333333870e-02
1.233333333333333365e-01
4.433333333333333570e-01
0.000000000000000000e+00
0.000000000000000000e+00
4.333333333333333481e-02
3.566666666666666319e-01
0.000000000000000000e+00
0.000000000000000000e+00
1.933333333333333293e-01
4.833333333333333370e-01
0.000000000000000000e+00
3.000000000000000444e-01
1.300000000000000044e-01
1.133333333333333276e-01
4.333333333333333481e-02
3.000000000000000236e-02
1.766666666666666663e-01
6.800000000000000488e-01
6.666666666666667095e-03
4.266666666666666941e-01
3.499999999999999223e-01
1.000000000000000021e-02
3.666666666666666685e-02
2.066666666666666652e-01
6.300000000000000044e-01
1.283333333333333437e+00
2.466666666666666730e-01
2.866666666666666807e-01
1.453333333333333366e+00
1.366666666666666863e-01
1.333333333333333419e-02
1.300000000000000044e-01
0.000000000000000000e+00
1.333333333333333419e-02
5.333333333333333676e-02
1.666666666666666574e-01
1.316666666666666652e+00
2.933333333333333348e-01
2.933333333333333903e-01
1.003333333333333188e+00
1.733333333333333393e-01
1.833333333333333204e-01
4.433333333333333570e-01
3.366666666666666696e-01
1.100000000000000089e+00
1.999999999999999833e-01
5.833333333333333703e-01
1.666666666666666644e-02
4.400000000000000022e-01
1.036666666666666625e+00
7.033333333333332549e-01
6.733333333333333393e-01
1.666666666666666574e-01
5.266666666666667274e-01
5.933333333333332682e-01
3.433333333333333237e-01
2.333333333333333093e-01
5.066666666666667096e-01
1.223333333333333384e+00
3.533333333333333326e-01
1.700000000000000122e-01
1.533333333333333215e-01
1.316666666666666652e+00
1.283333333333333215e+00
5.533333333333333437e-01
5.799999999999999600e-01
2.599999999999999645e+00
5.166666666666666963e+00
