1.043333333333333224e+00
4.899999999999999911e-01
2.866666666666666807e-01
1.013333333333333419e+00
3.666666666666666685e-02
2.066666666666666652e-01
8.000000000000000167e-02
1.000000000000000021e-02
1.333333333333333419e-02
2.666666666666666838e-02
2.000000000000000042e-02
3.333333333333333547e-03
0.000000000000000000e+00
1.000000000000000021e-02
1.000000000000000021e-02
1.000000000000000021e-02
2.999999999999999889e-02
4.000000000000000083e-02
1.333333333333333419e-02
7.000000000000000666e-02
1.000000000000000021e-02
0.000000000000000000e+00
2.999999999999999889e-02
6.666666666666667095e-03
0.000000000000000000e+00
0.000000000000000000e+00
2.000000000000000042e-02
0.000000000000000000e+00
3.333333333333333547e-03
6.333333333333333870e-02
4.999999999999999584e-02
3.333333333333333287e-02
7.866666666666666252e-01
9.333333333333333759e-02
8.966666666666668339e-01
2.476666666666666572e+00
2.700000000000000178e-01
3.010000000000000231e+00
4.833333333333333925e-01
4.266666666666666941e-01
1.066666666666666652e+00
8.666666666666666963e-01
1.466666666666666397e-01
4.333333333333333481e-01
9.499999999999998446e-01
1.566666666666666763e-01
4.000000000000000083e-02
2.399999999999999911e-01
1.100000000000000006e-01
1.333333333333333419e-02
5.333333333333333676e-02
5.000000000000000971e-02
3.666666666666666685e-02
0.000000000000000000e+00
6.666666666666667095e-03
6.666666666666667095e-03
4.000000000000000083e-02
6.333333333333333870e-02
6.333333333333333870e-02
1.066666666666666458e-01
6.333333333333333870e-02
4.000000000000000083e-02
1.333333333333333315e-01
2.000000000000000042e-02
1.666666666666666644e-02
0.000000000000000000e+00
0.000000000000000000e+00
1.000000000000000021e-02
0.000000000000000000e+00
5.666666666666666380e-02
9.000000000000001055e-02
9.999999999999999167e-02
1.466666666666666397e-01
1.556666666666666643e+00
9.666666666666666463e-02
1.330000000000000071e+00
1.699999999999999956e+00
1.166666666666666824e-01
1.696666666666666545e+00
1.700000000000000122e-01
2.466666666666666730e-01
1.086666666666666670e+00
