1.349999999999999867e+00
1.399999999999999856e-01
2.366666666666666641e-01
2.833333333333333259e-01
1.066666666666666735e-01
2.399999999999999911e-01
1.433333333333333348e+00
4.666666666666666879e-02
2.800000000000000266e-01
3.966666666666666674e-01
2.900000000000000355e-01
2.000000000000000042e-02
5.366666666666666252e-01
1.733333333333333393e-01
2.903333333333332877e+00
2.099999999999999922e-01
7.799999999999999156e-01
1.576666666666666439e+00
1.436666666666666758e+00
4.866666666666666363e-01
1.399999999999999856e-01
2.366666666666666641e-01
3.166666666666666519e-01
4.333333333333333481e-02
4.099999999999999756e-01
2.999999999999999889e-02
9.666666666666666463e-02
1.366666666666666474e+00
1.536666666666666847e+00
1.366666666666666863e-01
1.666666666666666574e-01
1.366666666666666863e-01
1.076666666666666661e+00
4.500000000000000111e-01
3.666666666666666963e-01
1.966666666666666563e-01
8.333333333333332871e-02
1.933333333333333293e-01
1.466666666666666397e-01
4.266666666666666941e-01
1.600000000000000033e-01
1.400000000000000133e-01
2.700000000000000178e-01
1.373333333333333295e+00
4.000000000000000083e-02
7.000000000000000666e-02
4.400000000000000022e-01
2.166666666666666741e-01
3.333333333333333287e-02
1.466666666666666674e-01
9.033333333333333215e-01
0.000000000000000000e+00
3.800000000000000600e-01
7.033333333333332549e-01
3.000000000000000236e-02
3.333333333333333547e-03
9.000000000000000222e-01
6.166666666666666963e-01
1.520000000000000240e+00
4.666666666666666186e-01
3.333333333333333547e-03
0.000000000000000000e+00
0.000000000000000000e+00
0.000000000000000000e+00
3.666666666666666408e-01
8.333333333333332871e-02
4.000000000000000083e-02
3.266666666666666607e-01
3.333333333333333287e-02
2.666666666666666838e-02
2.666666666666666630e-01
5.999999999999999778e-02
0.000000000000000000e+00
2.799999999999999711e-01
8.233333333333333615e-01
7.333333333333333370e-02
4.566666666666667207e-01
2.999999999999999889e-02
1.540000000000000036e+00
5.499999999999999334e-01
3.333333333333333547e-03
2.433333333333333182e-01
2.256666666666666377e+00
2.299999999999999822e-01
4.199999999999999845e-01
9.666666666666666463e-02
5.733333333333332504e-01
1.333333333333333315e-01
9.766666666666665719e-01
1.933333333333333570e-01
2.466666666666666730e-01
2.000000000000000042e-02
3.999999999999999667e-01
3.800000000000000600e-01
5.666666666666667074e-02
2.966666666666666896e-01
2.166666666666666463e-01
3.566666666666666319e-01
5.233333333333333171e-01
7.000000000000000666e-02
3.300000000000000155e-01
2.099999999999999922e-01
5.599999999999999423e-01
0.000000000000000000e+00
5.499999999999999334e-01
7.799999999999999156e-01
3.333333333333333287e-02
1.266666666666666774e-01
8.000000000000000167e-02
2.066666666666666374e-01
3.166666666666666519e-01
7.633333333333333082e-01
1.866666666666666752e-01
1.499999999999999944e-01
1.246666666666666812e+00
8.866666666666667140e-01
1.393333333333333313e+00
5.166666666666666075e-01
8.766666666666665941e-01
1.793333333333333668e+00
1.726666666666666794e+00
1.726666666666666572e+00
2.399999999999999911e-01
9.100000000000000311e-01
2.933333333333333903e-01
3.599999999999999312e-01
6.700000000000000400e-01
7.333333333333331983e-02
1.333333333333333419e-02
9.666666666666666741e-01
8.999999999999999112e-01
6.666666666666666574e-02
1.233333333333333365e-01
5.666666666666667629e-01
9.000000000000001055e-02
1.666666666666666574e-01
2.866666666666666807e-01
1.836666666666666670e+00
1.166666666666666546e-01
2.666666666666666630e-01
1.156666666666666510e+00
9.333333333333332371e-01
3.933333333333333681e-01
7.000000000000000666e-02
4.666666666666666186e-01
2.199999999999999734e-01
3.766666666666666496e-01
2.999999999999999889e-01
8.000000000000000167e-02
7.000000000000000666e-02
0.000000000000000000e+00
1.260000000000000009e+00
4.733333333333333282e-01
1.566666666666666485e-01
8.333333333333332871e-02
1.406666666666666510e+00
1.086666666666666670e+00
9.333333333333333759e-02
2.000000000000000042e-02
3.666666666666666685e-02
0.000000000000000000e+00
5.333333333333333676e-02
8.333333333333332871e-02
8.666666666666666963e-02
1.766666666666666663e-01
1.933333333333333293e-01
2.266666666666666829e-01
4.500000000000000111e-01
1.466666666666666674e-01
3.333333333333333287e-02
8.333333333333332871e-02
7.466666666666667007e-01
2.000000000000000042e-02
1.733333333333333393e-01
1.833333333333333481e-01
1.440000000000000169e+00
4.599999999999999645e-01
6.999999999999999278e-02
1.499999999999999944e-01
4.333333333333333481e-02
3.966666666666666674e-01
2.633333333333333637e-01
1.600000000000000033e-01
1.700000000000000122e-01
1.833333333333333481e-01
7.333333333333333370e-02
6.666666666666666574e-02
2.133333333333333470e-01
9.999999999999999167e-02
6.333333333333333870e-02
2.233333333333333004e-01
3.700000000000000511e-01
1.066666666666666735e-01
1.333333333333333419e-02
2.666666666666666838e-02
5.566666666666666430e-01
6.666666666666666574e-02
1.333333333333333419e-02
2.033333333333333381e-01
9.333333333333333759e-02
4.000000000000000083e-02
4.000000000000000083e-02
2.000000000000000042e-02
1.066666666666666735e-01
1.833333333333333204e-01
1.099999999999999867e-01
4.999999999999999584e-02
3.333333333333333547e-03
1.333333333333333419e-02
3.333333333333333547e-03
6.633333333333334414e-01
0.000000000000000000e+00
3.600000000000000422e-01
3.166666666666667074e-01
2.433333333333333182e-01
1.333333333333333419e-02
2.666666666666666838e-02
2.666666666666666838e-02
3.333333333333333547e-03
3.666666666666666685e-02
1.833333333333333481e-01
1.380000000000000115e+00
1.633333333333333304e-01
4.499999999999999556e-01
1.123333333333333295e+00
0.000000000000000000e+00
6.666666666666667095e-03
1.399999999999999856e-01
1.633333333333333304e-01
2.833333333333333259e-01
3.800000000000000600e-01
2.233333333333333004e-01
2.366666666666666641e-01
9.999999999999999167e-02
1.333333333333333419e-02
0.000000000000000000e+00
0.000000000000000000e+00
0.000000000000000000e+00
0.000000000000000000e+00
2.333333333333333093e-02
3.066666666666666985e-01
8.666666666666666963e-02
5.366666666666667362e-01
2.633333333333333637e-01
6.666666666666666297e-01
5.533333333333333437e-01
2.066666666666666652e-01
7.200000000000000844e-01
2.233333333333333559e-01
1.933333333333333348e+00
1.783333333333333215e+00
1.566666666666666485e-01
3.000000000000000236e-02
4.666666666666666879e-02
1.333333333333333419e-02
1.733333333333333393e-01
1.833333333333333481e-01
3.333333333333333547e-03
1.300000000000000044e-01
0.000000000000000000e+00
3.833333333333333037e-01
4.000000000000000083e-02
3.766666666666666496e-01
2.233333333333333559e-01
0.000000000000000000e+00
1.000000000000000021e-02
4.066666666666666763e-01
2.233333333333333559e-01
9.666666666666667851e-02
4.666666666666666879e-02
1.000000000000000021e-02
0.000000000000000000e+00
0.000000000000000000e+00
0.000000000000000000e+00
1.466666666666666674e-01
2.000000000000000389e-01
1.199999999999999956e-01
1.199999999999999956e-01
2.566666666666666541e-01
9.999999999999999167e-02
1.199999999999999956e-01
1.199999999999999956e-01
3.000000000000000236e-02
1.333333333333333315e-01
5.499999999999999334e-01
3.899999999999999578e-01
5.333333333333333676e-02
1.233333333333333365e-01
1.166666666666666546e-01
4.666666666666666186e-02
0.000000000000000000e+00
1.000000000000000021e-02
4.000000000000000083e-02
4.000000000000000083e-02
2.166666666666666741e-01
3.599999999999999312e-01
6.666666666666667095e-03
1.196666666666666545e+00
2.333333333333333440e-02
2.233333333333333559e-01
5.633333333333333526e-01
6.066666666666665764e-01
7.799999999999999156e-01
2.600000000000000089e+00
2.363333333333333730e+00
1.733333333333333393e-01
1.949999999999999956e+00
6.233333333333334059e-01
3.200000000000000067e-01
6.666666666666666574e-02
1.639999999999999902e+00
2.333333333333333093e-01
8.466666666666666785e-01
1.966666666666666563e-01
1.040000000000000036e+00
1.133333333333333276e-01
1.333333333333333419e-02
1.333333333333333419e-02
4.333333333333333481e-02
1.499999999999999944e-01
7.333333333333333370e-02
0.000000000000000000e+00
5.100000000000000089e-01
1.463333333333333153e+00
3.166666666666666519e-01
2.666666666666666838e-02
1.300000000000000044e-01
1.703333333333333366e+00
2.333333333333333440e-02
1.466666666666666674e-01
1.233333333333333365e-01
9.666666666666667851e-02
2.099999999999999922e-01
3.233333333333333059e-01
1.209999999999999964e+00
4.666666666666666879e-02
3.000000000000000236e-02
3.899999999999999578e-01
3.333333333333333287e-02
2.666666666666666838e-02
3.799999999999999489e-01
2.233333333333333004e-01
1.333333333333333315e-01
1.966666666666666563e-01
1.116666666666666696e+00
3.566666666666666874e-01
2.633333333333333304e+00
8.766666666666665941e-01
1.740000000000000213e+00
1.636666666666666714e+00
7.666666666666667462e-02
1.199999999999999956e-01
2.203333333333333144e+00
5.766666666666666607e-01
6.666666666666667095e-03
2.333333333333333440e-02
1.246666666666666812e+00
6.700000000000000400e-01
7.666666666666666075e-02
4.900000000000000466e-01
1.499999999999999944e-01
9.066666666666667318e-01
