1.090000000000000080e+00
3.533333333333333326e-01
1.023333333333333428e+00
1.316666666666666652e+00
9.533333333333334769e-01
9.066666666666667318e-01
5.366666666666667362e-01
5.066666666666667096e-01
9.500000000000000666e-01
2.066666666666666874e+00
2.200000000000000178e+00
1.550000000000000044e+00
2.169999999999999929e+00
1.446666666666666545e+00
2.899999999999999800e-01
9.666666666666667851e-02
5.599999999999999423e-01
1.266666666666666774e-01
2.699999999999999734e+00
6.666666666666666574e-02
1.466666666666666674e-01
7.666666666666666075e-02
7.000000000000000666e-02
1.100000000000000006e-01
3.833333333333333037e-01
1.666666666666666574e-01
8.199999999999999512e-01
2.600000000000000089e-01
4.533333333333333104e-01
1.733333333333333393e-01
2.066666666666666652e-01
6.366666666666667140e-01
1.093333333333333490e+00
8.900000000000000133e-01
1.276666666666666616e+00
4.199999999999999845e-01
2.199999999999999734e-01
1.366666666666666863e-01
3.866666666666666585e-01
8.666666666666666963e-02
1.199999999999999956e-01
6.333333333333333870e-02
1.366666666666666863e-01
4.333333333333333481e-02
1.300000000000000044e-01
1.733333333333333393e-01
0.000000000000000000e+00
4.333333333333333481e-02
4.733333333333333282e-01
1.766666666666666663e-01
2.000000000000000389e-01
3.133333333333332971e-01
1.466666666666666674e-01
3.366666666666666696e-01
4.799999999999999822e-01
1.016666666666666607e+00
6.233333333333334059e-01
4.766666666666667385e-01
1.199999999999999956e-01
1.076666666666666439e+00
1.600000000000000033e-01
3.733333333333333504e-01
3.066666666666666985e-01
5.133333333333333082e-01
1.466666666666666674e-01
8.000000000000000167e-02
1.033333333333333465e-01
9.999999999999999167e-02
6.333333333333333870e-02
2.333333333333333440e-02
6.666666666666666574e-02
8.666666666666666963e-02
6.999999999999998446e-01
2.333333333333333093e-01
1.053333333333333455e+00
9.666666666666666741e-01
3.366666666666666696e-01
8.833333333333334147e-01
5.866666666666667806e-01
4.000000000000000083e-02
4.666666666666666879e-02
0.000000000000000000e+00
2.000000000000000042e-02
1.000000000000000021e-02
1.026666666666666616e+00
1.266666666666666774e-01
4.333333333333333481e-02
1.866666666666666752e-01
2.200000000000000011e-01
1.199999999999999956e+00
4.866666666666666363e-01
6.400000000000000133e-01
2.533333333333333548e-01
1.866666666666666474e-01
2.133333333333333470e-01
9.666666666666667851e-02
9.666666666666666463e-02
4.899999999999999911e-01
4.500000000000000111e-01
5.000000000000000971e-02
1.333333333333333315e-01
8.333333333333332871e-02
1.100000000000000006e-01
6.333333333333333870e-02
2.099999999999999922e-01
0.000000000000000000e+00
3.500000000000000333e-01
9.799999999999999822e-01
2.000000000000000042e-02
1.666666666666666644e-02
1.199999999999999956e-01
4.333333333333333481e-02
3.333333333333333547e-03
1.333333333333333419e-02
3.333333333333333547e-03
3.333333333333333547e-03
3.533333333333333326e-01
1.293333333333333446e+00
9.333333333333332371e-01
5.666666666666667074e-02
1.166666666666666546e-01
4.299999999999999933e-01
3.966666666666666674e-01
3.400000000000000244e-01
1.833333333333333481e-01
2.966666666666666896e-01
5.999999999999999778e-02
6.633333333333333304e-01
1.453333333333333366e+00
1.933333333333333293e-01
8.933333333333334236e-01
3.233333333333333059e-01
1.533333333333333492e-01
7.566666666666667096e-01
2.666666666666666630e-01
2.933333333333333348e-01
3.133333333333333526e-01
1.233333333333333365e-01
6.233333333333334059e-01
1.833333333333333481e-01
1.833333333333333481e-01
9.133333333333334414e-01
1.643333333333333313e+00
3.779999999999999805e+00
