1.323333333333333472e+00
1.700000000000000122e-01
3.666666666666666963e-01
6.699999999999999289e-01
3.099999999999999978e-01
6.666666666666666297e-01
2.199999999999999734e-01
5.666666666666667074e-02
2.099999999999999922e-01
4.000000000000000083e-02
8.000000000000000167e-02
0.000000000000000000e+00
6.666666666666667095e-03
1.466666666666666674e-01
3.866666666666667140e-01
0.000000000000000000e+00
9.033333333333333215e-01
3.066666666666666430e-01
2.366666666666666641e-01
1.166666666666666546e-01
6.333333333333333037e-01
9.666666666666667851e-02
8.666666666666666963e-02
2.999999999999999889e-02
3.366666666666666696e-01
4.666666666666666879e-02
3.300000000000000155e-01
1.100000000000000006e-01
1.100000000000000006e-01
9.333333333333333759e-02
2.600000000000000089e-01
1.966666666666666563e-01
3.566666666666666319e-01
6.766666666666667496e-01
1.566666666666666485e-01
1.033333333333333326e-01
3.333333333333333287e-02
2.999999999999999889e-02
7.333333333333333370e-02
1.666666666666666574e-01
5.166666666666667185e-01
9.199999999999999289e-01
5.333333333333333259e-01
2.933333333333333903e-01
8.799999999999998934e-01
0.000000000000000000e+00
8.000000000000000167e-02
1.666666666666666644e-02
2.433333333333333182e-01
9.666666666666666463e-02
8.166666666666667629e-01
4.666666666666666879e-02
2.866666666666666807e-01
1.666666666666666574e-01
9.333333333333333759e-02
9.466666666666666563e-01
1.533333333333333215e-01
9.599999999999999645e-01
2.000000000000000042e-02
2.899999999999999800e-01
1.090000000000000080e+00
4.866666666666666363e-01
8.333333333333332871e-02
4.000000000000000083e-02
2.333333333333333093e-01
8.666666666666666963e-02
3.666666666666667379e-02
2.833333333333333814e-01
1.433333333333333404e-01
6.699999999999999289e-01
2.166666666666666741e-01
1.129999999999999893e+00
1.600000000000000033e-01
1.733333333333333393e-01
3.333333333333333287e-02
2.399999999999999911e-01
1.466666666666666674e-01
6.000000000000000472e-02
1.333333333333333419e-02
0.000000000000000000e+00
1.333333333333333315e-01
1.133333333333333276e-01
7.299999999999999822e-01
8.933333333333332016e-01
2.399999999999999911e-01
4.199999999999999845e-01
5.666666666666666380e-02
1.899999999999999745e-01
2.233333333333333004e-01
1.000000000000000021e-02
1.000000000000000021e-02
0.000000000000000000e+00
1.666666666666666574e-01
7.000000000000000666e-02
5.400000000000000355e-01
5.666666666666667074e-02
3.133333333333332971e-01
1.423333333333333561e+00
8.000000000000000167e-02
1.700000000000000122e-01
2.700000000000000178e-01
1.083333333333333259e+00
2.766666666666666718e-01
4.066666666666666763e-01
5.000000000000000971e-02
3.333333333333333287e-02
1.166666666666666546e-01
6.566666666666666208e-01
2.999999999999999889e-02
1.766666666666666663e-01
5.133333333333333082e-01
8.933333333333332016e-01
2.633333333333333637e-01
5.433333333333333348e-01
0.000000000000000000e+00
4.000000000000000083e-02
5.666666666666667074e-02
0.000000000000000000e+00
2.999999999999999889e-01
2.999999999999999889e-02
1.366666666666666585e-01
3.666666666666667379e-02
6.066666666666666874e-01
1.600000000000000033e-01
0.000000000000000000e+00
0.000000000000000000e+00
4.999999999999999584e-02
7.799999999999999156e-01
1.449999999999999956e+00
2.733333333333333726e-01
4.333333333333333481e-02
5.100000000000001199e-01
2.799999999999999711e-01
5.999999999999999778e-02
4.066666666666667318e-01
0.000000000000000000e+00
6.666666666666667095e-03
1.333333333333333419e-02
4.366666666666667029e-01
1.366666666666666863e-01
2.099999999999999922e-01
1.630000000000000115e+00
3.666666666666666963e-01
