1.349999999999999867e+00
5.466666666666667451e-01
7.166666666666666741e-01
4.333333333333333481e-02
9.999999999999999167e-02
4.299999999999999933e-01
9.100000000000000311e-01
8.733333333333334059e-01
3.333333333333333148e-01
5.333333333333333676e-02
4.233333333333333393e-01
0.000000000000000000e+00
6.566666666666666208e-01
0.000000000000000000e+00
2.800000000000000266e-01
1.466666666666666674e-01
9.000000000000001055e-02
4.000000000000000083e-02
0.000000000000000000e+00
3.333333333333333547e-03
1.033333333333333326e-01
1.333333333333333315e-01
4.333333333333333481e-02
0.000000000000000000e+00
1.373333333333333295e+00
4.000000000000000083e-02
1.423333333333333117e+00
3.433333333333332682e-01
3.333333333333333547e-03
7.333333333333333370e-02
1.199999999999999956e-01
9.666666666666667851e-02
1.333333333333333419e-02
9.066666666666666208e-01
2.500000000000000000e-01
3.166666666666666519e-01
2.333333333333333440e-02
1.499999999999999944e-01
2.766666666666666718e-01
3.966666666666666674e-01
4.233333333333333393e-01
4.033333333333333215e-01
7.000000000000000666e-02
7.900000000000000355e-01
1.499999999999999944e-01
8.566666666666665764e-01
1.020000000000000018e+00
3.899999999999999578e-01
1.150000000000000133e+00
1.083333333333333259e+00
6.333333333333333870e-02
2.399999999999999911e-01
2.333333333333333093e-01
5.233333333333333171e-01
4.033333333333333215e-01
3.666666666666667379e-02
7.833333333333332149e-01
3.333333333333333287e-02
3.666666666666667379e-02
5.000000000000000971e-02
6.666666666666666574e-02
2.000000000000000042e-02
3.333333333333333287e-02
1.000000000000000021e-02
8.000000000000000167e-02
5.333333333333333676e-02
0.000000000000000000e+00
7.000000000000000666e-02
1.333333333333333419e-02
5.666666666666666380e-02
4.166666666666666852e-01
1.399999999999999856e-01
3.433333333333333237e-01
0.000000000000000000e+00
1.026666666666666616e+00
1.326666666666666883e+00
1.166666666666666546e-01
8.733333333333334059e-01
7.666666666666666075e-02
7.000000000000000666e-02
0.000000000000000000e+00
4.666666666666666186e-02
1.000000000000000021e-02
0.000000000000000000e+00
4.000000000000000083e-02
1.066666666666666735e-01
9.466666666666666563e-01
2.733333333333333726e-01
1.706666666666666776e+00
2.233333333333333559e-01
6.666666666666667095e-03
0.000000000000000000e+00
1.066666666666666735e-01
9.333333333333333759e-02
1.566666666666666485e-01
6.999999999999999278e-02
0.000000000000000000e+00
4.266666666666666941e-01
1.433333333333333404e-01
4.666666666666666186e-01
7.866666666666667362e-01
1.199999999999999956e-01
1.533333333333333215e-01
5.833333333333333703e-01
8.499999999999999778e-01
7.666666666666666075e-02
1.000000000000000021e-02
4.733333333333333282e-01
1.333333333333333419e-02
2.999999999999999889e-02
4.599999999999999645e-01
4.833333333333333370e-01
4.666666666666666879e-02
4.000000000000000083e-02
1.466666666666666952e-01
2.699999999999999623e-01
1.236666666666666581e+00
1.199999999999999956e-01
2.433333333333333182e-01
6.333333333333333870e-02
7.000000000000000666e-02
1.333333333333333419e-02
9.333333333333333759e-02
1.000000000000000021e-02
0.000000000000000000e+00
1.000000000000000021e-02
1.666666666666666644e-02
0.000000000000000000e+00
0.000000000000000000e+00
0.000000000000000000e+00
3.333333333333333547e-03
7.666666666666666075e-02
3.333333333333333287e-02
1.333333333333333419e-02
3.000000000000000236e-02
1.633333333333333304e-01
1.866666666666666752e-01
1.466666666666666674e-01
6.199999999999999956e-01
4.666666666666666879e-02
3.999999999999999667e-01
4.966666666666666452e-01
0.000000000000000000e+00
5.833333333333333703e-01
1.000000000000000021e-02
3.266666666666666607e-01
4.999999999999999584e-02
4.033333333333333215e-01
4.999999999999999584e-02
7.166666666666666741e-01
1.700000000000000122e-01
3.333333333333333287e-02
1.600000000000000033e-01
4.000000000000000083e-02
5.666666666666667629e-01
2.999999999999999889e-02
5.333333333333333676e-02
0.000000000000000000e+00
4.600000000000000200e-01
3.366666666666666696e-01
4.333333333333333481e-02
2.133333333333333470e-01
4.333333333333333481e-02
3.033333333333333659e+00
1.183333333333333348e+00
5.533333333333333437e-01
1.266666666666666774e-01
3.899999999999999578e-01
1.166666666666666546e-01
1.343333333333333490e+00
1.170000000000000151e+00
3.400000000000000244e-01
1.700000000000000122e-01
1.123333333333333295e+00
6.666666666666666574e-02
1.056666666666666643e+00
2.999999999999999889e-01
1.866666666666666474e-01
9.366666666666665364e-01
7.866666666666666252e-01
1.399999999999999856e-01
2.000000000000000042e-02
1.666666666666666644e-02
9.333333333333333759e-02
0.000000000000000000e+00
6.666666666666667095e-03
8.000000000000000167e-02
1.433333333333333404e-01
2.000000000000000042e-02
1.003333333333333188e+00
1.480000000000000204e+00
1.066666666666666735e-01
2.333333333333333093e-01
2.033333333333333381e-01
3.333333333333333287e-02
1.000000000000000021e-02
6.666666666666667095e-03
8.000000000000000167e-02
7.733333333333333171e-01
6.666666666666667095e-03
2.666666666666666838e-02
3.666666666666666685e-02
2.333333333333333440e-02
1.766666666666666663e-01
8.499999999999999778e-01
1.000000000000000021e-02
8.566666666666665764e-01
4.666666666666667296e-01
8.466666666666666785e-01
