7.900000000000000355e-01
1.766666666666666663e-01
1.733333333333333171e+00
6.066666666666665764e-01
3.333333333333333547e-03
9.999999999999999167e-02
1.273333333333333428e+00
3.333333333333333547e-03
1.333333333333333315e-01
4.000000000000000083e-02
5.333333333333333259e-01
6.066666666666667984e-01
1.433333333333333404e-01
6.133333333333333970e-01
1.266666666666666774e-01
1.566666666666666485e-01
1.219999999999999973e+00
9.333333333333333759e-02
1.463333333333333597e+00
2.933333333333333348e-01
4.000000000000000083e-02
8.666666666666666963e-02
1.086666666666666670e+00
1.066666666666666735e-01
2.833333333333333814e-01
2.000000000000000042e-02
2.766666666666666718e-01
1.466666666666666952e-01
7.666666666666666075e-02
2.433333333333333182e-01
0.000000000000000000e+00
1.133333333333333276e-01
5.599999999999999423e-01
1.983333333333333171e+00
5.533333333333332327e-01
5.999999999999999778e-01
6.999999999999999278e-02
4.000000000000000083e-02
1.566666666666666485e-01
7.000000000000000666e-02
5.633333333333333526e-01
1.533333333333333492e-01
2.733333333333333726e-01
2.099999999999999922e-01
7.599999999999998979e-01
4.833333333333333370e-01
2.099999999999999922e-01
1.033333333333333326e-01
1.133333333333333276e-01
8.000000000000000167e-02
6.266666666666665941e-01
1.666666666666666741e+00
1.433333333333333404e-01
9.666666666666667851e-02
8.333333333333333703e-01
7.666666666666667462e-02
2.666666666666666838e-02
4.999999999999999584e-02
1.766666666666666663e-01
1.196666666666666545e+00
5.333333333333333676e-02
9.166666666666666297e-01
1.966666666666666563e-01
3.200000000000000067e-01
2.003333333333333410e+00
1.520000000000000240e+00
7.166666666666666741e-01
9.400000000000000577e-01
2.166666666666666741e-01
6.500000000000000222e-01
1.933333333333333570e-01
9.666666666666667851e-02
2.033333333333333381e-01
1.726666666666666572e+00
1.126666666666666705e+00
2.066666666666666652e-01
1.233333333333333365e-01
2.233333333333333559e-01
1.466666666666666674e-01
9.700000000000000844e-01
1.639999999999999902e+00
1.603333333333333499e+00
