1.183333333333333348e+00
2.299999999999999822e-01
1.783333333333333437e+00
4.700000000000000289e-01
1.033333333333333326e-01
1.733333333333333393e-01
4.999999999999999584e-02
1.333333333333333315e-01
1.866666666666666752e-01
4.633333333333333193e-01
7.166666666666666741e-01
2.613333333333333286e+00
1.833333333333333259e+00
9.199999999999999289e-01
9.400000000000000577e-01
1.266666666666666774e-01
1.600000000000000033e-01
1.173333333333333339e+00
2.833333333333333259e-01
9.800000000000000933e-01
4.199999999999999845e-01
1.966666666666666563e+00
1.706666666666666776e+00
3.433333333333332682e-01
6.800000000000000488e-01
1.683333333333333348e+00
5.000000000000000000e-01
1.976666666666666794e+00
2.333333333333333440e-02
6.666666666666666574e-02
2.666666666666666630e-01
6.000000000000000472e-02
9.000000000000001055e-02
1.216666666666666785e+00
5.899999999999999689e-01
3.466666666666666785e-01
1.933333333333333348e+00
3.233333333333333059e-01
1.000000000000000021e-02
7.333333333333331983e-02
2.333333333333333440e-02
0.000000000000000000e+00
1.000000000000000021e-02
6.733333333333333393e-01
4.033333333333333215e-01
5.233333333333333171e-01
2.233333333333333004e-01
3.699999999999999400e-01
9.566666666666665542e-01
7.999999999999999334e-01
2.266666666666666829e-01
1.966666666666666563e-01
1.313333333333333464e+00
2.566666666666666541e-01
2.566666666666666541e-01
2.099999999999999922e-01
1.333333333333333419e-02
1.000000000000000194e-01
1.766666666666666663e-01
1.633333333333333304e-01
6.533333333333333215e-01
1.563333333333333464e+00
5.933333333333333792e-01
3.133333333333332971e-01
2.033333333333333381e-01
2.999999999999999889e-02
8.333333333333332871e-02
1.066666666666666735e-01
1.600000000000000033e-01
1.000000000000000194e-01
1.003333333333333410e+00
2.033333333333333381e-01
4.633333333333333748e-01
3.666666666666666963e-01
4.233333333333333393e-01
5.999999999999999778e-02
4.866666666666666363e-01
9.366666666666666474e-01
2.766666666666666718e-01
2.966666666666666341e-01
1.933333333333333293e-01
8.033333333333333437e-01
8.000000000000000167e-02
5.499999999999999334e-01
3.433333333333333237e-01
2.000000000000000042e-02
1.100000000000000006e-01
0.000000000000000000e+00
3.666666666666666963e-01
5.333333333333333676e-02
2.033333333333333381e-01
5.166666666666666075e-01
9.799999999999999822e-01
3.166666666666666519e-01
1.036666666666666625e+00
4.333333333333333481e-02
1.066666666666666735e-01
1.233333333333333365e-01
1.200000000000000094e-01
5.133333333333333082e-01
1.270000000000000240e+00
3.666666666666666963e-01
4.199999999999999845e-01
1.566666666666666485e-01
3.533333333333333326e-01
1.503333333333333188e+00
2.666666666666666630e-01
2.179999999999999716e+00
6.466666666666667229e-01
1.183333333333333348e+00
1.666666666666666644e-02
3.300000000000000155e-01
2.666666666666666630e-01
1.333333333333333419e-02
1.000000000000000021e-02
1.283333333333333437e+00
2.633333333333333637e-01
1.033333333333333326e-01
0.000000000000000000e+00
9.666666666666667851e-02
9.799999999999999822e-01
2.566666666666666541e-01
1.766666666666666663e-01
1.466666666666666674e-01
9.666666666666667851e-02
5.233333333333333171e-01
2.999999999999999889e-01
4.633333333333333748e-01
4.499999999999999556e-01
3.666666666666666963e-01
2.666666666666666838e-02
8.666666666666666963e-02
8.266666666666666607e-01
2.333333333333333440e-02
3.333333333333333547e-03
1.300000000000000044e-01
6.666666666666666574e-02
0.000000000000000000e+00
9.666666666666666463e-02
1.466666666666666674e-01
3.200000000000000067e-01
9.333333333333333759e-02
4.833333333333333370e-01
2.500000000000000000e-01
1.666666666666666574e-01
1.266666666666666774e-01
8.800000000000000044e-01
3.433333333333333237e-01
3.533333333333333326e-01
2.399999999999999911e-01
6.666666666666667095e-03
1.466666666666666674e-01
4.666666666666666879e-02
2.666666666666666838e-02
4.999999999999999584e-02
2.166666666666666741e-01
3.333333333333333287e-02
5.000000000000000971e-02
3.266666666666667163e-01
4.000000000000000083e-02
2.333333333333333440e-02
1.166666666666666824e-01
5.666666666666666380e-02
3.866666666666666585e-01
2.700000000000000178e-01
3.999999999999999667e-01
5.000000000000000971e-02
2.666666666666666838e-02
1.533333333333333215e-01
0.000000000000000000e+00
1.833333333333333481e-01
2.266666666666666829e-01
1.066666666666666735e-01
1.000000000000000021e-02
2.133333333333333470e-01
1.533333333333333215e-01
4.666666666666666879e-02
1.066666666666666735e-01
2.799999999999999711e-01
7.333333333333334758e-02
6.666666666666666574e-02
3.666666666666667379e-02
2.999999999999999889e-02
9.999999999999999167e-02
2.933333333333333348e-01
6.000000000000000472e-02
2.500000000000000000e-01
1.000000000000000194e-01
1.366666666666666863e-01
7.600000000000001199e-01
3.066666666666666985e-01
5.333333333333334370e-02
2.600000000000000089e-01
9.000000000000001055e-02
2.333333333333333093e-02
4.900000000000000466e-01
0.000000000000000000e+00
1.333333333333333419e-02
4.666666666666666186e-02
0.000000000000000000e+00
1.333333333333333315e-01
8.233333333333333615e-01
1.399999999999999856e-01
1.666666666666666644e-02
3.066666666666666985e-01
2.066666666666666652e-01
1.566666666666666485e-01
3.833333333333333037e-01
6.466666666666666119e-01
1.700000000000000122e-01
5.666666666666667074e-02
3.366666666666666696e-01
1.033333333333333326e-01
2.466666666666666730e-01
1.066666666666666652e+00
4.133333333333333304e-01
7.999999999999999334e-01
1.790000000000000036e+00
1.436666666666666758e+00
1.330000000000000071e+00
8.000000000000000167e-02
1.186666666666666758e+00
3.233333333333333059e-01
6.133333333333333970e-01
5.333333333333333676e-02
2.333333333333333440e-02
2.666666666666666838e-02
2.666666666666666838e-02
0.000000000000000000e+00
0.000000000000000000e+00
2.233333333333333004e-01
1.366666666666666474e+00
3.666666666666667379e-02
1.066666666666666735e-01
1.793333333333333224e+00
3.166666666666666519e-01
6.333333333333333870e-02
1.133333333333333276e-01
1.133333333333333276e-01
8.699999999999999956e-01
2.866666666666666807e-01
2.066666666666666374e-01
1.933333333333333570e-01
6.666666666666667095e-03
8.666666666666666963e-02
4.999999999999999584e-02
2.199999999999999734e-01
8.733333333333334059e-01
9.566666666666666652e-01
7.666666666666667462e-02
1.280000000000000027e+00
3.666666666666666963e-01
2.279999999999999805e+00
4.633333333333333193e-01
1.100000000000000006e-01
5.666666666666667629e-01
1.166666666666666546e-01
5.333333333333333676e-02
1.000000000000000021e-02
5.333333333333333676e-02
2.866666666666666807e-01
1.033333333333333326e-01
4.966666666666666452e-01
3.899999999999999578e-01
7.033333333333332549e-01
1.666666666666666644e-02
3.266666666666666607e-01
4.600000000000000200e-01
9.666666666666666741e-01
2.000000000000000042e-02
6.666666666666667095e-03
6.666666666666666574e-02
0.000000000000000000e+00
7.866666666666667362e-01
7.799999999999999156e-01
2.666666666666666838e-02
4.200000000000000955e-01
1.366666666666666585e-01
1.666666666666666644e-02
5.666666666666666380e-02
1.366666666666666863e-01
4.966666666666666452e-01
3.333333333333333547e-03
9.333333333333333759e-02
1.300000000000000044e-01
2.899999999999999800e-01
1.066666666666666735e-01
8.666666666666666963e-02
3.833333333333333037e-01
1.733333333333333393e-01
1.300000000000000044e-01
6.666666666666667095e-03
1.533333333333333492e-01
1.000000000000000194e-01
1.233333333333333365e-01
3.666666666666666685e-02
1.600000000000000033e-01
4.000000000000000083e-02
2.566666666666666541e-01
1.333333333333333419e-02
0.000000000000000000e+00
1.133333333333333415e-01
0.000000000000000000e+00
0.000000000000000000e+00
2.000000000000000042e-02
2.366666666666666641e-01
3.600000000000000422e-01
0.000000000000000000e+00
1.333333333333333419e-02
2.000000000000000042e-02
3.333333333333333287e-02
6.333333333333333870e-02
3.866666666666667140e-01
9.666666666666667851e-02
1.500000000000000222e-01
1.820000000000000062e+00
5.433333333333333348e-01
5.300000000000000266e-01
4.199999999999999845e-01
3.933333333333333126e-01
6.533333333333333215e-01
2.306666666666666643e+00
1.599999999999999867e+00
2.766666666666666718e-01
1.956666666666666776e+00
5.000000000000000000e-01
9.033333333333333215e-01
2.466666666666666730e-01
3.600000000000000422e-01
6.833333333333332371e-01
1.743333333333333401e+00
8.366666666666665586e-01
2.133333333333333470e-01
2.500000000000000000e-01
9.666666666666667851e-02
1.333333333333333315e-01
2.366666666666666918e-01
9.100000000000000311e-01
3.733333333333333504e-01
9.000000000000001055e-02
5.999999999999999778e-02
1.333333333333333419e-02
4.000000000000000083e-02
1.866666666666666474e-01
8.666666666666666963e-02
0.000000000000000000e+00
2.999999999999999889e-02
9.666666666666666463e-02
7.366666666666666918e-01
1.399999999999999856e-01
9.233333333333333393e-01
1.999999999999999833e-01
3.166666666666666519e-01
1.666666666666666644e-02
1.666666666666666644e-02
1.000000000000000021e-02
2.600000000000000089e-01
0.000000000000000000e+00
1.666666666666666644e-02
2.666666666666666838e-02
2.999999999999999889e-02
3.000000000000000236e-02
2.366666666666666641e-01
5.400000000000000355e-01
3.220000000000000195e+00
2.020000000000000018e+00
7.299999999999999822e-01
2.700000000000000178e-01
3.499999999999999223e-01
4.766666666666666274e-01
1.800000000000000211e-01
2.333333333333333093e-01
4.833333333333333925e-01
1.066666666666666735e-01
1.229999999999999982e+00
3.666666666666666963e-01
2.000000000000000042e-02
1.533333333333333492e-01
4.666666666666666879e-02
1.733333333333333393e-01
5.366666666666666252e-01
3.666666666666666408e-01
1.673333333333333117e+00
8.033333333333333437e-01
5.066666666666667096e-01
4.433333333333333570e-01
1.300000000000000044e-01
6.866666666666666474e-01
1.633333333333333304e-01
4.999999999999999584e-02
4.033333333333333215e-01
0.000000000000000000e+00
1.399999999999999856e-01
8.333333333333332871e-02
1.033333333333333326e-01
8.666666666666666963e-02
4.266666666666666941e-01
4.033333333333333215e-01
3.066666666666666430e-01
4.266666666666666941e-01
2.500000000000000000e-01
2.500000000000000000e-01
9.666666666666667851e-02
9.066666666666666208e-01
2.866666666666666807e-01
8.666666666666666963e-02
1.966666666666666841e-01
2.333333333333333440e-02
6.666666666666666574e-02
6.833333333333332371e-01
3.666666666666666685e-02
2.233333333333333559e-01
1.700000000000000122e-01
1.000000000000000021e-02
0.000000000000000000e+00
3.333333333333333547e-03
0.000000000000000000e+00
0.000000000000000000e+00
1.000000000000000021e-02
1.033333333333333326e-01
2.766666666666666718e-01
0.000000000000000000e+00
4.633333333333333193e-01
3.666666666666666685e-02
7.066666666666666652e-01
9.433333333333333570e-01
1.666666666666666644e-02
0.000000000000000000e+00
8.333333333333332871e-02
3.333333333333333287e-02
6.333333333333333870e-02
9.333333333333333759e-02
9.333333333333333759e-02
2.099999999999999922e-01
1.666666666666666644e-02
1.100000000000000006e-01
3.333333333333333547e-03
8.666666666666666963e-02
0.000000000000000000e+00
0.000000000000000000e+00
8.333333333333332871e-02
1.600000000000000033e-01
1.733333333333333393e-01
8.000000000000000167e-02
1.300000000000000044e-01
1.033333333333333326e-01
3.966666666666666674e-01
1.533333333333333215e-01
7.333333333333334758e-02
1.066666666666666735e-01
2.166666666666666741e-01
1.533333333333333215e-01
2.633333333333333637e-01
9.666666666666667851e-02
0.000000000000000000e+00
1.799999999999999656e-01
1.466666666666666397e-01
2.233333333333333004e-01
5.733333333333333615e-01
5.699999999999999512e-01
1.966666666666666563e-01
5.899999999999999689e-01
6.333333333333333870e-02
3.933333333333333681e-01
4.333333333333333481e-02
3.066666666666666430e-01
1.400000000000000133e-01
3.333333333333333547e-03
2.366666666666666641e-01
9.000000000000001055e-02
4.133333333333333304e-01
1.433333333333333404e-01
0.000000000000000000e+00
1.000000000000000194e-01
1.546666666666666856e+00
4.999999999999999584e-02
2.166666666666666741e-01
1.733333333333333393e-01
1.700000000000000122e-01
1.199999999999999956e-01
4.066666666666666763e-01
3.333333333333333547e-03
8.666666666666666963e-02
5.999999999999999778e-02
1.999999999999999833e-01
4.066666666666667318e-01
3.400000000000000244e-01
5.000000000000000971e-02
1.666666666666666644e-02
2.000000000000000042e-02
2.999999999999999889e-01
1.866666666666666752e-01
7.033333333333332549e-01
0.000000000000000000e+00
9.000000000000001055e-02
0.000000000000000000e+00
5.066666666666667096e-01
0.000000000000000000e+00
4.333333333333333481e-02
0.000000000000000000e+00
3.666666666666667379e-02
8.333333333333332871e-02
6.666666666666666574e-02
1.066666666666666458e-01
1.230000000000000204e+00
