4.029999999999999361e+00
2.016666666666666607e+00
8.166666666666667629e-01
3.533333333333333326e-01
1.866666666666666752e-01
3.333333333333333287e-02
3.333333333333333547e-03
0.000000000000000000e+00
1.766666666666666663e-01
1.276666666666666616e+00
6.166666666666666963e-01
5.933333333333332682e-01
3.000000000000000236e-02
9.666666666666667851e-02
4.133333333333333304e-01
9.399999999999999467e-01
1.333333333333333419e-02
1.000000000000000021e-02
7.799999999999999156e-01
1.933333333333333570e-01
4.666666666666666186e-02
0.000000000000000000e+00
1.139999999999999902e+00
1.036666666666666847e+00
9.000000000000001055e-02
1.133333333333333276e-01
2.233333333333333559e-01
3.800000000000000600e-01
4.199999999999999845e-01
6.666666666666666574e-02
5.300000000000000266e-01
4.266666666666666941e-01
0.000000000000000000e+00
6.300000000000000044e-01
1.333333333333333315e-01
0.000000000000000000e+00
1.700000000000000122e-01
1.266666666666666774e-01
0.000000000000000000e+00
1.333333333333333419e-02
3.233333333333333059e-01
8.733333333333334059e-01
1.000000000000000021e-02
5.933333333333332682e-01
3.833333333333333037e-01
1.033333333333333326e-01
1.900000000000000300e-01
8.333333333333332871e-02
2.000000000000000042e-02
1.666666666666666644e-02
6.666666666666667095e-03
8.333333333333332871e-02
0.000000000000000000e+00
3.366666666666666696e-01
1.133333333333333276e-01
7.900000000000000355e-01
7.000000000000000666e-02
4.933333333333333459e-01
4.333333333333333481e-01
1.499999999999999944e-01
2.500000000000000000e-01
0.000000000000000000e+00
5.666666666666667074e-02
6.500000000000000222e-01
0.000000000000000000e+00
1.666666666666666644e-02
9.233333333333333393e-01
6.333333333333333870e-02
0.000000000000000000e+00
5.533333333333333437e-01
9.666666666666666463e-02
8.766666666666665941e-01
1.000000000000000194e-01
2.999999999999999889e-01
2.200000000000000011e-01
7.000000000000000666e-02
1.033333333333333326e-01
2.666666666666666838e-02
2.666666666666666838e-02
2.666666666666666838e-02
7.666666666666667462e-02
2.333333333333333440e-02
3.333333333333333287e-02
1.000000000000000194e-01
1.966666666666666563e-01
1.719999999999999973e+00
2.866666666666666807e-01
9.966666666666667007e-01
2.363333333333333286e+00
8.466666666666666785e-01
2.966666666666666341e-01
1.066666666666666458e-01
2.000000000000000042e-02
7.000000000000000666e-02
0.000000000000000000e+00
4.666666666666666879e-02
1.966666666666666841e-01
4.666666666666666879e-02
1.866666666666666752e-01
1.333333333333333419e-02
6.333333333333334147e-01
8.000000000000000167e-02
1.766666666666666663e-01
1.033333333333333326e-01
1.566666666666666485e-01
3.966666666666666674e-01
6.033333333333333881e-01
2.600000000000000089e-01
1.366666666666666585e-01
3.666666666666667379e-02
2.200000000000000011e-01
2.366666666666666641e-01
5.666666666666666380e-02
1.016666666666666829e+00
5.699999999999999512e-01
3.800000000000000600e-01
3.333333333333333287e-02
2.633333333333333637e-01
7.833333333333333259e-01
4.000000000000000083e-02
7.333333333333334758e-02
1.199999999999999956e+00
1.183333333333333348e+00
1.633333333333333304e-01
1.733333333333333393e-01
1.500000000000000000e+00
