1.106666666666666687e+00
4.199999999999999289e-01
3.133333333333333526e-01
7.666666666666667462e-02
3.666666666666667379e-02
4.700000000000000289e-01
1.100000000000000006e-01
4.433333333333333570e-01
4.199999999999999845e-01
1.066666666666666735e-01
1.933333333333333570e-01
1.499999999999999944e-01
2.766666666666666718e-01
4.766666666666666274e-01
2.766666666666666718e-01
2.933333333333333348e-01
4.433333333333333570e-01
2.399999999999999911e-01
1.100000000000000006e-01
2.666666666666666630e-01
2.133333333333332915e-01
8.566666666666665764e-01
1.933333333333333348e+00
9.333333333333333759e-02
1.213333333333333153e+00
0.000000000000000000e+00
2.666666666666666630e-01
0.000000000000000000e+00
9.666666666666667851e-02
2.333333333333333440e-02
2.300000000000000100e-01
2.333333333333333440e-02
5.666666666666666519e-01
3.033333333333333437e-01
0.000000000000000000e+00
3.000000000000000236e-02
5.233333333333333171e-01
1.000000000000000021e-02
9.333333333333333759e-02
1.493333333333333401e+00
3.566666666666666874e-01
3.366666666666667251e-01
1.666666666666666644e-02
5.333333333333333259e-01
0.000000000000000000e+00
1.566666666666666485e-01
1.466666666666666674e-01
6.099999999999999867e-01
8.900000000000000133e-01
5.666666666666667074e-02
2.800000000000000266e-01
3.666666666666666685e-02
1.213333333333333153e+00
0.000000000000000000e+00
1.266666666666666774e-01
4.233333333333333393e-01
2.999999999999999889e-02
2.666666666666666838e-02
1.276666666666666616e+00
6.899999999999999467e-01
4.666666666666666879e-02
5.333333333333334370e-02
6.333333333333333870e-02
2.333333333333333440e-02
1.223333333333333384e+00
1.666666666666666644e-02
1.333333333333333315e-01
9.000000000000001055e-02
2.666666666666666838e-02
6.666666666666667095e-03
7.333333333333333370e-02
3.033333333333332882e-01
2.266666666666666552e-01
1.933333333333333293e-01
5.666666666666666380e-02
1.433333333333333404e-01
6.333333333333333870e-02
1.166666666666666546e-01
0.000000000000000000e+00
9.666666666666667851e-02
0.000000000000000000e+00
1.666666666666666644e-02
0.000000000000000000e+00
1.066666666666666652e+00
9.666666666666667851e-02
1.333333333333333315e-01
2.266666666666666552e-01
2.600000000000000089e-01
1.700000000000000122e-01
2.766666666666666718e-01
5.000000000000000971e-02
1.666666666666666741e+00
3.366666666666666696e-01
9.800000000000000933e-01
1.833333333333333481e-01
5.599999999999999423e-01
2.466666666666666730e-01
3.333333333333333287e-02
3.566666666666666319e-01
4.666666666666666186e-02
5.033333333333334103e-01
1.033333333333333326e-01
7.399999999999998801e-01
1.000000000000000021e-02
6.666666666666666574e-02
1.066666666666666458e-01
4.000000000000000083e-02
9.333333333333333759e-02
1.100000000000000006e-01
9.999999999999999167e-02
5.999999999999999778e-02
7.333333333333333370e-02
3.333333333333333287e-02
7.233333333333332726e-01
9.333333333333333759e-02
1.303333333333333455e+00
3.333333333333333547e-03
2.233333333333333559e-01
3.333333333333333287e-02
7.666666666666667462e-02
1.766666666666666663e-01
6.666666666666667095e-03
2.633333333333333637e-01
1.499999999999999944e-01
6.699999999999999289e-01
2.666666666666666838e-02
1.566666666666666763e-01
1.133333333333333276e-01
2.099999999999999645e-01
2.433333333333333182e-01
8.499999999999999778e-01
6.666666666666666574e-02
6.366666666666666030e-01
1.400000000000000133e-01
2.333333333333333440e-02
6.566666666666666208e-01
1.000000000000000000e+00
1.400000000000000133e-01
9.233333333333334503e-01
7.333333333333334758e-02
1.419999999999999929e+00
9.666666666666666463e-02
4.499999999999999556e-01
0.000000000000000000e+00
0.000000000000000000e+00
3.666666666666666685e-02
1.033333333333333326e-01
3.666666666666666963e-01
4.666666666666666879e-02
4.000000000000000083e-02
5.699999999999999512e-01
4.666666666666666879e-02
1.233333333333333365e-01
3.333333333333333287e-02
3.566666666666666319e-01
2.333333333333333440e-02
3.533333333333333326e-01
4.000000000000000083e-02
1.206666666666666776e+00
3.433333333333333237e-01
5.266666666666667274e-01
