9.000000000000000222e-01
3.066666666666666985e-01
2.999999999999999889e-02
3.366666666666666696e-01
9.733333333333332726e-01
6.333333333333333870e-02
1.200000000000000094e-01
2.000000000000000042e-02
2.000000000000000042e-02
7.333333333333334758e-02
8.000000000000000167e-02
5.999999999999999778e-02
1.300000000000000044e-01
5.333333333333333676e-02
1.899999999999999745e-01
9.333333333333332371e-02
1.033333333333333326e-01
9.000000000000001055e-02
3.233333333333333059e-01
2.000000000000000042e-02
1.866666666666666752e-01
1.566666666666666485e-01
7.666666666666666075e-02
2.099999999999999922e-01
4.833333333333333370e-01
1.000000000000000194e-01
2.033333333333333381e-01
2.700000000000000178e-01
3.066666666666666430e-01
4.366666666666667029e-01
1.600000000000000033e-01
4.333333333333333481e-02
4.000000000000000083e-02
1.033333333333333326e-01
4.966666666666666452e-01
0.000000000000000000e+00
6.666666666666666574e-02
2.333333333333333093e-01
2.233333333333333004e-01
3.666666666666667379e-02
1.499999999999999944e-01
7.333333333333333370e-02
8.333333333333332871e-02
5.366666666666667362e-01
4.666666666666666879e-02
3.333333333333333547e-03
0.000000000000000000e+00
3.400000000000000244e-01
8.333333333333332871e-02
6.666666666666667095e-03
3.333333333333333547e-03
1.299999999999999767e-01
1.453333333333333366e+00
7.333333333333333925e-01
4.999999999999999584e-02
0.000000000000000000e+00
1.700000000000000122e-01
9.333333333333332371e-01
1.866666666666666752e-01
0.000000000000000000e+00
6.000000000000000472e-02
2.333333333333333440e-02
2.666666666666666838e-02
1.433333333333333404e-01
2.666666666666666630e-01
8.000000000000000167e-02
0.000000000000000000e+00
9.000000000000001055e-02
1.033333333333333326e-01
1.233333333333333365e-01
1.866666666666666752e-01
4.833333333333333370e-01
2.666666666666666630e-01
1.693333333333333357e+00
4.666666666666666186e-01
1.366666666666666863e-01
1.866666666666666752e-01
1.700000000000000122e-01
1.966666666666666563e-01
5.333333333333333676e-02
1.666666666666666644e-02
4.333333333333333481e-02
2.899999999999999800e-01
0.000000000000000000e+00
2.999999999999999889e-02
1.666666666666666644e-02
6.333333333333333870e-02
2.666666666666666838e-02
1.300000000000000044e-01
6.666666666666667095e-03
1.033333333333333326e-01
1.496666666666666812e+00
5.899999999999999689e-01
1.999999999999999833e-01
3.966666666666666674e-01
1.000000000000000021e-02
4.666666666666666879e-02
1.866666666666666752e-01
3.666666666666665991e-02
3.333333333333333287e-02
0.000000000000000000e+00
8.666666666666666963e-02
2.666666666666666838e-02
2.333333333333333440e-02
3.400000000000000244e-01
4.099999999999999756e-01
3.799999999999999489e-01
2.766666666666666718e-01
8.333333333333332871e-02
1.000000000000000021e-02
1.233333333333333365e-01
2.099999999999999922e-01
9.333333333333333759e-02
3.066666666666666430e-01
1.233333333333333365e-01
9.900000000000001021e-01
1.833333333333333481e-01
1.166666666666666546e-01
3.433333333333333237e-01
2.833333333333333814e-01
2.700000000000000178e-01
1.166666666666666546e-01
2.433333333333333182e-01
1.400000000000000133e-01
1.000000000000000021e-02
0.000000000000000000e+00
2.500000000000000000e-01
9.566666666666665542e-01
0.000000000000000000e+00
6.666666666666667095e-03
1.306666666666666643e+00
7.466666666666667007e-01
7.000000000000000666e-02
7.333333333333333370e-02
1.226666666666666572e+00
5.399999999999999245e-01
4.566666666666667207e-01
1.356666666666666687e+00
3.833333333333333037e-01
1.783333333333333215e+00
