7.733333333333333171e-01
2.200000000000000011e-01
5.000000000000000971e-02
3.466666666666666785e-01
9.333333333333333759e-02
6.899999999999999467e-01
3.166666666666667074e-01
3.866666666666667140e-01
7.333333333333333370e-02
3.533333333333333326e-01
3.666666666666666685e-02
7.533333333333332993e-01
0.000000000000000000e+00
0.000000000000000000e+00
0.000000000000000000e+00
0.000000000000000000e+00
3.333333333333333287e-02
2.533333333333333548e-01
1.733333333333333393e-01
4.233333333333333393e-01
1.133333333333333276e-01
1.000000000000000021e-02
3.066666666666666985e-01
6.033333333333333881e-01
1.400000000000000133e-01
1.433333333333333404e-01
2.333333333333333440e-02
1.019999999999999796e+00
5.533333333333333437e-01
2.000000000000000042e-02
5.999999999999999778e-02
9.000000000000001055e-02
0.000000000000000000e+00
1.033333333333333326e-01
1.966666666666666563e-01
9.166666666666666297e-01
5.299999999999999156e-01
7.200000000000000844e-01
1.433333333333333126e-01
5.666666666666667074e-02
4.999999999999999584e-02
1.066666666666666735e-01
4.333333333333333481e-02
1.333333333333333419e-02
0.000000000000000000e+00
6.600000000000000311e-01
6.666666666666667095e-03
2.999999999999999889e-02
0.000000000000000000e+00
0.000000000000000000e+00
6.666666666666666574e-02
5.666666666666667074e-02
2.466666666666666730e-01
6.666666666666667095e-03
2.766666666666666718e-01
9.033333333333333215e-01
4.000000000000000083e-02
6.666666666666666574e-02
3.666666666666666685e-02
2.500000000000000000e-01
1.333333333333333419e-02
2.999999999999999889e-02
0.000000000000000000e+00
5.999999999999999778e-02
4.000000000000000083e-02
8.000000000000000167e-02
1.666666666666666574e-01
3.966666666666666674e-01
2.200000000000000011e-01
3.233333333333333059e-01
1.276666666666666616e+00
3.766666666666666496e-01
1.166666666666666546e-01
1.566666666666666485e-01
2.366666666666666641e-01
1.589999999999999858e+00
1.000000000000000000e+00
3.666666666666667379e-02
6.666666666666667095e-03
5.000000000000000971e-02
4.733333333333333282e-01
1.343333333333333490e+00
6.333333333333333870e-02
4.433333333333333570e-01
0.000000000000000000e+00
0.000000000000000000e+00
0.000000000000000000e+00
0.000000000000000000e+00
1.333333333333333419e-02
1.666666666666666644e-02
9.333333333333333759e-02
4.000000000000000083e-02
1.666666666666666644e-02
3.133333333333332971e-01
1.843333333333333490e+00
2.166666666666666741e-01
2.200000000000000011e-01
2.533333333333333548e-01
1.216666666666666785e+00
5.000000000000000000e-01
2.333333333333333440e-02
8.666666666666666963e-02
1.800000000000000211e-01
2.266666666666666829e-01
8.666666666666666963e-02
5.600000000000000533e-01
1.866666666666666474e-01
0.000000000000000000e+00
2.600000000000000089e-01
8.366666666666665586e-01
1.333333333333333419e-02
1.033333333333333326e-01
1.636666666666666714e+00
4.566666666666667207e-01
2.033333333333333381e-01
1.433333333333333404e-01
5.999999999999999778e-02
0.000000000000000000e+00
0.000000000000000000e+00
0.000000000000000000e+00
6.333333333333333870e-02
3.333333333333333287e-02
5.233333333333333171e-01
1.866666666666666752e-01
3.433333333333333237e-01
5.300000000000000266e-01
1.806666666666666643e+00
5.166666666666666075e-01
6.033333333333333881e-01
7.133333333333333748e-01
2.000000000000000042e-02
1.760000000000000009e+00
1.266666666666666774e-01
2.006666666666666377e+00
7.200000000000000844e-01
2.999999999999999889e-02
3.300000000000000155e-01
1.000000000000000021e-02
2.066666666666666652e-01
1.493333333333333401e+00
1.643333333333333313e+00
7.200000000000000844e-01
6.633333333333333304e-01
1.066666666666666735e-01
2.099999999999999645e-01
2.000000000000000042e-02
7.000000000000000666e-02
1.400000000000000133e-01
8.333333333333332871e-02
1.166666666666666546e-01
1.933333333333333293e-01
1.343333333333333490e+00
3.666666666666666685e-02
5.266666666666667274e-01
7.666666666666666075e-02
8.666666666666666963e-02
1.400000000000000133e-01
4.000000000000000083e-02
3.166666666666666519e-01
0.000000000000000000e+00
1.000000000000000021e-02
2.099999999999999922e-01
4.966666666666666452e-01
0.000000000000000000e+00
3.333333333333333287e-02
3.366666666666666696e-01
1.356666666666666687e+00
7.666666666666667462e-02
1.433333333333333404e-01
1.233333333333333365e-01
1.033333333333333326e-01
1.666666666666666574e-01
3.866666666666667140e-01
4.333333333333333481e-02
9.933333333333332904e-01
3.533333333333333326e-01
1.199999999999999956e-01
1.600000000000000033e-01
7.633333333333333082e-01
1.233333333333333365e-01
9.333333333333333759e-02
2.933333333333333348e-01
6.333333333333333870e-02
1.733333333333333393e-01
8.666666666666666963e-02
3.766666666666667052e-01
3.666666666666666963e-01
2.566666666666666541e-01
1.499999999999999944e-01
8.566666666666667984e-01
1.600000000000000033e-01
4.000000000000000083e-02
3.800000000000000600e-01
2.000000000000000042e-02
8.000000000000000167e-02
2.266666666666666552e-01
8.566666666666665764e-01
4.000000000000000777e-01
2.066666666666666652e-01
1.436666666666666536e+00
8.333333333333332871e-02
1.440000000000000169e+00
5.999999999999999778e-02
2.500000000000000000e-01
6.099999999999999867e-01
2.066666666666666652e-01
1.700000000000000122e-01
1.066666666666666735e-01
3.166666666666666519e-01
1.233333333333333365e-01
1.223333333333333384e+00
1.003333333333333410e+00
5.633333333333333526e-01
2.050000000000000266e+00
1.000000000000000000e+00
2.229999999999999982e+00
