2.490000000000000213e+00
1.673333333333333117e+00
3.033333333333333437e-01
3.450000000000000622e+00
1.440000000000000169e+00
1.313333333333333464e+00
1.873333333333333295e+00
1.426666666666666750e+00
1.083333333333333259e+00
1.639999999999999902e+00
8.033333333333333437e-01
3.699999999999999400e-01
1.086666666666666670e+00
2.700000000000000178e-01
2.366666666666666641e-01
7.966666666666667451e-01
1.286666666666666847e+00
3.433333333333333237e-01
3.666666666666666963e-01
9.233333333333333393e-01
1.086666666666666670e+00
0.000000000000000000e+00
1.166666666666666546e-01
1.243333333333333401e+00
2.899999999999999800e-01
1.333333333333333419e-02
9.399999999999999467e-01
8.199999999999999512e-01
9.999999999999999167e-02
6.666666666666666574e-02
2.766666666666666718e-01
1.000000000000000194e-01
2.533333333333333548e-01
1.103333333333333277e+00
8.000000000000000167e-02
4.566666666666667207e-01
3.133333333333332971e-01
6.133333333333333970e-01
0.000000000000000000e+00
5.599999999999999423e-01
3.300000000000000155e-01
1.360000000000000098e+00
3.333333333333333287e-02
8.633333333333332860e-01
5.200000000000000178e-01
1.153333333333333321e+00
1.866666666666666752e-01
8.266666666666666607e-01
4.866666666666666363e-01
1.233333333333333365e-01
2.833333333333333814e-01
7.299999999999999822e-01
2.066666666666666652e-01
3.233333333333333059e-01
1.073333333333333472e+00
2.080000000000000071e+00
2.256666666666667265e+00
