5.366666666666666252e-01
9.000000000000001055e-02
4.033333333333333215e-01
1.606666666666666687e+00
9.333333333333333759e-02
1.466666666666666952e-01
1.800000000000000211e-01
7.333333333333333925e-01
5.666666666666667074e-02
7.200000000000000844e-01
1.333333333333333315e-01
1.666666666666666644e-02
2.999999999999999889e-01
1.133333333333333415e-01
5.200000000000000178e-01
3.333333333333333287e-02
1.066666666666666458e-01
4.333333333333333481e-02
8.666666666666666963e-02
5.899999999999999689e-01
7.666666666666666075e-02
7.700000000000000178e-01
2.999999999999999889e-02
1.000000000000000000e+00
5.966666666666666785e-01
7.000000000000000666e-02
3.799999999999999489e-01
1.033333333333333326e-01
2.399999999999999911e-01
1.333333333333333419e-02
1.083333333333333259e+00
3.233333333333333059e-01
3.333333333333333547e-03
1.499999999999999944e-01
3.599999999999999312e-01
6.466666666666666119e-01
7.666666666666667462e-02
3.999999999999999667e-01
1.416666666666666741e+00
1.866666666666666752e-01
1.633333333333333304e-01
6.300000000000000044e-01
2.233333333333333559e-01
6.333333333333333870e-02
3.866666666666666585e-01
2.833333333333333814e-01
3.333333333333333547e-03
7.999999999999999334e-01
7.299999999999999822e-01
1.333333333333333315e-01
3.000000000000000236e-02
1.336666666666666670e+00
1.033333333333333326e-01
0.000000000000000000e+00
6.166666666666666963e-01
1.499999999999999944e-01
9.199999999999999289e-01
4.000000000000000083e-02
5.666666666666666380e-02
4.866666666666666363e-01
1.000000000000000021e-02
6.199999999999999956e-01
3.633333333333333415e-01
1.033333333333333437e+00
2.500000000000000000e-01
1.286666666666666847e+00
1.550000000000000044e+00
1.973333333333333384e+00
7.933333333333333348e-01
1.623333333333333295e+00
2.149999999999999911e+00
5.566666666666666430e-01
2.400000000000000189e-01
7.133333333333333748e-01
1.183333333333333348e+00
6.666666666666666574e-02
1.733333333333333393e-01
2.733333333333333171e-01
7.600000000000001199e-01
1.666666666666666644e-02
7.933333333333333348e-01
1.900000000000000300e-01
6.666666666666667095e-03
9.666666666666666463e-02
1.733333333333333393e-01
6.866666666666666474e-01
0.000000000000000000e+00
1.399999999999999856e-01
2.833333333333333814e-01
1.000000000000000194e-01
5.466666666666667451e-01
1.133333333333333276e-01
1.126666666666666705e+00
2.333333333333333093e-02
8.100000000000000533e-01
7.033333333333332549e-01
4.333333333333333481e-02
2.766666666666666718e-01
4.999999999999999584e-02
1.066666666666666735e-01
2.000000000000000042e-02
7.600000000000001199e-01
3.633333333333332860e-01
6.666666666666667095e-03
4.333333333333333481e-01
9.366666666666666474e-01
9.333333333333332371e-01
3.666666666666667379e-02
1.016666666666666607e+00
1.839999999999999858e+00
7.666666666666667462e-02
1.266666666666666774e-01
8.799999999999998934e-01
1.050000000000000044e+00
7.666666666666666075e-02
4.599999999999999645e-01
1.013333333333333419e+00
1.666666666666666644e-02
1.196666666666666545e+00
4.166666666666666852e-01
6.666666666666667095e-03
4.333333333333333481e-02
1.396666666666666723e+00
1.833333333333333204e-01
1.666666666666666644e-02
6.533333333333333215e-01
3.333333333333333148e-01
4.866666666666666363e-01
6.333333333333333870e-02
1.233333333333333365e-01
6.166666666666666963e-01
3.333333333333333547e-03
2.766666666666666718e-01
2.266666666666666552e-01
9.499999999999998446e-01
1.733333333333333393e-01
1.013333333333333419e+00
1.663333333333333330e+00
8.666666666666665853e-01
1.043333333333333224e+00
1.806666666666666643e+00
1.639999999999999902e+00
