1.333333333333333259e+00
1.456666666666666776e+00
4.166666666666666852e-01
1.223333333333333384e+00
7.733333333333333171e-01
8.666666666666666963e-02
3.333333333333333287e-02
9.000000000000001055e-02
6.633333333333333304e-01
6.666666666666666574e-02
9.999999999999999167e-02
1.966666666666666563e-01
2.166666666666666519e+00
5.866666666666667806e-01
3.766666666666666496e-01
3.000000000000000236e-02
2.066666666666666652e-01
3.666666666666666685e-02
2.999999999999999889e-02
7.000000000000000666e-02
8.000000000000000167e-02
2.066666666666666652e-01
1.033333333333333326e-01
1.370000000000000107e+00
2.333333333333333648e-01
1.666666666666666644e-02
1.000000000000000021e-02
8.966666666666666119e-01
6.099999999999999867e-01
0.000000000000000000e+00
5.266666666666667274e-01
9.233333333333333393e-01
7.233333333333332726e-01
4.000000000000000083e-02
1.433333333333333404e-01
3.733333333333333504e-01
1.030000000000000027e+00
2.666666666666666838e-02
2.966666666666666896e-01
7.666666666666667462e-02
2.333333333333333440e-02
0.000000000000000000e+00
2.000000000000000042e-02
4.666666666666666879e-02
0.000000000000000000e+00
2.366666666666666641e-01
2.999999999999999889e-02
1.066666666666666735e-01
1.406666666666666510e+00
1.353333333333333277e+00
6.800000000000000488e-01
1.183333333333333348e+00
6.533333333333333215e-01
8.666666666666666963e-02
4.666666666666666879e-02
8.066666666666666430e-01
5.466666666666666341e-01
1.133333333333333415e-01
1.666666666666666644e-02
1.226666666666666794e+00
1.643333333333333313e+00
9.999999999999999167e-02
0.000000000000000000e+00
3.333333333333333287e-02
1.066666666666666735e-01
1.966666666666666841e-01
1.266666666666666774e-01
1.050000000000000044e+00
3.066666666666666430e-01
1.066666666666666735e-01
1.650000000000000133e+00
6.833333333333332371e-01
3.666666666666667379e-02
9.000000000000001055e-02
1.000000000000000021e-02
3.333333333333333547e-03
0.000000000000000000e+00
1.213333333333333153e+00
3.300000000000000155e-01
2.000000000000000042e-02
2.233333333333333004e-01
1.816666666666666652e+00
1.566666666666666763e-01
1.133333333333333526e+00
