1.763333333333333419e+00
7.166666666666666741e-01
1.356666666666666687e+00
1.333333333333333315e-01
8.666666666666666963e-01
2.866666666666666807e-01
1.003333333333333188e+00
1.633333333333333304e-01
6.666666666666666574e-02
2.000000000000000042e-02
2.333333333333333440e-02
4.333333333333333481e-02
5.333333333333333676e-02
3.500000000000000333e-01
3.133333333333333526e-01
5.566666666666667540e-01
5.200000000000000178e-01
2.366666666666666641e-01
1.153333333333333321e+00
7.966666666666665231e-01
1.173333333333333339e+00
3.933333333333333126e-01
2.333333333333333440e-02
1.566666666666666485e-01
1.066666666666666735e-01
2.133333333333333470e-01
3.899999999999999578e-01
3.866666666666667140e-01
7.033333333333334769e-01
4.933333333333333459e-01
7.600000000000001199e-01
1.969999999999999973e+00
2.149999999999999911e+00
6.766666666666666385e-01
1.136666666666666714e+00
4.199999999999999845e-01
1.123333333333333295e+00
1.473333333333333384e+00
6.233333333333332948e-01
1.733333333333333393e-01
0.000000000000000000e+00
4.000000000000000083e-02
0.000000000000000000e+00
5.633333333333333526e-01
1.333333333333333315e-01
1.499999999999999944e-01
3.966666666666666674e-01
6.466666666666666119e-01
8.666666666666666963e-02
3.899999999999999578e-01
9.000000000000001055e-02
9.333333333333333759e-02
9.333333333333333759e-02
7.666666666666667462e-02
5.000000000000000971e-02
7.266666666666666829e-01
9.266666666666666385e-01
1.666666666666666644e-02
4.000000000000000083e-02
9.599999999999999645e-01
1.026666666666666616e+00
3.600000000000000422e-01
9.933333333333332904e-01
1.066666666666666735e-01
2.933333333333333903e-01
3.066666666666666985e-01
9.666666666666667851e-02
1.933333333333333293e-01
1.893333333333333313e+00
6.999999999999999278e-02
3.400000000000000244e-01
4.333333333333333481e-02
1.433333333333333404e-01
6.000000000000000472e-02
1.243333333333333401e+00
2.133333333333333470e-01
0.000000000000000000e+00
1.666666666666666644e-02
3.600000000000000422e-01
7.033333333333332549e-01
0.000000000000000000e+00
4.333333333333333481e-02
2.366666666666666641e-01
2.366666666666666641e-01
1.333333333333333315e-01
1.086666666666666670e+00
1.000000000000000021e-02
2.533333333333333548e-01
2.666666666666666630e-01
1.833333333333333481e-01
1.099999999999999867e-01
1.006666666666666599e+00
7.333333333333333370e-02
2.200000000000000011e-01
1.719999999999999973e+00
3.466666666666666785e-01
7.066666666666666652e-01
2.999999999999999889e-02
1.733333333333333393e-01
1.599999999999999867e+00
7.666666666666667462e-02
1.766666666666666663e-01
2.449999999999999734e+00
2.800000000000000266e-01
1.066666666666666735e-01
3.133333333333333526e-01
3.466666666666666785e-01
1.553333333333333455e+00
1.946666666666666545e+00
1.643333333333333313e+00
1.440000000000000169e+00
1.263333333333333419e+00
1.883333333333333526e+00
5.733333333333333615e-01
1.686666666666666758e+00
7.066666666666665542e-01
1.216666666666666785e+00
7.799999999999999156e-01
1.133333333333333304e+00
3.166666666666666519e-01
2.266666666666666829e-01
3.333333333333333287e-02
1.333333333333333419e-02
0.000000000000000000e+00
2.333333333333333440e-02
6.666666666666666574e-02
1.000000000000000194e-01
4.133333333333333859e-01
1.566666666666666485e-01
2.866666666666666807e-01
5.066666666666667096e-01
7.200000000000000844e-01
1.356666666666666687e+00
3.366666666666666696e-01
5.899999999999999689e-01
4.500000000000000111e-01
6.033333333333333881e-01
6.933333333333333570e-01
1.096666666666666679e+00
6.999999999999998446e-01
3.333333333333333287e-02
1.600000000000000033e-01
3.333333333333333287e-02
1.333333333333333419e-02
2.166666666666666741e-01
1.243333333333333401e+00
7.666666666666667185e-01
3.000000000000000236e-02
3.866666666666667140e-01
8.000000000000000167e-02
1.833333333333333481e-01
1.206666666666666776e+00
1.333333333333333419e-02
3.666666666666666685e-02
1.099999999999999867e+00
8.666666666666666963e-02
0.000000000000000000e+00
5.099999999999998979e-01
4.700000000000000289e-01
1.600000000000000033e-01
4.333333333333333481e-02
8.000000000000000167e-02
4.099999999999999756e-01
1.700000000000000178e+00
5.333333333333333259e-01
2.700000000000000178e-01
7.500000000000000000e-01
4.233333333333333393e-01
1.499999999999999944e-01
2.500000000000000000e-01
1.066666666666666735e-01
5.000000000000000000e-01
7.533333333333332993e-01
5.366666666666666252e-01
4.666666666666666879e-02
3.333333333333333547e-03
2.233333333333333004e-01
1.093333333333333268e+00
6.333333333333333870e-02
1.333333333333333315e-01
2.000000000000000042e-02
3.333333333333333287e-02
1.766666666666666663e-01
3.333333333333333287e-02
1.400000000000000133e-01
1.766666666666666663e-01
3.333333333333333287e-02
3.333333333333333287e-02
4.000000000000000083e-02
4.400000000000000022e-01
1.333333333333333315e-01
0.000000000000000000e+00
6.166666666666666963e-01
1.433333333333333404e-01
0.000000000000000000e+00
1.333333333333333315e-01
1.406666666666666954e+00
9.700000000000000844e-01
2.500000000000000000e-01
3.333333333333333547e-03
4.266666666666666941e-01
2.000000000000000042e-02
1.666666666666666644e-02
2.933333333333333903e-01
6.733333333333333393e-01
3.166666666666666519e-01
0.000000000000000000e+00
1.096666666666666679e+00
1.866666666666666752e-01
9.000000000000001055e-02
3.066666666666666430e-01
2.866666666666666807e-01
8.000000000000000167e-02
5.100000000000000089e-01
9.700000000000000844e-01
3.966666666666666674e-01
1.733333333333333393e-01
6.766666666666667496e-01
7.533333333333332993e-01
4.699999999999999734e-01
1.746666666666666812e+00
6.133333333333333970e-01
1.429999999999999938e+00
5.999999999999999778e-01
5.166666666666666075e-01
5.166666666666667185e-01
3.766666666666667052e-01
7.033333333333332549e-01
2.526666666666666394e+00
