8.666666666666666963e-01
1.833333333333333481e-01
1.333333333333333315e-01
1.999999999999999833e-01
1.366666666666666863e-01
2.273333333333333428e+00
5.066666666666667096e-01
2.233333333333333559e-01
1.959999999999999964e+00
1.173333333333333561e+00
8.399999999999999689e-01
2.899999999999999800e-01
4.066666666666666763e-01
2.466666666666666730e-01
3.000000000000000236e-02
1.466666666666666674e-01
8.333333333333332871e-02
1.099999999999999867e-01
2.833333333333333259e-01
1.100000000000000006e-01
2.666666666666666838e-02
9.333333333333333759e-02
8.699999999999999956e-01
1.766666666666666663e-01
6.666666666666667095e-03
2.133333333333333470e-01
7.900000000000000355e-01
3.633333333333332860e-01
1.250000000000000000e+00
5.200000000000000178e-01
1.126666666666666705e+00
4.333333333333333481e-02
5.666666666666666380e-02
9.833333333333333925e-01
8.666666666666666963e-02
9.133333333333334414e-01
1.693333333333333357e+00
1.906666666666666510e+00
1.099999999999999867e-01
1.406666666666666954e+00
9.333333333333333759e-02
2.033333333333333381e-01
3.333333333333333287e-02
1.533333333333333215e-01
5.966666666666666785e-01
3.333333333333333547e-03
2.999999999999999889e-02
6.699999999999999289e-01
6.666666666666667095e-03
8.000000000000000167e-02
6.366666666666667140e-01
1.426666666666666750e+00
2.333333333333333093e-01
1.666666666666666644e-02
4.333333333333333481e-02
1.033333333333333326e-01
5.666666666666666380e-02
1.226666666666666794e+00
2.833333333333333259e-01
2.333333333333333440e-02
7.000000000000000666e-01
7.633333333333333082e-01
3.333333333333333547e-03
7.733333333333333171e-01
2.833333333333333259e-01
2.833333333333333259e-01
1.169999999999999929e+00
5.799999999999999600e-01
2.999999999999999889e-02
3.666666666666667379e-02
5.933333333333333792e-01
5.666666666666667074e-02
0.000000000000000000e+00
0.000000000000000000e+00
1.213333333333333153e+00
1.266666666666666774e-01
2.333333333333333440e-02
1.933333333333333293e-01
7.733333333333334281e-01
8.833333333333333037e-01
2.000000000000000042e-02
6.099999999999999867e-01
2.166666666666666519e+00
7.200000000000000844e-01
1.150000000000000133e+00
8.599999999999999867e-01
2.633333333333333637e-01
2.933333333333333903e-01
9.133333333333334414e-01
4.803333333333333677e+00
