3.933333333333333681e-01
4.000000000000000083e-02
7.666666666666667462e-02
1.333333333333333419e-02
3.333333333333333547e-03
8.333333333333332871e-02
0.000000000000000000e+00
1.000000000000000021e-02
3.333333333333333287e-02
1.666666666666666644e-02
1.000000000000000021e-02
6.666666666666667095e-03
7.666666666666667462e-02
0.000000000000000000e+00
1.333333333333333419e-02
8.333333333333332871e-02
4.999999999999999584e-02
0.000000000000000000e+00
4.866666666666666363e-01
1.000000000000000021e-02
1.499999999999999944e-01
1.533333333333333492e-01
1.533333333333333215e-01
8.666666666666666963e-02
2.333333333333333440e-02
1.866666666666666752e-01
7.666666666666667462e-02
1.000000000000000021e-02
2.000000000000000042e-02
6.333333333333333870e-02
5.999999999999999778e-02
0.000000000000000000e+00
4.666666666666666879e-02
6.433333333333332016e-01
5.000000000000000971e-02
6.666666666666667095e-03
2.466666666666666730e-01
1.833333333333333481e-01
7.000000000000000666e-02
1.333333333333333419e-02
1.059999999999999831e+00
2.099999999999999922e-01
6.333333333333333870e-02
6.666666666666666574e-02
1.033333333333333326e-01
8.466666666666666785e-01
2.133333333333332915e-01
4.333333333333333481e-02
0.000000000000000000e+00
0.000000000000000000e+00
1.866666666666666752e-01
0.000000000000000000e+00
3.333333333333333547e-03
3.633333333333332860e-01
9.666666666666666463e-02
0.000000000000000000e+00
2.666666666666666838e-02
5.666666666666666380e-02
1.333333333333333419e-02
7.333333333333334758e-02
3.333333333333333148e-01
9.000000000000001055e-02
1.100000000000000006e-01
1.866666666666666474e-01
8.666666666666666963e-02
3.666666666666666685e-02
2.999999999999999889e-02
1.000000000000000021e-02
1.366666666666666863e-01
4.000000000000000083e-02
5.999999999999999778e-02
4.333333333333333481e-02
1.733333333333333393e-01
8.999999999999999112e-01
9.999999999999999167e-02
1.266666666666666774e-01
8.666666666666666963e-02
3.999999999999999667e-01
4.999999999999999584e-02
2.900000000000000355e-01
1.300000000000000044e-01
2.566666666666666541e-01
4.000000000000000083e-02
1.333333333333333419e-02
1.233333333333333365e-01
1.400000000000000133e-01
5.333333333333333676e-02
3.033333333333332882e-01
7.000000000000000666e-02
2.199999999999999734e-01
1.030000000000000027e+00
4.666666666666666879e-02
2.800000000000000266e-01
