2.833333333333333259e-01
3.533333333333333326e-01
1.000000000000000021e-02
1.399999999999999856e-01
0.000000000000000000e+00
2.500000000000000000e-01
3.333333333333333547e-03
2.766666666666666718e-01
2.033333333333333381e-01
1.266666666666666774e-01
2.733333333333333726e-01
2.966666666666666341e-01
1.833333333333333481e-01
1.136666666666666714e+00
3.000000000000000444e-01
3.133333333333332971e-01
3.433333333333333237e-01
6.666666666666666574e-02
2.000000000000000042e-02
1.666666666666666644e-02
4.433333333333333570e-01
7.666666666666667462e-02
1.000000000000000021e-02
2.666666666666666838e-02
8.466666666666666785e-01
3.333333333333333547e-03
0.000000000000000000e+00
2.500000000000000000e-01
1.099999999999999867e+00
4.666666666666666879e-02
9.999999999999999167e-02
1.466666666666666397e-01
0.000000000000000000e+00
2.799999999999999711e-01
4.199999999999999845e-01
1.146666666666666723e+00
4.866666666666666363e-01
4.666666666666666879e-02
5.566666666666666430e-01
6.333333333333333870e-02
8.666666666666666963e-02
0.000000000000000000e+00
4.899999999999999911e-01
2.166666666666666463e-01
1.800000000000000211e-01
4.333333333333333481e-02
1.333333333333333419e-02
1.233333333333333365e-01
2.633333333333333637e-01
4.666666666666666879e-02
2.433333333333333182e-01
8.599999999999999867e-01
3.799999999999999489e-01
2.933333333333333903e-01
1.366666666666666474e+00
3.533333333333333326e-01
8.666666666666666963e-02
5.033333333333334103e-01
5.933333333333333792e-01
5.833333333333333703e-01
2.666666666666666630e-01
1.366666666666666863e-01
1.213333333333333375e+00
8.666666666666666963e-02
1.533333333333333215e-01
1.633333333333333304e-01
0.000000000000000000e+00
1.533333333333333215e-01
3.333333333333333547e-03
7.666666666666667462e-02
2.666666666666666838e-02
8.766666666666665941e-01
4.433333333333333570e-01
7.000000000000000666e-02
5.300000000000000266e-01
4.633333333333333748e-01
1.433333333333333404e-01
4.299999999999999933e-01
3.233333333333333059e-01
4.400000000000000022e-01
4.766666666666667385e-01
1.100000000000000006e-01
0.000000000000000000e+00
1.333333333333333419e-02
3.133333333333333526e-01
1.000000000000000021e-02
0.000000000000000000e+00
1.000000000000000021e-02
1.176666666666666750e+00
7.666666666666667462e-02
0.000000000000000000e+00
2.266666666666666552e-01
1.383333333333333526e+00
2.533333333333333548e-01
1.300000000000000044e-01
3.666666666666666685e-02
1.000000000000000021e-02
1.600000000000000033e-01
2.333333333333333440e-02
1.679999999999999938e+00
5.366666666666667362e-01
1.000000000000000021e-02
3.666666666666666963e-01
6.666666666666666574e-02
9.999999999999999167e-02
4.000000000000000083e-02
4.433333333333333570e-01
5.100000000000000089e-01
3.333333333333333547e-03
1.600000000000000033e-01
4.666666666666666879e-02
1.400000000000000133e-01
2.566666666666666541e-01
7.333333333333333370e-02
3.633333333333332860e-01
7.966666666666667451e-01
2.433333333333333182e-01
2.999999999999999889e-02
1.266666666666666607e+00
1.033333333333333326e-01
3.000000000000000236e-02
2.466666666666666730e-01
4.666666666666666186e-01
8.166666666666665408e-01
2.800000000000000266e-01
2.466666666666666730e-01
5.700000000000000622e-01
1.366666666666666474e+00
