2.966666666666666896e-01
0.000000000000000000e+00
3.600000000000000422e-01
2.933333333333333348e-01
7.733333333333334281e-01
4.533333333333333104e-01
0.000000000000000000e+00
8.166666666666667629e-01
5.033333333333332993e-01
2.999999999999999889e-02
1.133333333333333276e-01
1.300000000000000044e+00
1.719999999999999973e+00
8.000000000000000167e-02
1.933333333333333293e-01
2.666666666666666838e-02
2.266666666666666552e-01
1.499999999999999944e-01
7.833333333333333259e-01
1.300000000000000044e-01
2.000000000000000042e-02
1.333333333333333419e-02
0.000000000000000000e+00
0.000000000000000000e+00
1.040000000000000036e+00
8.900000000000000133e-01
2.866666666666666807e-01
9.000000000000001055e-02
1.173333333333333339e+00
1.000000000000000021e-02
2.399999999999999911e-01
0.000000000000000000e+00
7.000000000000000666e-02
1.333333333333333419e-02
3.666666666666666685e-02
1.700000000000000122e-01
5.566666666666666430e-01
1.733333333333333393e-01
1.746666666666666812e+00
5.133333333333333082e-01
9.766666666666665719e-01
1.276666666666666616e+00
6.266666666666667052e-01
1.266666666666666774e-01
2.366666666666666641e-01
3.666666666666667379e-02
1.833333333333333481e-01
6.000000000000000472e-02
1.999999999999999833e-01
1.490000000000000213e+00
1.333333333333333419e-02
8.466666666666666785e-01
8.033333333333333437e-01
0.000000000000000000e+00
5.000000000000000971e-02
1.233333333333333365e-01
6.066666666666666874e-01
1.666666666666666644e-02
1.063333333333333242e+00
1.136666666666666714e+00
3.533333333333333326e-01
2.136666666666666714e+00
1.393333333333333313e+00
4.933333333333333459e-01
2.966666666666666341e-01
1.290000000000000036e+00
1.226666666666666794e+00
1.806666666666666643e+00
1.133333333333333304e+00
3.899999999999999578e-01
2.116666666666666696e+00
3.366666666666666696e-01
7.333333333333334758e-02
1.333333333333333419e-02
1.110000000000000098e+00
3.499999999999999223e-01
0.000000000000000000e+00
5.799999999999999600e-01
1.233333333333333365e-01
3.666666666666667379e-02
1.300000000000000044e-01
1.199999999999999956e-01
1.583333333333333259e+00
1.043333333333333446e+00
1.000000000000000021e-02
2.666666666666666838e-02
2.533333333333333548e-01
1.236666666666666581e+00
6.800000000000000488e-01
1.666666666666666644e-02
0.000000000000000000e+00
0.000000000000000000e+00
2.800000000000000266e-01
7.633333333333333082e-01
1.433333333333333404e-01
6.633333333333334414e-01
2.800000000000000266e-01
2.000000000000000042e-02
2.333333333333333093e-02
1.133333333333333276e-01
1.733333333333333393e-01
8.000000000000000167e-02
0.000000000000000000e+00
3.433333333333332682e-01
2.333333333333333440e-02
1.000000000000000021e-02
1.800000000000000211e-01
2.566666666666666541e-01
1.366666666666666863e-01
2.500000000000000000e-01
3.366666666666666696e-01
1.506666666666666821e+00
1.566666666666666763e-01
3.300000000000000155e-01
5.766666666666666607e-01
2.166666666666666741e-01
1.266666666666666774e-01
0.000000000000000000e+00
1.499999999999999944e-01
2.600000000000000089e-01
0.000000000000000000e+00
3.333333333333333547e-03
1.000000000000000194e-01
3.833333333333333592e-01
2.000000000000000042e-02
1.100000000000000006e-01
9.666666666666667851e-02
4.233333333333333393e-01
1.766666666666666663e-01
2.999999999999999889e-02
4.766666666666666274e-01
0.000000000000000000e+00
2.566666666666666541e-01
7.233333333333332726e-01
4.000000000000000083e-02
4.140000000000000568e+00
