1.190000000000000169e+00
4.466666666666666008e-01
1.276666666666666616e+00
3.200000000000000067e-01
1.556666666666666643e+00
2.560000000000000053e+00
3.366666666666666696e-01
8.000000000000000167e-02
1.966666666666666841e-01
1.233333333333333365e-01
0.000000000000000000e+00
5.699999999999999512e-01
1.233333333333333365e-01
2.700000000000000178e-01
6.000000000000000472e-02
1.223333333333333384e+00
1.833333333333333204e-01
4.366666666666667029e-01
7.799999999999999156e-01
9.966666666666667007e-01
1.013333333333333419e+00
1.333333333333333315e-01
1.100000000000000006e-01
2.500000000000000000e-01
1.603333333333333499e+00
1.533333333333333215e-01
8.133333333333333526e-01
2.000000000000000042e-02
6.000000000000000472e-02
1.333333333333333419e-02
6.233333333333334059e-01
1.933333333333333570e-01
8.333333333333332871e-02
3.333333333333333287e-02
2.333333333333333093e-02
8.333333333333332871e-02
4.666666666666666879e-02
1.000000000000000194e-01
1.566666666666666485e-01
3.333333333333333547e-03
1.366666666666666863e-01
0.000000000000000000e+00
1.666666666666666644e-02
1.666666666666666574e-01
6.666666666666666574e-02
2.433333333333333182e-01
8.333333333333332871e-02
6.333333333333333870e-02
2.199999999999999734e-01
1.133333333333333415e-01
1.566666666666666485e-01
1.000000000000000021e-02
1.333333333333333419e-02
7.333333333333333370e-02
1.856666666666666687e+00
2.500000000000000000e-01
1.700000000000000122e-01
1.900000000000000300e-01
1.093333333333333268e+00
5.133333333333333082e-01
9.666666666666667851e-02
3.033333333333332882e-01
2.099999999999999645e-01
2.799999999999999711e-01
0.000000000000000000e+00
3.966666666666666674e-01
2.933333333333333348e-01
5.299999999999999156e-01
1.213333333333333153e+00
6.666666666666667095e-03
3.000000000000000236e-02
0.000000000000000000e+00
5.000000000000000971e-02
0.000000000000000000e+00
1.666666666666666644e-02
3.333333333333333287e-02
7.666666666666666075e-02
2.033333333333333381e-01
1.199999999999999956e-01
1.196666666666666545e+00
1.666666666666666644e-02
3.366666666666666696e-01
0.000000000000000000e+00
6.866666666666665364e-01
2.166666666666666741e-01
1.400000000000000133e-01
1.540000000000000036e+00
1.236666666666666581e+00
4.133333333333333304e-01
1.733333333333333393e-01
1.293333333333333224e+00
1.399999999999999856e-01
1.063333333333333242e+00
8.066666666666666430e-01
1.333333333333333259e+00
3.366666666666666696e-01
3.200000000000000067e-01
3.166666666666666519e-01
1.593333333333333490e+00
