1.026666666666666616e+00
8.433333333333333792e-01
6.666666666666666297e-01
1.423333333333333561e+00
3.666666666666666963e-01
3.600000000000000422e-01
1.333333333333333315e-01
2.766666666666666718e-01
9.000000000000001055e-02
7.333333333333333370e-02
8.000000000000000167e-02
3.499999999999999223e-01
1.233333333333333365e-01
1.090000000000000080e+00
2.033333333333333381e-01
3.600000000000000422e-01
4.766666666666666274e-01
9.333333333333333759e-02
1.533333333333333492e-01
2.333333333333333440e-02
0.000000000000000000e+00
6.666666666666666574e-02
2.666666666666666838e-02
2.000000000000000042e-02
5.833333333333333703e-01
3.666666666666666685e-02
4.533333333333333104e-01
1.066666666666666458e-01
9.233333333333334503e-01
2.166666666666666741e-01
4.433333333333333570e-01
1.086666666666666670e+00
6.500000000000000222e-01
5.499999999999999334e-01
2.099999999999999922e-01
6.666666666666666574e-02
2.666666666666666838e-02
2.799999999999999711e-01
7.000000000000000666e-02
9.666666666666667851e-02
1.866666666666666474e-01
7.000000000000000666e-01
1.266666666666666774e-01
1.056666666666666643e+00
1.446666666666666545e+00
4.533333333333333104e-01
3.033333333333332882e-01
1.433333333333333404e-01
1.136666666666666714e+00
2.733333333333333171e-01
1.199999999999999956e-01
2.466666666666666730e-01
3.333333333333333547e-03
8.699999999999999956e-01
4.133333333333333304e-01
2.330000000000000071e+00
8.966666666666665009e-01
1.566666666666666652e+00
2.033333333333333659e-01
7.966666666666667451e-01
3.300000000000000155e-01
2.299999999999999822e-01
9.333333333333333759e-02
5.333333333333333676e-02
1.633333333333333304e-01
1.466666666666666952e-01
4.000000000000000083e-02
8.666666666666666963e-02
0.000000000000000000e+00
7.166666666666666741e-01
3.666666666666666685e-02
2.666666666666666838e-02
1.000000000000000021e-02
1.166666666666666546e-01
1.866666666666666752e-01
8.666666666666666963e-02
0.000000000000000000e+00
1.733333333333333393e-01
2.666666666666666838e-02
2.333333333333333093e-02
3.899999999999999578e-01
1.333333333333333419e-02
2.000000000000000389e-01
6.333333333333333870e-02
1.116666666666666918e+00
2.733333333333333171e-01
2.133333333333332915e-01
1.110000000000000098e+00
7.433333333333332904e-01
3.200000000000000067e-01
9.999999999999999167e-02
1.000000000000000021e-02
1.333333333333333419e-02
4.266666666666665830e-01
7.666666666666666075e-02
0.000000000000000000e+00
6.333333333333333870e-02
6.633333333333333304e-01
6.666666666666666574e-02
7.966666666666667451e-01
1.206666666666666776e+00
2.266666666666666552e-01
3.699999999999999400e-01
1.000000000000000194e-01
9.066666666666666208e-01
1.966666666666666841e-01
3.233333333333333059e-01
6.333333333333333870e-02
1.000000000000000021e-02
4.466666666666667118e-01
3.500000000000000333e-01
3.766666666666666496e-01
