9.499999999999998446e-01
9.266666666666666385e-01
4.099999999999999756e-01
2.899999999999999800e-01
1.366666666666666863e-01
1.400000000000000133e-01
1.700000000000000122e-01
4.333333333333333481e-02
3.333333333333333148e-01
4.000000000000000083e-02
4.400000000000000022e-01
2.466666666666666730e-01
4.399999999999999467e-01
1.466666666666666397e-01
4.866666666666666363e-01
4.333333333333333481e-02
1.099999999999999867e-01
1.166666666666666546e-01
2.199999999999999734e-01
2.633333333333333637e-01
5.333333333333333676e-02
1.133333333333333276e-01
0.000000000000000000e+00
4.333333333333333481e-02
2.766666666666666718e-01
3.200000000000000067e-01
2.333333333333333440e-02
6.666666666666666574e-02
2.766666666666666718e-01
8.666666666666666963e-02
7.666666666666667462e-02
4.166666666666666852e-01
1.066666666666666735e-01
9.999999999999999167e-02
2.633333333333333637e-01
3.099999999999999978e-01
7.133333333333332638e-01
8.000000000000000167e-02
4.399999999999999467e-01
0.000000000000000000e+00
4.633333333333333748e-01
1.983333333333333171e+00
9.666666666666667851e-02
2.766666666666666718e-01
1.000000000000000021e-02
3.566666666666666319e-01
4.666666666666666879e-02
1.266666666666666774e-01
3.699999999999999400e-01
2.799999999999999711e-01
4.500000000000000111e-01
8.333333333333332871e-02
1.066666666666666735e-01
2.999999999999999889e-02
1.600000000000000033e-01
3.666666666666666685e-02
9.666666666666667851e-02
3.333333333333333547e-03
1.000000000000000021e-02
9.666666666666666463e-02
2.999999999999999889e-01
3.333333333333333547e-03
4.266666666666666941e-01
6.666666666666667095e-03
1.016666666666666607e+00
1.199999999999999956e-01
2.700000000000000178e-01
4.266666666666666941e-01
0.000000000000000000e+00
1.666666666666666644e-02
1.466666666666666952e-01
0.000000000000000000e+00
2.299999999999999822e-01
7.666666666666666075e-02
1.666666666666666644e-02
1.766666666666666663e-01
2.333333333333333093e-01
2.099999999999999922e-01
1.410000000000000142e+00
2.133333333333333470e-01
2.466666666666666730e-01
1.700000000000000122e-01
2.933333333333332793e-01
5.666666666666666380e-02
3.666666666666667379e-02
2.700000000000000178e-01
9.999999999999999167e-02
4.366666666666667029e-01
0.000000000000000000e+00
0.000000000000000000e+00
6.833333333333332371e-01
2.766666666666666718e-01
5.999999999999999778e-02
1.866666666666666474e-01
2.299999999999999822e-01
3.666666666666666685e-02
1.100000000000000006e-01
7.666666666666667462e-02
9.666666666666667851e-02
1.223333333333333384e+00
5.666666666666667074e-02
3.433333333333333237e-01
1.080000000000000071e+00
3.866666666666666585e-01
2.566666666666666541e-01
1.050000000000000044e+00
1.166666666666666546e-01
1.666666666666666644e-02
3.733333333333333504e-01
1.443333333333333357e+00
0.000000000000000000e+00
4.599999999999999645e-01
2.000000000000000042e-02
0.000000000000000000e+00
1.133333333333333276e-01
1.333333333333333315e-01
7.099999999999999645e-01
4.066666666666666763e-01
8.333333333333332871e-02
1.900000000000000300e-01
4.166666666666666852e-01
2.933333333333333903e-01
4.199999999999999845e-01
6.499999999999999112e-01
8.000000000000000167e-02
5.666666666666666380e-02
7.299999999999999822e-01
1.666666666666666574e-01
2.666666666666666630e-01
2.033333333333333381e-01
1.033333333333333326e-01
1.000000000000000021e-02
3.933333333333333681e-01
0.000000000000000000e+00
0.000000000000000000e+00
8.333333333333332871e-02
3.033333333333332882e-01
5.266666666666667274e-01
1.000000000000000021e-02
5.833333333333333703e-01
9.333333333333333759e-02
2.200000000000000011e-01
8.199999999999999512e-01
1.333333333333333419e-02
4.833333333333333370e-01
2.633333333333333637e-01
4.933333333333333459e-01
2.233333333333333004e-01
8.199999999999999512e-01
1.000000000000000021e-02
9.000000000000001055e-02
1.133333333333333276e-01
1.633333333333333304e-01
8.000000000000000167e-02
9.000000000000001055e-02
2.533333333333333548e-01
3.333333333333333287e-02
1.833333333333333481e-01
4.700000000000000289e-01
1.633333333333333304e-01
1.133333333333333276e-01
4.466666666666666008e-01
9.666666666666667851e-02
3.166666666666667074e-01
7.333333333333333370e-02
1.633333333333333304e-01
8.000000000000000167e-02
9.999999999999999167e-02
3.666666666666666685e-02
5.599999999999999423e-01
6.666666666666667095e-03
6.666666666666667095e-03
3.533333333333333326e-01
4.899999999999999356e-01
4.333333333333333481e-01
1.866666666666666752e-01
1.059999999999999831e+00
1.233333333333333365e-01
0.000000000000000000e+00
5.500000000000000444e-01
0.000000000000000000e+00
1.666666666666666574e-01
5.666666666666667074e-02
5.333333333333333676e-02
2.000000000000000042e-02
1.499999999999999944e-01
9.666666666666667851e-02
1.366666666666666863e-01
1.666666666666666574e-01
8.666666666666666963e-02
1.000000000000000021e-02
1.133333333333333276e-01
1.033333333333333326e-01
1.266666666666666774e-01
4.000000000000000083e-02
7.233333333333332726e-01
4.666666666666666879e-02
2.000000000000000042e-02
3.966666666666666674e-01
2.633333333333333637e-01
1.263333333333333419e+00
1.266666666666666774e-01
3.999999999999999667e-01
5.266666666666667274e-01
2.666666666666666630e-01
0.000000000000000000e+00
1.113333333333333286e+00
3.166666666666666519e-01
6.666666666666667095e-03
1.533333333333333215e-01
1.000000000000000021e-02
3.733333333333333504e-01
6.333333333333333870e-02
9.666666666666667851e-02
1.700000000000000122e-01
0.000000000000000000e+00
1.066666666666666735e-01
3.033333333333333437e-01
2.266666666666666829e-01
4.333333333333333481e-02
3.433333333333332682e-01
2.500000000000000000e-01
1.266666666666666774e-01
1.166666666666666546e-01
9.333333333333333759e-02
2.033333333333333381e-01
2.866666666666666807e-01
5.333333333333333676e-02
1.999999999999999833e-01
2.299999999999999822e-01
2.066666666666666652e-01
1.000000000000000021e-02
8.366666666666665586e-01
5.666666666666666519e-01
0.000000000000000000e+00
4.666666666666666879e-02
6.666666666666667095e-03
2.366666666666666641e-01
1.933333333333333570e-01
2.866666666666666807e-01
1.079999999999999849e+00
3.166666666666667074e-01
1.370000000000000107e+00
1.826666666666666439e+00
