1.159999999999999920e+00
6.666666666666666297e-01
2.566666666666666541e-01
1.173333333333333117e+00
3.833333333333333037e-01
1.666666666666666574e-01
2.266666666666666829e-01
2.766666666666666718e-01
7.999999999999999334e-01
1.066666666666666735e-01
5.066666666666667096e-01
8.566666666666665764e-01
4.233333333333333393e-01
1.133333333333333276e-01
6.333333333333333870e-02
1.003333333333333188e+00
3.766666666666666496e-01
5.899999999999999689e-01
1.433333333333333404e-01
3.733333333333333504e-01
7.266666666666666829e-01
1.366666666666666863e-01
1.466666666666666674e-01
3.333333333333333547e-03
1.236666666666666581e+00
1.633333333333333304e-01
6.666666666666667095e-03
1.233333333333333365e-01
3.600000000000000422e-01
1.633333333333333304e-01
1.833333333333333481e-01
5.499999999999999334e-01
5.333333333333333259e-01
3.300000000000000155e-01
5.833333333333333703e-01
3.500000000000000333e-01
3.333333333333333148e-01
1.466666666666666674e-01
1.236666666666666581e+00
1.376666666666666705e+00
2.433333333333333182e-01
1.666666666666666574e-01
1.133333333333333276e-01
1.133333333333333276e-01
1.033333333333333465e-01
2.500000000000000000e-01
4.599999999999999645e-01
1.900000000000000300e-01
1.760000000000000009e+00
9.766666666666665719e-01
