1.416666666666666741e+00
3.733333333333332948e-01
2.733333333333333726e-01
4.299999999999999933e-01
1.440000000000000169e+00
5.233333333333333171e-01
5.499999999999999334e-01
2.733333333333333726e-01
5.833333333333333703e-01
7.766666666666667274e-01
4.099999999999999756e-01
1.466666666666666674e-01
7.666666666666666075e-01
1.213333333333333375e+00
1.600000000000000033e-01
0.000000000000000000e+00
2.066666666666666652e-01
5.200000000000000178e-01
0.000000000000000000e+00
1.066666666666666735e-01
7.099999999999999645e-01
7.333333333333333370e-02
2.999999999999999889e-02
9.899999999999998801e-01
1.700000000000000122e-01
2.333333333333333440e-02
6.333333333333333870e-02
2.333333333333333440e-02
1.000000000000000194e-01
7.600000000000001199e-01
1.383333333333333526e+00
6.333333333333333870e-02
2.533333333333333548e-01
3.333333333333333287e-02
5.666666666666667074e-02
2.000000000000000042e-02
7.000000000000000666e-02
7.000000000000000666e-02
2.733333333333333726e-01
2.299999999999999822e-01
2.999999999999999889e-02
4.033333333333333215e-01
1.300000000000000044e-01
3.433333333333332682e-01
1.333333333333333419e-02
3.300000000000000155e-01
7.400000000000001021e-01
7.000000000000000666e-02
4.666666666666666879e-02
2.866666666666666252e-01
2.633333333333333637e-01
3.833333333333333037e-01
9.333333333333333759e-02
1.366666666666666863e-01
3.133333333333332971e-01
1.733333333333333393e-01
1.376666666666666705e+00
3.066666666666666430e-01
1.333333333333333315e-01
1.099999999999999867e-01
7.633333333333333082e-01
4.999999999999999584e-02
1.666666666666666574e-01
1.476666666666666794e+00
4.866666666666666363e-01
3.333333333333333547e-03
2.833333333333333259e-01
9.266666666666667496e-01
1.566666666666666485e-01
2.333333333333333440e-02
9.100000000000000311e-01
6.666666666666667095e-03
1.899999999999999745e-01
4.199999999999999845e-01
7.666666666666667462e-02
1.063333333333333242e+00
5.366666666666667362e-01
1.066666666666666735e-01
3.333333333333333287e-02
1.266666666666666774e-01
1.073333333333333250e+00
1.196666666666666545e+00
5.000000000000000971e-02
4.266666666666666941e-01
9.766666666666665719e-01
5.133333333333333082e-01
6.800000000000000488e-01
2.616666666666666696e+00
4.299999999999999933e-01
1.633333333333333304e-01
9.200000000000000400e-01
3.533333333333333326e-01
1.799999999999999656e-01
3.300000000000000155e-01
2.833333333333333259e-01
2.299999999999999822e-01
0.000000000000000000e+00
5.133333333333333082e-01
1.236666666666666581e+00
7.533333333333334103e-01
4.566666666666667207e-01
5.966666666666666785e-01
1.833333333333333481e-01
1.133333333333333276e-01
8.000000000000000167e-02
1.033333333333333326e-01
1.666666666666666574e-01
3.566666666666666319e-01
5.100000000000000089e-01
1.570000000000000062e+00
7.000000000000000666e-02
1.156666666666666510e+00
8.466666666666666785e-01
7.700000000000000178e-01
7.733333333333333171e-01
0.000000000000000000e+00
0.000000000000000000e+00
5.066666666666667096e-01
4.233333333333333393e-01
0.000000000000000000e+00
1.333333333333333315e-01
1.766666666666666663e-01
2.999999999999999889e-01
5.000000000000000971e-02
3.733333333333333504e-01
1.366666666666666863e-01
1.446666666666666545e+00
2.999999999999999889e-02
3.533333333333333326e-01
1.356666666666666687e+00
2.666666666666666630e-01
9.000000000000001055e-02
9.833333333333333925e-01
4.466666666666666008e-01
2.433333333333333182e-01
3.500000000000000333e-01
1.399999999999999856e-01
1.626666666666666705e+00
2.666666666666666630e-01
1.300000000000000044e-01
7.833333333333332149e-01
1.966666666666666841e-01
0.000000000000000000e+00
2.999999999999999889e-02
8.666666666666666963e-02
7.999999999999999334e-01
0.000000000000000000e+00
5.833333333333333703e-01
1.103333333333333277e+00
3.333333333333333547e-03
4.766666666666666274e-01
5.533333333333333437e-01
8.333333333333332871e-02
7.099999999999999645e-01
1.480000000000000204e+00
1.106666666666666687e+00
6.666666666666666574e-02
2.066666666666666652e-01
3.700000000000000622e+00
