1.023333333333333428e+00
1.300000000000000044e-01
1.533333333333333215e-01
1.966666666666666841e-01
4.333333333333333481e-02
2.066666666666666929e-01
5.333333333333333676e-02
3.666666666666667379e-02
8.000000000000000167e-02
3.333333333333333287e-02
1.000000000000000021e-02
1.000000000000000021e-02
3.666666666666667379e-02
1.000000000000000021e-02
0.000000000000000000e+00
2.000000000000000042e-02
4.000000000000000083e-02
3.666666666666667379e-02
4.000000000000000083e-02
2.333333333333333440e-02
2.933333333333333348e-01
8.000000000000000167e-02
1.533333333333333215e-01
2.600000000000000089e-01
1.139999999999999902e+00
8.366666666666665586e-01
9.500000000000000666e-01
7.466666666666667007e-01
3.410000000000000142e+00
2.433333333333333126e+00
