1.243333333333333401e+00
1.466666666666666674e-01
6.566666666666667318e-01
2.666666666666666838e-02
2.666666666666666838e-02
0.000000000000000000e+00
1.000000000000000021e-02
0.000000000000000000e+00
7.799999999999999156e-01
6.266666666666665941e-01
0.000000000000000000e+00
6.199999999999999956e-01
0.000000000000000000e+00
5.666666666666667074e-02
9.333333333333333759e-02
1.033333333333333326e-01
1.166666666666666546e-01
2.333333333333333440e-02
7.933333333333333348e-01
1.666666666666666644e-02
1.433333333333333404e-01
6.333333333333333870e-02
9.999999999999999167e-02
1.833333333333333481e-01
2.999999999999999889e-01
9.000000000000001055e-02
1.533333333333333215e-01
2.666666666666666838e-02
0.000000000000000000e+00
6.999999999999999278e-02
1.000000000000000021e-02
1.000000000000000021e-02
7.333333333333333370e-02
1.033333333333333326e-01
2.666666666666666838e-02
5.666666666666667074e-02
9.000000000000001055e-02
2.999999999999999889e-02
0.000000000000000000e+00
9.999999999999999167e-02
3.333333333333333547e-03
0.000000000000000000e+00
1.000000000000000021e-02
7.666666666666667462e-02
6.666666666666667095e-03
1.120000000000000107e+00
2.999999999999999889e-02
1.233333333333333365e-01
6.333333333333333870e-02
1.096666666666666679e+00
8.666666666666666963e-02
8.666666666666666963e-02
2.733333333333333726e-01
2.700000000000000178e-01
5.666666666666667074e-02
2.899999999999999800e-01
3.333333333333333287e-02
9.999999999999999167e-02
7.333333333333334758e-02
1.233333333333333393e+00
4.666666666666666186e-02
4.000000000000000083e-02
2.999999999999999889e-02
6.666666666666666574e-02
2.433333333333333182e-01
8.666666666666666963e-02
1.669999999999999929e+00
1.333333333333333315e-01
5.866666666666665586e-01
4.666666666666666879e-02
8.466666666666666785e-01
6.500000000000000222e-01
7.666666666666667462e-02
1.100000000000000006e-01
5.333333333333333676e-02
5.933333333333332682e-01
4.000000000000000083e-02
6.033333333333333881e-01
1.233333333333333365e-01
2.233333333333333004e-01
1.000000000000000021e-02
1.456666666666666776e+00
4.666666666666666879e-02
6.999999999999999278e-02
4.966666666666666452e-01
1.966666666666666841e-01
8.933333333333334236e-01
8.866666666666667140e-01
4.666666666666666879e-02
1.133333333333333276e-01
6.666666666666666574e-02
9.999999999999999167e-02
1.000000000000000021e-02
1.066666666666666735e-01
9.333333333333333759e-02
7.333333333333333370e-02
7.333333333333333370e-02
1.333333333333333419e-02
9.333333333333333759e-02
1.333333333333333419e-02
0.000000000000000000e+00
1.666666666666666644e-02
2.500000000000000000e-01
2.166666666666666463e-01
2.333333333333333440e-02
3.666666666666667379e-02
1.099999999999999867e-01
9.433333333333333570e-01
1.330000000000000071e+00
1.453333333333333366e+00
1.046666666666666634e+00
5.866666666666666696e-01
2.406666666666666732e+00
1.533333333333333215e-01
1.233333333333333365e-01
2.000000000000000042e-02
9.333333333333333759e-02
3.666666666666666685e-02
9.700000000000000844e-01
1.673333333333333117e+00
4.666666666666666879e-02
8.366666666666665586e-01
4.333333333333333481e-02
8.333333333333332871e-02
9.333333333333333759e-02
5.333333333333333676e-02
7.333333333333333370e-02
2.999999999999999889e-02
8.266666666666666607e-01
9.000000000000001055e-02
5.666666666666666380e-02
1.400000000000000133e-01
2.600000000000000089e-01
3.966666666666666674e-01
7.999999999999999334e-01
3.500000000000000333e-01
5.299999999999999156e-01
1.166666666666666546e-01
1.333333333333333315e-01
2.666666666666666838e-02
1.333333333333333315e-01
2.099999999999999922e-01
1.566666666666666485e-01
1.499999999999999944e-01
4.333333333333333481e-02
2.000000000000000042e-02
1.466666666666666674e-01
7.333333333333333370e-02
7.666666666666666075e-02
9.666666666666666463e-02
9.000000000000001055e-02
1.666666666666666644e-02
1.266666666666666774e-01
1.700000000000000122e-01
1.633333333333333304e-01
1.163333333333333330e+00
7.666666666666666075e-02
2.333333333333333093e-01
8.999999999999998279e-02
1.313333333333333464e+00
1.333333333333333315e-01
5.999999999999999778e-02
3.200000000000000067e-01
1.633333333333333304e-01
1.566666666666666485e-01
7.233333333333332726e-01
5.666666666666667074e-02
2.633333333333333637e-01
3.500000000000000333e-01
1.526666666666666616e+00
2.300000000000000100e-01
1.466666666666666397e-01
1.000000000000000194e-01
3.666666666666667379e-02
1.400000000000000133e-01
1.000000000000000194e-01
7.766666666666667274e-01
6.666666666666666574e-02
7.433333333333332904e-01
1.600000000000000033e-01
1.043333333333333224e+00
3.466666666666666785e-01
1.600000000000000033e-01
1.666666666666666574e-01
1.433333333333333404e-01
6.766666666666666385e-01
2.533333333333333548e-01
1.960000000000000187e+00
1.933333333333333570e-01
8.700000000000001066e-01
3.333333333333333287e-02
1.923333333333333117e+00
3.000000000000000444e-01
5.233333333333333171e-01
1.400000000000000133e-01
5.033333333333332993e-01
1.036666666666666625e+00
3.733333333333332948e-01
3.566666666666666319e-01
1.233333333333333365e-01
4.299999999999999933e-01
1.066666666666666458e-01
1.833333333333333204e-01
2.800000000000000266e-01
3.333333333333333287e-02
1.033333333333333326e-01
2.666666666666666630e-01
1.700000000000000122e-01
6.833333333333332371e-01
2.466666666666666730e-01
1.233333333333333365e-01
9.999999999999999167e-02
2.833333333333333259e-01
4.466666666666667118e-01
8.000000000000000167e-02
4.133333333333333304e-01
1.063333333333333464e+00
1.493333333333333401e+00
2.073333333333333250e+00
2.703333333333333144e+00
5.699999999999999512e-01
1.033333333333333326e-01
8.133333333333333526e-01
8.000000000000000167e-02
8.333333333333332871e-02
6.333333333333333870e-02
5.333333333333333676e-02
9.000000000000001055e-02
7.299999999999999822e-01
2.066666666666666874e+00
2.433333333333333182e-01
4.166666666666666852e-01
2.666666666666666630e-01
7.000000000000000666e-02
2.766666666666666718e-01
2.900000000000000355e-01
4.899999999999999911e-01
6.333333333333333870e-02
9.000000000000000222e-01
4.333333333333333481e-02
1.000000000000000021e-02
0.000000000000000000e+00
6.366666666666667140e-01
4.233333333333333393e-01
3.300000000000000155e-01
9.333333333333333759e-02
8.900000000000000133e-01
1.766666666666666663e-01
1.333333333333333419e-02
6.666666666666666574e-02
2.000000000000000042e-02
8.333333333333332871e-02
4.666666666666666879e-02
2.333333333333333440e-02
1.366666666666666585e-01
1.566666666666666485e-01
1.566666666666666485e-01
1.499999999999999944e-01
1.166666666666666546e-01
5.533333333333332327e-01
4.999999999999999584e-02
5.666666666666667074e-02
8.000000000000000167e-02
1.133333333333333415e-01
1.633333333333333304e-01
6.766666666666666385e-01
1.166666666666666546e-01
2.199999999999999734e-01
1.266666666666666774e-01
9.066666666666666208e-01
1.333333333333333419e-02
2.333333333333333440e-02
3.800000000000000600e-01
3.666666666666666963e-01
8.666666666666666963e-02
2.199999999999999734e-01
4.000000000000000083e-02
2.233333333333333004e-01
2.166666666666666741e-01
1.263333333333333419e+00
7.000000000000000666e-02
2.000000000000000042e-02
5.666666666666667074e-02
2.666666666666666838e-02
1.466666666666666674e-01
9.333333333333333759e-02
1.520000000000000240e+00
1.400000000000000133e-01
9.533333333333332549e-01
1.366666666666666863e-01
3.800000000000000600e-01
1.496666666666666812e+00
1.999999999999999833e-01
5.833333333333333703e-01
8.333333333333332871e-02
1.423333333333333561e+00
2.333333333333333648e-01
1.193333333333333357e+00
7.000000000000000666e-02
5.833333333333333703e-01
1.666666666666666574e-01
1.673333333333333561e+00
7.333333333333333370e-02
1.133333333333333415e-01
6.099999999999999867e-01
2.766666666666666718e-01
1.030000000000000027e+00
8.433333333333333792e-01
3.066666666666666985e-01
1.300000000000000044e-01
5.999999999999999778e-02
3.333333333333333547e-03
5.333333333333333676e-02
7.333333333333333370e-02
5.333333333333333676e-02
5.999999999999999778e-02
2.333333333333333093e-01
1.243333333333333401e+00
5.000000000000000000e-01
0.000000000000000000e+00
1.533333333333333215e-01
5.000000000000000971e-02
7.933333333333333348e-01
6.366666666666667140e-01
1.433333333333333404e-01
1.233333333333333365e-01
5.999999999999999778e-02
1.696666666666666545e+00
5.699999999999999512e-01
1.110000000000000098e+00
