3.533333333333333326e-01
1.990000000000000213e+00
3.666666666666667379e-02
1.066666666666666735e-01
3.333333333333333547e-03
5.666666666666667074e-02
7.733333333333333171e-01
5.666666666666666380e-02
1.999999999999999833e-01
1.283333333333333437e+00
1.333333333333333419e-02
1.333333333333333419e-02
3.666666666666666685e-02
3.833333333333333037e-01
2.733333333333333726e-01
0.000000000000000000e+00
2.099999999999999922e-01
1.000000000000000194e-01
1.033333333333333465e-01
1.666666666666666574e-01
1.239999999999999991e+00
1.066666666666666735e-01
0.000000000000000000e+00
8.333333333333332871e-02
4.766666666666666274e-01
0.000000000000000000e+00
0.000000000000000000e+00
2.666666666666666838e-02
4.000000000000000083e-02
0.000000000000000000e+00
4.099999999999999756e-01
1.013333333333333197e+00
1.866666666666666474e-01
2.000000000000000042e-02
4.000000000000000083e-02
2.299999999999999822e-01
1.033333333333333326e-01
8.133333333333333526e-01
8.300000000000000711e-01
6.333333333333333870e-02
1.453333333333333366e+00
4.533333333333333659e-01
9.999999999999999167e-02
1.239999999999999991e+00
3.333333333333333148e-01
8.333333333333332871e-02
2.666666666666666630e-01
2.500000000000000000e-01
5.666666666666667074e-02
1.400000000000000133e-01
2.033333333333333381e-01
2.399999999999999911e-01
1.833333333333333481e-01
1.466666666666666397e-01
7.333333333333333370e-02
1.000000000000000194e-01
1.000000000000000021e-02
4.333333333333333481e-02
0.000000000000000000e+00
3.333333333333333547e-03
1.033333333333333326e-01
6.333333333333333870e-02
0.000000000000000000e+00
3.033333333333332882e-01
1.666666666666666644e-02
0.000000000000000000e+00
5.400000000000000355e-01
8.066666666666666430e-01
4.000000000000000083e-02
1.333333333333333419e-02
6.666666666666666574e-02
7.600000000000001199e-01
3.333333333333333547e-03
1.000000000000000021e-02
1.333333333333333419e-02
1.333333333333333419e-02
1.000000000000000021e-02
2.666666666666666838e-02
3.466666666666666785e-01
9.333333333333333759e-02
9.333333333333333759e-02
2.166666666666666741e-01
5.933333333333333792e-01
9.666666666666666463e-02
1.839999999999999858e+00
2.299999999999999822e-01
7.333333333333333370e-02
1.499999999999999944e-01
1.000000000000000194e-01
4.466666666666666008e-01
6.300000000000000044e-01
3.333333333333333287e-02
3.300000000000000155e-01
3.799999999999999489e-01
6.666666666666667095e-03
9.000000000000001055e-02
3.699999999999999400e-01
2.700000000000000178e-01
0.000000000000000000e+00
7.000000000000000666e-01
3.666666666666666685e-02
2.966666666666666341e-01
9.999999999999999167e-02
5.799999999999999600e-01
5.333333333333333676e-02
6.366666666666667140e-01
1.096666666666666679e+00
5.000000000000000971e-02
1.666666666666666644e-02
5.666666666666667074e-02
2.000000000000000042e-02
1.066666666666666735e-01
0.000000000000000000e+00
1.766666666666666663e-01
7.333333333333333370e-02
1.216666666666666785e+00
9.000000000000001055e-02
5.266666666666667274e-01
1.219999999999999973e+00
9.066666666666666208e-01
4.333333333333333481e-02
1.666666666666666574e-01
3.433333333333333237e-01
8.266666666666667718e-01
1.266666666666666774e-01
2.466666666666666730e-01
4.366666666666667029e-01
6.999999999999999278e-02
8.266666666666667718e-01
1.366666666666666863e-01
1.433333333333333404e-01
2.700000000000000178e-01
1.113333333333333286e+00
2.966666666666666896e-01
1.900000000000000300e-01
4.899999999999999911e-01
1.280000000000000027e+00
