6.033333333333332771e-01
5.266666666666666163e-01
1.520000000000000240e+00
1.106666666666666687e+00
2.209999999999999964e+00
2.066666666666666652e-01
1.400000000000000133e+00
1.199999999999999956e+00
1.699999999999999956e+00
2.033333333333333381e-01
9.399999999999999467e-01
3.166666666666666519e-01
4.833333333333333370e-01
4.666666666666666879e-02
6.533333333333333215e-01
6.633333333333333304e-01
7.699999999999999067e-01
2.066666666666666652e-01
1.696666666666666545e+00
1.699999999999999956e+00
5.333333333333333676e-02
2.999999999999999889e-01
7.400000000000001021e-01
5.933333333333332682e-01
2.149999999999999911e+00
