5.600000000000000533e-01
7.166666666666667851e-01
2.199999999999999734e-01
2.636666666666666714e+00
1.629999999999999893e+00
3.666666666666666963e-01
1.523333333333333428e+00
5.200000000000000178e-01
1.173333333333333339e+00
1.030000000000000027e+00
8.699999999999999956e-01
3.833333333333333037e-01
4.000000000000000083e-02
1.433333333333333404e-01
1.800000000000000211e-01
2.600000000000000089e-01
3.333333333333333547e-03
6.366666666666667140e-01
6.333333333333333037e-01
3.200000000000000067e-01
1.739999999999999991e+00
2.053333333333333233e+00
2.200000000000000011e-01
7.266666666666666829e-01
1.063333333333333464e+00
4.666666666666666186e-01
2.666666666666666838e-02
3.333333333333333287e-02
2.333333333333333440e-02
7.200000000000000844e-01
8.133333333333334636e-01
5.600000000000000533e-01
0.000000000000000000e+00
5.566666666666667540e-01
2.299999999999999822e-01
3.033333333333333992e-01
1.293333333333333224e+00
4.299999999999999933e-01
3.733333333333332948e-01
3.300000000000000155e-01
1.246666666666666812e+00
1.199999999999999956e+00
1.316666666666666652e+00
2.526666666666666838e+00
1.836666666666666670e+00
