2.999999999999999889e-02
3.933333333333333681e-01
3.333333333333333287e-02
1.633333333333333304e-01
1.413333333333333330e+00
1.159999999999999920e+00
1.000000000000000021e-02
6.333333333333333870e-02
1.463333333333333597e+00
4.999999999999999584e-02
3.333333333333333547e-03
9.100000000000000311e-01
4.000000000000000777e-01
3.799999999999999489e-01
4.000000000000000083e-02
1.333333333333333315e-01
5.366666666666667362e-01
1.366666666666666863e-01
9.333333333333332371e-02
1.099999999999999867e-01
2.766666666666666718e-01
6.666666666666667095e-03
6.633333333333334414e-01
1.733333333333333393e-01
1.999999999999999833e-01
5.999999999999999778e-02
1.333333333333333315e-01
9.899999999999998801e-01
7.333333333333333370e-02
9.666666666666666463e-02
4.366666666666667029e-01
4.599999999999999645e-01
0.000000000000000000e+00
4.266666666666666941e-01
1.066666666666666735e-01
6.999999999999999278e-02
2.000000000000000042e-02
9.233333333333333393e-01
1.333333333333333419e-02
7.666666666666667462e-02
1.266666666666666774e-01
2.166666666666666741e-01
1.000000000000000021e-02
3.333333333333333547e-03
6.666666666666667095e-03
2.999999999999999889e-02
9.666666666666667851e-02
0.000000000000000000e+00
3.166666666666666519e-01
9.333333333333333759e-02
1.000000000000000021e-02
4.866666666666666363e-01
1.199999999999999956e-01
8.333333333333332871e-02
1.543333333333333224e+00
7.666666666666667462e-02
1.866666666666666752e-01
3.899999999999999578e-01
9.933333333333332904e-01
2.033333333333333381e-01
3.666666666666667379e-02
5.333333333333333676e-02
2.533333333333333548e-01
1.233333333333333365e-01
1.633333333333333304e-01
6.333333333333333870e-02
2.333333333333333093e-01
7.333333333333333370e-02
1.133333333333333276e-01
1.966666666666666563e-01
3.666666666666666685e-02
1.366666666666666863e-01
3.333333333333333287e-02
1.629999999999999893e+00
1.333333333333333419e-02
2.299999999999999822e-01
8.900000000000000133e-01
5.333333333333333676e-02
1.426666666666666750e+00
5.666666666666667629e-01
5.266666666666667274e-01
4.066666666666666763e-01
4.000000000000000083e-02
8.599999999999999867e-01
9.133333333333332194e-01
4.799999999999999822e-01
2.733333333333333726e-01
2.966666666666666896e-01
2.533333333333333548e-01
6.999999999999999278e-02
2.500000000000000000e-01
0.000000000000000000e+00
1.333333333333333419e-02
0.000000000000000000e+00
0.000000000000000000e+00
0.000000000000000000e+00
3.833333333333333037e-01
1.199999999999999956e-01
1.523333333333333206e+00
1.433333333333333404e-01
4.299999999999999933e-01
1.166666666666666546e-01
3.066666666666666985e-01
3.533333333333333326e-01
1.000000000000000194e-01
1.666666666666666644e-02
0.000000000000000000e+00
0.000000000000000000e+00
6.666666666666667095e-03
3.633333333333332860e-01
1.466666666666666952e-01
1.866666666666666752e-01
2.733333333333333726e-01
1.243333333333333401e+00
0.000000000000000000e+00
5.866666666666667806e-01
4.000000000000000083e-02
2.099999999999999922e-01
3.600000000000000422e-01
1.066666666666666735e-01
2.666666666666666630e-01
1.833333333333333481e-01
0.000000000000000000e+00
1.333333333333333419e-02
2.399999999999999911e-01
1.633333333333333304e-01
3.333333333333333287e-02
1.300000000000000044e-01
3.733333333333333504e-01
4.500000000000000111e-01
1.366666666666666863e-01
6.666666666666666574e-02
3.333333333333333547e-03
7.966666666666667451e-01
1.193333333333333357e+00
5.666666666666667074e-02
0.000000000000000000e+00
4.366666666666667029e-01
2.633333333333333637e-01
6.900000000000000577e-01
1.966666666666666841e-01
1.466666666666666674e-01
4.699999999999999734e-01
9.333333333333333759e-02
0.000000000000000000e+00
6.666666666666667095e-03
1.006666666666666599e+00
2.033333333333333659e-01
1.129999999999999893e+00
8.666666666666666963e-02
3.533333333333333326e-01
4.099999999999999756e-01
0.000000000000000000e+00
7.000000000000000666e-02
3.333333333333333287e-02
8.000000000000000167e-02
6.666666666666666574e-02
0.000000000000000000e+00
4.099999999999999756e-01
1.833333333333333481e-01
1.466666666666666674e-01
2.366666666666666641e-01
1.666666666666666644e-02
8.666666666666666963e-02
8.933333333333334236e-01
9.966666666666667007e-01
0.000000000000000000e+00
4.333333333333333481e-02
9.599999999999999645e-01
4.333333333333333481e-02
1.000000000000000194e-01
1.186666666666666758e+00
2.866666666666666807e-01
4.133333333333332749e-01
1.000000000000000194e-01
1.566666666666666485e-01
2.366666666666666641e-01
3.400000000000000244e-01
7.000000000000000666e-02
1.433333333333333404e-01
1.499999999999999944e-01
0.000000000000000000e+00
4.433333333333333570e-01
2.233333333333333004e-01
2.366666666666666641e-01
0.000000000000000000e+00
1.233333333333333365e-01
7.733333333333333171e-01
1.666666666666666644e-02
9.666666666666666463e-02
2.066666666666666652e-01
2.999999999999999889e-01
0.000000000000000000e+00
5.499999999999999334e-01
2.500000000000000000e-01
1.666666666666666644e-02
0.000000000000000000e+00
6.233333333333334059e-01
8.000000000000000167e-02
1.333333333333333315e-01
1.866666666666666752e-01
2.666666666666666838e-02
0.000000000000000000e+00
2.333333333333333093e-02
0.000000000000000000e+00
0.000000000000000000e+00
2.666666666666666838e-02
0.000000000000000000e+00
5.566666666666666430e-01
2.899999999999999800e-01
4.000000000000000083e-02
2.799999999999999711e-01
3.099999999999999978e-01
1.233333333333333365e-01
1.796666666666666856e+00
1.000000000000000021e-02
4.066666666666667318e-01
2.600000000000000089e-01
9.366666666666666474e-01
2.199999999999999734e-01
1.000000000000000021e-02
1.700000000000000122e-01
3.533333333333333326e-01
2.633333333333333637e-01
8.666666666666666963e-02
8.333333333333332871e-02
1.566666666666666485e-01
9.666666666666666463e-02
0.000000000000000000e+00
0.000000000000000000e+00
1.166666666666666546e-01
6.333333333333333870e-02
1.000000000000000021e-02
1.443333333333333357e+00
5.333333333333333676e-02
1.800000000000000211e-01
1.116666666666666696e+00
4.000000000000000083e-02
1.586666666666666670e+00
5.133333333333333082e-01
9.333333333333333759e-02
5.466666666666667451e-01
4.000000000000000083e-02
2.643333333333333091e+00
4.433333333333333570e-01
2.833333333333333814e-01
3.333333333333333287e-02
2.566666666666666541e-01
7.000000000000000666e-02
2.666666666666666838e-02
7.266666666666665719e-01
0.000000000000000000e+00
3.333333333333333547e-03
6.666666666666667095e-03
0.000000000000000000e+00
0.000000000000000000e+00
8.466666666666666785e-01
2.766666666666666718e-01
1.966666666666666785e+00
3.333333333333333547e-03
2.866666666666666807e-01
3.666666666666667379e-02
4.000000000000000083e-02
2.666666666666666630e-01
2.666666666666666838e-02
0.000000000000000000e+00
0.000000000000000000e+00
0.000000000000000000e+00
0.000000000000000000e+00
1.100000000000000006e-01
2.333333333333333093e-02
1.266666666666666774e-01
2.333333333333333440e-02
5.633333333333333526e-01
0.000000000000000000e+00
2.833333333333333259e-01
3.666666666666666685e-02
1.166666666666666546e-01
4.766666666666666274e-01
2.333333333333333093e-02
4.000000000000000083e-02
9.000000000000001055e-02
0.000000000000000000e+00
0.000000000000000000e+00
7.333333333333333370e-02
9.333333333333333759e-02
7.000000000000000666e-02
1.433333333333333404e-01
2.766666666666666718e-01
4.199999999999999845e-01
8.666666666666666963e-02
3.666666666666667379e-02
0.000000000000000000e+00
8.199999999999999512e-01
4.833333333333333370e-01
3.000000000000000236e-02
1.333333333333333419e-02
1.566666666666666763e-01
1.900000000000000300e-01
8.900000000000000133e-01
4.533333333333333659e-01
1.733333333333333393e-01
4.566666666666666097e-01
1.366666666666666863e-01
4.000000000000000083e-02
2.333333333333333093e-01
7.266666666666665719e-01
1.833333333333333481e-01
1.120000000000000107e+00
1.100000000000000006e-01
3.699999999999999400e-01
4.166666666666666852e-01
0.000000000000000000e+00
1.666666666666666574e-01
4.000000000000000083e-02
1.600000000000000033e-01
6.666666666666666574e-02
2.899999999999999800e-01
6.199999999999999956e-01
1.243333333333333401e+00
