3.066666666666666985e-01
9.999999999999999167e-02
1.000000000000000021e-02
1.000000000000000021e-02
0.000000000000000000e+00
6.666666666666667095e-03
0.000000000000000000e+00
2.500000000000000000e-01
6.366666666666667140e-01
0.000000000000000000e+00
1.000000000000000021e-02
2.999999999999999889e-02
3.233333333333333059e-01
4.433333333333333570e-01
1.899999999999999745e-01
3.733333333333333504e-01
3.966666666666666674e-01
6.199999999999999956e-01
2.033333333333333659e-01
1.209999999999999964e+00
2.123333333333333517e+00
2.566666666666666541e-01
5.100000000000000089e-01
5.133333333333333082e-01
2.500000000000000000e-01
5.333333333333333676e-02
6.000000000000000472e-02
7.666666666666667462e-02
3.666666666666667379e-02
0.000000000000000000e+00
8.233333333333332504e-01
2.399999999999999911e-01
1.666666666666666644e-02
9.533333333333334769e-01
1.613333333333333286e+00
1.666666666666666574e-01
9.633333333333332638e-01
9.333333333333333759e-02
6.333333333333333870e-02
0.000000000000000000e+00
0.000000000000000000e+00
3.333333333333333547e-03
0.000000000000000000e+00
0.000000000000000000e+00
9.333333333333333759e-02
3.333333333333333547e-03
4.266666666666666941e-01
8.399999999999999689e-01
4.166666666666666852e-01
1.046666666666666634e+00
2.833333333333333814e-01
2.066666666666666652e-01
4.666666666666666879e-02
2.566666666666666541e-01
1.433333333333333404e-01
9.799999999999999822e-01
3.733333333333333504e-01
5.999999999999999778e-02
4.533333333333333659e-01
2.166666666666666741e-01
1.433333333333333404e-01
2.566666666666666541e-01
3.133333333333333526e-01
5.333333333333333676e-02
1.553333333333333455e+00
1.433333333333333404e-01
1.066666666666666735e-01
1.333333333333333419e-02
1.459999999999999964e+00
2.066666666666666652e-01
1.700000000000000122e-01
3.833333333333333037e-01
1.400000000000000133e-01
7.666666666666667462e-02
1.300000000000000044e-01
6.333333333333333870e-02
1.173333333333333339e+00
3.033333333333332882e-01
1.199999999999999956e-01
1.000000000000000194e-01
0.000000000000000000e+00
1.033333333333333326e-01
0.000000000000000000e+00
3.333333333333333547e-03
6.733333333333333393e-01
4.166666666666666852e-01
0.000000000000000000e+00
6.000000000000000472e-02
9.433333333333333570e-01
2.500000000000000000e-01
4.000000000000000083e-02
1.333333333333333419e-02
1.066666666666666735e-01
4.199999999999999845e-01
1.066666666666666735e-01
1.666666666666666574e-01
2.299999999999999822e-01
5.000000000000000971e-02
3.099999999999999978e-01
1.516666666666666607e+00
3.266666666666666607e-01
2.000000000000000042e-02
4.566666666666667207e-01
1.733333333333333393e-01
4.666666666666666879e-02
1.333333333333333419e-02
4.333333333333333481e-02
1.333333333333333419e-02
8.666666666666666963e-02
2.633333333333333637e-01
9.666666666666666741e-01
8.333333333333332871e-02
8.233333333333332504e-01
5.133333333333333082e-01
4.733333333333333282e-01
7.333333333333333370e-02
7.000000000000000666e-02
2.266666666666666552e-01
3.866666666666667140e-01
1.533333333333333492e-01
2.533333333333333548e-01
1.910000000000000142e+00
1.110000000000000098e+00
3.666666666666667379e-02
2.000000000000000042e-02
3.233333333333333059e-01
2.933333333333333903e-01
0.000000000000000000e+00
1.016666666666666607e+00
1.790000000000000036e+00
1.276666666666666616e+00
7.666666666666667462e-02
0.000000000000000000e+00
1.900000000000000300e-01
3.933333333333333681e-01
1.600000000000000033e-01
0.000000000000000000e+00
0.000000000000000000e+00
2.000000000000000042e-02
2.199999999999999734e-01
2.366666666666666641e-01
6.366666666666667140e-01
1.666666666666666644e-02
3.133333333333332971e-01
1.513333333333333419e+00
1.066666666666666735e-01
5.233333333333333171e-01
4.400000000000000022e-01
1.000000000000000021e-02
4.533333333333333659e-01
3.800000000000000600e-01
5.300000000000000266e-01
6.666666666666667095e-03
2.299999999999999822e-01
4.700000000000000289e-01
1.333333333333333419e-02
2.000000000000000042e-02
9.999999999999999167e-02
1.770000000000000240e+00
2.766666666666666718e-01
5.000000000000000971e-02
1.963333333333333597e+00
1.250000000000000000e+00
2.466666666666666730e-01
3.666666666666666685e-02
6.666666666666667095e-03
3.166666666666666519e-01
1.900000000000000300e-01
4.199999999999999845e-01
9.100000000000000311e-01
5.433333333333333348e-01
4.566666666666667207e-01
3.333333333333333287e-02
2.999999999999999889e-02
9.066666666666666208e-01
1.700000000000000122e-01
0.000000000000000000e+00
7.666666666666667462e-02
2.099999999999999922e-01
4.866666666666666363e-01
1.766666666666666663e-01
1.290000000000000036e+00
2.080000000000000071e+00
3.119999999999999662e+00
