9.500000000000000666e-01
4.033333333333333215e-01
9.333333333333333759e-02
1.733333333333333393e-01
1.666666666666666574e-01
1.800000000000000211e-01
9.300000000000000488e-01
3.666666666666666685e-02
6.733333333333333393e-01
2.866666666666666807e-01
1.000000000000000021e-02
1.400000000000000133e-01
6.333333333333333870e-02
2.833333333333333259e-01
6.666666666666667095e-03
5.633333333333333526e-01
1.199999999999999956e+00
3.666666666666666963e-01
9.333333333333333759e-02
2.353333333333333499e+00
3.033333333333333215e+00
