7.366666666666666918e-01
2.333333333333333093e-02
3.566666666666666319e-01
1.399999999999999856e-01
2.766666666666666718e-01
2.999999999999999889e-02
2.600000000000000089e-01
1.300000000000000044e-01
2.833333333333333259e-01
1.666666666666666644e-02
1.266666666666666774e-01
4.233333333333333393e-01
1.386666666666666714e+00
3.933333333333333681e-01
4.000000000000000083e-02
3.666666666666667379e-02
4.766666666666667385e-01
9.700000000000000844e-01
1.566666666666666485e-01
7.666666666666666075e-02
9.333333333333333759e-02
2.333333333333333093e-02
1.000000000000000021e-02
6.999999999999998446e-01
2.333333333333333440e-02
5.066666666666667096e-01
0.000000000000000000e+00
6.566666666666667318e-01
3.500000000000000333e-01
5.566666666666666430e-01
5.566666666666666430e-01
2.266666666666666552e-01
9.200000000000000400e-01
3.666666666666667379e-02
6.666666666666666297e-01
1.666666666666666574e-01
4.899999999999999911e-01
6.333333333333333870e-02
2.099999999999999922e-01
2.333333333333333440e-02
2.333333333333333440e-02
1.666666666666666644e-02
3.033333333333332882e-01
6.666666666666667095e-03
4.000000000000000083e-02
2.333333333333333440e-02
7.666666666666667462e-02
0.000000000000000000e+00
5.666666666666666380e-02
7.666666666666667462e-02
2.999999999999999889e-02
1.099999999999999867e-01
1.433333333333333404e-01
1.060000000000000053e+00
1.566666666666666485e-01
0.000000000000000000e+00
1.066666666666666735e-01
1.000000000000000021e-02
1.000000000000000194e-01
0.000000000000000000e+00
2.666666666666666838e-02
5.000000000000000000e-01
5.266666666666667274e-01
1.466666666666666674e-01
1.159999999999999920e+00
1.639999999999999902e+00
2.390000000000000124e+00
1.746666666666666812e+00
6.033333333333332771e-01
9.000000000000001055e-02
1.000000000000000194e-01
1.300000000000000044e-01
2.233333333333333559e-01
4.000000000000000083e-02
5.333333333333333676e-02
3.333333333333333547e-03
2.999999999999999889e-01
1.666666666666666644e-02
2.999999999999999889e-02
1.866666666666666752e-01
1.483333333333333393e+00
1.596666666666666679e+00
1.266666666666666774e-01
3.433333333333333237e-01
4.566666666666667207e-01
1.833333333333333204e-01
1.066666666666666735e-01
1.059999999999999831e+00
2.933333333333333348e-01
1.199999999999999956e-01
8.000000000000000167e-02
8.666666666666665853e-01
0.000000000000000000e+00
6.666666666666667095e-03
5.333333333333333676e-02
6.866666666666666474e-01
0.000000000000000000e+00
4.833333333333333370e-01
3.269999999999999574e+00
1.050000000000000044e+00
9.333333333333333759e-02
2.099999999999999922e-01
1.233333333333333365e-01
1.233333333333333365e-01
7.000000000000000666e-02
2.000000000000000042e-02
4.333333333333333481e-02
2.266666666666666552e-01
3.333333333333333547e-03
1.133333333333333276e-01
5.133333333333333082e-01
1.520000000000000240e+00
2.500000000000000000e-01
2.666666666666666838e-02
5.000000000000000971e-02
3.033333333333332882e-01
7.999999999999999334e-01
1.266666666666666774e-01
1.800000000000000211e-01
1.966666666666666563e-01
1.000000000000000021e-02
0.000000000000000000e+00
1.123333333333333295e+00
4.333333333333333481e-02
3.600000000000000422e-01
1.666666666666666644e-02
6.800000000000000488e-01
2.866666666666666807e-01
5.999999999999999778e-01
4.366666666666667029e-01
4.033333333333333215e-01
8.900000000000000133e-01
4.633333333333333193e-01
5.566666666666666430e-01
1.900000000000000300e-01
5.966666666666666785e-01
2.266666666666666552e-01
1.399999999999999856e-01
2.333333333333333440e-02
9.000000000000001055e-02
2.999999999999999889e-02
1.166666666666666546e-01
2.999999999999999889e-02
4.000000000000000083e-02
2.333333333333333440e-02
1.466666666666666397e-01
1.199999999999999956e-01
0.000000000000000000e+00
1.166666666666666546e-01
2.199999999999999734e-01
3.033333333333333992e-01
5.100000000000000089e-01
2.183333333333333126e+00
1.866666666666666752e-01
0.000000000000000000e+00
1.333333333333333419e-02
0.000000000000000000e+00
2.433333333333333182e-01
3.000000000000000236e-02
1.999999999999999833e-01
9.433333333333333570e-01
2.633333333333333637e-01
1.466666666666666952e-01
1.106666666666666687e+00
1.866666666666666474e+00
2.223333333333333606e+00
2.823333333333333695e+00
7.200000000000000844e-01
1.433333333333333404e-01
4.666666666666666879e-02
1.866666666666666752e-01
1.333333333333333419e-02
0.000000000000000000e+00
3.000000000000000236e-02
4.666666666666666879e-02
1.866666666666666752e-01
6.666666666666667095e-03
1.000000000000000021e-02
2.366666666666666641e-01
8.199999999999999512e-01
8.466666666666666785e-01
3.633333333333333415e-01
1.199999999999999956e-01
1.113333333333333508e+00
8.666666666666666963e-02
2.266666666666666829e-01
3.400000000000000244e-01
1.733333333333333393e-01
1.066666666666666735e-01
1.899999999999999745e-01
1.283333333333333437e+00
3.333333333333333547e-03
3.666666666666666685e-02
0.000000000000000000e+00
4.400000000000000022e-01
6.666666666666667095e-03
2.633333333333333637e-01
1.963333333333333153e+00
