1.426666666666666528e+00
2.466666666666666730e-01
9.100000000000000311e-01
1.866666666666666752e-01
2.899999999999999800e-01
1.666666666666666644e-02
3.233333333333333059e-01
9.999999999999999167e-02
1.666666666666666644e-02
0.000000000000000000e+00
3.666666666666666685e-02
3.333333333333333547e-03
0.000000000000000000e+00
3.666666666666666685e-02
0.000000000000000000e+00
4.000000000000000083e-02
1.499999999999999944e-01
4.000000000000000083e-02
0.000000000000000000e+00
1.766666666666666663e-01
4.333333333333333481e-02
2.399999999999999911e-01
4.000000000000000083e-02
0.000000000000000000e+00
1.333333333333333419e-02
1.000000000000000021e-02
4.333333333333333481e-02
0.000000000000000000e+00
2.466666666666666730e-01
1.733333333333333393e-01
1.566666666666666485e-01
1.133333333333333276e-01
1.033333333333333437e+00
1.499999999999999944e-01
6.000000000000000888e-01
2.666666666666666838e-02
7.666666666666667462e-02
1.266666666666666774e-01
3.333333333333333547e-03
0.000000000000000000e+00
5.000000000000000971e-02
3.333333333333333547e-03
6.666666666666667095e-03
0.000000000000000000e+00
0.000000000000000000e+00
7.666666666666666075e-02
0.000000000000000000e+00
3.333333333333333287e-02
1.000000000000000021e-02
2.999999999999999889e-02
4.000000000000000083e-02
2.666666666666666838e-02
2.333333333333333093e-02
7.666666666666667462e-02
4.000000000000000083e-02
5.000000000000000971e-02
0.000000000000000000e+00
3.666666666666667379e-02
1.333333333333333315e-01
6.333333333333333870e-02
2.000000000000000042e-02
7.200000000000000844e-01
5.666666666666666519e-01
4.333333333333333481e-01
1.466666666666666674e-01
4.666666666666666879e-02
4.333333333333333481e-02
9.999999999999999167e-02
3.133333333333332971e-01
0.000000000000000000e+00
0.000000000000000000e+00
2.000000000000000042e-02
3.333333333333333287e-02
0.000000000000000000e+00
3.333333333333333287e-02
1.666666666666666644e-02
1.000000000000000021e-02
4.000000000000000083e-02
0.000000000000000000e+00
1.000000000000000021e-02
0.000000000000000000e+00
4.000000000000000083e-02
5.999999999999999778e-02
2.000000000000000042e-02
3.333333333333333547e-03
3.666666666666667379e-02
2.766666666666666718e-01
3.333333333333333287e-02
2.133333333333333470e-01
1.766666666666666663e-01
2.566666666666666541e-01
1.530000000000000027e+00
2.333333333333333440e-02
3.333333333333333287e-02
8.333333333333332871e-02
1.333333333333333419e-02
3.333333333333333547e-03
1.333333333333333419e-02
0.000000000000000000e+00
1.000000000000000021e-02
1.099999999999999867e-01
2.000000000000000042e-02
4.333333333333333481e-02
0.000000000000000000e+00
2.999999999999999889e-02
1.333333333333333315e-01
3.666666666666666685e-02
0.000000000000000000e+00
8.666666666666666963e-02
9.666666666666666463e-02
4.000000000000000083e-02
3.666666666666666685e-02
2.533333333333333548e-01
9.333333333333333759e-02
1.666666666666666644e-02
1.666666666666666644e-02
2.633333333333333637e-01
2.666666666666666630e-01
3.333333333333333287e-02
0.000000000000000000e+00
2.133333333333333470e-01
2.600000000000000089e-01
5.666666666666666380e-02
1.066666666666666735e-01
5.000000000000000000e-01
1.110000000000000098e+00
2.366666666666666641e-01
1.133333333333333276e-01
3.433333333333333237e-01
4.000000000000000083e-02
8.333333333333332871e-02
9.666666666666667851e-02
1.499999999999999944e-01
0.000000000000000000e+00
1.050000000000000044e+00
5.666666666666667074e-02
1.400000000000000133e-01
0.000000000000000000e+00
4.000000000000000083e-02
9.333333333333333759e-02
0.000000000000000000e+00
6.666666666666667095e-03
0.000000000000000000e+00
8.333333333333332871e-02
0.000000000000000000e+00
2.333333333333333440e-02
1.066666666666666735e-01
8.666666666666666963e-02
0.000000000000000000e+00
3.333333333333333287e-02
3.000000000000000444e-01
1.566666666666666485e-01
3.266666666666666607e-01
9.333333333333333759e-02
1.333333333333333419e-02
3.466666666666666785e-01
6.000000000000000472e-02
1.066666666666666735e-01
1.333333333333333419e-02
0.000000000000000000e+00
3.333333333333333547e-03
5.000000000000000971e-02
6.666666666666667095e-03
0.000000000000000000e+00
0.000000000000000000e+00
0.000000000000000000e+00
1.000000000000000021e-02
3.333333333333333547e-03
1.000000000000000021e-02
5.000000000000000971e-02
0.000000000000000000e+00
2.333333333333333440e-02
2.999999999999999889e-02
1.333333333333333315e-01
0.000000000000000000e+00
2.299999999999999822e-01
2.266666666666666552e-01
9.999999999999999167e-02
2.433333333333333182e-01
2.700000000000000178e-01
3.333333333333333287e-02
1.966666666666666563e-01
4.066666666666666763e-01
1.499999999999999944e-01
8.233333333333332504e-01
5.599999999999999423e-01
8.133333333333333526e-01
3.599999999999999312e-01
6.433333333333334236e-01
9.499999999999998446e-01
3.066666666666666430e-01
9.999999999999999167e-02
7.666666666666667462e-02
1.666666666666666574e-01
2.233333333333333559e-01
5.666666666666667074e-02
6.666666666666667095e-03
1.300000000000000044e-01
6.566666666666667318e-01
1.333333333333333419e-02
1.366666666666666863e-01
6.000000000000000472e-02
3.333333333333333547e-03
1.233333333333333365e-01
1.183333333333333348e+00
1.833333333333333204e-01
2.096666666666666234e+00
1.196666666666666545e+00
0.000000000000000000e+00
4.333333333333333481e-02
1.866666666666666752e-01
0.000000000000000000e+00
0.000000000000000000e+00
1.066666666666666735e-01
3.333333333333333547e-03
0.000000000000000000e+00
0.000000000000000000e+00
3.033333333333332882e-01
2.666666666666666838e-02
3.333333333333333547e-03
1.666666666666666644e-02
6.199999999999999956e-01
7.666666666666667462e-02
9.999999999999999167e-02
9.000000000000001055e-02
7.333333333333334758e-02
4.666666666666666186e-01
3.666666666666666685e-02
2.333333333333333440e-02
0.000000000000000000e+00
0.000000000000000000e+00
3.333333333333333547e-03
3.333333333333333547e-03
0.000000000000000000e+00
4.999999999999999584e-02
4.666666666666666879e-02
6.000000000000000472e-02
9.433333333333333570e-01
1.513333333333333419e+00
3.533333333333333326e-01
1.033333333333333326e-01
1.366666666666666863e-01
1.300000000000000044e-01
1.000000000000000194e-01
1.300000000000000044e-01
7.333333333333334758e-02
2.699999999999999623e-01
0.000000000000000000e+00
1.000000000000000021e-02
5.300000000000000266e-01
2.133333333333332915e-01
0.000000000000000000e+00
0.000000000000000000e+00
2.333333333333333093e-02
0.000000000000000000e+00
1.100000000000000006e-01
0.000000000000000000e+00
1.666666666666666644e-02
1.000000000000000021e-02
2.999999999999999889e-02
4.999999999999999584e-02
3.333333333333333547e-03
3.166666666666666519e-01
1.133333333333333276e-01
1.633333333333333304e-01
1.033333333333333326e-01
3.200000000000000067e-01
1.466666666666666952e-01
1.133333333333333276e-01
3.333333333333333287e-02
1.400000000000000133e-01
5.666666666666666380e-02
6.333333333333333870e-02
6.666666666666667095e-03
2.399999999999999911e-01
8.900000000000000133e-01
3.133333333333332971e-01
9.333333333333332371e-02
1.366666666666666863e-01
8.366666666666667806e-01
1.400000000000000133e-01
0.000000000000000000e+00
0.000000000000000000e+00
2.333333333333333093e-02
4.666666666666666879e-02
0.000000000000000000e+00
0.000000000000000000e+00
2.000000000000000042e-02
0.000000000000000000e+00
5.999999999999999778e-02
1.333333333333333419e-02
2.666666666666666144e-02
7.666666666666666075e-02
6.333333333333333870e-02
0.000000000000000000e+00
0.000000000000000000e+00
0.000000000000000000e+00
0.000000000000000000e+00
6.366666666666667140e-01
3.666666666666666685e-02
4.633333333333333193e-01
3.333333333333333287e-02
2.733333333333333726e-01
4.666666666666666879e-02
1.100000000000000006e-01
3.333333333333333287e-02
4.333333333333333481e-02
3.333333333333333547e-03
6.666666666666667095e-03
0.000000000000000000e+00
2.333333333333333440e-02
1.000000000000000021e-02
0.000000000000000000e+00
0.000000000000000000e+00
2.666666666666666838e-02
1.000000000000000021e-02
7.333333333333333370e-02
0.000000000000000000e+00
0.000000000000000000e+00
0.000000000000000000e+00
2.266666666666666552e-01
3.333333333333333547e-03
1.000000000000000021e-02
1.233333333333333365e-01
2.266666666666666552e-01
1.066666666666666735e-01
0.000000000000000000e+00
0.000000000000000000e+00
5.666666666666667074e-02
5.999999999999999778e-02
3.666666666666667379e-02
0.000000000000000000e+00
7.500000000000000000e-01
1.199999999999999956e+00
4.099999999999999756e-01
0.000000000000000000e+00
1.266666666666666774e-01
1.566666666666666485e-01
1.233333333333333365e-01
9.333333333333333759e-02
5.799999999999999600e-01
1.999999999999999833e-01
4.000000000000000083e-02
0.000000000000000000e+00
2.500000000000000000e-01
2.333333333333333440e-02
0.000000000000000000e+00
3.333333333333333287e-02
4.133333333333332749e-01
4.666666666666666186e-02
3.333333333333333547e-03
5.999999999999999778e-02
2.766666666666666718e-01
0.000000000000000000e+00
3.666666666666666685e-02
0.000000000000000000e+00
2.999999999999999889e-02
1.666666666666666644e-02
8.000000000000000167e-02
0.000000000000000000e+00
0.000000000000000000e+00
7.666666666666666075e-02
1.533333333333333215e-01
0.000000000000000000e+00
0.000000000000000000e+00
3.600000000000000422e-01
2.999999999999999889e-02
2.000000000000000042e-02
6.533333333333333215e-01
2.600000000000000089e-01
1.766666666666666663e-01
1.966666666666666563e-01
4.199999999999999845e-01
2.833333333333333814e-01
2.866666666666666807e-01
5.233333333333333171e-01
1.633333333333333304e-01
3.066666666666666985e-01
2.766666666666666718e-01
4.033333333333333215e-01
4.000000000000000083e-02
0.000000000000000000e+00
4.666666666666666879e-02
2.366666666666666641e-01
2.000000000000000042e-02
2.333333333333333440e-02
6.666666666666667095e-03
5.333333333333333676e-02
9.466666666666666563e-01
5.333333333333333676e-02
3.333333333333333287e-02
2.666666666666666838e-02
1.233333333333333365e-01
0.000000000000000000e+00
1.133333333333333276e-01
3.333333333333333547e-03
0.000000000000000000e+00
3.800000000000000600e-01
1.700000000000000122e-01
6.333333333333333870e-02
1.400000000000000133e-01
3.640000000000000124e+00
