1.246666666666666812e+00
3.233333333333333059e-01
1.343333333333333490e+00
2.633333333333333637e-01
1.933333333333333570e-01
6.366666666666667140e-01
3.866666666666667140e-01
2.333333333333333648e-01
3.533333333333333326e-01
1.150000000000000133e+00
4.333333333333333481e-02
1.223333333333333384e+00
8.666666666666666963e-02
2.666666666666666838e-02
4.466666666666667118e-01
1.159999999999999920e+00
2.169999999999999929e+00
2.700000000000000178e-01
4.000000000000000083e-02
1.000000000000000021e-02
1.239999999999999991e+00
1.366666666666666863e-01
3.933333333333333681e-01
1.000000000000000021e-02
6.333333333333333870e-02
3.333333333333333547e-03
2.166666666666666741e-01
4.333333333333333481e-02
6.666666666666666574e-02
1.159999999999999920e+00
1.933333333333333570e-01
2.999999999999999889e-02
1.010000000000000009e+00
0.000000000000000000e+00
3.000000000000000236e-02
0.000000000000000000e+00
4.333333333333333481e-01
3.066666666666666430e-01
4.733333333333333282e-01
7.833333333333333259e-01
2.933333333333333903e-01
2.766666666666666718e-01
5.433333333333333348e-01
1.199999999999999956e-01
1.233333333333333365e-01
1.433333333333333126e-01
7.099999999999999645e-01
2.733333333333333726e-01
2.000000000000000042e-02
1.333333333333333419e-02
2.333333333333333093e-02
3.333333333333333547e-03
4.266666666666666941e-01
0.000000000000000000e+00
2.833333333333333259e-01
1.566666666666666485e-01
4.200000000000000955e-01
2.333333333333333440e-02
2.500000000000000000e-01
0.000000000000000000e+00
0.000000000000000000e+00
4.000000000000000083e-02
2.333333333333333440e-02
0.000000000000000000e+00
0.000000000000000000e+00
0.000000000000000000e+00
4.966666666666666452e-01
9.533333333333332549e-01
1.099999999999999867e+00
9.000000000000001055e-02
9.000000000000001055e-02
5.433333333333333348e-01
1.499999999999999944e-01
2.000000000000000042e-02
0.000000000000000000e+00
7.833333333333333259e-01
0.000000000000000000e+00
5.666666666666666380e-02
1.199999999999999956e-01
6.666666666666667095e-03
1.000000000000000021e-02
4.733333333333333282e-01
5.999999999999999778e-02
2.133333333333333470e-01
2.056666666666666643e+00
1.290000000000000036e+00
3.333333333333333547e-03
1.696666666666666545e+00
2.099999999999999922e-01
5.733333333333333615e-01
4.099999999999999756e-01
2.133333333333333304e+00
1.686666666666666758e+00
1.263333333333333419e+00
1.833333333333333481e-01
1.366666666666666863e-01
1.466666666666666674e-01
2.066666666666666652e-01
1.023333333333333428e+00
0.000000000000000000e+00
1.046666666666666634e+00
6.666666666666667095e-03
8.033333333333333437e-01
0.000000000000000000e+00
5.000000000000000971e-02
8.333333333333332871e-02
6.366666666666667140e-01
4.333333333333333481e-01
4.366666666666667029e-01
2.063333333333333464e+00
1.096666666666666679e+00
8.033333333333333437e-01
7.566666666666667096e-01
8.133333333333333526e-01
4.266666666666666941e-01
3.066666666666666430e-01
4.799999999999999822e-01
1.133333333333333276e-01
5.400000000000000355e-01
1.800000000000000211e-01
6.333333333333333870e-02
1.293333333333333446e+00
6.933333333333333570e-01
4.333333333333333481e-02
5.766666666666666607e-01
6.666666666666667095e-03
2.266666666666666552e-01
1.703333333333333144e+00
0.000000000000000000e+00
1.466666666666666674e-01
5.499999999999999334e-01
6.666666666666667095e-03
7.500000000000000000e-01
2.999999999999999889e-02
9.666666666666667851e-02
1.919999999999999929e+00
1.169999999999999929e+00
