1.516666666666666607e+00
3.066666666666666430e-01
4.000000000000000083e-02
6.666666666666667095e-03
0.000000000000000000e+00
0.000000000000000000e+00
6.000000000000000472e-02
1.666666666666666644e-02
2.333333333333333093e-01
2.066666666666666652e-01
5.799999999999999600e-01
3.333333333333333547e-03
6.666666666666666574e-02
1.653333333333333321e+00
3.566666666666666319e-01
1.493333333333333401e+00
1.033333333333333326e-01
3.433333333333332682e-01
2.566666666666666541e-01
1.000000000000000021e-02
1.000000000000000000e+00
1.733333333333333393e-01
1.000000000000000021e-02
7.933333333333333348e-01
1.000000000000000021e-02
6.666666666666667095e-03
0.000000000000000000e+00
3.933333333333333126e-01
3.333333333333333547e-03
3.899999999999999578e-01
2.099999999999999922e-01
9.400000000000000577e-01
3.666666666666666685e-02
0.000000000000000000e+00
0.000000000000000000e+00
3.666666666666667379e-02
4.299999999999999933e-01
0.000000000000000000e+00
2.999999999999999889e-02
1.713333333333333153e+00
2.866666666666666807e-01
4.000000000000000083e-02
1.016666666666666829e+00
1.076666666666666883e+00
4.233333333333333393e-01
2.033333333333333381e-01
2.333333333333333440e-02
8.699999999999999956e-01
5.766666666666666607e-01
6.000000000000000472e-02
0.000000000000000000e+00
0.000000000000000000e+00
6.000000000000000472e-02
2.666666666666666838e-02
5.000000000000000000e-01
2.800000000000000266e-01
8.633333333333332860e-01
3.333333333333333547e-03
1.283333333333333215e+00
6.400000000000000133e-01
1.666666666666666644e-02
6.999999999999999278e-02
9.333333333333332371e-01
2.000000000000000042e-02
0.000000000000000000e+00
1.133333333333333276e-01
9.166666666666668517e-01
7.366666666666666918e-01
2.500000000000000000e-01
2.299999999999999822e-01
1.433333333333333404e-01
9.466666666666666563e-01
2.033333333333333381e-01
1.760000000000000009e+00
1.433333333333333404e-01
3.866666666666667140e-01
6.666666666666666574e-02
6.333333333333333870e-02
1.766666666666666663e-01
9.100000000000000311e-01
8.533333333333333881e-01
7.333333333333333925e-01
4.099999999999999756e-01
2.133333333333333470e-01
1.033333333333333326e-01
3.899999999999999578e-01
6.666666666666667095e-03
0.000000000000000000e+00
3.333333333333333287e-02
2.666666666666666838e-02
2.366666666666666641e-01
2.033333333333333659e-01
0.000000000000000000e+00
0.000000000000000000e+00
8.733333333333334059e-01
2.466666666666667007e-01
2.333333333333333093e-02
1.506666666666666821e+00
1.666666666666666574e-01
2.066666666666666652e-01
2.800000000000000266e-01
0.000000000000000000e+00
0.000000000000000000e+00
0.000000000000000000e+00
6.666666666666667095e-03
1.399999999999999856e-01
0.000000000000000000e+00
3.966666666666666674e-01
2.000000000000000042e-02
4.333333333333333481e-02
7.333333333333333370e-02
7.266666666666665719e-01
3.333333333333333547e-03
6.566666666666667318e-01
9.666666666666666463e-02
1.089999999999999858e+00
6.566666666666666208e-01
0.000000000000000000e+00
5.000000000000000971e-02
3.800000000000000600e-01
1.366666666666666863e-01
5.999999999999999778e-02
3.266666666666666607e-01
4.933333333333333459e-01
2.033333333333333381e-01
4.700000000000000289e-01
2.666666666666666838e-02
9.000000000000001055e-02
3.666666666666666685e-02
0.000000000000000000e+00
2.666666666666666838e-02
2.000000000000000042e-02
3.833333333333333037e-01
1.633333333333333304e-01
1.233333333333333393e+00
6.566666666666666208e-01
6.666666666666666574e-02
9.000000000000001055e-02
1.333333333333333259e+00
5.366666666666667362e-01
1.333333333333333315e-01
1.433333333333333404e-01
2.033333333333333381e-01
1.159999999999999920e+00
2.433333333333333182e-01
7.566666666666667096e-01
7.333333333333332815e-01
1.226666666666666794e+00
3.566666666666666874e-01
1.800000000000000211e-01
5.333333333333333676e-02
4.333333333333332926e-01
3.433333333333333237e-01
7.133333333333333748e-01
3.033333333333332882e-01
1.459999999999999964e+00
1.986666666666666581e+00
8.000000000000000167e-02
1.556666666666666643e+00
3.400000000000000244e-01
1.066666666666666735e-01
2.366666666666666641e-01
0.000000000000000000e+00
3.000000000000000236e-02
2.000000000000000042e-02
4.033333333333333215e-01
2.000000000000000042e-02
0.000000000000000000e+00
0.000000000000000000e+00
2.000000000000000042e-02
1.333333333333333419e-02
3.333333333333333547e-03
1.300000000000000044e-01
1.933333333333333570e-01
1.176666666666666528e+00
9.666666666666666463e-02
8.333333333333332871e-02
6.466666666666667229e-01
1.690000000000000169e+00
1.900000000000000300e-01
1.566666666666666485e-01
3.200000000000000067e-01
8.233333333333333615e-01
7.233333333333332726e-01
1.999999999999999833e-01
1.066666666666666458e-01
2.666666666666666838e-02
1.306666666666666643e+00
5.100000000000000089e-01
7.333333333333333925e-01
1.666666666666666644e-02
4.666666666666666879e-02
3.666666666666666963e-01
8.366666666666665586e-01
4.999999999999999584e-02
3.300000000000000155e-01
3.333333333333333287e-02
1.700000000000000122e-01
8.666666666666666963e-02
2.033333333333333381e-01
6.666666666666666574e-02
1.066666666666666735e-01
7.333333333333333370e-02
4.000000000000000083e-02
1.226666666666666572e+00
3.066666666666666430e-01
5.000000000000000000e-01
3.833333333333333037e-01
0.000000000000000000e+00
4.899999999999999911e-01
2.000000000000000042e-02
2.999999999999999889e-01
4.466666666666667118e-01
4.133333333333333304e-01
1.263333333333333419e+00
2.133333333333333470e-01
8.000000000000000167e-02
2.266666666666666829e-01
6.400000000000000133e-01
0.000000000000000000e+00
6.333333333333333870e-02
1.316666666666666652e+00
1.070000000000000062e+00
3.666666666666666963e-01
1.613333333333333286e+00
