6.633333333333332194e-01
2.300000000000000100e-01
3.499999999999999223e-01
7.166666666666667851e-01
3.833333333333333037e-01
3.233333333333333059e-01
3.333333333333333148e-01
5.466666666666667451e-01
2.199999999999999734e-01
3.433333333333332682e-01
3.666666666666666685e-02
3.666666666666666963e-01
1.110000000000000098e+00
1.833333333333333481e-01
2.099999999999999922e-01
3.933333333333333681e-01
3.766666666666666496e-01
6.666666666666666574e-02
4.466666666666667118e-01
1.580000000000000071e+00
2.099999999999999922e-01
1.796666666666666856e+00
1.916666666666666741e+00
1.033333333333333326e-01
3.200000000000000067e-01
1.433333333333333404e-01
4.000000000000000083e-02
5.999999999999999778e-02
6.666666666666666574e-02
3.133333333333332971e-01
2.266666666666666552e-01
2.166666666666666741e-01
1.600000000000000033e-01
2.966666666666666341e-01
2.466666666666666730e-01
1.046666666666666634e+00
6.633333333333332194e-01
7.166666666666666741e-01
1.333333333333333315e-01
1.499999999999999944e-01
8.000000000000000167e-02
6.633333333333332194e-01
7.799999999999999156e-01
1.533333333333333492e-01
3.333333333333333287e-02
6.400000000000000133e-01
2.699999999999999623e-01
2.666666666666666838e-02
0.000000000000000000e+00
3.800000000000000600e-01
1.100000000000000006e-01
4.000000000000000083e-02
5.033333333333332993e-01
5.000000000000000971e-02
5.999999999999999778e-02
1.366666666666666863e-01
2.366666666666666641e-01
2.333333333333333093e-01
9.733333333333332726e-01
8.333333333333332871e-02
1.966666666666666841e-01
7.666666666666667462e-02
2.406666666666666288e+00
