4.053333333333333677e+00
2.186666666666666980e+00
1.423333333333333117e+00
3.966666666666666674e-01
1.166666666666666546e-01
1.233333333333333365e-01
1.266666666666666774e-01
1.999999999999999833e-01
1.199999999999999956e-01
1.333333333333333419e-02
6.666666666666666574e-02
4.000000000000000083e-02
8.000000000000000167e-02
1.000000000000000021e-02
8.000000000000000167e-02
1.000000000000000021e-02
1.666666666666666644e-02
1.000000000000000021e-02
2.666666666666666838e-02
4.333333333333333481e-02
8.000000000000000167e-02
2.666666666666666838e-02
4.333333333333333481e-02
1.266666666666666774e-01
3.166666666666666519e-01
1.300000000000000044e-01
4.566666666666666097e-01
1.343333333333333490e+00
1.869999999999999885e+00
