5.033333333333332993e-01
0.000000000000000000e+00
1.100000000000000006e-01
9.333333333333334592e-01
9.666666666666666463e-02
6.033333333333333881e-01
9.333333333333333759e-02
1.800000000000000044e+00
4.333333333333333481e-02
2.199999999999999734e-01
7.233333333333332726e-01
7.666666666666666075e-02
9.666666666666667851e-02
1.790000000000000036e+00
1.100000000000000006e-01
1.933333333333333293e-01
1.333333333333333419e-02
0.000000000000000000e+00
1.333333333333333419e-02
3.566666666666666874e-01
0.000000000000000000e+00
2.666666666666666630e-01
0.000000000000000000e+00
8.333333333333332871e-02
1.199999999999999956e-01
1.073333333333333250e+00
9.133333333333332194e-01
1.000000000000000021e-02
9.666666666666667851e-02
9.000000000000001055e-02
4.533333333333333104e-01
6.666666666666667095e-03
1.866666666666666752e-01
2.666666666666666838e-02
3.366666666666666696e-01
3.866666666666667140e-01
3.866666666666667140e-01
1.166666666666666741e+00
1.466666666666666397e-01
6.199999999999999956e-01
2.766666666666666718e-01
6.833333333333332371e-01
1.916666666666666741e+00
1.380000000000000115e+00
0.000000000000000000e+00
1.266666666666666774e-01
2.166666666666666741e-01
5.666666666666667074e-02
2.533333333333333548e-01
1.266666666666666774e-01
8.000000000000000167e-02
9.466666666666666563e-01
8.533333333333333881e-01
4.066666666666667318e-01
9.300000000000000488e-01
5.066666666666667096e-01
1.733333333333333393e-01
1.266666666666666774e-01
1.316666666666666652e+00
6.666666666666667095e-03
0.000000000000000000e+00
2.933333333333333903e-01
5.533333333333333437e-01
0.000000000000000000e+00
2.666666666666666838e-02
9.700000000000000844e-01
7.666666666666667462e-02
1.333333333333333419e-02
1.066666666666666735e-01
1.000000000000000000e+00
1.633333333333333304e-01
1.700000000000000122e-01
4.666666666666666879e-02
2.633333333333333637e-01
1.333333333333333419e-02
0.000000000000000000e+00
1.166666666666666546e-01
1.193333333333333357e+00
7.333333333333333370e-02
2.533333333333333548e-01
3.333333333333333287e-02
5.200000000000000178e-01
1.499999999999999944e-01
4.666666666666667296e-01
1.189999999999999947e+00
5.000000000000000971e-02
1.123333333333333295e+00
1.066666666666666735e-01
1.333333333333333419e-02
3.333333333333333547e-03
2.466666666666666730e-01
8.333333333333332871e-02
4.666666666666666879e-02
3.066666666666666430e-01
5.666666666666667074e-02
4.099999999999999756e-01
1.133333333333333415e-01
3.333333333333333287e-02
1.533333333333333215e-01
1.733333333333333393e-01
2.466666666666666730e-01
5.166666666666666075e-01
2.033333333333333381e-01
4.699999999999999734e-01
2.633333333333333637e-01
2.000000000000000042e-02
3.333333333333333547e-03
2.666666666666666838e-02
1.333333333333333419e-02
5.999999999999999778e-02
0.000000000000000000e+00
0.000000000000000000e+00
1.000000000000000021e-02
0.000000000000000000e+00
1.333333333333333419e-02
0.000000000000000000e+00
3.333333333333333547e-03
1.333333333333333419e-02
2.066666666666666929e-01
1.000000000000000021e-02
6.666666666666667095e-03
0.000000000000000000e+00
3.666666666666667379e-02
1.123333333333333295e+00
8.033333333333333437e-01
2.766666666666666718e-01
6.666666666666667095e-03
2.333333333333333093e-02
1.199999999999999956e-01
6.666666666666666574e-02
4.700000000000000289e-01
5.000000000000000971e-02
0.000000000000000000e+00
3.333333333333333287e-02
4.533333333333333659e-01
1.233333333333333365e-01
1.666666666666666644e-02
1.559999999999999831e+00
3.733333333333333504e-01
9.500000000000000666e-01
5.766666666666666607e-01
1.100000000000000006e-01
2.666666666666666838e-02
2.833333333333333814e-01
1.000000000000000021e-02
4.000000000000000083e-02
0.000000000000000000e+00
0.000000000000000000e+00
0.000000000000000000e+00
0.000000000000000000e+00
2.800000000000000266e-01
2.566666666666666541e-01
5.666666666666667074e-02
5.333333333333333676e-02
1.166666666666666546e-01
1.000000000000000021e-02
1.666666666666666644e-02
5.033333333333334103e-01
1.139999999999999902e+00
7.666666666666667462e-02
8.666666666666666963e-02
6.666666666666667095e-03
6.666666666666666574e-02
3.666666666666666685e-02
1.199999999999999956e-01
2.000000000000000042e-02
5.333333333333333259e-01
6.699999999999999289e-01
0.000000000000000000e+00
0.000000000000000000e+00
2.000000000000000389e-01
0.000000000000000000e+00
8.333333333333332871e-02
6.999999999999999278e-02
2.000000000000000389e-01
2.666666666666666838e-02
1.226666666666666572e+00
9.000000000000001055e-02
0.000000000000000000e+00
1.433333333333333404e-01
5.000000000000000000e-01
0.000000000000000000e+00
4.000000000000000083e-02
1.346666666666666679e+00
1.666666666666666574e-01
9.000000000000001055e-02
2.333333333333333440e-02
8.533333333333333881e-01
1.333333333333333419e-02
1.433333333333333404e-01
5.633333333333333526e-01
2.733333333333333726e-01
2.666666666666666838e-02
2.299999999999999822e-01
2.633333333333333637e-01
1.133333333333333276e-01
6.666666666666667095e-03
8.466666666666666785e-01
1.276666666666666616e+00
1.263333333333333419e+00
3.699999999999999400e-01
1.100000000000000006e-01
2.166666666666666741e-01
1.533333333333333492e-01
9.999999999999999167e-02
2.999999999999999889e-02
4.333333333333333481e-01
2.800000000000000266e-01
2.166666666666666741e-01
1.119999999999999885e+00
1.153333333333333321e+00
3.333333333333333547e-03
1.399999999999999856e-01
3.666666666666666685e-02
1.566666666666666485e-01
5.666666666666666380e-02
1.566666666666666485e-01
4.666666666666666879e-02
2.166666666666666463e-01
1.833333333333333481e-01
6.666666666666667095e-03
7.766666666666667274e-01
1.650000000000000133e+00
0.000000000000000000e+00
0.000000000000000000e+00
6.999999999999998446e-01
8.000000000000000167e-02
0.000000000000000000e+00
5.666666666666666380e-02
4.266666666666666941e-01
0.000000000000000000e+00
6.666666666666667095e-03
9.566666666666666652e-01
2.133333333333332915e-01
8.333333333333332871e-02
5.666666666666666380e-02
3.099999999999999978e-01
4.633333333333333193e-01
2.833333333333333259e-01
1.006666666666666599e+00
4.000000000000000083e-02
4.866666666666666363e-01
0.000000000000000000e+00
0.000000000000000000e+00
0.000000000000000000e+00
4.000000000000000083e-02
0.000000000000000000e+00
1.366666666666666863e-01
0.000000000000000000e+00
4.766666666666667385e-01
1.326666666666666661e+00
1.333333333333333419e-02
1.766666666666666663e-01
6.766666666666667496e-01
1.260000000000000009e+00
1.833333333333333481e-01
7.733333333333333171e-01
0.000000000000000000e+00
4.000000000000000083e-02
5.566666666666666430e-01
7.300000000000000933e-01
4.466666666666667118e-01
2.333333333333333440e-02
3.866666666666667140e-01
2.433333333333333182e-01
5.400000000000000355e-01
2.566666666666666541e-01
4.166666666666666852e-01
1.133333333333333526e+00
2.299999999999999822e-01
1.476666666666666572e+00
7.433333333333332904e-01
2.333333333333333440e-02
1.366666666666666863e-01
5.666666666666666380e-02
3.000000000000000444e-01
3.899999999999999578e-01
0.000000000000000000e+00
6.666666666666667095e-03
5.300000000000000266e-01
8.000000000000000167e-02
0.000000000000000000e+00
1.666666666666666574e-01
1.866666666666666474e-01
1.666666666666666644e-02
1.133333333333333415e-01
9.533333333333332549e-01
1.213333333333333375e+00
2.399999999999999911e-01
2.999999999999999889e-01
3.333333333333333547e-03
1.333333333333333419e-02
2.333333333333333440e-02
0.000000000000000000e+00
1.166666666666666546e-01
1.199999999999999956e-01
0.000000000000000000e+00
2.333333333333333440e-02
3.000000000000000236e-02
7.900000000000000355e-01
1.506666666666666821e+00
2.733333333333333171e-01
3.066666666666666430e-01
1.173333333333333339e+00
3.333333333333333547e-03
1.300000000000000044e-01
4.333333333333333481e-02
6.833333333333334592e-01
4.333333333333333481e-02
7.600000000000001199e-01
8.699999999999999956e-01
2.033333333333333381e-01
5.000000000000000971e-02
1.999999999999999833e-01
2.233333333333333004e-01
4.666666666666666879e-02
6.666666666666666574e-02
0.000000000000000000e+00
0.000000000000000000e+00
7.233333333333332726e-01
1.489999999999999991e+00
2.666666666666666838e-02
0.000000000000000000e+00
3.066666666666666430e-01
1.166666666666666824e-01
2.133333333333333470e-01
2.433333333333333182e-01
1.239999999999999991e+00
6.466666666666666119e-01
0.000000000000000000e+00
6.000000000000000472e-02
2.066666666666666652e-01
0.000000000000000000e+00
1.333333333333333315e-01
4.866666666666666363e-01
5.933333333333333792e-01
9.599999999999999645e-01
9.000000000000001055e-02
2.333333333333333093e-02
5.200000000000000178e-01
0.000000000000000000e+00
0.000000000000000000e+00
2.200000000000000011e-01
2.333333333333333440e-02
1.583333333333333259e+00
2.000000000000000042e-02
8.000000000000000167e-02
2.466666666666666730e-01
2.866666666666666252e-01
0.000000000000000000e+00
0.000000000000000000e+00
0.000000000000000000e+00
4.999999999999999584e-02
1.403333333333333321e+00
2.999999999999999889e-02
3.000000000000000236e-02
1.043333333333333224e+00
2.666666666666666838e-02
3.333333333333333547e-03
1.400000000000000133e-01
1.766666666666666663e-01
0.000000000000000000e+00
4.266666666666665830e-01
1.499999999999999944e-01
5.999999999999999778e-02
2.500000000000000000e-01
8.333333333333332871e-02
1.666666666666666644e-02
1.333333333333333419e-02
0.000000000000000000e+00
0.000000000000000000e+00
2.099999999999999922e-01
7.333333333333332815e-01
1.669999999999999929e+00
4.033333333333333215e-01
7.666666666666667462e-02
2.333333333333333440e-02
4.666666666666666879e-02
1.650000000000000133e+00
1.333333333333333315e-01
1.666666666666666574e-01
1.366666666666666863e-01
9.000000000000001055e-02
3.333333333333333547e-03
5.299999999999999156e-01
1.666666666666666644e-02
0.000000000000000000e+00
5.333333333333333676e-02
0.000000000000000000e+00
4.333333333333333481e-02
1.066666666666666735e-01
1.333333333333333419e-02
0.000000000000000000e+00
0.000000000000000000e+00
1.000000000000000021e-02
7.333333333333333925e-01
4.666666666666666879e-02
5.333333333333333676e-02
0.000000000000000000e+00
7.333333333333333370e-02
4.666666666666666879e-02
9.566666666666666652e-01
4.899999999999999911e-01
1.999999999999999833e-01
1.000000000000000021e-02
9.333333333333333759e-02
4.333333333333333481e-02
1.033333333333333326e-01
0.000000000000000000e+00
1.700000000000000122e-01
3.866666666666667140e-01
3.333333333333333547e-03
3.466666666666666785e-01
8.399999999999999689e-01
2.166666666666666741e-01
1.733333333333333393e-01
1.046666666666666634e+00
1.263333333333333419e+00
1.499999999999999944e-01
5.666666666666667074e-02
9.666666666666666741e-01
3.733333333333333504e-01
5.000000000000000971e-02
9.333333333333333759e-02
1.033333333333333326e-01
3.333333333333333547e-03
0.000000000000000000e+00
1.856666666666666687e+00
1.433333333333333404e-01
3.333333333333333287e-02
2.500000000000000000e-01
2.633333333333333637e-01
0.000000000000000000e+00
4.399999999999999467e-01
1.033333333333333437e+00
1.433333333333333404e-01
