1.523333333333333428e+00
2.766666666666666718e-01
1.290000000000000036e+00
1.266666666666666774e-01
1.833333333333333481e-01
9.333333333333333759e-02
1.436666666666666758e+00
3.333333333333333287e-02
5.200000000000000178e-01
8.000000000000000167e-02
3.733333333333333504e-01
2.999999999999999889e-02
3.166666666666667074e-01
1.733333333333333393e-01
1.833333333333333481e-01
1.133333333333333276e-01
1.933333333333333293e-01
6.066666666666665764e-01
2.333333333333333440e-02
4.566666666666667207e-01
1.666666666666666644e-02
1.666666666666666574e-01
2.633333333333333082e-01
9.666666666666666463e-02
2.500000000000000000e-01
2.333333333333333440e-02
1.000000000000000194e-01
6.366666666666666030e-01
7.799999999999999156e-01
1.213333333333333153e+00
1.666666666666666574e-01
8.633333333333332860e-01
1.033333333333333326e-01
1.066666666666666735e-01
3.333333333333333287e-02
8.766666666666665941e-01
5.633333333333333526e-01
3.366666666666666141e-01
1.366666666666666863e-01
1.100000000000000006e-01
2.666666666666666630e-01
1.966666666666666841e-01
1.399999999999999856e-01
3.333333333333333287e-02
3.000000000000000236e-02
8.666666666666666963e-02
7.666666666666667462e-02
3.466666666666666785e-01
2.259999999999999787e+00
