6.366666666666667140e-01
3.066666666666666430e-01
6.666666666666667095e-03
9.333333333333333759e-02
0.000000000000000000e+00
1.016666666666666607e+00
8.666666666666666963e-02
2.166666666666666741e-01
5.599999999999999423e-01
2.000000000000000389e-01
1.366666666666666918e+00
2.066666666666666929e-01
1.000000000000000021e-02
2.733333333333333726e-01
3.000000000000000236e-02
6.266666666666665941e-01
0.000000000000000000e+00
9.233333333333333393e-01
1.100000000000000006e-01
1.733333333333333393e-01
4.000000000000000083e-02
8.000000000000000167e-02
6.666666666666667095e-03
3.766666666666666496e-01
1.733333333333333393e-01
0.000000000000000000e+00
5.300000000000000266e-01
2.666666666666666838e-02
6.333333333333333037e-01
0.000000000000000000e+00
6.999999999999999278e-02
1.106666666666666687e+00
1.826666666666666439e+00
5.233333333333333171e-01
8.666666666666666963e-02
2.000000000000000042e-02
5.666666666666666380e-02
1.633333333333333304e-01
5.666666666666666519e-01
9.333333333333332371e-02
4.000000000000000083e-02
7.399999999999998801e-01
2.000000000000000042e-02
0.000000000000000000e+00
1.966666666666666841e-01
2.333333333333333093e-01
6.666666666666667095e-03
1.366666666666666474e+00
4.433333333333333570e-01
5.999999999999999778e-02
1.730000000000000204e+00
1.213333333333333375e+00
4.999999999999999584e-02
7.933333333333333348e-01
2.000000000000000042e-02
0.000000000000000000e+00
5.666666666666666380e-02
4.099999999999999756e-01
2.266666666666666552e-01
2.533333333333333548e-01
6.666666666666667095e-03
2.099999999999999922e-01
8.366666666666665586e-01
7.433333333333332904e-01
1.166666666666666546e-01
0.000000000000000000e+00
2.099999999999999922e-01
6.666666666666667095e-03
3.333333333333333287e-02
2.866666666666666807e-01
1.139999999999999902e+00
4.433333333333333570e-01
1.296666666666666634e+00
1.833333333333333204e-01
8.699999999999999956e-01
8.133333333333333526e-01
1.399999999999999856e-01
7.500000000000000000e-01
2.833333333333333814e-01
7.133333333333332638e-01
2.333333333333333440e-02
1.466666666666666952e-01
4.066666666666666763e-01
5.999999999999999778e-02
5.000000000000000971e-02
1.063333333333333242e+00
3.433333333333333237e-01
0.000000000000000000e+00
2.466666666666666174e-01
1.233333333333333365e-01
1.333333333333333419e-02
4.000000000000000083e-02
1.766666666666666663e-01
5.733333333333333615e-01
3.233333333333333059e-01
1.146666666666666723e+00
1.110000000000000098e+00
3.000000000000000236e-02
1.000000000000000021e-02
4.000000000000000083e-02
1.133333333333333276e-01
0.000000000000000000e+00
0.000000000000000000e+00
2.000000000000000042e-02
7.666666666666666075e-02
4.000000000000000083e-02
2.666666666666666838e-02
3.666666666666666685e-02
1.399999999999999856e-01
8.000000000000000167e-02
3.666666666666666963e-01
5.666666666666667074e-02
0.000000000000000000e+00
3.333333333333333547e-03
6.099999999999999867e-01
8.466666666666666785e-01
1.066666666666666735e-01
0.000000000000000000e+00
1.800000000000000211e-01
1.209999999999999964e+00
