1.700000000000000122e-01
6.999999999999999278e-02
3.666666666666666685e-02
1.499999999999999944e-01
0.000000000000000000e+00
1.066666666666666735e-01
2.666666666666666838e-02
2.999999999999999889e-02
4.433333333333333570e-01
1.700000000000000122e-01
3.300000000000000155e-01
4.333333333333333481e-02
5.666666666666666380e-02
3.000000000000000236e-02
1.333333333333333419e-02
6.133333333333333970e-01
2.666666666666666838e-02
2.000000000000000042e-02
0.000000000000000000e+00
4.666666666666666879e-02
1.010000000000000009e+00
5.666666666666667074e-02
2.000000000000000042e-02
1.433333333333333404e-01
6.433333333333334236e-01
6.666666666666667095e-03
1.666666666666666644e-02
1.366666666666666863e-01
2.099999999999999922e-01
1.666666666666666644e-02
2.366666666666666641e-01
1.466666666666666674e-01
4.666666666666666879e-02
7.666666666666667185e-01
9.199999999999999289e-01
1.233333333333333365e-01
1.966666666666666563e-01
0.000000000000000000e+00
2.933333333333333348e-01
3.000000000000000236e-02
9.000000000000001055e-02
5.666666666666667074e-02
4.366666666666667029e-01
8.699999999999999956e-01
3.200000000000000067e-01
2.166666666666666741e-01
4.666666666666666879e-02
1.099999999999999867e-01
3.066666666666666985e-01
2.666666666666666838e-02
8.000000000000000167e-02
2.733333333333333726e-01
3.333333333333333287e-02
5.999999999999999778e-02
1.340000000000000080e+00
7.333333333333334758e-02
3.333333333333333287e-02
1.000000000000000194e-01
4.066666666666666763e-01
5.733333333333333615e-01
8.666666666666666963e-02
1.099999999999999867e-01
7.333333333333334758e-02
4.000000000000000083e-02
7.666666666666667462e-02
0.000000000000000000e+00
9.333333333333333759e-02
5.499999999999999334e-01
2.333333333333333093e-01
2.533333333333333548e-01
1.370000000000000107e+00
2.966666666666666896e-01
1.266666666666666774e-01
9.333333333333332371e-01
1.333333333333333315e-01
4.133333333333333304e-01
7.000000000000000666e-02
2.999999999999999889e-02
2.666666666666666838e-02
0.000000000000000000e+00
1.133333333333333415e-01
6.666666666666667095e-03
1.666666666666666644e-02
7.666666666666666075e-02
1.133333333333333276e-01
6.666666666666667095e-03
5.666666666666667074e-02
2.666666666666666838e-02
4.333333333333333481e-02
2.000000000000000042e-02
1.666666666666666644e-02
5.333333333333333676e-02
9.000000000000001055e-02
6.900000000000000577e-01
9.666666666666666463e-02
7.033333333333332549e-01
3.800000000000000600e-01
6.666666666666666574e-02
7.500000000000000000e-01
7.000000000000000666e-02
3.333333333333333547e-03
5.999999999999999778e-02
1.499999999999999944e-01
6.033333333333333881e-01
1.333333333333333419e-02
3.366666666666666141e-01
9.733333333333332726e-01
3.666666666666667379e-02
6.000000000000000472e-02
1.233333333333333365e-01
2.999999999999999889e-02
1.866666666666666752e-01
1.199999999999999956e-01
1.866666666666666752e-01
1.333333333333333419e-02
1.833333333333333481e-01
3.666666666666666685e-02
0.000000000000000000e+00
2.666666666666666838e-02
7.333333333333334758e-02
2.166666666666666741e-01
3.333333333333333287e-02
2.486666666666666359e+00
2.999999999999999889e-01
6.333333333333333870e-02
1.199999999999999956e-01
2.100000000000000477e-01
1.333333333333333419e-02
1.966666666666666841e-01
8.666666666666666963e-02
1.333333333333333315e-01
2.900000000000000355e-01
2.233333333333333559e-01
3.066666666666666430e-01
9.666666666666667851e-02
7.000000000000000666e-02
1.000000000000000021e-02
3.333333333333333547e-03
2.966666666666666896e-01
2.333333333333333440e-02
1.000000000000000021e-02
0.000000000000000000e+00
2.000000000000000042e-02
7.200000000000000844e-01
2.000000000000000042e-02
1.033333333333333326e-01
1.199999999999999956e-01
8.900000000000000133e-01
0.000000000000000000e+00
9.000000000000001055e-02
6.000000000000000472e-02
1.899999999999999745e-01
2.666666666666666838e-02
7.000000000000000666e-02
3.200000000000000067e-01
3.333333333333333287e-02
3.833333333333333592e-01
2.600000000000000089e-01
7.133333333333332638e-01
3.699999999999999400e-01
2.533333333333333548e-01
1.210000000000000187e+00
5.666666666666667074e-02
2.333333333333333093e-02
3.666666666666667379e-02
9.899999999999998801e-01
8.900000000000000133e-01
3.133333333333332971e-01
1.266666666666666774e-01
0.000000000000000000e+00
6.333333333333333870e-02
5.133333333333333082e-01
0.000000000000000000e+00
4.000000000000000083e-02
1.399999999999999856e-01
3.333333333333333287e-02
1.166666666666666546e-01
8.533333333333333881e-01
8.333333333333332871e-02
0.000000000000000000e+00
1.066666666666666735e-01
2.233333333333333004e-01
3.366666666666666696e-01
1.066666666666666735e-01
8.000000000000000167e-02
1.666666666666666644e-02
1.033333333333333326e-01
0.000000000000000000e+00
7.666666666666667462e-02
9.333333333333332371e-02
4.633333333333333193e-01
8.333333333333332871e-02
1.300000000000000044e-01
1.213333333333333153e+00
5.100000000000000089e-01
6.000000000000000472e-02
1.330000000000000071e+00
2.566666666666666541e-01
2.833333333333333259e-01
9.000000000000001055e-02
1.666666666666666644e-02
0.000000000000000000e+00
3.333333333333333547e-03
8.666666666666666963e-02
0.000000000000000000e+00
0.000000000000000000e+00
0.000000000000000000e+00
9.333333333333333759e-02
0.000000000000000000e+00
1.000000000000000021e-02
2.666666666666666838e-02
4.333333333333333481e-02
2.666666666666666838e-02
2.666666666666666838e-02
8.000000000000000167e-02
2.299999999999999822e-01
5.999999999999999778e-01
3.000000000000000236e-02
7.833333333333333259e-01
1.400000000000000133e-01
0.000000000000000000e+00
5.733333333333332504e-01
0.000000000000000000e+00
0.000000000000000000e+00
4.000000000000000083e-02
7.933333333333333348e-01
3.433333333333333237e-01
6.666666666666667095e-03
3.333333333333333148e-01
1.086666666666666670e+00
5.333333333333333676e-02
6.000000000000000472e-02
1.333333333333333419e-02
0.000000000000000000e+00
2.000000000000000042e-02
4.666666666666666879e-02
2.333333333333333093e-01
1.000000000000000021e-02
1.633333333333333304e-01
2.000000000000000042e-02
0.000000000000000000e+00
8.333333333333332871e-02
8.666666666666666963e-02
5.333333333333333676e-02
1.866666666666666474e-01
2.290000000000000036e+00
1.366666666666666863e-01
7.666666666666666075e-02
6.999999999999999278e-02
1.499999999999999944e-01
1.000000000000000021e-02
4.333333333333333481e-02
5.999999999999999778e-02
5.666666666666666380e-02
5.133333333333333082e-01
3.099999999999999978e-01
4.700000000000000289e-01
8.666666666666666963e-02
8.000000000000000167e-02
3.333333333333333547e-03
2.000000000000000042e-02
3.566666666666666874e-01
2.666666666666666838e-02
3.666666666666665991e-02
0.000000000000000000e+00
3.666666666666666685e-02
1.156666666666666510e+00
2.000000000000000042e-02
7.000000000000000666e-02
2.366666666666666641e-01
2.966666666666666896e-01
0.000000000000000000e+00
2.000000000000000042e-02
1.033333333333333326e-01
3.000000000000000444e-01
1.333333333333333419e-02
6.666666666666667095e-03
1.666666666666666574e-01
1.000000000000000021e-02
5.099999999999998979e-01
2.666666666666666630e-01
3.166666666666667074e-01
1.600000000000000033e-01
7.000000000000000666e-02
8.733333333333334059e-01
1.233333333333333365e-01
2.999999999999999889e-02
1.000000000000000021e-02
1.833333333333333481e-01
6.833333333333332371e-01
1.233333333333333365e-01
1.833333333333333481e-01
1.666666666666666644e-02
1.466666666666666674e-01
5.133333333333333082e-01
0.000000000000000000e+00
2.666666666666666838e-02
1.266666666666666774e-01
4.066666666666667318e-01
2.666666666666666838e-02
1.523333333333333428e+00
7.333333333333331983e-02
3.333333333333333547e-03
4.333333333333333481e-02
1.099999999999999867e-01
2.999999999999999889e-02
2.999999999999999889e-02
2.999999999999999889e-02
2.333333333333333440e-02
2.666666666666666838e-02
0.000000000000000000e+00
0.000000000000000000e+00
6.333333333333333870e-02
7.666666666666666075e-01
3.966666666666666674e-01
3.899999999999999578e-01
1.303333333333333455e+00
2.300000000000000100e-01
3.666666666666667379e-02
1.236666666666666581e+00
2.466666666666666730e-01
2.600000000000000089e-01
9.333333333333333759e-02
1.333333333333333419e-02
0.000000000000000000e+00
0.000000000000000000e+00
6.666666666666666574e-02
6.666666666666667095e-03
0.000000000000000000e+00
0.000000000000000000e+00
7.000000000000000666e-02
0.000000000000000000e+00
4.000000000000000083e-02
3.333333333333333287e-02
4.999999999999999584e-02
3.666666666666666685e-02
3.666666666666666685e-02
7.333333333333333370e-02
1.433333333333333126e-01
4.433333333333333570e-01
5.333333333333333676e-02
1.636666666666666714e+00
1.133333333333333276e-01
0.000000000000000000e+00
3.166666666666666519e-01
0.000000000000000000e+00
3.333333333333333547e-03
1.000000000000000021e-02
4.033333333333333215e-01
4.266666666666666941e-01
2.666666666666666838e-02
3.600000000000000422e-01
1.106666666666666687e+00
4.333333333333333481e-02
1.133333333333333276e-01
3.333333333333333547e-03
0.000000000000000000e+00
7.000000000000000666e-02
7.666666666666667462e-02
4.133333333333333304e-01
1.000000000000000021e-02
1.600000000000000033e-01
0.000000000000000000e+00
1.000000000000000021e-02
8.000000000000000167e-02
8.333333333333332871e-02
6.666666666666667095e-03
1.466666666666666674e-01
3.419999999999999929e+00
