8.333333333333333703e-01
2.413333333333333552e+00
4.066666666666667318e-01
2.366666666666666641e-01
4.133333333333333304e-01
3.899999999999999578e-01
2.500000000000000000e-01
1.953333333333333144e+00
1.003333333333333188e+00
8.333333333333332871e-02
1.040000000000000036e+00
1.900000000000000300e-01
3.300000000000000155e-01
6.333333333333333870e-02
5.333333333333333676e-02
1.933333333333333570e-01
7.799999999999999156e-01
4.666666666666666879e-02
1.100000000000000006e-01
3.533333333333333326e-01
2.433333333333333182e-01
0.000000000000000000e+00
4.533333333333333659e-01
3.999999999999999667e-01
6.633333333333334414e-01
3.833333333333333037e-01
4.066666666666666763e-01
6.999999999999998446e-01
1.666666666666666574e-01
1.016666666666666829e+00
9.999999999999999167e-02
8.033333333333332327e-01
6.666666666666666574e-02
9.666666666666667851e-02
2.366666666666666641e-01
5.333333333333333676e-02
9.633333333333333748e-01
6.666666666666667095e-03
2.166666666666666741e-01
8.066666666666666430e-01
2.266666666666666829e-01
4.000000000000000777e-01
1.399999999999999856e-01
6.666666666666666574e-02
1.233333333333333365e-01
1.149999999999999911e+00
4.000000000000000083e-02
1.499999999999999944e-01
3.333333333333333148e-01
5.499999999999999334e-01
4.700000000000000289e-01
1.856666666666666687e+00
1.800000000000000211e-01
6.133333333333332860e-01
1.366666666666666585e-01
1.333333333333333419e-02
4.000000000000000777e-01
6.533333333333334325e-01
7.833333333333333259e-01
