4.586666666666666892e+00
7.799999999999999156e-01
1.393333333333333535e+00
1.033333333333333326e-01
2.063333333333333464e+00
4.233333333333332837e-01
9.466666666666666563e-01
8.900000000000000133e-01
6.300000000000000044e-01
1.523333333333333428e+00
1.696666666666666545e+00
1.800000000000000211e-01
1.333333333333333419e-02
1.466666666666666397e-01
3.500000000000000333e-01
3.966666666666666674e-01
2.533333333333333548e-01
1.469999999999999973e+00
6.666666666666666574e-02
5.166666666666666075e-01
1.330000000000000071e+00
6.899999999999999467e-01
1.099999999999999867e-01
7.433333333333332904e-01
4.666666666666666879e-02
2.166666666666666741e-01
1.333333333333333419e-02
1.233333333333333365e-01
9.366666666666666474e-01
2.233333333333333559e-01
9.999999999999999167e-02
9.666666666666667851e-02
6.666666666666666574e-02
3.033333333333332882e-01
6.666666666666667095e-03
1.266666666666666774e-01
2.366666666666666641e-01
5.333333333333333676e-02
8.666666666666666963e-02
1.533333333333333215e-01
2.766666666666666718e-01
2.533333333333333548e-01
1.066666666666666735e-01
3.666666666666667379e-02
5.333333333333334370e-02
5.066666666666667096e-01
1.503333333333333188e+00
1.133333333333333276e-01
4.666666666666666186e-01
3.366666666666666696e-01
3.200000000000000067e-01
2.433333333333333737e-01
3.833333333333333592e-01
1.800000000000000211e-01
1.099999999999999867e-01
3.133333333333332971e-01
9.999999999999999167e-02
1.900000000000000300e-01
2.533333333333333548e-01
3.666666666666667379e-02
2.666666666666666630e-01
7.666666666666667462e-02
6.533333333333333215e-01
2.233333333333333559e-01
7.333333333333334758e-02
4.633333333333333193e-01
7.666666666666667462e-02
7.833333333333333259e-01
5.300000000000000266e-01
5.999999999999999778e-02
4.599999999999999645e-01
2.666666666666666838e-02
6.666666666666666574e-02
1.333333333333333419e-02
5.666666666666666380e-02
2.166666666666666741e-01
1.606666666666666687e+00
1.300000000000000044e-01
1.433333333333333126e-01
2.599999999999999534e-01
8.333333333333332871e-02
7.333333333333334758e-02
8.000000000000000167e-02
2.799999999999999711e-01
1.186666666666666758e+00
0.000000000000000000e+00
3.266666666666666607e-01
3.333333333333333547e-03
1.433333333333333404e-01
0.000000000000000000e+00
3.333333333333333547e-03
1.533333333333333215e-01
3.766666666666666496e-01
1.170000000000000151e+00
1.696666666666666545e+00
9.333333333333333759e-02
3.266666666666666607e-01
4.799999999999999822e-01
3.566666666666666874e-01
2.533333333333333548e-01
1.666666666666666574e-01
1.166666666666666546e-01
1.233333333333333365e-01
4.333333333333333481e-02
1.073333333333333250e+00
2.399999999999999911e-01
6.266666666666665941e-01
1.700000000000000122e-01
1.966666666666666841e-01
1.733333333333333393e-01
2.066666666666666652e-01
1.733333333333333393e-01
2.000000000000000042e-02
2.199999999999999734e-01
4.299999999999999933e-01
6.766666666666667496e-01
6.633333333333334414e-01
1.099999999999999867e-01
7.900000000000000355e-01
5.200000000000000178e-01
7.666666666666666075e-02
0.000000000000000000e+00
5.466666666666667451e-01
0.000000000000000000e+00
3.666666666666667379e-02
4.000000000000000083e-02
4.500000000000000111e-01
7.833333333333333259e-01
8.000000000000000167e-02
8.333333333333333703e-01
1.933333333333333570e-01
6.366666666666667140e-01
3.266666666666666607e-01
1.006666666666666599e+00
1.099999999999999867e-01
5.699999999999999512e-01
6.333333333333333870e-02
8.000000000000000167e-02
9.666666666666667851e-02
1.366666666666666863e-01
2.666666666666666838e-02
1.566666666666666485e-01
1.366666666666666863e-01
3.333333333333333287e-02
3.433333333333333237e-01
1.336666666666666670e+00
2.333333333333333093e-01
3.566666666666666874e-01
5.599999999999999423e-01
1.233333333333333365e-01
2.760000000000000231e+00
7.733333333333334281e-01
2.966666666666666896e-01
3.866666666666667140e-01
3.300000000000000155e-01
3.533333333333333326e-01
8.000000000000000167e-02
3.133333333333332971e-01
1.733333333333333393e-01
1.090000000000000080e+00
5.633333333333333526e-01
2.566666666666666541e-01
1.196666666666666545e+00
4.266666666666666941e-01
1.100000000000000006e-01
2.433333333333333182e-01
3.666666666666666685e-02
0.000000000000000000e+00
0.000000000000000000e+00
3.666666666666667379e-02
0.000000000000000000e+00
2.333333333333333093e-02
2.000000000000000042e-02
0.000000000000000000e+00
1.000000000000000021e-02
7.699999999999999067e-01
0.000000000000000000e+00
3.966666666666666674e-01
8.166666666666667629e-01
1.066666666666666735e-01
1.333333333333333315e-01
2.033333333333333381e-01
4.000000000000000083e-02
1.700000000000000122e-01
0.000000000000000000e+00
5.766666666666667718e-01
0.000000000000000000e+00
6.000000000000000472e-02
0.000000000000000000e+00
1.333333333333333315e-01
0.000000000000000000e+00
4.333333333333333481e-02
0.000000000000000000e+00
4.199999999999999845e-01
9.000000000000001055e-02
6.566666666666666208e-01
2.066666666666666652e-01
6.133333333333333970e-01
8.566666666666667984e-01
6.400000000000000133e-01
1.606666666666666687e+00
