4.153333333333333321e+00
2.533333333333333548e-01
1.806666666666666643e+00
1.833333333333333481e-01
7.000000000000000666e-02
3.266666666666666607e-01
6.666666666666666297e-01
0.000000000000000000e+00
1.333333333333333419e-02
2.023333333333333428e+00
6.033333333333333881e-01
0.000000000000000000e+00
0.000000000000000000e+00
1.250000000000000000e+00
7.666666666666667462e-02
1.000000000000000021e-02
1.033333333333333326e-01
2.333333333333333648e-01
5.000000000000000000e-01
4.733333333333333282e-01
8.499999999999999778e-01
1.066666666666666735e-01
9.133333333333334414e-01
1.276666666666666616e+00
1.333333333333333315e-01
1.499999999999999944e-01
1.433333333333333404e-01
9.333333333333332371e-01
1.400000000000000133e-01
7.000000000000000666e-02
3.333333333333333547e-03
0.000000000000000000e+00
9.666666666666667851e-02
2.000000000000000389e-01
0.000000000000000000e+00
3.333333333333333547e-03
3.899999999999999578e-01
6.666666666666667095e-03
3.666666666666667379e-02
1.066666666666666735e-01
9.000000000000001055e-02
5.333333333333333676e-02
5.733333333333333615e-01
4.766666666666666274e-01
7.233333333333332726e-01
3.333333333333333547e-03
1.093333333333333490e+00
1.110000000000000098e+00
2.166666666666666463e-01
4.400000000000000022e-01
4.733333333333333282e-01
2.276666666666666838e+00
9.933333333333332904e-01
1.400000000000000133e-01
1.833333333333333204e-01
2.000000000000000389e-01
2.666666666666666838e-02
4.199999999999999845e-01
2.999999999999999889e-02
0.000000000000000000e+00
2.333333333333333093e-02
1.466666666666666674e-01
1.039999999999999813e+00
3.333333333333333287e-02
7.666666666666666075e-01
6.199999999999999956e-01
1.366666666666666863e-01
2.333333333333333440e-02
1.833333333333333481e-01
3.166666666666667074e-01
1.966666666666666563e-01
5.466666666666667451e-01
1.263333333333333419e+00
1.333333333333333315e-01
1.053333333333333455e+00
1.406666666666666510e+00
3.266666666666666607e-01
2.233333333333333559e-01
8.566666666666665764e-01
1.666666666666666644e-02
2.099999999999999922e-01
2.999999999999999889e-02
2.333333333333333093e-02
4.666666666666666186e-01
4.799999999999999822e-01
1.666666666666666644e-02
6.999999999999999278e-02
9.000000000000000222e-01
1.800000000000000211e-01
1.666666666666666644e-02
1.410000000000000142e+00
7.799999999999999156e-01
5.666666666666667074e-02
4.799999999999999822e-01
1.136666666666666714e+00
7.200000000000000844e-01
9.000000000000001055e-02
8.366666666666665586e-01
1.173333333333333561e+00
