7.733333333333333171e-01
1.600000000000000033e-01
2.066666666666666652e-01
7.000000000000000666e-02
6.266666666666665941e-01
4.333333333333333481e-01
8.333333333333332871e-02
8.666666666666666963e-02
1.336666666666666670e+00
5.266666666666666163e-01
5.666666666666667074e-02
3.233333333333333059e-01
8.133333333333333526e-01
4.666666666666666879e-02
0.000000000000000000e+00
6.666666666666666574e-02
2.733333333333333726e-01
2.666666666666666838e-02
6.233333333333332948e-01
2.666666666666666838e-02
0.000000000000000000e+00
3.333333333333333287e-02
1.033333333333333326e-01
1.366666666666666863e-01
3.666666666666666408e-01
1.576666666666666883e+00
1.233333333333333365e-01
3.200000000000000067e-01
1.933333333333333293e-01
3.666666666666667379e-02
9.000000000000001055e-02
1.666666666666666644e-02
2.566666666666666541e-01
3.699999999999999400e-01
3.333333333333333547e-03
1.066666666666666735e-01
1.186666666666666758e+00
3.766666666666666496e-01
0.000000000000000000e+00
1.400000000000000133e-01
9.666666666666667851e-02
0.000000000000000000e+00
7.666666666666667462e-02
9.000000000000001055e-02
1.333333333333333419e-02
5.999999999999999778e-02
6.866666666666666474e-01
1.096666666666666679e+00
1.333333333333333419e-02
9.233333333333333393e-01
7.233333333333332726e-01
2.000000000000000389e-01
1.666666666666666574e-01
4.433333333333333570e-01
3.533333333333333326e-01
6.666666666666666574e-02
6.766666666666667496e-01
0.000000000000000000e+00
1.499999999999999944e-01
9.199999999999999289e-01
1.800000000000000211e-01
1.333333333333333419e-02
3.000000000000000236e-02
4.633333333333333748e-01
7.333333333333334758e-02
3.333333333333333547e-03
2.999999999999999889e-02
3.500000000000000333e-01
0.000000000000000000e+00
0.000000000000000000e+00
3.333333333333333287e-02
4.000000000000000083e-02
0.000000000000000000e+00
1.333333333333333315e-01
4.000000000000000083e-02
0.000000000000000000e+00
0.000000000000000000e+00
8.333333333333333703e-01
7.333333333333333370e-02
2.200000000000000011e-01
3.233333333333333059e-01
5.333333333333333676e-02
1.553333333333333455e+00
9.666666666666666741e-01
0.000000000000000000e+00
3.433333333333333237e-01
6.300000000000000044e-01
1.100000000000000006e-01
2.899999999999999800e-01
1.596666666666666679e+00
9.100000000000000311e-01
0.000000000000000000e+00
4.666666666666666879e-02
1.600000000000000033e-01
0.000000000000000000e+00
0.000000000000000000e+00
1.173333333333333117e+00
2.333333333333333440e-02
5.000000000000000971e-02
5.066666666666667096e-01
1.410000000000000142e+00
1.233333333333333365e-01
2.766666666666666718e-01
9.700000000000000844e-01
2.333333333333333093e-01
1.263333333333333419e+00
5.599999999999999423e-01
1.893333333333333313e+00
4.399999999999999467e-01
5.099999999999998979e-01
1.166666666666666546e-01
1.570000000000000062e+00
5.733333333333333615e-01
7.500000000000000000e-01
5.599999999999999423e-01
4.333333333333333481e-01
1.233333333333333365e-01
1.066666666666666735e-01
1.999999999999999833e-01
3.666666666666667379e-02
1.800000000000000211e-01
1.843333333333333490e+00
9.666666666666667851e-02
3.333333333333333547e-03
5.999999999999999778e-02
2.000000000000000042e-02
1.499999999999999944e-01
1.333333333333333315e-01
4.333333333333333481e-02
2.333333333333333440e-02
1.833333333333333481e-01
5.000000000000000971e-02
3.099999999999999978e-01
1.800000000000000211e-01
1.466666666666666674e-01
3.433333333333333237e-01
6.133333333333332860e-01
9.333333333333333759e-02
6.000000000000000472e-02
2.800000000000000266e-01
2.933333333333333348e-01
0.000000000000000000e+00
1.099999999999999867e-01
0.000000000000000000e+00
5.166666666666667185e-01
4.000000000000000083e-02
0.000000000000000000e+00
1.276666666666666616e+00
1.000000000000000021e-02
2.333333333333333440e-02
2.766666666666666718e-01
7.099999999999999645e-01
0.000000000000000000e+00
1.666666666666666574e-01
1.300000000000000044e-01
3.400000000000000244e-01
2.333333333333333093e-01
1.033333333333333326e-01
2.999999999999999889e-01
1.866666666666666752e-01
0.000000000000000000e+00
1.633333333333333304e-01
2.766666666666666718e-01
1.400000000000000133e-01
9.933333333333332904e-01
1.633333333333333304e-01
0.000000000000000000e+00
3.666666666666666685e-02
9.666666666666667851e-02
2.366666666666666641e-01
3.433333333333333237e-01
1.866666666666666474e-01
1.199999999999999956e+00
2.466666666666666730e-01
0.000000000000000000e+00
4.000000000000000083e-02
2.399999999999999911e-01
2.399999999999999911e-01
0.000000000000000000e+00
1.833333333333333481e-01
4.533333333333333659e-01
2.000000000000000042e-02
1.303333333333333455e+00
3.533333333333333326e-01
2.560000000000000053e+00
1.766666666666666663e-01
1.333333333333333419e-02
3.600000000000000422e-01
7.333333333333331983e-02
2.733333333333333726e-01
9.333333333333333759e-02
1.083333333333333259e+00
2.366666666666666641e-01
1.266666666666666774e-01
2.366666666666666641e-01
1.773333333333333428e+00
1.833333333333333481e-01
1.333333333333333419e-02
6.166666666666666963e-01
6.933333333333333570e-01
0.000000000000000000e+00
3.333333333333333547e-03
0.000000000000000000e+00
1.000000000000000021e-02
0.000000000000000000e+00
1.466666666666666674e-01
1.666666666666666644e-02
6.666666666666667095e-03
2.666666666666666838e-02
1.166666666666666824e-01
1.696666666666666545e+00
