1.696666666666666545e+00
3.099999999999999978e-01
7.266666666666666829e-01
1.000000000000000021e-02
2.099999999999999922e-01
1.396666666666666723e+00
1.156666666666666510e+00
8.666666666666666963e-02
3.000000000000000236e-02
6.733333333333333393e-01
4.033333333333333215e-01
1.366666666666666585e-01
9.000000000000000222e-01
3.033333333333332882e-01
1.033333333333333326e-01
9.333333333333333759e-02
1.333333333333333419e-02
5.066666666666667096e-01
2.666666666666666630e-01
0.000000000000000000e+00
1.666666666666666644e-02
1.916666666666666741e+00
3.166666666666666519e-01
5.000000000000000971e-02
4.000000000000000083e-02
1.333333333333333419e-02
1.733333333333333393e-01
2.299999999999999822e-01
8.533333333333333881e-01
1.729999999999999760e+00
1.003333333333333410e+00
6.666666666666667095e-03
0.000000000000000000e+00
5.333333333333333259e-01
4.000000000000000083e-02
4.000000000000000083e-02
2.266666666666666829e-01
1.253333333333333410e+00
0.000000000000000000e+00
3.033333333333333437e-01
7.133333333333332638e-01
1.000000000000000021e-02
6.900000000000000577e-01
3.666666666666666685e-02
6.666666666666667095e-03
4.666666666666666879e-02
0.000000000000000000e+00
3.333333333333333547e-03
0.000000000000000000e+00
1.266666666666666774e-01
8.666666666666666963e-02
1.666666666666666644e-02
9.699999999999998623e-01
5.633333333333333526e-01
1.300000000000000044e-01
1.800000000000000211e-01
1.169999999999999929e+00
1.000000000000000021e-02
7.000000000000000666e-02
2.399999999999999911e-01
2.333333333333333093e-02
8.866666666666667140e-01
9.300000000000000488e-01
8.700000000000001066e-01
5.000000000000000971e-02
2.200000000000000011e-01
7.000000000000000666e-02
4.666666666666666879e-02
5.333333333333333676e-02
2.999999999999999889e-02
5.666666666666667074e-02
2.366666666666666918e-01
6.666666666666667095e-03
1.033333333333333326e-01
6.666666666666666574e-02
0.000000000000000000e+00
5.966666666666665675e-01
1.066666666666666735e-01
9.666666666666666463e-02
1.366666666666666863e-01
1.033333333333333465e-01
2.000000000000000042e-02
5.966666666666666785e-01
2.999999999999999889e-02
4.933333333333333459e-01
1.000000000000000021e-02
8.366666666666665586e-01
6.733333333333332282e-01
2.866666666666666807e-01
2.566666666666666541e-01
7.166666666666666741e-01
3.600000000000000422e-01
8.333333333333332871e-02
2.866666666666666807e-01
1.499999999999999944e-01
7.333333333333331983e-02
5.666666666666667074e-02
6.466666666666666119e-01
1.366666666666666863e-01
8.333333333333332871e-02
7.666666666666667462e-02
1.333333333333333419e-02
1.233333333333333365e-01
6.199999999999999956e-01
1.566666666666666485e-01
5.800000000000000711e-01
3.566666666666666319e-01
6.666666666666666574e-02
9.000000000000001055e-02
1.133333333333333415e-01
6.666666666666666574e-02
1.823333333333333472e+00
5.333333333333333676e-02
1.766666666666666663e-01
2.066666666666666652e-01
0.000000000000000000e+00
9.666666666666667851e-02
6.666666666666667095e-03
1.533333333333333215e-01
1.586666666666666670e+00
2.399999999999999911e-01
3.799999999999999489e-01
2.866666666666666807e-01
4.366666666666667029e-01
8.799999999999998934e-01
9.033333333333333215e-01
1.256666666666666821e+00
1.123333333333333295e+00
6.500000000000000222e-01
7.299999999999999822e-01
3.266666666666666607e-01
1.256666666666666599e+00
1.260000000000000009e+00
1.040000000000000036e+00
1.436666666666666758e+00
9.999999999999999167e-02
8.666666666666666963e-02
1.166666666666666546e-01
1.166666666666666546e-01
2.633333333333333637e-01
4.266666666666666941e-01
8.333333333333333703e-01
1.199999999999999956e-01
4.333333333333333481e-02
3.333333333333333547e-03
1.133333333333333276e-01
2.000000000000000042e-02
6.666666666666666574e-02
0.000000000000000000e+00
1.300000000000000044e-01
1.366666666666666863e-01
0.000000000000000000e+00
0.000000000000000000e+00
0.000000000000000000e+00
5.833333333333333703e-01
2.600000000000000089e-01
7.266666666666665719e-01
1.543333333333333224e+00
4.033333333333333215e-01
1.866666666666666752e-01
1.150000000000000133e+00
3.333333333333333287e-02
1.566666666666666485e-01
4.999999999999999584e-02
0.000000000000000000e+00
5.300000000000000266e-01
1.900000000000000300e-01
1.333333333333333419e-02
6.666666666666667095e-03
8.800000000000000044e-01
1.366666666666666863e-01
4.999999999999999584e-02
0.000000000000000000e+00
4.299999999999999933e-01
2.700000000000000178e-01
2.333333333333333440e-02
3.066666666666666985e-01
2.046666666666666412e+00
8.666666666666666963e-02
2.000000000000000042e-02
3.333333333333333148e-01
7.666666666666667462e-02
1.366666666666666863e-01
5.000000000000000971e-02
1.166666666666666546e-01
6.333333333333333870e-02
1.900000000000000300e-01
2.399999999999999911e-01
6.999999999999999278e-02
6.666666666666667095e-03
2.133333333333333470e-01
2.266666666666666552e-01
1.533333333333333215e-01
4.566666666666667207e-01
4.299999999999999933e-01
1.333333333333333419e-02
3.333333333333333287e-02
9.333333333333332371e-01
8.000000000000000167e-02
9.300000000000000488e-01
3.666666666666666963e-01
1.233333333333333365e-01
1.833333333333333481e-01
1.333333333333333419e-02
1.866666666666666752e-01
1.000000000000000021e-02
4.666666666666666879e-02
2.000000000000000042e-02
9.999999999999999167e-02
5.466666666666667451e-01
7.999999999999999334e-01
3.599999999999999312e-01
1.000000000000000021e-02
1.633333333333333304e-01
1.000000000000000021e-02
1.233333333333333365e-01
9.333333333333333759e-02
0.000000000000000000e+00
3.333333333333333547e-03
1.566666666666666485e-01
2.000000000000000042e-02
0.000000000000000000e+00
1.066666666666666735e-01
4.000000000000000083e-02
3.666666666666667379e-02
1.199999999999999956e-01
9.699999999999998623e-01
3.166666666666666519e-01
9.333333333333333759e-02
5.000000000000000971e-02
0.000000000000000000e+00
0.000000000000000000e+00
0.000000000000000000e+00
0.000000000000000000e+00
6.666666666666667095e-03
6.333333333333333870e-02
4.066666666666666763e-01
1.166666666666666546e-01
3.666666666666666685e-02
1.286666666666666847e+00
3.200000000000000067e-01
1.700000000000000122e-01
1.933333333333333570e-01
4.466666666666667118e-01
2.433333333333333182e-01
2.933333333333333348e-01
9.333333333333333759e-02
3.733333333333332948e-01
2.066666666666666652e-01
8.466666666666666785e-01
1.866666666666666752e-01
1.000000000000000021e-02
1.333333333333333315e-01
2.633333333333333637e-01
1.433333333333333404e-01
2.133333333333333470e-01
4.933333333333333459e-01
2.066666666666666652e-01
6.066666666666665764e-01
1.176666666666666750e+00
1.230000000000000204e+00
3.233333333333333059e-01
1.106666666666666687e+00
1.003333333333333188e+00
1.179999999999999938e+00
4.166666666666666852e-01
4.766666666666667385e-01
9.666666666666667851e-02
1.209999999999999964e+00
6.066666666666666874e-01
9.333333333333333759e-02
5.999999999999999778e-01
6.099999999999999867e-01
2.466666666666666730e-01
1.066666666666666735e-01
1.166666666666666546e-01
3.633333333333333415e-01
6.466666666666666119e-01
3.066666666666666985e-01
2.200000000000000011e-01
2.333333333333333440e-02
9.666666666666666463e-02
5.566666666666666430e-01
0.000000000000000000e+00
8.333333333333332871e-02
7.000000000000000666e-02
0.000000000000000000e+00
0.000000000000000000e+00
0.000000000000000000e+00
0.000000000000000000e+00
6.666666666666667095e-03
0.000000000000000000e+00
0.000000000000000000e+00
4.000000000000000083e-02
3.666666666666666963e-01
9.066666666666666208e-01
1.333333333333333419e-02
5.699999999999999512e-01
4.333333333333333481e-02
1.033333333333333326e-01
0.000000000000000000e+00
1.900000000000000300e-01
3.400000000000000244e-01
8.000000000000000167e-02
9.766666666666665719e-01
4.433333333333333570e-01
1.000000000000000021e-02
5.333333333333333676e-02
6.233333333333334059e-01
7.000000000000000666e-02
5.000000000000000971e-02
8.266666666666666607e-01
1.419999999999999929e+00
2.523333333333333428e+00
1.330000000000000071e+00
2.833333333333333259e-01
1.786666666666666847e+00
1.199999999999999956e+00
1.239999999999999991e+00
4.799999999999999822e-01
3.099999999999999978e-01
4.466666666666667118e-01
3.899999999999999578e-01
3.066666666666666985e-01
4.133333333333333859e-01
1.533333333333333492e-01
3.233333333333333059e-01
1.406666666666666510e+00
5.366666666666667362e-01
1.100000000000000006e-01
4.866666666666666363e-01
8.799999999999998934e-01
0.000000000000000000e+00
1.066666666666666735e-01
2.999999999999999889e-01
5.000000000000000971e-02
5.666666666666666380e-02
4.833333333333333925e-01
1.113333333333333286e+00
1.633333333333333304e-01
0.000000000000000000e+00
8.666666666666666963e-01
1.666666666666666644e-02
1.900000000000000300e-01
3.500000000000000333e-01
2.066666666666666652e-01
4.266666666666666941e-01
1.333333333333333315e-01
1.399999999999999856e-01
2.053333333333333233e+00
4.333333333333333481e-02
9.999999999999999167e-02
2.099999999999999922e-01
3.033333333333332882e-01
0.000000000000000000e+00
4.199999999999999845e-01
2.266666666666666552e-01
7.700000000000000178e-01
4.633333333333333748e-01
3.166666666666666519e-01
5.099999999999998979e-01
3.266666666666666607e-01
1.200000000000000094e-01
1.000000000000000021e-02
5.666666666666667074e-02
5.999999999999999778e-02
9.666666666666667851e-02
9.333333333333333759e-02
3.133333333333332971e-01
9.666666666666667851e-02
2.899999999999999800e-01
0.000000000000000000e+00
6.666666666666667095e-03
0.000000000000000000e+00
7.000000000000000666e-02
4.366666666666667029e-01
5.999999999999999778e-02
1.866666666666666752e-01
6.099999999999999867e-01
2.866666666666666807e-01
4.599999999999999645e-01
1.133333333333333415e-01
1.099999999999999867e-01
2.333333333333333440e-02
1.043333333333333224e+00
7.000000000000000666e-01
1.333333333333333419e-02
9.666666666666666463e-02
5.299999999999999156e-01
3.333333333333333547e-03
1.666666666666666644e-02
6.266666666666665941e-01
5.366666666666666252e-01
1.143333333333333313e+00
1.333333333333333315e-01
1.900000000000000300e-01
1.533333333333333215e-01
2.333333333333333440e-02
3.233333333333333059e-01
4.366666666666667029e-01
2.233333333333333004e-01
1.666666666666666644e-02
1.410000000000000142e+00
8.199999999999999512e-01
1.666666666666666644e-02
2.333333333333333440e-02
1.073333333333333250e+00
1.166666666666666546e-01
1.000000000000000021e-02
1.633333333333333304e-01
1.233333333333333365e-01
9.333333333333333759e-02
2.566666666666666541e-01
1.633333333333333304e-01
2.566666666666666541e-01
6.533333333333334325e-01
2.133333333333333470e-01
0.000000000000000000e+00
0.000000000000000000e+00
6.666666666666667095e-03
6.999999999999999278e-02
1.499999999999999944e-01
1.999999999999999833e-01
1.073333333333333472e+00
8.266666666666666607e-01
2.433333333333333182e-01
5.333333333333333676e-02
1.999999999999999833e-01
7.000000000000000666e-02
7.833333333333333259e-01
5.999999999999999778e-02
1.100000000000000006e-01
1.933333333333333293e-01
1.166666666666666546e-01
1.600000000000000033e-01
3.466666666666666785e-01
3.333333333333333547e-03
1.966666666666666563e-01
1.066666666666666735e-01
1.099999999999999867e+00
5.666666666666667629e-01
3.666666666666666408e-01
1.333333333333333419e-02
2.533333333333333548e-01
2.333333333333333440e-02
2.000000000000000042e-02
2.333333333333333440e-02
0.000000000000000000e+00
7.833333333333333259e-01
1.333333333333333419e-02
0.000000000000000000e+00
6.666666666666666574e-02
0.000000000000000000e+00
2.000000000000000042e-02
2.000000000000000042e-02
3.066666666666666985e-01
0.000000000000000000e+00
1.666666666666666644e-02
4.333333333333333481e-02
4.000000000000000083e-02
1.266666666666666774e-01
1.499999999999999944e-01
4.000000000000000083e-02
1.166666666666666546e-01
5.000000000000000971e-02
6.666666666666667095e-03
6.666666666666667095e-03
4.999999999999999584e-02
0.000000000000000000e+00
2.666666666666666838e-02
0.000000000000000000e+00
1.033333333333333326e-01
3.333333333333333148e-01
7.066666666666666652e-01
1.933333333333333570e-01
7.333333333333334758e-02
1.300000000000000044e-01
5.666666666666667074e-02
1.133333333333333526e+00
5.699999999999999512e-01
8.266666666666666607e-01
9.000000000000001055e-02
1.499999999999999944e-01
3.866666666666666585e-01
3.133333333333333526e-01
2.666666666666666838e-02
3.633333333333333415e-01
9.333333333333332371e-01
1.933333333333333293e-01
5.666666666666667074e-02
4.433333333333333570e-01
1.000000000000000021e-02
7.033333333333332549e-01
0.000000000000000000e+00
7.000000000000000666e-02
5.333333333333333676e-02
1.199999999999999956e-01
1.033333333333333326e-01
8.000000000000000167e-02
8.666666666666666963e-02
2.633333333333333637e-01
0.000000000000000000e+00
3.666666666666666685e-02
6.333333333333333037e-01
5.333333333333334370e-02
4.000000000000000083e-02
6.533333333333333215e-01
1.499999999999999944e-01
2.399999999999999911e-01
6.333333333333333870e-02
0.000000000000000000e+00
6.666666666666666574e-02
2.433333333333333182e-01
1.533333333333333215e-01
5.000000000000000000e-01
3.666666666666667379e-02
1.966666666666666563e-01
1.159999999999999920e+00
0.000000000000000000e+00
2.999999999999999889e-02
3.300000000000000155e-01
1.199999999999999956e-01
9.666666666666667851e-02
2.566666666666666541e-01
1.133333333333333415e-01
6.266666666666665941e-01
4.633333333333333748e-01
1.059999999999999831e+00
7.800000000000001377e-01
1.800000000000000211e-01
0.000000000000000000e+00
0.000000000000000000e+00
0.000000000000000000e+00
0.000000000000000000e+00
0.000000000000000000e+00
0.000000000000000000e+00
4.000000000000000083e-02
4.933333333333333459e-01
6.666666666666666574e-02
2.766666666666666718e-01
6.666666666666666574e-02
1.086666666666666670e+00
7.666666666666666075e-02
1.666666666666666644e-02
1.333333333333333419e-02
3.333333333333333547e-03
1.666666666666666644e-02
1.333333333333333419e-02
6.666666666666667095e-03
0.000000000000000000e+00
1.333333333333333419e-02
6.666666666666667095e-03
2.666666666666666838e-02
8.666666666666666963e-02
3.666666666666666408e-01
1.330000000000000071e+00
6.366666666666667140e-01
9.333333333333333759e-02
9.566666666666666652e-01
6.666666666666666574e-02
0.000000000000000000e+00
0.000000000000000000e+00
1.000000000000000021e-02
4.000000000000000083e-02
3.333333333333333287e-02
8.666666666666666963e-02
3.633333333333332860e-01
1.000000000000000021e-02
6.033333333333333881e-01
1.353333333333333499e+00
1.700000000000000122e-01
1.866666666666666752e-01
7.500000000000000000e-01
4.600000000000000200e-01
1.600000000000000033e-01
3.000000000000000236e-02
4.999999999999999584e-02
7.333333333333333370e-02
1.833333333333333481e-01
4.000000000000000083e-02
2.666666666666666838e-02
2.266666666666666829e-01
1.000000000000000021e-02
2.266666666666666829e-01
2.000000000000000389e-01
1.413333333333333330e+00
5.766666666666666607e-01
2.900000000000000355e-01
2.713333333333333375e+00
1.499999999999999944e-01
1.353333333333333499e+00
6.666666666666667095e-03
9.333333333333333759e-02
5.666666666666667074e-02
1.006666666666666599e+00
1.233333333333333365e-01
2.466666666666666730e-01
5.233333333333333171e-01
7.000000000000000666e-02
4.333333333333333481e-01
4.333333333333333481e-02
1.000000000000000021e-02
9.333333333333333759e-02
5.333333333333333676e-02
9.966666666666665897e-01
1.933333333333333293e-01
1.833333333333333204e-01
1.333333333333333419e-02
1.300000000000000044e-01
2.999999999999999889e-02
0.000000000000000000e+00
7.666666666666667462e-02
1.199999999999999956e-01
4.033333333333333215e-01
4.333333333333333481e-02
2.333333333333333440e-02
5.133333333333333082e-01
1.266666666666666774e-01
1.436666666666666758e+00
1.090000000000000080e+00
1.676666666666666750e+00
