3.099999999999999978e-01
7.133333333333333748e-01
3.500000000000000333e-01
2.803333333333333233e+00
1.650000000000000133e+00
7.666666666666666075e-02
1.223333333333333384e+00
6.700000000000000400e-01
0.000000000000000000e+00
3.766666666666666496e-01
5.400000000000000355e-01
3.333333333333333547e-03
2.166666666666666463e-01
7.833333333333333259e-01
2.333333333333333440e-02
0.000000000000000000e+00
7.333333333333334758e-02
1.933333333333333570e-01
3.333333333333333547e-03
2.333333333333333440e-02
2.133333333333332915e-01
3.600000000000000422e-01
0.000000000000000000e+00
8.666666666666666963e-02
1.066666666666666735e-01
1.133333333333333415e-01
0.000000000000000000e+00
6.666666666666667095e-03
5.666666666666667074e-02
3.333333333333333547e-03
1.066666666666666735e-01
1.193333333333333357e+00
7.333333333333334758e-02
9.799999999999999822e-01
4.166666666666666852e-01
1.300000000000000044e-01
4.066666666666667318e-01
7.600000000000001199e-01
4.599999999999999645e-01
1.273333333333333428e+00
4.233333333333333393e-01
5.666666666666666380e-02
4.333333333333333481e-02
3.233333333333333615e-01
8.333333333333332871e-02
3.333333333333333547e-03
1.186666666666666758e+00
7.000000000000000666e-02
0.000000000000000000e+00
1.666666666666666644e-02
8.000000000000000167e-02
5.999999999999999778e-02
2.333333333333333440e-02
8.066666666666666430e-01
1.666666666666666644e-02
1.000000000000000021e-02
3.200000000000000067e-01
1.766666666666666663e-01
0.000000000000000000e+00
1.600000000000000033e-01
1.466666666666666397e-01
2.466666666666666730e-01
1.033333333333333465e-01
5.333333333333333676e-02
6.433333333333334236e-01
3.300000000000000155e-01
2.733333333333333726e-01
1.733333333333333393e+00
6.433333333333333126e-01
8.033333333333333437e-01
4.333333333333333481e-02
1.800000000000000211e-01
1.800000000000000211e-01
5.300000000000000266e-01
1.666666666666666644e-02
2.899999999999999800e-01
2.900000000000000355e-01
1.133333333333333415e-01
6.566666666666666208e-01
9.666666666666667851e-02
7.366666666666666918e-01
1.000000000000000021e-02
2.033333333333333381e-01
6.000000000000000472e-02
8.099999999999999423e-01
3.333333333333333547e-03
3.333333333333333287e-02
7.666666666666666075e-02
0.000000000000000000e+00
1.099999999999999867e-01
8.033333333333333437e-01
1.033333333333333465e-01
0.000000000000000000e+00
2.000000000000000042e-02
2.333333333333333093e-01
8.333333333333332871e-02
2.333333333333333440e-02
9.333333333333333759e-02
9.333333333333332371e-02
1.433333333333333404e-01
2.200000000000000011e-01
1.466666666666666397e-01
1.393333333333333535e+00
6.199999999999999956e-01
1.026666666666666616e+00
1.006666666666666599e+00
1.266666666666666496e-01
4.000000000000000083e-02
6.233333333333334059e-01
1.933333333333333293e-01
5.666666666666667074e-02
8.000000000000000167e-02
4.000000000000000083e-02
9.599999999999999645e-01
0.000000000000000000e+00
1.333333333333333419e-02
9.433333333333333570e-01
1.333333333333333419e-02
1.000000000000000021e-02
1.580000000000000071e+00
3.333333333333333547e-03
1.666666666666666644e-02
2.866666666666666807e-01
6.766666666666667496e-01
7.633333333333333082e-01
8.666666666666666963e-02
1.193333333333333357e+00
1.250000000000000000e+00
4.553333333333333677e+00
9.666666666666667851e-01
5.333333333333333259e-01
8.666666666666666963e-02
2.029999999999999805e+00
1.419999999999999929e+00
1.733333333333333393e-01
8.966666666666666119e-01
8.233333333333333615e-01
3.333333333333333547e-03
9.333333333333332371e-02
4.233333333333333393e-01
1.133333333333333276e-01
1.433333333333333404e-01
6.300000000000000044e-01
0.000000000000000000e+00
1.666666666666666644e-02
9.666666666666667851e-02
5.666666666666666380e-02
0.000000000000000000e+00
0.000000000000000000e+00
1.133333333333333276e-01
9.799999999999999822e-01
1.000000000000000021e-02
1.433333333333333404e-01
1.333333333333333419e-02
1.833333333333333481e-01
3.333333333333333547e-03
1.666666666666666644e-02
2.333333333333333440e-02
1.333333333333333419e-02
5.999999999999999778e-02
1.559999999999999831e+00
7.666666666666667462e-02
9.833333333333332815e-01
8.033333333333333437e-01
2.099999999999999922e-01
8.366666666666665586e-01
6.733333333333333393e-01
4.499999999999999556e-01
1.873333333333333295e+00
2.266666666666666552e-01
0.000000000000000000e+00
8.666666666666666963e-02
1.600000000000000033e-01
1.999999999999999833e-01
3.666666666666667379e-02
5.333333333333333259e-01
5.333333333333334370e-02
3.666666666666667379e-02
9.666666666666667851e-02
2.999999999999999889e-02
1.666666666666666644e-02
0.000000000000000000e+00
7.000000000000000666e-01
4.999999999999999584e-02
2.666666666666666838e-02
3.233333333333333615e-01
6.333333333333333870e-02
3.333333333333333547e-03
1.633333333333333304e-01
3.633333333333333415e-01
5.400000000000000355e-01
1.899999999999999745e-01
5.999999999999999778e-02
8.966666666666666119e-01
2.233333333333333004e-01
2.800000000000000266e-01
1.303333333333333455e+00
2.700000000000000178e-01
1.860000000000000098e+00
5.000000000000000971e-02
3.233333333333333059e-01
1.333333333333333315e-01
7.099999999999999645e-01
2.333333333333333440e-02
1.300000000000000044e-01
1.700000000000000122e-01
7.933333333333333348e-01
5.066666666666667096e-01
1.900000000000000300e-01
1.236666666666666581e+00
1.100000000000000006e-01
9.333333333333332371e-02
1.166666666666666546e-01
1.336666666666666670e+00
2.666666666666666838e-02
1.900000000000000300e-01
2.966666666666666341e-01
0.000000000000000000e+00
3.333333333333333287e-02
1.310000000000000053e+00
1.366666666666666585e-01
3.666666666666667379e-02
5.999999999999999778e-02
2.366666666666666641e-01
8.666666666666666963e-02
1.366666666666666863e-01
1.066666666666666735e-01
1.000000000000000021e-02
6.666666666666667095e-03
2.066666666666666652e-01
1.833333333333333204e-01
2.216666666666666785e+00
1.333333333333333315e-01
1.696666666666666545e+00
7.233333333333332726e-01
4.666666666666666879e-02
1.333333333333333419e-02
8.433333333333332682e-01
1.066666666666666735e-01
0.000000000000000000e+00
8.000000000000000167e-02
9.666666666666667851e-02
5.733333333333332504e-01
0.000000000000000000e+00
6.666666666666667095e-03
1.226666666666666794e+00
5.999999999999999778e-02
1.000000000000000021e-02
1.166666666666666741e+00
3.666666666666666685e-02
4.666666666666666879e-02
4.133333333333333304e-01
7.233333333333332726e-01
7.566666666666667096e-01
4.066666666666667318e-01
1.610000000000000098e+00
2.853333333333333499e+00
2.446666666666666767e+00
