1.026666666666666616e+00
9.466666666666666563e-01
1.999999999999999833e-01
1.706666666666666776e+00
8.666666666666666963e-02
5.000000000000000971e-02
2.666666666666666838e-02
3.066666666666666430e-01
2.066666666666666652e-01
3.333333333333333547e-03
5.233333333333333171e-01
1.433333333333333404e-01
1.330000000000000071e+00
1.219999999999999973e+00
3.966666666666666674e-01
2.166666666666666741e-01
5.400000000000000355e-01
6.266666666666665941e-01
2.833333333333333259e-01
3.419999999999999929e+00
