2.806666666666666643e+00
7.933333333333333348e-01
0.000000000000000000e+00
2.166666666666666741e-01
7.333333333333333370e-02
1.199999999999999956e-01
2.800000000000000266e-01
1.063333333333333242e+00
6.499999999999999112e-01
1.266666666666666774e-01
4.333333333333333481e-02
8.333333333333332871e-02
8.599999999999999867e-01
1.133333333333333276e-01
2.500000000000000000e-01
1.566666666666666763e-01
4.033333333333333215e-01
1.500000000000000000e+00
5.499999999999999334e-01
2.700000000000000178e-01
1.309999999999999831e+00
4.500000000000000111e-01
6.300000000000000044e-01
8.400000000000001910e-01
1.000000000000000021e-02
5.000000000000000971e-02
8.766666666666665941e-01
1.633333333333333304e-01
0.000000000000000000e+00
4.266666666666666941e-01
1.733333333333333393e-01
6.800000000000000488e-01
1.933333333333333293e-01
1.333333333333333315e-01
2.033333333333333381e-01
8.000000000000000167e-02
0.000000000000000000e+00
1.366666666666666863e-01
0.000000000000000000e+00
3.266666666666667163e-01
1.533333333333333215e-01
1.533333333333333215e-01
1.100000000000000006e-01
5.466666666666667451e-01
1.000000000000000021e-02
0.000000000000000000e+00
1.833333333333333481e-01
6.666666666666667095e-03
8.333333333333332871e-02
3.200000000000000067e-01
1.166666666666666546e-01
2.433333333333333182e-01
2.020000000000000018e+00
1.800000000000000211e-01
1.099999999999999867e-01
9.999999999999999167e-02
1.199999999999999956e-01
2.366666666666666641e-01
2.033333333333333659e-01
3.000000000000000444e-01
3.499999999999999223e-01
4.433333333333333570e-01
5.366666666666666252e-01
8.466666666666666785e-01
1.433333333333333404e-01
1.680000000000000382e+00
