7.999999999999999334e-01
3.599999999999999312e-01
8.333333333333332871e-02
1.333333333333333315e-01
4.566666666666667207e-01
7.466666666666667007e-01
9.333333333333333759e-02
2.166666666666666741e-01
1.086666666666666670e+00
7.500000000000000000e-01
3.666666666666667379e-02
7.900000000000000355e-01
1.643333333333333313e+00
4.999999999999999584e-02
1.433333333333333404e-01
0.000000000000000000e+00
0.000000000000000000e+00
4.366666666666667029e-01
1.133333333333333276e-01
9.000000000000001055e-02
6.466666666666666119e-01
1.600000000000000033e-01
1.300000000000000044e-01
3.099999999999999978e-01
5.466666666666667451e-01
1.386666666666666714e+00
4.333333333333333481e-02
5.000000000000000971e-02
3.499999999999999223e-01
8.266666666666666607e-01
1.233333333333333365e-01
2.166666666666666741e-01
9.333333333333332371e-02
2.666666666666666838e-02
7.333333333333333370e-02
0.000000000000000000e+00
1.020000000000000240e+00
3.333333333333333287e-02
2.666666666666666838e-02
1.499999999999999944e-01
2.333333333333333440e-02
1.333333333333333419e-02
3.366666666666666696e-01
1.033333333333333326e-01
9.000000000000001055e-02
1.166666666666666824e-01
8.033333333333333437e-01
0.000000000000000000e+00
3.000000000000000236e-02
7.133333333333332638e-01
1.999999999999999833e-01
2.133333333333333470e-01
9.366666666666666474e-01
4.133333333333333859e-01
6.233333333333334059e-01
8.866666666666667140e-01
1.856666666666666687e+00
1.763333333333333419e+00
8.399999999999999689e-01
2.500000000000000000e-01
0.000000000000000000e+00
1.833333333333333204e-01
1.499999999999999944e-01
6.633333333333334414e-01
2.999999999999999889e-02
4.699999999999999734e-01
7.000000000000000666e-02
3.966666666666666674e-01
4.199999999999999845e-01
0.000000000000000000e+00
3.333333333333333547e-03
2.766666666666666718e-01
1.366666666666666585e-01
0.000000000000000000e+00
2.033333333333333381e-01
1.266666666666666774e-01
3.666666666666667379e-02
4.633333333333333193e-01
8.333333333333332871e-02
4.666666666666666879e-02
1.133333333333333276e-01
3.400000000000000244e-01
5.533333333333333437e-01
1.466666666666666397e-01
5.966666666666666785e-01
1.433333333333333404e-01
1.300000000000000044e-01
1.250000000000000000e+00
3.333333333333333287e-02
1.136666666666666714e+00
7.766666666666667274e-01
1.399999999999999856e-01
6.133333333333332860e-01
6.533333333333333215e-01
4.666666666666666186e-01
1.900000000000000300e-01
1.966666666666666841e-01
3.166666666666666519e-01
1.966666666666666841e-01
2.366666666666666641e-01
5.600000000000000533e-01
3.366666666666666696e-01
1.716666666666666785e+00
3.300000000000000155e-01
2.766666666666666163e-01
5.266666666666666163e-01
1.166666666666666546e-01
3.300000000000000155e-01
3.333333333333333287e-02
2.666666666666666838e-02
1.199999999999999956e-01
9.666666666666667851e-02
2.099999999999999922e-01
2.333333333333333093e-01
2.900000000000000355e-01
5.166666666666667185e-01
3.333333333333333287e-02
3.899999999999999578e-01
4.933333333333333459e-01
1.666666666666666574e-01
2.333333333333333440e-02
3.666666666666666408e-01
2.466666666666666730e-01
6.666666666666667095e-03
3.333333333333333287e-02
0.000000000000000000e+00
3.333333333333333547e-03
5.999999999999999778e-02
4.666666666666666879e-02
1.266666666666666774e-01
4.233333333333333393e-01
2.399999999999999911e-01
1.966666666666666841e-01
3.333333333333333148e-01
1.433333333333333404e-01
4.533333333333333659e-01
2.166666666666666741e-01
3.333333333333333547e-03
7.033333333333332549e-01
1.293333333333333446e+00
1.000000000000000021e-02
0.000000000000000000e+00
2.699999999999999623e-01
9.000000000000001055e-02
9.000000000000001055e-02
1.000000000000000021e-02
1.400000000000000133e-01
2.000000000000000042e-02
5.866666666666667806e-01
0.000000000000000000e+00
1.000000000000000021e-02
2.700000000000000178e-01
1.499999999999999944e-01
1.399999999999999856e-01
3.966666666666666674e-01
3.899999999999999578e-01
2.600000000000000089e-01
5.666666666666666380e-02
5.999999999999999778e-02
5.333333333333334370e-02
1.600000000000000033e-01
1.566666666666666485e-01
1.499999999999999944e-01
3.333333333333333547e-03
1.966666666666666563e-01
0.000000000000000000e+00
9.333333333333333759e-02
0.000000000000000000e+00
2.933333333333333903e-01
4.333333333333333481e-02
6.333333333333333870e-02
3.800000000000000600e-01
2.999999999999999889e-01
3.033333333333332882e-01
4.000000000000000083e-02
8.000000000000000167e-02
9.233333333333333393e-01
1.033333333333333326e-01
0.000000000000000000e+00
2.000000000000000389e-01
7.666666666666667462e-02
1.666666666666666644e-02
3.333333333333333547e-03
1.566666666666666485e-01
1.133333333333333276e-01
4.000000000000000083e-02
1.166666666666666824e-01
8.000000000000000167e-02
8.333333333333332871e-02
4.733333333333333282e-01
5.933333333333333792e-01
7.166666666666666741e-01
0.000000000000000000e+00
6.666666666666666574e-02
0.000000000000000000e+00
7.333333333333333370e-02
5.466666666666666341e-01
1.566666666666666763e-01
9.666666666666667851e-02
1.400000000000000133e-01
1.366666666666666863e-01
1.000000000000000194e-01
1.816666666666666430e+00
9.799999999999999822e-01
1.086666666666666670e+00
