9.366666666666666474e-01
9.466666666666666563e-01
2.013333333333333197e+00
9.466666666666666563e-01
1.566666666666666652e+00
1.266666666666666774e-01
2.700000000000000178e-01
3.600000000000000422e-01
3.333333333333333547e-03
3.666666666666667379e-02
6.633333333333332194e-01
5.233333333333333171e-01
0.000000000000000000e+00
2.999999999999999889e-02
7.700000000000000178e-01
1.733333333333333393e-01
1.666666666666666644e-02
1.003333333333333188e+00
7.700000000000000178e-01
1.086666666666666670e+00
2.700000000000000178e-01
2.733333333333333726e-01
1.266666666666666774e-01
2.999999999999999889e-02
1.199999999999999956e-01
1.666666666666666644e-02
3.666666666666666685e-02
1.899999999999999745e-01
4.333333333333333481e-02
1.133333333333333276e-01
3.499999999999999223e-01
5.533333333333333437e-01
5.233333333333333171e-01
2.256666666666666821e+00
1.066666666666666458e-01
4.000000000000000083e-02
1.499999999999999944e-01
4.666666666666666879e-02
1.000000000000000021e-02
3.333333333333333547e-03
2.000000000000000042e-02
1.166666666666666546e-01
0.000000000000000000e+00
1.466666666666666785e+00
2.666666666666666838e-02
5.066666666666667096e-01
1.730000000000000204e+00
7.533333333333332993e-01
1.666666666666666644e-02
0.000000000000000000e+00
1.520000000000000240e+00
1.453333333333333366e+00
0.000000000000000000e+00
6.899999999999999467e-01
1.793333333333333668e+00
1.666666666666666644e-02
0.000000000000000000e+00
8.066666666666666430e-01
4.366666666666665919e-01
2.000000000000000042e-02
6.666666666666667095e-03
1.453333333333333366e+00
9.666666666666666463e-02
1.366666666666666863e-01
7.666666666666667462e-02
7.666666666666666075e-02
6.000000000000000888e-01
6.500000000000000222e-01
1.590000000000000080e+00
6.466666666666666119e-01
3.800000000000000600e-01
4.900000000000000466e-01
1.099999999999999867e+00
5.366666666666667362e-01
9.666666666666667851e-02
5.766666666666667718e-01
4.199999999999999845e-01
2.166666666666666741e-01
9.400000000000000577e-01
2.099999999999999922e-01
4.700000000000000289e-01
1.199999999999999956e-01
2.999999999999999889e-02
5.933333333333332682e-01
6.600000000000000311e-01
1.000000000000000194e-01
3.133333333333332971e-01
2.123333333333333517e+00
5.799999999999999600e-01
2.100000000000000089e+00
2.033333333333333381e-01
6.533333333333333215e-01
1.966666666666666563e-01
6.166666666666666963e-01
1.199999999999999956e-01
2.566666666666666541e-01
0.000000000000000000e+00
8.066666666666666430e-01
8.399999999999998579e-01
1.199999999999999956e-01
2.600000000000000089e-01
2.966666666666666341e-01
9.666666666666667851e-02
2.333333333333333440e-02
1.433333333333333404e-01
3.666666666666667379e-02
7.333333333333334758e-02
4.533333333333333104e-01
9.033333333333333215e-01
2.700000000000000178e-01
4.466666666666666008e-01
1.159999999999999920e+00
1.966666666666666563e-01
1.219999999999999973e+00
