3.300000000000000155e-01
1.200000000000000094e-01
0.000000000000000000e+00
1.466666666666666397e-01
1.466666666666666674e-01
3.899999999999999578e-01
1.466666666666666397e-01
3.066666666666666430e-01
3.600000000000000422e-01
1.399999999999999856e-01
1.336666666666666670e+00
2.866666666666666807e-01
1.633333333333333304e-01
6.666666666666666574e-02
9.333333333333333759e-02
1.233333333333333365e-01
3.333333333333333287e-02
1.100000000000000006e-01
2.043333333333333446e+00
4.266666666666666941e-01
5.666666666666667074e-02
0.000000000000000000e+00
9.333333333333333759e-02
3.066666666666666430e-01
6.133333333333333970e-01
4.999999999999999584e-02
2.566666666666666541e-01
9.266666666666667496e-01
2.999999999999999889e-01
5.333333333333333676e-02
4.000000000000000083e-02
6.500000000000000222e-01
5.999999999999999778e-02
7.333333333333334758e-02
8.666666666666666963e-02
3.333333333333333287e-02
3.433333333333332682e-01
2.333333333333333440e-02
1.733333333333333393e-01
2.666666666666666838e-02
1.233333333333333365e-01
1.166666666666666546e-01
3.666666666666666963e-01
1.600000000000000033e-01
3.999999999999999667e-01
1.433333333333333348e+00
4.500000000000000111e-01
1.166666666666666546e-01
7.000000000000000666e-02
2.000000000000000042e-02
1.040000000000000036e+00
1.333333333333333315e-01
7.666666666666667462e-02
2.133333333333333470e-01
1.499999999999999944e-01
1.733333333333333393e-01
2.466666666666666730e-01
9.133333333333334414e-01
9.000000000000001055e-02
1.000000000000000021e-02
6.300000000000000044e-01
