1.959999999999999964e+00
2.533333333333333548e-01
1.333333333333333419e-02
1.273333333333333206e+00
2.466666666666666730e-01
2.666666666666666630e-01
1.233333333333333365e-01
1.466666666666666952e-01
2.133333333333333470e-01
4.633333333333333748e-01
1.366666666666666585e-01
9.666666666666666463e-02
3.333333333333333287e-02
1.099999999999999867e-01
1.000000000000000021e-02
1.666666666666666644e-02
8.000000000000000167e-02
1.423333333333333561e+00
0.000000000000000000e+00
3.333333333333333547e-03
2.000000000000000042e-02
1.266666666666666774e-01
6.666666666666667095e-03
2.133333333333333470e-01
2.333333333333333093e-01
1.666666666666666644e-02
3.333333333333333547e-03
6.333333333333333870e-02
6.666666666666667095e-03
3.866666666666667140e-01
3.966666666666666674e-01
1.333333333333333315e-01
2.000000000000000042e-02
1.866666666666666474e-01
4.000000000000000083e-02
7.133333333333333748e-01
4.000000000000000083e-02
6.666666666666667095e-03
0.000000000000000000e+00
0.000000000000000000e+00
3.333333333333333287e-02
4.999999999999999584e-02
1.000000000000000021e-02
9.000000000000001055e-02
2.333333333333333648e-01
5.800000000000000711e-01
1.033333333333333326e-01
1.000000000000000021e-02
3.233333333333333059e-01
4.333333333333333481e-02
1.000000000000000021e-02
8.099999999999999423e-01
5.200000000000000178e-01
3.666666666666667379e-02
2.566666666666666541e-01
1.999999999999999833e-01
1.766666666666666663e-01
2.366666666666666641e-01
6.333333333333333870e-02
7.333333333333333370e-02
3.733333333333333504e-01
9.666666666666666463e-02
2.333333333333333440e-02
3.333333333333333287e-02
1.833333333333333481e-01
2.766666666666666718e-01
1.666666666666666644e-02
3.333333333333333547e-03
4.666666666666666879e-02
4.566666666666667207e-01
2.899999999999999800e-01
4.666666666666666186e-01
2.299999999999999822e-01
7.533333333333332993e-01
3.433333333333333237e-01
7.333333333333334758e-02
7.233333333333332726e-01
1.146666666666666723e+00
5.000000000000000971e-02
0.000000000000000000e+00
5.966666666666666785e-01
2.666666666666666630e-01
4.000000000000000083e-02
0.000000000000000000e+00
0.000000000000000000e+00
1.266666666666666774e-01
0.000000000000000000e+00
1.333333333333333419e-02
0.000000000000000000e+00
1.333333333333333419e-02
1.000000000000000021e-02
0.000000000000000000e+00
1.333333333333333419e-02
6.666666666666667095e-03
1.000000000000000021e-02
1.000000000000000021e-02
1.000000000000000021e-02
4.666666666666666879e-02
1.000000000000000021e-02
1.000000000000000021e-02
0.000000000000000000e+00
0.000000000000000000e+00
6.999999999999999278e-02
6.666666666666666574e-02
3.333333333333333547e-03
0.000000000000000000e+00
9.333333333333333759e-02
9.666666666666667851e-02
2.999999999999999889e-02
0.000000000000000000e+00
1.066666666666666735e-01
1.000000000000000194e-01
9.333333333333333759e-02
0.000000000000000000e+00
4.666666666666666879e-02
8.000000000000000167e-02
1.266666666666666774e-01
4.000000000000000083e-02
1.493333333333333401e+00
5.499999999999999334e-01
1.633333333333333026e-01
4.466666666666667118e-01
5.733333333333333615e-01
2.666666666666666838e-02
1.366666666666666863e-01
1.666666666666666644e-02
0.000000000000000000e+00
2.000000000000000042e-02
3.500000000000000333e-01
2.000000000000000042e-02
4.000000000000000083e-02
4.666666666666667296e-01
1.000000000000000021e-02
4.000000000000000083e-02
4.666666666666666879e-02
2.666666666666666838e-02
0.000000000000000000e+00
1.666666666666666644e-02
6.666666666666667095e-03
7.333333333333334758e-02
6.333333333333333870e-02
0.000000000000000000e+00
3.333333333333333547e-03
0.000000000000000000e+00
6.666666666666667095e-03
0.000000000000000000e+00
0.000000000000000000e+00
0.000000000000000000e+00
1.333333333333333419e-02
0.000000000000000000e+00
0.000000000000000000e+00
2.433333333333333182e-01
1.166666666666666824e-01
1.266666666666666774e-01
5.566666666666666430e-01
6.500000000000000222e-01
6.933333333333333570e-01
1.233333333333333365e-01
1.666666666666666644e-02
3.333333333333333287e-02
6.666666666666666574e-02
1.333333333333333419e-02
6.666666666666667095e-03
2.700000000000000178e-01
2.333333333333333440e-02
1.000000000000000021e-02
3.333333333333333547e-03
3.666666666666667379e-02
1.000000000000000021e-02
0.000000000000000000e+00
1.333333333333333419e-02
0.000000000000000000e+00
0.000000000000000000e+00
0.000000000000000000e+00
0.000000000000000000e+00
2.466666666666666730e-01
8.000000000000000167e-02
0.000000000000000000e+00
2.666666666666666838e-02
1.966666666666666563e-01
1.600000000000000033e-01
7.333333333333334758e-02
3.200000000000000067e-01
7.000000000000000666e-02
2.566666666666666541e-01
0.000000000000000000e+00
0.000000000000000000e+00
0.000000000000000000e+00
0.000000000000000000e+00
2.000000000000000042e-02
3.333333333333333287e-02
0.000000000000000000e+00
0.000000000000000000e+00
0.000000000000000000e+00
1.000000000000000021e-02
0.000000000000000000e+00
4.000000000000000083e-02
1.000000000000000021e-02
1.000000000000000021e-02
5.333333333333333676e-02
1.666666666666666644e-02
1.000000000000000021e-02
1.666666666666666644e-02
0.000000000000000000e+00
1.000000000000000021e-02
1.000000000000000021e-02
3.333333333333333287e-02
0.000000000000000000e+00
1.050000000000000044e+00
1.283333333333333437e+00
5.999999999999999778e-02
1.000000000000000021e-02
0.000000000000000000e+00
1.199999999999999956e-01
4.000000000000000083e-02
1.766666666666666663e-01
2.333333333333333440e-02
5.533333333333333437e-01
5.333333333333333676e-02
9.666666666666667851e-02
2.733333333333333726e-01
2.966666666666666896e-01
7.266666666666666829e-01
2.633333333333333637e-01
1.266666666666666774e-01
3.666666666666666685e-02
2.700000000000000178e-01
1.026666666666666616e+00
0.000000000000000000e+00
2.999999999999999889e-02
9.199999999999999289e-01
1.133333333333333415e-01
2.999999999999999889e-02
3.666666666666667379e-02
2.999999999999999889e-02
0.000000000000000000e+00
1.666666666666666644e-02
5.666666666666667074e-02
6.666666666666667095e-03
1.866666666666666474e-01
5.333333333333333676e-02
9.666666666666666463e-02
2.266666666666666829e-01
4.733333333333333282e-01
1.666666666666666644e-02
9.666666666666667851e-02
3.433333333333332682e-01
9.666666666666666463e-02
1.033333333333333326e-01
4.000000000000000083e-02
6.666666666666666574e-02
5.333333333333333676e-02
1.000000000000000021e-02
0.000000000000000000e+00
1.000000000000000021e-02
5.033333333333332993e-01
2.366666666666666641e-01
3.733333333333333504e-01
3.866666666666667140e-01
2.000000000000000042e-02
1.666666666666666644e-02
8.666666666666666963e-02
0.000000000000000000e+00
1.199999999999999956e-01
1.100000000000000006e-01
6.199999999999999956e-01
6.000000000000000472e-02
0.000000000000000000e+00
5.466666666666667451e-01
3.899999999999999578e-01
2.000000000000000042e-02
2.333333333333333440e-02
4.299999999999999933e-01
1.100000000000000006e-01
0.000000000000000000e+00
6.666666666666667095e-03
1.133333333333333276e-01
8.000000000000000167e-02
0.000000000000000000e+00
6.666666666666667095e-03
2.600000000000000089e-01
3.333333333333333547e-03
3.333333333333333547e-03
1.066666666666666735e-01
3.666666666666666685e-02
6.666666666666667095e-03
0.000000000000000000e+00
1.666666666666666574e-01
1.999999999999999833e-01
0.000000000000000000e+00
0.000000000000000000e+00
1.533333333333333215e-01
7.733333333333333171e-01
2.333333333333333440e-02
1.466666666666666674e-01
2.233333333333333004e-01
3.566666666666666319e-01
2.633333333333333637e-01
7.866666666666667362e-01
9.500000000000000666e-01
1.253333333333333188e+00
7.999999999999999334e-01
2.333333333333333440e-02
7.333333333333333370e-02
1.453333333333333366e+00
1.666666666666666644e-02
2.666666666666666838e-02
0.000000000000000000e+00
3.666666666666667379e-02
0.000000000000000000e+00
1.333333333333333419e-02
2.166666666666666741e-01
0.000000000000000000e+00
0.000000000000000000e+00
1.000000000000000021e-02
0.000000000000000000e+00
2.000000000000000042e-02
0.000000000000000000e+00
1.000000000000000021e-02
0.000000000000000000e+00
6.666666666666667095e-03
3.333333333333333547e-03
0.000000000000000000e+00
0.000000000000000000e+00
0.000000000000000000e+00
0.000000000000000000e+00
4.333333333333333481e-02
0.000000000000000000e+00
3.333333333333333547e-03
2.333333333333333440e-02
6.333333333333333870e-02
1.000000000000000021e-02
1.333333333333333419e-02
1.633333333333333304e-01
5.333333333333333676e-02
1.000000000000000021e-02
5.333333333333333676e-02
1.833333333333333481e-01
5.466666666666667451e-01
3.533333333333333326e-01
1.436666666666666536e+00
5.999999999999999778e-02
3.099999999999999978e-01
6.000000000000000472e-02
4.033333333333333215e-01
2.666666666666666838e-02
1.666666666666666644e-02
2.033333333333333381e-01
1.333333333333333419e-02
1.333333333333333419e-02
2.833333333333333814e-01
5.933333333333333792e-01
1.000000000000000021e-02
0.000000000000000000e+00
6.666666666666667095e-03
0.000000000000000000e+00
1.666666666666666644e-02
3.333333333333333547e-03
2.333333333333333440e-02
3.333333333333333547e-03
0.000000000000000000e+00
2.000000000000000042e-02
0.000000000000000000e+00
1.066666666666666458e-01
0.000000000000000000e+00
0.000000000000000000e+00
5.333333333333333676e-02
3.233333333333333059e-01
0.000000000000000000e+00
0.000000000000000000e+00
0.000000000000000000e+00
1.000000000000000021e-02
0.000000000000000000e+00
0.000000000000000000e+00
2.999999999999999889e-02
3.333333333333333547e-03
5.366666666666667362e-01
4.433333333333333015e-01
7.666666666666667462e-02
1.666666666666666644e-02
9.866666666666666918e-01
9.666666666666666463e-02
0.000000000000000000e+00
1.000000000000000021e-02
5.633333333333333526e-01
0.000000000000000000e+00
0.000000000000000000e+00
1.899999999999999745e-01
1.000000000000000021e-02
1.666666666666666644e-02
2.999999999999999889e-02
4.000000000000000083e-02
1.000000000000000021e-02
9.000000000000001055e-02
1.366666666666666863e-01
2.999999999999999889e-02
0.000000000000000000e+00
3.333333333333333287e-02
8.000000000000000167e-02
2.000000000000000042e-02
6.666666666666667095e-03
2.333333333333333440e-02
4.000000000000000083e-02
1.300000000000000044e-01
2.666666666666666838e-02
7.533333333333334103e-01
1.399999999999999856e-01
1.666666666666666644e-02
0.000000000000000000e+00
0.000000000000000000e+00
1.000000000000000021e-02
0.000000000000000000e+00
0.000000000000000000e+00
5.000000000000000971e-02
3.333333333333333547e-03
0.000000000000000000e+00
3.333333333333333287e-02
3.333333333333333287e-02
0.000000000000000000e+00
3.333333333333333547e-03
5.666666666666667074e-02
0.000000000000000000e+00
2.333333333333333440e-02
3.333333333333333547e-03
0.000000000000000000e+00
1.066666666666666458e-01
1.333333333333333315e-01
1.333333333333333419e-02
6.666666666666667095e-03
5.733333333333333615e-01
9.899999999999998801e-01
3.833333333333333037e-01
1.519999999999999796e+00
1.833333333333333481e-01
7.666666666666667462e-02
2.433333333333333182e-01
7.000000000000000666e-02
3.400000000000000244e-01
3.133333333333333526e-01
1.633333333333333304e-01
1.499999999999999944e-01
1.300000000000000044e-01
0.000000000000000000e+00
6.333333333333333870e-02
5.666666666666667074e-02
2.000000000000000042e-02
4.966666666666667562e-01
2.000000000000000042e-02
1.333333333333333419e-02
1.000000000000000021e-02
0.000000000000000000e+00
0.000000000000000000e+00
4.000000000000000083e-02
1.333333333333333419e-02
0.000000000000000000e+00
0.000000000000000000e+00
0.000000000000000000e+00
1.333333333333333419e-02
0.000000000000000000e+00
4.333333333333333481e-02
0.000000000000000000e+00
1.000000000000000021e-02
9.666666666666667851e-02
3.300000000000000155e-01
9.333333333333333759e-02
2.700000000000000178e-01
5.200000000000000178e-01
1.540000000000000036e+00
1.239999999999999991e+00
4.099999999999999756e-01
3.999999999999999667e-01
1.533333333333333492e-01
2.866666666666666807e-01
7.333333333333333370e-02
1.000000000000000021e-02
8.333333333333332871e-02
2.299999999999999822e-01
0.000000000000000000e+00
2.000000000000000042e-02
4.700000000000000289e-01
1.000000000000000021e-02
2.000000000000000042e-02
0.000000000000000000e+00
0.000000000000000000e+00
1.333333333333333419e-02
3.333333333333333287e-02
3.333333333333333547e-03
0.000000000000000000e+00
2.333333333333333440e-02
5.666666666666667074e-02
1.000000000000000021e-02
0.000000000000000000e+00
1.266666666666666774e-01
1.633333333333333304e-01
3.333333333333333547e-03
6.666666666666667095e-03
1.600000000000000033e-01
1.433333333333333404e-01
6.333333333333333870e-02
1.766666666666666663e-01
2.600000000000000089e-01
1.660000000000000142e+00
2.800000000000000266e-01
2.293333333333333002e+00
8.300000000000000711e-01
3.333333333333333547e-03
0.000000000000000000e+00
2.926666666666666305e+00
1.739999999999999991e+00
1.090000000000000080e+00
2.600000000000000089e-01
4.000000000000000083e-02
2.983333333333332948e+00
4.933333333333333459e-01
0.000000000000000000e+00
5.666666666666667074e-02
1.546666666666666634e+00
1.666666666666666574e-01
3.033333333333332882e-01
7.266666666666665719e-01
7.366666666666666918e-01
9.266666666666667496e-01
