1.233333333333333393e+00
2.433333333333333182e-01
3.533333333333333326e-01
3.300000000000000155e-01
5.133333333333333082e-01
4.533333333333333104e-01
2.666666666666666838e-02
1.466666666666666952e-01
1.203333333333333366e+00
5.033333333333332993e-01
4.966666666666666452e-01
3.000000000000000236e-02
5.599999999999999423e-01
1.766666666666666663e-01
1.320000000000000062e+00
1.099999999999999867e+00
1.766666666666666663e-01
2.333333333333333440e-02
7.333333333333333370e-02
1.566666666666666485e-01
3.233333333333333059e-01
8.000000000000000167e-02
4.933333333333333459e-01
3.899999999999999578e-01
8.333333333333332871e-02
5.000000000000000971e-02
3.466666666666666785e-01
2.666666666666666838e-02
2.633333333333333637e-01
0.000000000000000000e+00
7.333333333333333370e-02
1.000000000000000021e-02
2.233333333333333004e-01
5.999999999999999778e-02
7.200000000000000844e-01
1.396666666666666723e+00
4.866666666666666363e-01
1.133333333333333415e-01
2.000000000000000042e-02
3.633333333333333415e-01
1.333333333333333419e-02
9.666666666666666463e-02
7.333333333333334758e-02
6.133333333333332860e-01
0.000000000000000000e+00
9.666666666666667851e-02
3.099999999999999978e-01
5.966666666666666785e-01
2.700000000000000178e-01
1.366666666666666863e-01
1.700000000000000122e-01
1.233333333333333365e-01
1.733333333333333393e-01
2.233333333333333004e-01
1.933333333333333293e-01
2.999999999999999889e-02
4.599999999999999645e-01
2.266666666666666552e-01
2.133333333333333470e-01
6.000000000000000472e-02
4.366666666666667029e-01
3.966666666666666674e-01
1.900000000000000300e-01
1.999999999999999833e-01
0.000000000000000000e+00
1.290000000000000036e+00
2.099999999999999922e-01
3.633333333333332860e-01
1.233333333333333365e-01
1.066666666666666735e-01
1.333333333333333419e-02
7.133333333333333748e-01
2.333333333333333440e-02
9.433333333333333570e-01
3.333333333333333287e-02
3.733333333333333504e-01
4.333333333333333481e-02
1.300000000000000044e-01
1.600000000000000033e-01
1.966666666666666841e-01
1.536666666666666847e+00
1.499999999999999944e-01
1.300000000000000044e-01
0.000000000000000000e+00
6.666666666666666574e-02
0.000000000000000000e+00
1.033333333333333326e-01
6.266666666666665941e-01
2.966666666666666896e-01
4.999999999999999584e-02
7.666666666666667462e-02
3.366666666666666696e-01
4.033333333333333215e-01
3.500000000000000333e-01
3.633333333333332860e-01
7.633333333333333082e-01
9.999999999999999167e-02
1.766666666666666663e-01
2.699999999999999623e-01
4.066666666666666763e-01
2.966666666666666896e-01
2.720000000000000195e+00
