1.280000000000000027e+00
5.866666666666666696e-01
2.299999999999999822e-01
2.766666666666666718e-01
8.099999999999999423e-01
1.800000000000000211e-01
2.966666666666666896e-01
9.700000000000000844e-01
6.999999999999999278e-02
1.000000000000000021e-02
1.000000000000000021e-02
5.333333333333333676e-02
1.333333333333333419e-02
0.000000000000000000e+00
5.666666666666667074e-02
6.666666666666667095e-03
1.000000000000000021e-02
2.000000000000000042e-02
5.333333333333333676e-02
6.333333333333333870e-02
2.999999999999999889e-02
2.333333333333333440e-02
5.333333333333333676e-02
1.333333333333333419e-02
2.000000000000000042e-02
3.333333333333333287e-02
6.666666666666667095e-03
1.000000000000000021e-02
3.000000000000000236e-02
2.000000000000000042e-02
9.999999999999999167e-02
4.599999999999999645e-01
1.366666666666666863e-01
1.100000000000000006e-01
2.666666666666666838e-02
8.000000000000000167e-02
2.600000000000000089e-01
9.999999999999999167e-02
1.266666666666666774e-01
6.233333333333334059e-01
4.000000000000000083e-02
7.666666666666666075e-02
2.899999999999999800e-01
1.333333333333333419e-02
2.000000000000000389e-01
1.066666666666666735e-01
3.166666666666666519e-01
1.033333333333333326e-01
8.100000000000000533e-01
1.786666666666666847e+00
