5.300000000000000266e-01
4.699999999999999734e-01
1.666666666666666644e-02
3.333333333333333547e-03
5.666666666666667074e-02
1.666666666666666644e-02
1.966666666666666841e-01
1.933333333333333570e-01
2.233333333333333559e-01
3.233333333333333059e-01
1.030000000000000027e+00
3.333333333333333287e-02
9.666666666666667851e-02
3.233333333333333059e-01
0.000000000000000000e+00
1.533333333333333215e-01
0.000000000000000000e+00
4.433333333333333570e-01
1.023333333333333428e+00
1.966666666666666563e-01
0.000000000000000000e+00
0.000000000000000000e+00
1.000000000000000021e-02
0.000000000000000000e+00
6.666666666666667095e-03
2.666666666666666838e-02
3.333333333333333287e-02
0.000000000000000000e+00
2.933333333333332793e-01
2.666666666666666838e-02
7.666666666666666075e-02
8.000000000000000167e-02
9.999999999999999167e-02
8.666666666666666963e-02
1.833333333333333481e-01
3.966666666666666674e-01
2.966666666666666896e-01
2.133333333333333470e-01
3.466666666666666785e-01
0.000000000000000000e+00
2.000000000000000042e-02
3.333333333333333547e-03
7.666666666666666075e-02
1.333333333333333419e-02
1.300000000000000044e-01
1.860000000000000098e+00
2.799999999999999711e-01
4.566666666666667207e-01
1.099999999999999867e-01
2.433333333333333182e-01
1.900000000000000300e-01
7.666666666666666075e-02
8.333333333333332871e-02
5.666666666666667074e-02
0.000000000000000000e+00
2.200000000000000011e-01
6.633333333333334414e-01
2.999999999999999889e-02
3.666666666666666963e-01
5.666666666666667074e-02
3.266666666666666607e-01
2.000000000000000042e-02
9.000000000000001055e-02
3.333333333333333547e-03
2.999999999999999889e-02
1.666666666666666644e-02
2.500000000000000000e-01
8.000000000000000167e-02
1.099999999999999867e-01
1.633333333333333304e-01
5.233333333333333171e-01
2.130000000000000338e+00
5.000000000000000000e-01
1.633333333333333304e-01
1.133333333333333276e-01
1.000000000000000021e-02
4.733333333333333282e-01
3.033333333333332882e-01
1.353333333333333499e+00
9.333333333333333759e-02
1.000000000000000194e-01
4.666666666666666186e-02
2.666666666666666838e-02
3.333333333333333547e-03
4.733333333333333282e-01
2.999999999999999889e-02
1.150000000000000133e+00
1.299999999999999767e-01
2.000000000000000042e-02
1.760000000000000009e+00
2.919999999999999929e+00
2.333333333333333440e-02
0.000000000000000000e+00
6.666666666666666574e-02
6.099999999999999867e-01
9.999999999999999167e-02
6.333333333333333037e-01
2.239999999999999769e+00
1.410000000000000142e+00
5.766666666666666607e-01
3.666666666666666685e-02
0.000000000000000000e+00
2.133333333333333470e-01
0.000000000000000000e+00
8.333333333333332871e-02
2.000000000000000042e-02
2.866666666666666807e-01
7.400000000000001021e-01
1.066666666666666735e-01
9.633333333333333748e-01
4.266666666666666941e-01
1.016666666666666607e+00
5.033333333333332993e-01
5.400000000000000355e-01
2.899999999999999800e-01
2.633333333333333637e-01
2.666666666666666838e-02
2.333333333333333648e-01
0.000000000000000000e+00
7.000000000000000666e-02
6.899999999999999467e-01
1.396666666666666723e+00
4.733333333333333282e-01
1.510000000000000009e+00
4.766666666666666274e-01
2.500000000000000000e-01
4.233333333333333393e-01
2.766666666666666718e-01
0.000000000000000000e+00
5.266666666666667274e-01
1.033333333333333326e-01
4.833333333333333370e-01
8.266666666666666607e-01
5.733333333333333615e-01
4.500000000000000111e-01
1.066666666666666735e-01
1.333333333333333419e-02
1.800000000000000211e-01
2.033333333333333381e-01
1.023333333333333428e+00
2.866666666666666807e-01
2.333333333333333093e-01
2.299999999999999822e-01
9.066666666666667318e-01
1.436666666666666758e+00
1.333333333333333315e-01
1.416666666666666741e+00
2.000000000000000042e-02
5.433333333333333348e-01
6.666666666666666297e-01
6.833333333333332371e-01
1.179999999999999938e+00
5.999999999999999778e-02
0.000000000000000000e+00
3.333333333333333547e-03
1.333333333333333419e-02
2.466666666666666730e-01
1.333333333333333315e-01
1.000000000000000000e+00
1.959999999999999964e+00
2.333333333333333093e-02
3.666666666666666685e-02
1.400000000000000133e-01
8.333333333333332871e-02
6.666666666666667095e-03
5.333333333333334370e-02
3.666666666666666685e-02
7.333333333333333370e-02
9.000000000000001055e-02
1.433333333333333404e-01
2.999999999999999889e-01
1.333333333333333419e-02
2.866666666666666807e-01
1.299999999999999767e-01
1.966666666666666841e-01
1.433333333333333348e+00
3.333333333333333287e-02
2.333333333333333093e-01
7.333333333333333370e-02
6.866666666666666474e-01
2.000000000000000042e-02
0.000000000000000000e+00
4.166666666666666852e-01
6.666666666666667095e-03
2.433333333333333182e-01
3.333333333333333287e-02
5.100000000000000089e-01
7.900000000000000355e-01
5.599999999999999423e-01
3.666666666666666685e-02
4.666666666666666879e-02
1.166666666666666546e-01
1.333333333333333315e-01
3.000000000000000236e-02
2.000000000000000042e-02
2.866666666666666252e-01
1.733333333333333393e-01
1.233333333333333365e-01
3.333333333333333547e-03
1.700000000000000122e-01
0.000000000000000000e+00
5.666666666666667074e-02
9.000000000000001055e-02
1.533333333333333215e-01
2.200000000000000011e-01
4.299999999999999933e-01
1.733333333333333393e-01
5.533333333333333437e-01
1.366666666666666585e-01
0.000000000000000000e+00
1.000000000000000021e-02
8.666666666666666963e-02
1.066666666666666458e-01
7.533333333333332993e-01
2.833333333333333259e-01
4.000000000000000083e-02
6.999999999999999278e-02
1.666666666666666644e-02
1.066666666666666458e-01
7.633333333333333082e-01
5.999999999999999778e-02
1.733333333333333393e-01
5.333333333333334370e-02
2.566666666666666541e-01
4.366666666666667029e-01
1.666666666666666574e-01
2.466666666666666730e-01
3.366666666666666696e-01
2.000000000000000042e-02
1.466666666666666397e-01
6.666666666666666574e-02
1.333333333333333419e-02
3.333333333333333287e-02
1.523333333333333428e+00
2.533333333333333548e-01
1.313333333333333242e+00
8.333333333333333703e-01
3.433333333333333237e-01
4.899999999999999911e-01
4.666666666666666186e-01
1.379999999999999893e+00
2.999999999999999889e-02
6.666666666666667095e-03
1.033333333333333326e-01
1.333333333333333419e-02
1.900000000000000300e-01
1.966666666666666563e-01
2.766666666666666718e-01
2.966666666666666896e-01
8.533333333333331661e-01
3.333333333333333547e-03
1.999999999999999833e-01
1.050000000000000044e+00
1.333333333333333419e-02
1.300000000000000044e-01
1.000000000000000021e-02
1.266666666666666774e-01
7.200000000000000844e-01
5.333333333333333676e-02
6.666666666666667095e-03
4.333333333333333481e-02
1.200000000000000094e-01
3.666666666666665991e-02
1.333333333333333419e-02
8.666666666666666963e-02
4.333333333333333481e-02
6.666666666666667095e-03
6.833333333333332371e-01
2.033333333333333381e-01
2.000000000000000042e-02
2.666666666666666838e-02
2.333333333333333440e-02
2.000000000000000042e-02
4.000000000000000083e-02
2.533333333333333548e-01
5.333333333333333676e-02
7.666666666666667462e-02
3.366666666666666696e-01
6.666666666666667095e-03
4.000000000000000083e-02
0.000000000000000000e+00
3.666666666666667379e-02
6.666666666666667095e-03
5.566666666666666430e-01
1.843333333333333490e+00
1.066666666666666735e-01
7.833333333333333259e-01
2.199999999999999734e-01
1.266666666666666774e-01
1.266666666666666774e-01
3.333333333333333287e-02
1.100000000000000006e-01
0.000000000000000000e+00
0.000000000000000000e+00
2.166666666666666463e-01
8.466666666666666785e-01
0.000000000000000000e+00
1.733333333333333393e-01
4.000000000000000083e-02
1.466666666666666397e-01
3.000000000000000236e-02
0.000000000000000000e+00
0.000000000000000000e+00
0.000000000000000000e+00
2.999999999999999889e-02
1.199999999999999956e-01
1.999999999999999833e-01
7.999999999999999334e-01
8.333333333333332871e-02
3.133333333333333526e-01
5.799999999999999600e-01
1.666666666666666574e-01
9.000000000000001055e-02
1.233333333333333365e-01
5.666666666666666380e-02
8.766666666666665941e-01
3.366666666666666696e-01
1.910000000000000142e+00
2.600000000000000089e-01
1.900000000000000300e-01
5.666666666666666380e-02
1.099999999999999867e-01
7.000000000000000666e-02
2.900000000000000355e-01
1.099999999999999867e-01
2.133333333333333304e+00
7.333333333333333370e-02
2.666666666666666838e-02
1.046666666666666634e+00
4.309999999999999609e+00
6.333333333333333870e-02
4.333333333333333481e-02
2.333333333333333440e-02
1.113333333333333286e+00
5.666666666666666380e-02
3.733333333333332948e-01
1.536666666666666847e+00
1.469999999999999973e+00
3.366666666666666141e-01
5.000000000000000971e-02
1.333333333333333419e-02
3.966666666666666674e-01
3.333333333333333547e-03
2.333333333333333440e-02
6.000000000000000472e-02
2.733333333333333726e-01
3.000000000000000444e-01
1.000000000000000021e-02
5.300000000000000266e-01
1.933333333333333570e-01
4.299999999999999933e-01
1.033333333333333215e+00
4.433333333333333570e-01
2.999999999999999889e-01
8.666666666666666963e-02
2.666666666666666838e-02
3.833333333333333592e-01
0.000000000000000000e+00
1.066666666666666735e-01
8.266666666666666607e-01
1.376666666666666705e+00
1.433333333333333404e-01
1.113333333333333508e+00
7.833333333333333259e-01
1.533333333333333215e-01
5.166666666666667185e-01
4.099999999999999756e-01
3.333333333333333547e-03
3.666666666666666408e-01
5.999999999999999778e-02
9.000000000000001055e-02
8.966666666666666119e-01
2.833333333333333259e-01
4.933333333333333459e-01
1.066666666666666735e-01
5.666666666666666380e-02
2.666666666666666838e-02
1.266666666666666774e-01
7.933333333333333348e-01
2.466666666666666730e-01
1.233333333333333365e-01
1.466666666666666952e-01
8.599999999999998757e-01
1.790000000000000036e+00
1.000000000000000194e-01
8.266666666666666607e-01
1.133333333333333276e-01
7.200000000000000844e-01
3.666666666666666963e-01
1.033333333333333326e-01
1.209999999999999964e+00
3.333333333333333547e-03
4.000000000000000083e-02
5.999999999999999778e-02
9.000000000000001055e-02
7.000000000000000666e-02
1.199999999999999956e-01
4.099999999999999756e-01
1.919999999999999929e+00
3.233333333333333059e-01
9.333333333333333759e-02
4.633333333333333193e-01
4.766666666666667385e-01
9.999999999999999167e-02
1.166666666666666546e-01
2.566666666666666541e-01
3.899999999999999578e-01
3.133333333333332971e-01
7.000000000000000666e-02
1.600000000000000033e-01
6.333333333333333870e-02
1.733333333333333393e-01
2.066666666666666652e-01
1.900000000000000300e-01
2.050000000000000266e+00
5.066666666666667096e-01
4.266666666666666941e-01
5.333333333333333676e-02
3.733333333333333504e-01
3.000000000000000236e-02
2.000000000000000042e-02
3.999999999999999667e-01
2.333333333333333440e-02
1.700000000000000122e-01
9.000000000000001055e-02
5.833333333333333703e-01
1.339999999999999858e+00
2.266666666666666552e-01
4.799999999999999822e-01
1.999999999999999833e-01
6.666666666666666574e-02
1.933333333333333570e-01
1.333333333333333419e-02
4.000000000000000083e-02
1.566666666666666485e-01
1.466666666666666952e-01
1.700000000000000122e-01
6.666666666666667095e-03
2.633333333333333082e-01
0.000000000000000000e+00
6.333333333333333870e-02
1.199999999999999956e-01
2.366666666666666641e-01
3.200000000000000067e-01
5.033333333333332993e-01
4.699999999999999734e-01
2.666666666666666838e-02
4.666666666666666879e-02
3.933333333333333126e-01
6.333333333333333870e-02
8.000000000000000167e-02
2.666666666666666838e-02
3.766666666666666496e-01
2.533333333333333548e-01
5.333333333333333676e-02
5.333333333333333676e-02
0.000000000000000000e+00
5.999999999999999778e-02
5.799999999999999600e-01
5.333333333333333676e-02
7.866666666666666252e-01
1.033333333333333326e-01
4.833333333333333370e-01
1.966666666666666841e-01
5.666666666666667074e-02
4.533333333333333659e-01
1.700000000000000122e-01
2.333333333333333440e-02
2.600000000000000089e-01
1.133333333333333276e-01
3.333333333333333287e-02
0.000000000000000000e+00
1.059999999999999831e+00
7.666666666666667462e-02
3.066666666666666985e-01
7.733333333333333171e-01
4.266666666666666941e-01
1.043333333333333224e+00
2.999999999999999889e-01
1.520000000000000240e+00
1.000000000000000194e-01
1.233333333333333365e-01
5.899999999999999689e-01
3.000000000000000236e-02
2.000000000000000042e-02
5.666666666666667074e-02
4.333333333333333481e-02
2.133333333333333470e-01
1.036666666666666847e+00
5.000000000000000971e-02
3.333333333333333287e-02
9.333333333333332371e-01
5.000000000000000971e-02
1.999999999999999833e-01
0.000000000000000000e+00
2.133333333333333470e-01
1.119999999999999885e+00
8.333333333333332871e-02
0.000000000000000000e+00
0.000000000000000000e+00
0.000000000000000000e+00
0.000000000000000000e+00
2.000000000000000042e-02
2.000000000000000042e-02
1.666666666666666644e-02
0.000000000000000000e+00
9.666666666666667851e-01
1.633333333333333304e-01
1.166666666666666546e-01
5.999999999999999778e-02
1.000000000000000194e-01
8.000000000000000167e-02
9.666666666666667851e-02
3.733333333333333504e-01
3.666666666666666963e-01
2.766666666666666718e-01
3.066666666666666430e-01
0.000000000000000000e+00
5.333333333333333676e-02
2.333333333333333440e-02
1.400000000000000133e-01
1.333333333333333419e-02
4.833333333333333370e-01
7.200000000000000844e-01
2.600000000000000089e-01
1.209999999999999964e+00
8.000000000000000167e-02
1.133333333333333276e-01
1.033333333333333326e-01
1.333333333333333419e-02
7.666666666666667462e-02
3.333333333333333287e-02
0.000000000000000000e+00
1.766666666666666663e-01
8.666666666666666963e-01
0.000000000000000000e+00
4.199999999999999845e-01
1.000000000000000021e-02
8.000000000000000167e-02
1.133333333333333276e-01
4.333333333333333481e-02
0.000000000000000000e+00
3.000000000000000236e-02
6.666666666666667095e-03
1.700000000000000122e-01
4.166666666666666852e-01
1.000000000000000000e+00
7.333333333333333370e-02
4.366666666666667029e-01
1.586666666666666670e+00
4.433333333333333570e-01
2.700000000000000178e-01
3.366666666666666696e-01
5.999999999999999778e-02
9.566666666666666652e-01
2.600000000000000089e-01
1.286666666666666847e+00
2.200000000000000011e-01
1.766666666666666663e-01
7.000000000000000666e-02
8.333333333333332871e-02
1.333333333333333419e-02
6.466666666666666119e-01
4.000000000000000083e-02
1.179999999999999938e+00
2.233333333333333559e-01
2.000000000000000042e-02
1.433333333333333404e-01
2.283333333333333659e+00
1.666666666666666644e-02
0.000000000000000000e+00
6.666666666666667095e-03
1.163333333333333330e+00
1.366666666666666863e-01
7.399999999999998801e-01
2.213333333333333375e+00
1.963333333333333597e+00
1.083333333333333259e+00
2.000000000000000042e-02
3.333333333333333547e-03
3.533333333333333326e-01
1.333333333333333419e-02
2.533333333333333548e-01
3.333333333333333547e-03
4.166666666666666852e-01
5.833333333333333703e-01
3.000000000000000236e-02
5.933333333333333792e-01
2.033333333333333381e-01
1.260000000000000009e+00
6.800000000000000488e-01
6.199999999999999956e-01
6.666666666666666574e-02
2.733333333333333726e-01
1.066666666666666735e-01
3.500000000000000333e-01
0.000000000000000000e+00
0.000000000000000000e+00
4.966666666666666452e-01
5.133333333333333082e-01
4.000000000000000083e-02
7.200000000000000844e-01
2.433333333333333182e-01
1.366666666666666863e-01
9.533333333333334769e-01
5.933333333333332682e-01
6.666666666666666574e-02
3.066666666666666985e-01
7.333333333333334758e-02
4.299999999999999933e-01
1.013333333333333419e+00
2.800000000000000266e-01
6.533333333333333215e-01
1.066666666666666735e-01
4.000000000000000083e-02
8.333333333333332871e-02
3.099999999999999978e-01
9.633333333333333748e-01
4.466666666666666008e-01
9.000000000000001055e-02
3.266666666666666607e-01
5.899999999999999689e-01
1.306666666666666643e+00
3.666666666666666685e-02
8.533333333333333881e-01
1.000000000000000021e-02
1.210000000000000187e+00
4.266666666666666941e-01
2.533333333333333548e-01
2.236666666666666803e+00
4.666666666666666186e-02
0.000000000000000000e+00
1.666666666666666644e-02
0.000000000000000000e+00
2.700000000000000178e-01
1.999999999999999833e-01
5.033333333333332993e-01
1.983333333333333393e+00
1.133333333333333415e-01
1.666666666666666644e-02
2.366666666666666641e-01
1.633333333333333304e-01
4.000000000000000083e-02
4.999999999999999584e-02
6.666666666666667095e-03
9.000000000000001055e-02
2.000000000000000042e-02
2.700000000000000178e-01
4.399999999999999467e-01
4.000000000000000083e-02
3.233333333333333059e-01
2.700000000000000178e-01
1.233333333333333365e-01
1.599999999999999867e+00
9.333333333333332371e-02
3.133333333333333526e-01
4.333333333333333481e-02
3.500000000000000333e-01
6.666666666666666574e-02
0.000000000000000000e+00
5.733333333333333615e-01
1.000000000000000021e-02
6.333333333333333870e-02
5.333333333333334370e-02
7.099999999999999645e-01
1.000000000000000000e+00
4.233333333333333393e-01
1.400000000000000133e-01
1.233333333333333365e-01
2.700000000000000178e-01
6.366666666666666030e-01
3.666666666666666685e-02
0.000000000000000000e+00
1.666666666666666574e-01
2.500000000000000000e-01
1.146666666666666723e+00
1.000000000000000021e-02
1.600000000000000033e-01
1.666666666666666644e-02
1.333333333333333315e-01
1.166666666666666824e-01
2.899999999999999800e-01
1.600000000000000033e-01
2.133333333333333470e-01
1.300000000000000044e-01
5.133333333333333082e-01
3.333333333333333287e-02
1.633333333333333304e-01
0.000000000000000000e+00
2.666666666666666838e-02
8.666666666666666963e-02
7.733333333333334281e-01
2.833333333333332704e-01
5.333333333333333676e-02
1.000000000000000194e-01
3.333333333333333547e-03
0.000000000000000000e+00
6.099999999999999867e-01
2.666666666666666838e-02
2.799999999999999711e-01
5.666666666666667074e-02
1.766666666666666663e-01
3.366666666666666696e-01
1.566666666666666485e-01
1.733333333333333393e-01
2.533333333333333548e-01
0.000000000000000000e+00
2.766666666666666718e-01
3.333333333333333287e-02
1.366666666666666863e-01
0.000000000000000000e+00
5.633333333333333526e-01
7.333333333333333370e-02
1.653333333333333321e+00
1.313333333333333464e+00
6.733333333333333393e-01
1.803333333333333455e+00
