1.726666666666666572e+00
5.866666666666667806e-01
2.000000000000000042e-02
6.666666666666667095e-03
2.766666666666666718e-01
2.900000000000000355e-01
1.510000000000000009e+00
1.566666666666666485e-01
5.066666666666667096e-01
1.466666666666666674e-01
9.599999999999999645e-01
6.933333333333333570e-01
0.000000000000000000e+00
9.499999999999998446e-01
1.173333333333333339e+00
1.199999999999999956e-01
6.899999999999999467e-01
2.173333333333333339e+00
4.199999999999999845e-01
3.099999999999999978e-01
4.333333333333333481e-02
4.466666666666667118e-01
1.600000000000000033e-01
1.666666666666666574e-01
5.233333333333333171e-01
2.243333333333333179e+00
2.233333333333333559e-01
3.533333333333333326e-01
2.970000000000000195e+00
2.666666666666666630e-01
1.469999999999999973e+00
3.366666666666666696e-01
9.100000000000000311e-01
1.666666666666666644e-02
2.666666666666666838e-02
6.333333333333333870e-02
2.666666666666666838e-02
0.000000000000000000e+00
0.000000000000000000e+00
1.000000000000000021e-02
2.666666666666666838e-02
2.466666666666666730e-01
3.333333333333333287e-02
1.666666666666666574e-01
2.166666666666666741e-01
0.000000000000000000e+00
0.000000000000000000e+00
8.900000000000000133e-01
2.000000000000000042e-02
0.000000000000000000e+00
2.000000000000000042e-02
2.200000000000000011e-01
1.266666666666666774e-01
0.000000000000000000e+00
0.000000000000000000e+00
8.166666666666667629e-01
2.933333333333333903e-01
1.533333333333333492e-01
1.110000000000000098e+00
3.099999999999999978e-01
2.666666666666666838e-02
3.333333333333333287e-02
0.000000000000000000e+00
0.000000000000000000e+00
0.000000000000000000e+00
6.000000000000000472e-02
9.000000000000001055e-02
3.133333333333333526e-01
1.489999999999999991e+00
2.000000000000000042e-02
2.233333333333333559e-01
9.666666666666667851e-02
4.266666666666666941e-01
2.366666666666666641e-01
6.333333333333333870e-02
9.333333333333333759e-02
2.333333333333333440e-02
2.933333333333333903e-01
1.233333333333333365e-01
3.733333333333332948e-01
5.933333333333333792e-01
5.333333333333333676e-02
7.833333333333333259e-01
3.000000000000000236e-02
1.536666666666666847e+00
6.666666666666667095e-03
1.966666666666666563e-01
3.333333333333333287e-02
4.999999999999999584e-02
0.000000000000000000e+00
0.000000000000000000e+00
0.000000000000000000e+00
6.333333333333333870e-02
3.666666666666666685e-02
2.466666666666666730e-01
5.533333333333333437e-01
9.433333333333333570e-01
2.099999999999999922e-01
1.243333333333333401e+00
5.233333333333333171e-01
5.400000000000000355e-01
5.000000000000000000e-01
4.333333333333333481e-02
1.263333333333333419e+00
1.666666666666666644e-02
1.666666666666666644e-02
4.333333333333333481e-02
1.866666666666666752e-01
3.966666666666666674e-01
4.666666666666666879e-02
3.999999999999999667e-01
9.100000000000000311e-01
3.333333333333333547e-03
0.000000000000000000e+00
2.666666666666666838e-02
8.099999999999999423e-01
2.000000000000000042e-02
1.333333333333333419e-02
5.000000000000000971e-02
0.000000000000000000e+00
1.566666666666666763e-01
1.933333333333333293e-01
8.333333333333332871e-02
2.666666666666666838e-02
1.899999999999999745e-01
1.600000000000000033e-01
2.866666666666666807e-01
1.146666666666666723e+00
7.266666666666665719e-01
1.533333333333333492e-01
3.600000000000000422e-01
2.000000000000000042e-02
6.866666666666665364e-01
6.666666666666666574e-02
3.266666666666666607e-01
3.533333333333333326e-01
3.333333333333333547e-03
2.666666666666666838e-02
0.000000000000000000e+00
1.666666666666666644e-02
1.000000000000000021e-02
2.000000000000000042e-02
4.333333333333333481e-02
1.000000000000000021e-02
4.566666666666666097e-01
4.033333333333333215e-01
7.799999999999999156e-01
7.600000000000001199e-01
5.566666666666666430e-01
8.333333333333332871e-02
4.133333333333333304e-01
1.666666666666666644e-02
3.333333333333333287e-02
2.000000000000000042e-02
1.066666666666666735e-01
3.133333333333332971e-01
3.333333333333333547e-03
1.066666666666666735e-01
1.466666666666666397e-01
0.000000000000000000e+00
5.999999999999999778e-02
3.200000000000000067e-01
2.666666666666666838e-02
7.333333333333333370e-02
3.333333333333333287e-02
1.566666666666666763e-01
1.320000000000000062e+00
3.666666666666667379e-02
3.233333333333333059e-01
4.999999999999999584e-02
3.333333333333333287e-02
5.333333333333333676e-02
1.239999999999999991e+00
2.066666666666666652e-01
1.300000000000000044e-01
7.200000000000000844e-01
3.466666666666666785e-01
8.999999999999999112e-01
1.966666666666666563e-01
5.566666666666666430e-01
1.763333333333333419e+00
4.133333333333333304e-01
6.666666666666666574e-02
1.116666666666666696e+00
1.143333333333333313e+00
1.866666666666666474e-01
2.800000000000000266e-01
2.333333333333333648e-01
1.666666666666666644e-02
6.666666666666667095e-03
1.043333333333333224e+00
7.033333333333334769e-01
1.700000000000000122e-01
1.080000000000000071e+00
4.666666666666666879e-02
2.700000000000000178e-01
3.899999999999999578e-01
7.666666666666667462e-02
4.399999999999999467e-01
6.166666666666666963e-01
2.566666666666666541e-01
1.800000000000000044e+00
1.400000000000000133e-01
8.900000000000000133e-01
1.999999999999999833e-01
7.033333333333332549e-01
5.566666666666667540e-01
5.200000000000000178e-01
2.266666666666666829e-01
1.300000000000000044e+00
