1.346666666666666679e+00
3.966666666666666674e-01
2.299999999999999822e-01
8.000000000000000167e-02
1.856666666666666687e+00
2.399999999999999911e-01
4.266666666666665830e-01
3.166666666666666519e-01
1.066666666666666735e-01
1.933333333333333293e-01
9.666666666666666741e-01
3.066666666666666985e-01
2.366666666666666641e-01
9.733333333333332726e-01
2.900000000000000355e-01
1.600000000000000033e-01
1.766666666666666663e-01
2.666666666666666630e-01
2.533333333333333548e-01
5.733333333333333615e-01
1.533333333333333215e-01
8.399999999999999689e-01
