1.336666666666666670e+00
1.033333333333333326e-01
3.533333333333333326e-01
1.666666666666666574e-01
3.233333333333333059e-01
3.333333333333333287e-02
2.066666666666666652e-01
1.093333333333333490e+00
4.866666666666666363e-01
8.333333333333332871e-02
4.166666666666666852e-01
8.000000000000001554e-01
1.066666666666666735e-01
2.446666666666666767e+00
1.833333333333333481e-01
1.613333333333333286e+00
2.833333333333333259e-01
1.000000000000000021e-02
1.166666666666666824e-01
2.333333333333333440e-02
2.333333333333333440e-02
5.866666666666665586e-01
3.333333333333333287e-02
5.333333333333334370e-02
1.076666666666666661e+00
1.933333333333333570e-01
4.666666666666666879e-02
1.333333333333333315e-01
3.300000000000000155e-01
3.333333333333333287e-02
2.999999999999999889e-02
8.000000000000000167e-02
8.333333333333332871e-02
2.333333333333333093e-01
1.333333333333333419e-02
4.000000000000000083e-02
0.000000000000000000e+00
2.000000000000000042e-02
0.000000000000000000e+00
6.400000000000000133e-01
2.766666666666666718e-01
4.333333333333333481e-02
3.499999999999999223e-01
6.066666666666666874e-01
4.000000000000000083e-02
0.000000000000000000e+00
1.333333333333333419e-02
2.433333333333333182e-01
1.633333333333333304e-01
6.099999999999999867e-01
2.999999999999999889e-02
1.466666666666666674e-01
5.000000000000000971e-02
5.666666666666667074e-02
5.366666666666666252e-01
9.533333333333334769e-01
1.333333333333333419e-02
1.000000000000000021e-02
5.600000000000000533e-01
8.666666666666666963e-01
0.000000000000000000e+00
1.533333333333333492e-01
6.733333333333333393e-01
1.403333333333333099e+00
1.536666666666666847e+00
2.533333333333333548e-01
1.176666666666666750e+00
2.999999999999999889e-02
1.199999999999999956e-01
0.000000000000000000e+00
6.666666666666666574e-02
1.086666666666666670e+00
3.799999999999999489e-01
2.666666666666666630e-01
5.133333333333333082e-01
3.933333333333333126e-01
9.999999999999999167e-02
1.256666666666666599e+00
8.000000000000000167e-02
1.580000000000000071e+00
1.766666666666666663e-01
3.333333333333333287e-02
1.199999999999999956e-01
5.000000000000000971e-02
7.333333333333334758e-02
1.283333333333333437e+00
3.666666666666667379e-02
7.333333333333333370e-02
9.466666666666666563e-01
1.166666666666666546e-01
6.333333333333333870e-02
3.866666666666666585e-01
5.233333333333333171e-01
3.666666666666666685e-02
1.033333333333333326e-01
1.633333333333333304e-01
4.000000000000000083e-02
1.466666666666666674e-01
3.333333333333333287e-02
1.333333333333333419e-02
1.333333333333333419e-02
5.333333333333333676e-02
1.000000000000000021e-02
7.600000000000001199e-01
7.333333333333333370e-02
4.666666666666666879e-02
1.179999999999999938e+00
7.000000000000000666e-01
8.666666666666666963e-02
2.000000000000000042e-02
1.533333333333333492e-01
7.033333333333332549e-01
4.199999999999999845e-01
6.866666666666666474e-01
1.600000000000000033e-01
1.333333333333333315e-01
1.466666666666666674e-01
1.700000000000000122e-01
6.733333333333333393e-01
5.666666666666667629e-01
6.666666666666667095e-03
0.000000000000000000e+00
7.233333333333332726e-01
8.266666666666666607e-01
1.000000000000000021e-02
1.100000000000000006e-01
1.450000000000000178e+00
1.650000000000000133e+00
1.523333333333333428e+00
9.333333333333333759e-02
1.300000000000000044e-01
1.300000000000000044e-01
1.333333333333333419e-02
4.666666666666666879e-02
4.066666666666666763e-01
1.193333333333333357e+00
4.500000000000000111e-01
1.399999999999999856e-01
3.800000000000000600e-01
5.733333333333333615e-01
5.333333333333333676e-02
1.066666666666666652e+00
5.333333333333333676e-02
1.826666666666666883e+00
3.099999999999999978e-01
3.333333333333333547e-03
7.000000000000000666e-02
8.000000000000000167e-02
2.999999999999999889e-02
1.866666666666666752e-01
6.666666666666667095e-03
4.333333333333333481e-02
5.966666666666666785e-01
5.666666666666666380e-02
1.333333333333333419e-02
3.866666666666666585e-01
4.633333333333333748e-01
4.000000000000000083e-02
4.333333333333333481e-02
8.666666666666666963e-02
3.666666666666666685e-02
0.000000000000000000e+00
1.000000000000000021e-02
2.666666666666666838e-02
3.333333333333333547e-03
1.966666666666666563e-01
2.999999999999999889e-02
9.800000000000000933e-01
1.766666666666666663e-01
1.033333333333333326e-01
8.966666666666666119e-01
1.316666666666666652e+00
0.000000000000000000e+00
6.666666666666667095e-03
0.000000000000000000e+00
2.299999999999999822e-01
2.766666666666666718e-01
5.499999999999999334e-01
1.466666666666666952e-01
1.333333333333333315e-01
1.133333333333333415e-01
1.033333333333333326e-01
4.766666666666666274e-01
6.533333333333333215e-01
0.000000000000000000e+00
1.666666666666666644e-02
1.110000000000000098e+00
1.349999999999999867e+00
6.999999999999999278e-02
1.700000000000000122e-01
2.766666666666667052e+00
3.150000000000000355e+00
1.169999999999999929e+00
2.999999999999999889e-02
9.000000000000001055e-02
2.999999999999999889e-02
4.866666666666666363e-01
2.333333333333333440e-02
2.766666666666666163e-01
1.023333333333333206e+00
1.899999999999999745e-01
2.133333333333333470e-01
3.966666666666666674e-01
3.133333333333332971e-01
1.333333333333333419e-02
7.600000000000001199e-01
8.333333333333332871e-02
2.486666666666666803e+00
5.333333333333333676e-02
3.333333333333333547e-03
7.333333333333333370e-02
1.333333333333333419e-02
2.000000000000000042e-02
2.333333333333333093e-01
6.666666666666667095e-03
9.000000000000001055e-02
7.900000000000000355e-01
2.333333333333333440e-02
2.000000000000000042e-02
4.899999999999999911e-01
1.533333333333333215e-01
0.000000000000000000e+00
6.999999999999999278e-02
4.333333333333333481e-02
1.000000000000000021e-02
2.999999999999999889e-02
1.000000000000000021e-02
0.000000000000000000e+00
6.666666666666667095e-03
1.666666666666666644e-02
3.333333333333333547e-03
8.933333333333332016e-01
1.233333333333333365e-01
2.333333333333333440e-02
1.536666666666666403e+00
7.733333333333333171e-01
1.033333333333333326e-01
2.000000000000000042e-02
1.333333333333333419e-02
6.366666666666667140e-01
2.133333333333333470e-01
2.533333333333333548e-01
9.999999999999999167e-02
3.300000000000000155e-01
1.733333333333333393e-01
1.866666666666666752e-01
8.433333333333332682e-01
6.400000000000000133e-01
0.000000000000000000e+00
2.333333333333333093e-02
4.199999999999999845e-01
9.066666666666666208e-01
3.333333333333333547e-03
2.666666666666666838e-02
6.633333333333332194e-01
9.233333333333332282e-01
