1.073333333333333250e+00
7.033333333333332549e-01
9.999999999999999167e-02
8.666666666666666963e-01
2.666666666666666838e-02
4.666666666666666186e-01
0.000000000000000000e+00
1.266666666666666774e-01
3.166666666666666519e-01
1.563333333333333464e+00
1.030000000000000027e+00
1.733333333333333393e-01
1.000000000000000194e-01
5.333333333333333259e-01
4.333333333333333481e-02
1.036666666666666847e+00
1.303333333333333455e+00
1.103333333333333277e+00
7.333333333333331983e-02
3.333333333333333287e-02
5.666666666666667074e-02
2.333333333333333093e-01
7.000000000000000666e-02
5.333333333333333676e-02
3.333333333333333287e-02
5.999999999999999778e-02
6.199999999999999956e-01
2.633333333333333637e-01
7.666666666666666075e-02
1.733333333333333393e-01
1.636666666666666714e+00
1.086666666666666670e+00
2.366666666666666641e-01
8.333333333333332871e-02
1.610000000000000098e+00
1.666666666666666574e-01
1.610000000000000098e+00
2.700000000000000178e-01
1.099999999999999867e-01
1.666666666666666644e-02
2.699999999999999623e-01
3.000000000000000236e-02
1.100000000000000006e-01
1.899999999999999745e-01
1.666666666666666644e-02
3.499999999999999223e-01
9.333333333333332371e-02
2.633333333333333637e-01
1.333333333333333419e-02
1.000000000000000021e-02
6.933333333333333570e-01
6.400000000000000133e-01
2.000000000000000042e-02
1.033333333333333326e-01
1.046666666666666634e+00
6.666666666666667095e-03
3.333333333333333287e-02
1.043333333333333224e+00
4.266666666666666941e-01
4.066666666666666763e-01
4.566666666666667207e-01
5.000000000000000000e-01
6.166666666666666963e-01
2.866666666666666807e-01
2.733333333333333171e-01
9.000000000000001055e-02
1.966666666666666563e-01
1.266666666666666774e-01
3.299999999999999600e-01
8.900000000000000133e-01
1.433333333333333348e+00
2.666666666666666630e-01
3.433333333333332682e-01
4.133333333333333304e-01
6.366666666666667140e-01
1.133333333333333276e-01
5.833333333333333703e-01
8.366666666666667806e-01
1.133333333333333276e-01
0.000000000000000000e+00
1.196666666666666767e+00
1.499999999999999944e-01
9.833333333333333925e-01
8.000000000000000167e-02
4.333333333333333481e-02
2.099999999999999922e-01
0.000000000000000000e+00
3.333333333333333547e-03
4.799999999999999822e-01
0.000000000000000000e+00
3.666666666666666685e-02
8.999999999999998279e-02
1.333333333333333419e-02
0.000000000000000000e+00
1.533333333333333215e-01
1.866666666666666752e-01
0.000000000000000000e+00
9.999999999999999167e-02
3.333333333333333287e-02
9.500000000000000666e-01
1.399999999999999856e-01
0.000000000000000000e+00
2.999999999999999889e-02
4.299999999999999933e-01
6.666666666666667095e-03
0.000000000000000000e+00
6.666666666666666574e-02
5.499999999999999334e-01
0.000000000000000000e+00
2.666666666666666838e-02
6.333333333333333870e-02
1.066666666666666735e-01
2.000000000000000042e-02
1.833333333333333481e-01
9.166666666666666297e-01
8.966666666666666119e-01
7.966666666666665231e-01
4.366666666666667029e-01
8.000000000000000167e-02
6.199999999999999956e-01
0.000000000000000000e+00
6.833333333333332371e-01
1.000000000000000021e-02
1.700000000000000122e-01
4.166666666666666852e-01
2.363333333333333286e+00
1.156666666666666732e+00
3.833333333333333037e-01
1.800000000000000211e-01
8.366666666666665586e-01
7.666666666666667462e-02
1.020000000000000018e+00
1.410000000000000142e+00
1.429999999999999938e+00
8.333333333333332871e-02
2.333333333333333440e-02
3.666666666666666685e-02
2.533333333333333548e-01
1.000000000000000021e-02
4.666666666666666879e-02
3.666666666666666685e-02
0.000000000000000000e+00
6.899999999999999467e-01
1.766666666666666663e-01
2.000000000000000042e-02
4.999999999999999584e-02
1.300000000000000044e+00
1.169999999999999929e+00
1.100000000000000006e-01
9.333333333333333759e-02
8.499999999999999778e-01
4.233333333333333393e-01
1.516666666666666607e+00
1.466666666666666952e-01
2.966666666666666896e-01
2.333333333333333440e-02
1.199999999999999956e-01
3.333333333333333547e-03
1.266666666666666774e-01
1.433333333333333404e-01
1.000000000000000021e-02
3.300000000000000155e-01
5.999999999999999778e-02
4.199999999999999289e-01
4.999999999999999584e-02
0.000000000000000000e+00
1.170000000000000151e+00
7.833333333333333259e-01
0.000000000000000000e+00
6.333333333333333870e-02
6.900000000000000577e-01
2.000000000000000042e-02
1.333333333333333419e-02
1.156666666666666510e+00
4.433333333333333015e-01
7.666666666666667462e-02
1.966666666666666563e-01
2.766666666666666718e-01
4.499999999999999556e-01
3.466666666666666785e-01
5.333333333333333676e-02
9.333333333333333759e-02
5.166666666666667185e-01
2.266666666666666552e-01
2.899999999999999800e-01
2.239999999999999769e+00
1.156666666666666510e+00
1.133333333333333276e-01
2.000000000000000389e-01
2.300000000000000100e-01
1.700000000000000122e-01
5.666666666666667074e-02
7.299999999999999822e-01
3.800000000000000600e-01
3.800000000000000600e-01
1.833333333333333204e-01
1.146666666666666723e+00
2.533333333333333548e-01
6.166666666666666963e-01
1.866666666666666752e-01
1.466666666666666397e-01
1.066666666666666735e-01
1.000000000000000021e-02
6.666666666666666574e-02
6.800000000000000488e-01
6.333333333333333870e-02
2.166666666666666741e-01
1.433333333333333126e-01
6.666666666666667095e-03
3.333333333333333287e-02
2.466666666666666730e-01
9.333333333333333759e-02
0.000000000000000000e+00
4.700000000000000289e-01
2.333333333333333440e-02
1.156666666666666510e+00
8.666666666666666963e-02
2.600000000000000089e-01
1.766666666666666663e-01
4.266666666666666941e-01
1.300000000000000044e-01
7.333333333333333370e-02
3.333333333333333287e-02
4.466666666666666008e-01
1.000000000000000021e-02
6.666666666666667095e-03
0.000000000000000000e+00
3.200000000000000067e-01
2.000000000000000389e-01
7.666666666666666075e-02
1.093333333333333490e+00
9.000000000000000222e-01
