7.500000000000000000e-01
4.366666666666667029e-01
6.933333333333333570e-01
8.566666666666665764e-01
2.200000000000000011e-01
1.333333333333333419e-02
9.333333333333333759e-02
5.666666666666667074e-02
1.366666666666666863e-01
9.100000000000000311e-01
4.233333333333333393e-01
1.066666666666666458e-01
2.366666666666666641e-01
1.166666666666666546e-01
2.633333333333333637e-01
9.666666666666667851e-02
2.566666666666666541e-01
1.633333333333333304e-01
1.696666666666666545e+00
1.366666666666666863e-01
4.666666666666666879e-02
1.666666666666666644e-02
5.566666666666667540e-01
1.466666666666666952e-01
0.000000000000000000e+00
4.266666666666666941e-01
3.433333333333333237e-01
9.000000000000001055e-02
2.533333333333333548e-01
9.300000000000000488e-01
4.333333333333333481e-02
3.766666666666666496e-01
9.033333333333333215e-01
8.900000000000000133e-01
2.600000000000000089e-01
2.833333333333332704e-01
9.000000000000001055e-02
5.833333333333333703e-01
1.633333333333333304e-01
5.666666666666667074e-02
4.566666666666666097e-01
1.489999999999999991e+00
1.570000000000000062e+00
