5.466666666666667451e-01
3.233333333333333615e-01
1.669999999999999929e+00
1.000000000000000194e-01
9.000000000000001055e-02
6.999999999999999278e-02
1.466666666666666952e-01
2.633333333333333637e-01
1.000000000000000021e-02
8.666666666666666963e-02
3.333333333333333547e-03
1.333333333333333419e-02
2.000000000000000042e-02
3.333333333333333547e-03
3.066666666666666430e-01
1.800000000000000211e-01
4.666666666666666879e-02
0.000000000000000000e+00
1.133333333333333276e-01
0.000000000000000000e+00
6.833333333333332371e-01
6.333333333333333870e-02
9.466666666666667673e-01
4.000000000000000083e-02
0.000000000000000000e+00
1.366666666666666863e-01
1.633333333333333304e-01
7.333333333333333370e-02
2.333333333333333093e-01
1.379999999999999893e+00
7.500000000000000000e-01
3.066666666666666430e-01
6.999999999999999278e-02
7.333333333333334758e-02
1.833333333333333481e-01
1.099999999999999867e-01
9.366666666666666474e-01
5.166666666666667185e-01
2.999999999999999889e-02
3.666666666666666963e-01
1.800000000000000211e-01
1.333333333333333315e-01
5.333333333333333676e-02
3.333333333333333547e-03
2.866666666666666807e-01
1.833333333333333481e-01
5.999999999999999778e-02
8.233333333333333615e-01
1.866666666666666752e-01
5.000000000000000971e-02
1.466666666666666674e-01
4.000000000000000083e-02
4.666666666666666879e-02
9.000000000000001055e-02
9.000000000000001055e-02
3.533333333333333326e-01
1.099999999999999867e+00
6.666666666666666574e-02
5.333333333333333676e-02
1.333333333333333315e-01
1.033333333333333326e-01
1.199999999999999956e-01
2.000000000000000042e-02
1.333333333333333419e-02
1.333333333333333419e-02
4.666666666666666879e-02
6.500000000000000222e-01
1.156666666666666732e+00
5.566666666666666430e-01
3.533333333333333326e-01
9.000000000000001055e-02
2.366666666666666641e-01
2.699999999999999623e-01
3.333333333333333148e-01
1.500000000000000222e-01
8.666666666666666963e-02
2.033333333333333381e-01
5.000000000000000971e-02
7.333333333333333370e-02
1.433333333333333404e-01
3.666666666666667379e-02
8.000000000000000167e-02
4.533333333333333659e-01
1.456666666666666776e+00
