1.716666666666666785e+00
3.253333333333333410e+00
5.166666666666666075e-01
1.893333333333333313e+00
6.766666666666667496e-01
6.866666666666665364e-01
7.666666666666667462e-02
1.466666666666666674e-01
2.699999999999999623e-01
5.066666666666667096e-01
6.333333333333333870e-02
1.333333333333333315e-01
6.433333333333334236e-01
1.533333333333333492e-01
0.000000000000000000e+00
6.166666666666666963e-01
7.733333333333333171e-01
1.166666666666666546e-01
1.166666666666666824e-01
8.000000000000000167e-02
3.666666666666666963e-01
6.666666666666667095e-03
5.966666666666666785e-01
5.933333333333332682e-01
3.733333333333333504e-01
1.666666666666666644e-02
1.196666666666666767e+00
3.533333333333333326e-01
1.866666666666666474e-01
9.333333333333332371e-02
4.133333333333333859e-01
2.566666666666666541e-01
7.333333333333333370e-02
3.366666666666666696e-01
3.899999999999999578e-01
1.300000000000000044e-01
1.166666666666666546e-01
2.833333333333333814e-01
1.900000000000000300e-01
1.426666666666666750e+00
5.400000000000000355e-01
7.266666666666666829e-01
1.203333333333333366e+00
0.000000000000000000e+00
2.000000000000000042e-02
9.666666666666667851e-02
1.733333333333333393e-01
2.633333333333333637e-01
1.036666666666666625e+00
1.333333333333333419e-02
1.433333333333333404e-01
2.133333333333333470e-01
2.500000000000000000e-01
2.333333333333333093e-01
2.766666666666666718e-01
1.133333333333333276e-01
1.533333333333333492e-01
4.333333333333333481e-02
1.166666666666666546e-01
1.066666666666666458e-01
0.000000000000000000e+00
7.200000000000000844e-01
7.600000000000001199e-01
1.166666666666666546e-01
2.133333333333333470e-01
2.666666666666666838e-02
7.433333333333332904e-01
1.300000000000000044e-01
7.600000000000001199e-01
3.000000000000000236e-02
0.000000000000000000e+00
1.333333333333333315e-01
9.999999999999999167e-02
1.243333333333333401e+00
1.053333333333333455e+00
3.099999999999999978e-01
1.133333333333333276e-01
2.066666666666666652e-01
1.260000000000000009e+00
1.596666666666666679e+00
1.209999999999999964e+00
1.566666666666666485e-01
8.599999999999999867e-01
2.066666666666666652e-01
1.833333333333333204e-01
1.000000000000000021e-02
4.666666666666666879e-02
0.000000000000000000e+00
8.800000000000000044e-01
5.200000000000000178e-01
7.333333333333333925e-01
1.179999999999999938e+00
3.666666666666667379e-02
2.666666666666666838e-02
1.076666666666666661e+00
1.336666666666666670e+00
1.000000000000000021e-02
4.033333333333333215e-01
6.400000000000000133e-01
3.666666666666666963e-01
2.133333333333333470e-01
1.469999999999999973e+00
1.436666666666666758e+00
6.666666666666666574e-02
1.833333333333333481e-01
3.266666666666666607e-01
1.333333333333333315e-01
1.233333333333333365e-01
1.000000000000000021e-02
5.333333333333333676e-02
4.000000000000000083e-02
2.700000000000000178e-01
0.000000000000000000e+00
1.199999999999999956e-01
0.000000000000000000e+00
1.166666666666666546e-01
1.066666666666666735e-01
1.300000000000000044e-01
3.600000000000000422e-01
9.133333333333332194e-01
1.040000000000000036e+00
8.300000000000000711e-01
2.133333333333333304e+00
4.933333333333333459e-01
3.366666666666666696e-01
1.213333333333333153e+00
5.400000000000000355e-01
7.333333333333334758e-02
1.159999999999999920e+00
1.700000000000000122e-01
1.400000000000000133e-01
6.166666666666666963e-01
8.933333333333334236e-01
2.183333333333333570e+00
1.340000000000000080e+00
7.466666666666667007e-01
3.899999999999999578e-01
5.333333333333333259e-01
6.933333333333333570e-01
8.599999999999999867e-01
1.969999999999999973e+00
6.000000000000000888e-01
5.499999999999999334e-01
9.333333333333333759e-02
2.133333333333333470e-01
1.033333333333333465e-01
4.333333333333333481e-02
3.333333333333333547e-03
1.300000000000000044e-01
1.866666666666666474e+00
3.733333333333333504e-01
5.000000000000000971e-02
2.133333333333333470e-01
5.333333333333333676e-02
3.333333333333333287e-02
1.150000000000000133e+00
1.166666666666666741e+00
1.309999999999999831e+00
7.133333333333333748e-01
5.366666666666666252e-01
1.313333333333333242e+00
2.033333333333333381e-01
6.666666666666666574e-02
1.700000000000000122e-01
1.199999999999999956e-01
0.000000000000000000e+00
1.766666666666666663e-01
1.006666666666666599e+00
1.733333333333333393e-01
1.766666666666666663e-01
2.046666666666666856e+00
2.779999999999999805e+00
1.273333333333333428e+00
7.299999999999999822e-01
4.799999999999999822e-01
5.099999999999998979e-01
1.800000000000000211e-01
6.699999999999999289e-01
4.000000000000000083e-02
1.100000000000000006e-01
1.366666666666666863e-01
1.466666666666666674e-01
2.299999999999999822e-01
1.533333333333333215e-01
1.366666666666666863e-01
8.233333333333333615e-01
