5.600000000000000533e-01
9.666666666666667851e-02
5.999999999999999778e-02
4.899999999999999911e-01
6.666666666666666574e-02
1.333333333333333419e-02
2.033333333333333381e-01
1.933333333333333570e-01
8.666666666666666963e-02
1.629999999999999893e+00
2.116666666666666696e+00
4.400000000000000022e-01
4.133333333333333859e-01
1.600000000000000033e-01
8.900000000000000133e-01
6.733333333333333393e-01
5.633333333333333526e-01
9.666666666666667851e-02
1.900000000000000300e-01
8.333333333333332871e-02
1.320000000000000062e+00
9.333333333333334592e-01
5.999999999999999778e-02
8.266666666666666607e-01
7.500000000000000000e-01
1.200000000000000094e-01
1.066666666666666735e-01
2.566666666666666541e-01
5.666666666666667074e-02
0.000000000000000000e+00
1.833333333333333481e-01
6.666666666666666297e-01
1.000000000000000021e-02
0.000000000000000000e+00
3.499999999999999223e-01
8.033333333333333437e-01
0.000000000000000000e+00
6.566666666666666208e-01
8.100000000000000533e-01
0.000000000000000000e+00
2.166666666666666463e-01
7.000000000000000666e-01
3.666666666666666963e-01
6.666666666666667095e-03
1.366666666666666585e-01
3.333333333333333547e-03
9.666666666666667851e-02
6.566666666666666208e-01
2.600000000000000089e-01
1.000000000000000194e-01
1.600000000000000033e-01
8.333333333333332871e-02
5.666666666666667074e-02
1.596666666666666679e+00
1.173333333333333339e+00
9.333333333333333759e-02
2.233333333333333004e-01
4.333333333333333481e-02
4.266666666666666941e-01
0.000000000000000000e+00
6.666666666666667095e-03
1.366666666666666863e-01
6.966666666666666563e-01
1.333333333333333419e-02
9.666666666666667851e-02
9.233333333333332282e-01
2.633333333333333082e-01
0.000000000000000000e+00
9.866666666666666918e-01
8.333333333333332871e-02
3.333333333333333547e-03
1.366666666666666863e-01
9.799999999999999822e-01
1.833333333333333481e-01
0.000000000000000000e+00
2.399999999999999911e-01
1.053333333333333455e+00
1.333333333333333419e-02
5.333333333333333676e-02
4.766666666666666274e-01
9.533333333333332549e-01
1.633333333333333304e-01
1.480000000000000204e+00
5.999999999999999778e-02
5.266666666666666163e-01
5.833333333333333703e-01
1.900000000000000300e-01
2.133333333333333470e-01
6.066666666666667984e-01
2.766666666666666718e-01
1.499999999999999944e-01
1.030000000000000027e+00
7.833333333333333259e-01
0.000000000000000000e+00
4.733333333333333282e-01
4.166666666666666852e-01
3.133333333333332971e-01
4.799999999999999822e-01
1.400000000000000133e+00
1.700000000000000122e-01
0.000000000000000000e+00
8.000000000000000167e-02
9.266666666666666385e-01
3.533333333333333326e-01
0.000000000000000000e+00
7.633333333333333082e-01
6.333333333333333870e-02
6.333333333333333870e-02
7.333333333333333370e-02
8.333333333333332871e-02
8.366666666666665586e-01
3.333333333333333547e-03
4.333333333333333481e-01
1.033333333333333326e-01
0.000000000000000000e+00
5.600000000000000533e-01
9.000000000000001055e-02
1.300000000000000044e-01
6.666666666666667095e-03
5.666666666666666380e-02
1.499999999999999944e-01
5.300000000000000266e-01
8.000000000000000167e-02
1.113333333333333286e+00
2.439999999999999947e+00
3.366666666666666696e-01
3.166666666666666519e-01
5.266666666666667274e-01
4.833333333333333370e-01
3.833333333333333037e-01
2.433333333333333182e-01
9.999999999999999167e-02
6.299999999999998934e-01
2.099999999999999922e-01
3.183333333333333570e+00
