1.250000000000000222e+00
7.299999999999999822e-01
3.333333333333333287e-02
3.666666666666666685e-02
1.666666666666666644e-02
0.000000000000000000e+00
7.000000000000000666e-02
7.099999999999999645e-01
6.000000000000000472e-02
7.333333333333333370e-02
1.833333333333333481e-01
3.633333333333332860e-01
1.816666666666666652e+00
5.300000000000000266e-01
0.000000000000000000e+00
3.600000000000000422e-01
4.199999999999999845e-01
2.999999999999999889e-02
3.099999999999999978e-01
1.919999999999999929e+00
2.866666666666666807e-01
2.033333333333333381e-01
6.199999999999999956e-01
0.000000000000000000e+00
6.666666666666666297e-01
4.899999999999999911e-01
1.100000000000000006e-01
5.666666666666667629e-01
1.800000000000000211e-01
6.566666666666666208e-01
6.666666666666666297e-01
7.733333333333333171e-01
1.343333333333333490e+00
9.233333333333333393e-01
4.533333333333333659e-01
2.233333333333333004e-01
2.666666666666666838e-02
3.699999999999999400e-01
1.733333333333333393e-01
3.099999999999999978e-01
2.666666666666666838e-02
1.433333333333333404e-01
3.333333333333333287e-02
2.999999999999999889e-02
0.000000000000000000e+00
4.000000000000000083e-02
4.000000000000000083e-02
1.600000000000000033e-01
2.266666666666666829e-01
3.566666666666666874e-01
0.000000000000000000e+00
1.333333333333333419e-02
2.933333333333333348e-01
5.233333333333333171e-01
4.999999999999999584e-02
0.000000000000000000e+00
0.000000000000000000e+00
6.366666666666666030e-01
1.233333333333333365e-01
6.666666666666667095e-03
9.000000000000001055e-02
2.286666666666666625e+00
1.023333333333333206e+00
9.799999999999998712e-01
8.000000000000000167e-02
3.133333333333332971e-01
2.733333333333333726e-01
2.933333333333332793e-01
6.166666666666666963e-01
5.600000000000000533e-01
3.233333333333333059e-01
4.233333333333333393e-01
1.979999999999999760e+00
4.500000000000000111e-01
6.133333333333333970e-01
2.333333333333333093e-01
7.666666666666666075e-01
4.333333333333333481e-02
2.000000000000000042e-02
0.000000000000000000e+00
0.000000000000000000e+00
0.000000000000000000e+00
1.466666666666666952e-01
5.699999999999999512e-01
8.333333333333332871e-02
2.250000000000000000e+00
4.466666666666666008e-01
1.013333333333333419e+00
2.666666666666666838e-02
5.333333333333333676e-02
1.133333333333333276e-01
1.633333333333333304e-01
0.000000000000000000e+00
4.000000000000000083e-02
3.333333333333333547e-03
0.000000000000000000e+00
2.666666666666666838e-02
1.333333333333333315e-01
1.733333333333333393e-01
1.966666666666666841e-01
1.976666666666666572e+00
8.633333333333332860e-01
2.033333333333333381e-01
6.666666666666667095e-03
1.469999999999999973e+00
7.599999999999998979e-01
0.000000000000000000e+00
6.666666666666666574e-02
1.013333333333333419e+00
9.666666666666666463e-02
6.333333333333333870e-02
5.333333333333333676e-02
1.100000000000000006e-01
0.000000000000000000e+00
2.333333333333333440e-02
2.600000000000000089e-01
1.396666666666666723e+00
6.999999999999999278e-02
0.000000000000000000e+00
0.000000000000000000e+00
3.333333333333333547e-03
4.266666666666666941e-01
2.033333333333333381e-01
3.333333333333333148e-01
1.900000000000000300e-01
7.966666666666665231e-01
1.133333333333333276e-01
0.000000000000000000e+00
1.090000000000000080e+00
8.333333333333332871e-02
4.000000000000000083e-02
3.666666666666666685e-02
0.000000000000000000e+00
1.666666666666666644e-02
2.333333333333333440e-02
4.000000000000000083e-02
2.066666666666666929e-01
1.133333333333333276e-01
7.666666666666667462e-02
7.766666666666667274e-01
4.033333333333333215e-01
7.000000000000000666e-02
1.246666666666666812e+00
1.806666666666666643e+00
7.099999999999999645e-01
2.479999999999999982e+00
2.999999999999999889e-01
5.600000000000000533e-01
9.899999999999998801e-01
1.333333333333333315e-01
2.766666666666666718e-01
9.700000000000000844e-01
2.933333333333333903e-01
3.666666666666667379e-02
3.300000000000000155e-01
0.000000000000000000e+00
0.000000000000000000e+00
3.433333333333332682e-01
2.233333333333333559e-01
2.333333333333333440e-02
3.666666666666666685e-02
1.489999999999999991e+00
1.626666666666666705e+00
8.333333333333332871e-02
2.466666666666666730e-01
6.466666666666666119e-01
1.233333333333333365e-01
0.000000000000000000e+00
0.000000000000000000e+00
0.000000000000000000e+00
7.666666666666667462e-02
7.666666666666667462e-02
1.666666666666666644e-02
1.246666666666666812e+00
9.966666666666667007e-01
1.333333333333333315e-01
5.499999999999999334e-01
2.933333333333332793e-01
2.666666666666666838e-02
4.799999999999999822e-01
2.600000000000000089e-01
2.666666666666666838e-02
6.333333333333333870e-02
1.899999999999999745e-01
0.000000000000000000e+00
0.000000000000000000e+00
8.966666666666668339e-01
1.000000000000000021e-02
4.999999999999999584e-02
9.233333333333333393e-01
3.600000000000000422e-01
2.866666666666666807e-01
6.666666666666666297e-01
1.083333333333333259e+00
4.133333333333333304e-01
2.000000000000000042e-02
8.199999999999999512e-01
0.000000000000000000e+00
0.000000000000000000e+00
2.666666666666666838e-02
0.000000000000000000e+00
1.399999999999999856e-01
0.000000000000000000e+00
1.100000000000000006e-01
7.733333333333334281e-01
1.400000000000000133e-01
8.166666666666667629e-01
3.466666666666666785e-01
4.733333333333333282e-01
6.233333333333334059e-01
1.666666666666666644e-02
1.100000000000000006e-01
9.966666666666667007e-01
2.000000000000000042e-02
1.666666666666666574e-01
1.000000000000000021e-02
6.666666666666666574e-02
7.000000000000000666e-02
1.700000000000000122e-01
4.299999999999999933e-01
7.333333333333333370e-02
6.666666666666667095e-03
7.000000000000000666e-02
3.233333333333333059e-01
4.000000000000000083e-02
9.666666666666667851e-02
1.800000000000000211e-01
2.899999999999999800e-01
3.400000000000000244e-01
1.300000000000000044e+00
6.400000000000000133e-01
8.666666666666666963e-02
7.233333333333332726e-01
3.000000000000000236e-02
9.999999999999999167e-02
1.666666666666666644e-02
0.000000000000000000e+00
4.000000000000000083e-02
0.000000000000000000e+00
3.433333333333333237e-01
9.000000000000001055e-02
1.083333333333333259e+00
3.933333333333333681e-01
3.999999999999999667e-01
4.666666666666666186e-01
3.466666666666666785e-01
7.399999999999998801e-01
9.433333333333333570e-01
1.433333333333333404e-01
1.293333333333333224e+00
1.280000000000000027e+00
5.999999999999999778e-02
1.133333333333333276e-01
9.599999999999999645e-01
6.999999999999999278e-02
1.099999999999999867e-01
2.000000000000000042e-02
2.766666666666666718e-01
7.099999999999999645e-01
6.333333333333333870e-02
3.333333333333333547e-03
7.066666666666666652e-01
2.566666666666666541e-01
6.666666666666667095e-03
7.000000000000000666e-02
3.666666666666666685e-02
4.999999999999999584e-02
9.000000000000001055e-02
1.866666666666666752e-01
1.063333333333333242e+00
6.333333333333333870e-02
1.666666666666666644e-02
1.466666666666666674e-01
1.723333333333333384e+00
2.066666666666666652e-01
3.333333333333333287e-02
1.999999999999999833e-01
2.700000000000000178e-01
7.666666666666666075e-02
1.666666666666666644e-02
7.133333333333333748e-01
4.500000000000000111e-01
0.000000000000000000e+00
9.133333333333334414e-01
4.666666666666666879e-02
3.666666666666666685e-02
3.033333333333332882e-01
3.333333333333333547e-03
3.333333333333333287e-02
2.333333333333333440e-02
1.466666666666666397e-01
0.000000000000000000e+00
0.000000000000000000e+00
2.000000000000000042e-02
2.166666666666666463e-01
0.000000000000000000e+00
9.100000000000000311e-01
1.976666666666666572e+00
1.340000000000000080e+00
2.399999999999999911e-01
4.466666666666667118e-01
6.933333333333333570e-01
1.766666666666666663e-01
1.999999999999999833e-01
9.666666666666667851e-02
7.333333333333333925e-01
1.053333333333333455e+00
2.166666666666666741e-01
8.199999999999999512e-01
4.000000000000000777e-01
6.833333333333332371e-01
3.433333333333333237e-01
0.000000000000000000e+00
2.000000000000000042e-02
2.166666666666666741e-01
9.366666666666666474e-01
0.000000000000000000e+00
0.000000000000000000e+00
1.700000000000000122e-01
6.666666666666667095e-03
0.000000000000000000e+00
6.666666666666667095e-03
1.966666666666666563e-01
0.000000000000000000e+00
2.333333333333333440e-02
8.133333333333333526e-01
1.226666666666666794e+00
4.966666666666666452e-01
1.700000000000000122e-01
1.233333333333333365e-01
1.200000000000000094e-01
2.333333333333333440e-02
1.566666666666666763e-01
3.300000000000000155e-01
3.333333333333333287e-02
2.666666666666666838e-02
1.866666666666666474e+00
6.333333333333333870e-02
9.133333333333334414e-01
2.999999999999999889e-02
0.000000000000000000e+00
2.999999999999999889e-02
2.233333333333333004e-01
1.566666666666666485e-01
4.333333333333333481e-02
1.183333333333333348e+00
4.966666666666666452e-01
7.566666666666667096e-01
3.533333333333333326e-01
1.966666666666666563e-01
6.733333333333333393e-01
1.003333333333333410e+00
3.166666666666666519e-01
8.366666666666665586e-01
2.166666666666666741e-01
1.499999999999999944e-01
1.170000000000000151e+00
8.000000000000000167e-02
9.599999999999999645e-01
2.066666666666666652e-01
2.666666666666666838e-02
8.166666666666667629e-01
1.266666666666666774e-01
0.000000000000000000e+00
2.533333333333333548e-01
2.399999999999999911e-01
1.666666666666666644e-02
1.333333333333333419e-02
1.566666666666666763e-01
3.066666666666666430e-01
4.400000000000000022e-01
2.333333333333333093e-02
1.300000000000000044e-01
1.133333333333333276e-01
1.333333333333333419e-02
1.233333333333333365e-01
1.000000000000000021e-02
2.866666666666666807e-01
1.333333333333333419e-02
2.999999999999999889e-01
1.399999999999999856e-01
1.070000000000000062e+00
8.233333333333332504e-01
2.199999999999999734e-01
5.466666666666666341e-01
3.299999999999999600e-01
4.600000000000000200e-01
4.700000000000000289e-01
1.253333333333333410e+00
6.266666666666665941e-01
1.066666666666666735e-01
1.466666666666666785e+00
5.999999999999999778e-02
1.133333333333333415e-01
1.333333333333333419e-02
4.266666666666666941e-01
1.106666666666666687e+00
2.433333333333333182e-01
9.266666666666667496e-01
5.966666666666666785e-01
1.070000000000000062e+00
5.333333333333334370e-02
1.366666666666666863e-01
2.066666666666666652e-01
1.139999999999999902e+00
7.966666666666665231e-01
6.999999999999999278e-02
7.900000000000000355e-01
3.233333333333333059e-01
1.849999999999999867e+00
2.899999999999999800e-01
1.533333333333333492e-01
1.713333333333333597e+00
1.923333333333333117e+00
2.099999999999999922e-01
4.400000000000000022e-01
1.696666666666666545e+00
6.166666666666666963e-01
3.313333333333333020e+00
1.003333333333333188e+00
6.633333333333332194e-01
2.633333333333333637e-01
1.199999999999999956e-01
8.000000000000000167e-02
1.253333333333333410e+00
8.366666666666667806e-01
7.533333333333334103e-01
9.666666666666667851e-02
2.333333333333333440e-02
3.666666666666666963e-01
2.800000000000000266e-01
1.103333333333333277e+00
1.733333333333333393e-01
1.133333333333333276e-01
3.800000000000000600e-01
5.066666666666667096e-01
1.900000000000000300e-01
4.333333333333333481e-02
1.000000000000000021e-02
2.433333333333333182e-01
1.933333333333333293e-01
2.399999999999999911e-01
2.199999999999999734e-01
6.666666666666667095e-03
5.999999999999999778e-02
8.333333333333332871e-02
1.899999999999999745e-01
1.499999999999999944e-01
2.000000000000000042e-02
6.133333333333333970e-01
9.000000000000000222e-01
3.933333333333333681e-01
2.000000000000000042e-02
1.033333333333333326e-01
3.600000000000000422e-01
4.000000000000000083e-02
1.979999999999999760e+00
1.600000000000000033e-01
2.066666666666666652e-01
1.666666666666666644e-02
2.199999999999999734e-01
3.333333333333333287e-02
0.000000000000000000e+00
3.333333333333333547e-03
7.099999999999999645e-01
0.000000000000000000e+00
5.333333333333333676e-02
1.709999999999999964e+00
3.666666666666666685e-02
0.000000000000000000e+00
2.933333333333333348e-01
2.500000000000000000e-01
4.966666666666666452e-01
6.766666666666667496e-01
1.276666666666666616e+00
1.166666666666666546e-01
7.866666666666666252e-01
0.000000000000000000e+00
4.633333333333333748e-01
1.370000000000000107e+00
1.449999999999999956e+00
4.000000000000000083e-02
2.666666666666666838e-02
5.666666666666667074e-02
5.333333333333333676e-02
0.000000000000000000e+00
4.266666666666666941e-01
1.333333333333333315e-01
0.000000000000000000e+00
1.666666666666666644e-02
7.933333333333333348e-01
5.666666666666667074e-02
8.233333333333332504e-01
2.199999999999999734e-01
4.666666666666667296e-01
1.333333333333333315e-01
2.900000000000000355e-01
1.050000000000000044e+00
2.133333333333333470e-01
1.499999999999999944e-01
1.173333333333333339e+00
2.466666666666666730e-01
1.666666666666666644e-02
2.999999999999999889e-02
7.666666666666667462e-02
1.199999999999999956e-01
9.333333333333333759e-02
1.333333333333333419e-02
9.000000000000001055e-02
4.166666666666666852e-01
3.699999999999999400e-01
8.366666666666665586e-01
1.489999999999999991e+00
3.106666666666666909e+00
