4.966666666666666452e-01
3.600000000000000422e-01
2.733333333333333726e-01
7.400000000000001021e-01
4.333333333333333481e-02
4.000000000000000083e-02
0.000000000000000000e+00
1.333333333333333315e-01
7.700000000000000178e-01
3.866666666666667140e-01
0.000000000000000000e+00
1.566666666666666485e-01
1.733333333333333393e-01
1.566666666666666485e-01
1.343333333333333490e+00
3.000000000000000236e-02
1.633333333333333304e-01
2.266666666666666552e-01
5.666666666666667074e-02
1.066666666666666735e-01
4.266666666666666941e-01
8.633333333333332860e-01
9.333333333333333759e-02
1.266666666666666774e-01
1.123333333333333295e+00
0.000000000000000000e+00
0.000000000000000000e+00
0.000000000000000000e+00
0.000000000000000000e+00
0.000000000000000000e+00
1.666666666666666644e-02
1.423333333333333117e+00
0.000000000000000000e+00
1.270000000000000240e+00
7.666666666666667462e-02
2.433333333333333182e-01
6.666666666666667095e-03
0.000000000000000000e+00
2.600000000000000089e-01
1.100000000000000006e-01
6.066666666666665764e-01
1.033333333333333326e-01
2.833333333333333259e-01
1.643333333333333313e+00
2.566666666666666541e-01
1.423333333333333117e+00
9.999999999999999167e-02
2.233333333333333004e-01
6.666666666666666574e-02
8.000000000000000167e-02
5.400000000000000355e-01
2.166666666666666741e-01
2.999999999999999889e-02
6.133333333333332860e-01
1.933333333333333293e-01
1.169999999999999929e+00
1.866666666666666752e-01
3.733333333333333504e-01
3.799999999999999489e-01
6.666666666666667095e-03
3.966666666666666674e-01
1.666666666666666644e-02
0.000000000000000000e+00
1.000000000000000021e-02
6.400000000000000133e-01
7.700000000000000178e-01
1.000000000000000021e-02
7.400000000000001021e-01
3.666666666666667379e-02
1.666666666666666644e-02
0.000000000000000000e+00
1.333333333333333259e+00
5.999999999999999778e-02
0.000000000000000000e+00
4.199999999999999845e-01
5.999999999999999778e-02
7.400000000000001021e-01
2.000000000000000042e-02
1.666666666666666644e-02
2.500000000000000000e-01
5.333333333333333676e-02
1.366666666666666863e-01
1.209999999999999964e+00
2.800000000000000266e-01
6.333333333333333870e-02
8.333333333333333703e-01
5.333333333333333676e-02
1.166666666666666546e-01
8.333333333333332871e-02
2.033333333333333381e-01
1.123333333333333295e+00
1.800000000000000211e-01
9.899999999999998801e-01
2.999999999999999889e-02
1.006666666666666599e+00
8.666666666666666963e-02
0.000000000000000000e+00
7.666666666666667462e-02
0.000000000000000000e+00
0.000000000000000000e+00
4.000000000000000083e-02
4.133333333333333304e-01
1.690000000000000169e+00
9.999999999999999167e-02
2.133333333333333470e-01
2.633333333333333637e-01
3.033333333333333437e-01
3.433333333333332682e-01
6.466666666666666119e-01
3.066666666666666985e-01
9.333333333333333759e-02
7.999999999999999334e-01
1.666666666666666644e-02
3.666666666666665991e-02
2.099999999999999922e-01
1.166666666666666546e-01
1.026666666666666616e+00
6.766666666666667496e-01
1.333333333333333419e-02
1.400000000000000133e-01
2.366666666666666641e-01
9.333333333333333759e-02
6.733333333333333393e-01
0.000000000000000000e+00
5.333333333333333676e-02
3.433333333333333237e-01
8.000000000000000167e-02
1.700000000000000122e-01
3.766666666666667052e-01
1.020000000000000018e+00
7.000000000000000666e-02
1.266666666666666774e-01
1.999999999999999833e-01
2.000000000000000042e-02
0.000000000000000000e+00
0.000000000000000000e+00
6.666666666666667095e-03
0.000000000000000000e+00
2.666666666666666838e-02
1.046666666666666634e+00
5.666666666666666380e-02
8.566666666666667984e-01
6.333333333333333870e-02
2.566666666666666541e-01
1.000000000000000021e-02
3.333333333333333547e-03
4.999999999999999584e-02
0.000000000000000000e+00
9.333333333333333759e-02
1.333333333333333419e-02
3.400000000000000244e-01
2.133333333333333470e-01
1.633333333333333304e-01
1.096666666666666679e+00
4.966666666666666452e-01
7.333333333333333370e-02
1.666666666666666644e-02
2.999999999999999889e-02
1.573333333333333472e+00
5.999999999999999778e-02
6.666666666666667095e-03
5.299999999999999156e-01
2.999999999999999889e-02
1.230000000000000204e+00
1.833333333333333204e-01
2.799999999999999711e-01
3.200000000000000067e-01
3.333333333333333547e-03
4.899999999999999911e-01
4.999999999999999584e-02
1.600000000000000033e-01
9.333333333333333759e-02
1.633333333333333304e-01
1.099999999999999867e-01
0.000000000000000000e+00
4.866666666666666363e-01
0.000000000000000000e+00
1.066666666666666735e-01
1.000000000000000021e-02
6.466666666666666119e-01
2.933333333333333903e-01
0.000000000000000000e+00
1.326666666666666883e+00
7.333333333333333370e-02
8.833333333333333037e-01
3.333333333333333287e-02
4.333333333333333481e-02
3.666666666666666685e-02
1.000000000000000021e-02
1.433333333333333404e-01
1.173333333333333339e+00
2.133333333333333470e-01
3.333333333333333287e-02
5.266666666666667274e-01
5.333333333333333676e-02
9.000000000000001055e-02
4.000000000000000083e-02
5.666666666666666380e-02
9.899999999999998801e-01
2.033333333333333659e-01
6.333333333333333037e-01
1.499999999999999944e-01
1.129999999999999893e+00
3.733333333333333504e-01
0.000000000000000000e+00
7.000000000000000666e-02
1.000000000000000021e-02
1.533333333333333492e-01
2.099999999999999922e-01
2.633333333333333637e-01
1.369999999999999885e+00
5.666666666666667074e-02
0.000000000000000000e+00
3.099999999999999978e-01
1.660000000000000142e+00
