7.799999999999999156e-01
7.366666666666666918e-01
9.666666666666666463e-02
7.266666666666666829e-01
1.483333333333333393e+00
6.166666666666666963e-01
1.276666666666666616e+00
1.133333333333333304e+00
1.533333333333333492e-01
1.800000000000000211e-01
3.666666666666666963e-01
5.100000000000000089e-01
5.466666666666666341e-01
6.333333333333333037e-01
1.583333333333333259e+00
1.333333333333333419e-02
6.733333333333333393e-01
1.666666666666666741e+00
3.066666666666666985e-01
0.000000000000000000e+00
1.006666666666666599e+00
6.566666666666666208e-01
6.266666666666665941e-01
0.000000000000000000e+00
4.566666666666667207e-01
7.900000000000000355e-01
2.799999999999999711e-01
4.133333333333333304e-01
7.666666666666667462e-02
2.399999999999999911e-01
3.366666666666666141e-01
2.333333333333333440e-02
1.333333333333333315e-01
2.066666666666666652e-01
7.533333333333332993e-01
6.666666666666666297e-01
2.266666666666666552e-01
2.933333333333333903e-01
6.666666666666667095e-03
1.600000000000000033e-01
1.333333333333333419e-02
2.333333333333333093e-02
0.000000000000000000e+00
1.000000000000000021e-02
0.000000000000000000e+00
4.133333333333333304e-01
1.686666666666666758e+00
1.273333333333333428e+00
4.566666666666667207e-01
1.499999999999999944e-01
1.016666666666666607e+00
9.700000000000000844e-01
3.333333333333333148e-01
1.266666666666666607e+00
1.159999999999999920e+00
1.000000000000000194e-01
1.666666666666666574e-01
6.766666666666667496e-01
5.499999999999999334e-01
2.766666666666666718e-01
1.076666666666666661e+00
1.006666666666666599e+00
6.333333333333333870e-02
6.699999999999999289e-01
1.166666666666666741e+00
1.196666666666666545e+00
2.000000000000000042e-02
3.366666666666666696e-01
1.466666666666666785e+00
8.833333333333334147e-01
0.000000000000000000e+00
2.233333333333333559e-01
1.783333333333333437e+00
4.933333333333333459e-01
3.600000000000000422e-01
4.333333333333333481e-02
2.533333333333333548e-01
2.500000000000000000e-01
5.000000000000000971e-02
1.866666666666666752e-01
3.866666666666666585e-01
7.866666666666666252e-01
9.933333333333332904e-01
1.066666666666666735e-01
2.433333333333333182e-01
5.333333333333333676e-02
3.500000000000000333e-01
5.000000000000000971e-02
4.666666666666666879e-02
1.666666666666666644e-02
6.333333333333333870e-02
0.000000000000000000e+00
3.066666666666666430e-01
9.100000000000000311e-01
