9.033333333333333215e-01
5.166666666666667185e-01
2.233333333333333004e-01
7.800000000000001377e-01
4.099999999999999756e-01
2.133333333333332915e-01
8.333333333333332871e-02
1.933333333333333293e-01
6.333333333333333870e-02
9.700000000000000844e-01
2.533333333333333548e-01
7.333333333333332815e-01
1.090000000000000080e+00
1.250000000000000000e+00
0.000000000000000000e+00
7.666666666666666075e-02
5.299999999999999156e-01
6.666666666666666574e-02
0.000000000000000000e+00
1.999999999999999833e-01
1.496666666666666812e+00
3.000000000000000236e-02
5.333333333333334370e-02
7.666666666666666075e-02
3.333333333333333148e-01
8.000000000000000167e-02
9.466666666666666563e-01
6.666666666666667095e-03
6.333333333333333870e-02
9.000000000000001055e-02
2.833333333333333259e-01
1.600000000000000033e-01
2.233333333333333004e-01
8.566666666666667984e-01
2.366666666666666641e-01
3.800000000000000600e-01
1.133333333333333415e-01
3.066666666666666430e-01
1.100000000000000006e-01
3.333333333333333547e-03
9.466666666666666563e-01
2.800000000000000266e-01
2.000000000000000042e-02
2.300000000000000100e-01
3.300000000000000155e-01
7.333333333333333370e-02
1.400000000000000133e-01
1.966666666666666563e-01
1.523333333333333428e+00
2.633333333333333637e-01
3.633333333333332860e-01
1.333333333333333259e+00
6.733333333333332282e-01
1.166666666666666824e-01
2.800000000000000266e-01
6.033333333333333881e-01
3.300000000000000155e-01
2.700000000000000178e-01
2.933333333333333903e-01
4.333333333333333481e-02
5.666666666666667074e-02
2.500000000000000000e-01
1.100000000000000006e-01
2.199999999999999734e-01
1.666666666666666644e-02
4.400000000000000022e-01
4.733333333333333282e-01
5.066666666666667096e-01
1.000000000000000021e-02
1.866666666666666752e-01
6.333333333333333870e-02
1.000000000000000021e-02
9.333333333333332371e-02
1.666666666666666644e-02
0.000000000000000000e+00
6.666666666666666574e-02
6.666666666666667095e-03
2.666666666666666838e-02
4.899999999999999911e-01
1.833333333333333204e-01
1.096666666666666679e+00
1.199999999999999956e-01
3.333333333333333547e-03
1.079999999999999849e+00
2.733333333333333726e-01
1.089999999999999858e+00
3.666666666666666685e-02
6.033333333333332771e-01
2.933333333333333903e-01
2.000000000000000042e-02
8.266666666666666607e-01
1.266666666666666774e-01
0.000000000000000000e+00
2.999999999999999889e-02
1.433333333333333404e-01
3.333333333333333547e-03
1.666666666666666644e-02
6.633333333333333304e-01
1.966666666666666841e-01
4.966666666666666452e-01
2.600000000000000089e-01
6.666666666666666574e-02
2.433333333333333182e-01
0.000000000000000000e+00
0.000000000000000000e+00
1.000000000000000021e-02
7.833333333333332149e-01
1.666666666666666644e-02
5.600000000000000533e-01
2.260000000000000231e+00
1.066666666666666458e-01
3.566666666666666319e-01
5.333333333333333676e-02
2.066666666666666652e-01
1.466666666666666674e-01
1.066666666666666735e-01
1.166666666666666546e-01
3.366666666666666696e-01
4.833333333333333370e-01
2.066666666666666652e-01
2.133333333333333470e-01
2.566666666666666541e-01
9.333333333333333759e-02
1.066666666666666458e-01
1.766666666666666663e-01
2.299999999999999822e-01
3.133333333333332971e-01
2.343333333333333268e+00
5.566666666666666430e-01
1.166666666666666546e-01
1.600000000000000033e-01
1.193333333333333357e+00
9.266666666666666385e-01
0.000000000000000000e+00
4.333333333333333481e-02
5.233333333333333171e-01
7.666666666666667462e-02
1.026666666666666616e+00
2.076666666666666661e+00
4.733333333333333282e-01
1.133333333333333276e-01
0.000000000000000000e+00
7.099999999999999645e-01
1.000000000000000021e-02
0.000000000000000000e+00
1.033333333333333326e-01
1.533333333333333492e-01
1.409999999999999920e+00
4.333333333333333481e-02
2.633333333333333637e-01
9.999999999999999167e-02
1.073333333333333250e+00
3.333333333333333287e-02
1.600000000000000033e-01
1.623333333333333295e+00
1.866666666666666474e+00
5.766666666666666607e-01
2.299999999999999822e-01
2.166666666666666741e-01
8.666666666666666963e-02
1.066666666666666458e-01
0.000000000000000000e+00
3.666666666666666685e-02
1.766666666666666663e-01
5.899999999999999689e-01
1.700000000000000122e-01
3.000000000000000236e-02
4.199999999999999845e-01
8.000000000000000167e-02
2.666666666666666838e-02
0.000000000000000000e+00
6.099999999999999867e-01
1.666666666666666644e-02
0.000000000000000000e+00
7.000000000000000666e-02
7.000000000000000666e-02
0.000000000000000000e+00
3.333333333333333547e-03
3.233333333333333059e-01
6.666666666666666574e-02
4.666666666666666879e-02
1.666666666666666644e-02
3.333333333333333547e-03
0.000000000000000000e+00
0.000000000000000000e+00
3.333333333333333547e-03
2.999999999999999889e-02
1.733333333333333393e-01
3.066666666666666985e-01
2.566666666666666541e-01
7.833333333333333259e-01
7.233333333333332726e-01
1.076666666666666661e+00
2.099999999999999922e-01
1.193333333333333357e+00
2.600000000000000089e-01
5.066666666666667096e-01
8.333333333333332871e-02
2.133333333333333304e+00
1.596666666666666679e+00
0.000000000000000000e+00
7.333333333333331983e-02
6.800000000000000488e-01
2.000000000000000042e-02
9.666666666666666463e-02
1.933333333333333570e-01
7.533333333333334103e-01
1.466666666666666674e-01
2.433333333333333182e-01
4.333333333333333481e-02
1.666666666666666644e-02
4.333333333333333481e-02
1.233333333333333365e-01
7.066666666666665542e-01
4.333333333333333481e-02
2.000000000000000042e-02
1.366666666666666863e-01
3.033333333333332882e-01
7.700000000000000178e-01
6.500000000000000222e-01
1.366666666666666863e-01
5.600000000000000533e-01
1.100000000000000006e-01
7.833333333333333259e-01
0.000000000000000000e+00
9.000000000000001055e-02
2.000000000000000042e-02
0.000000000000000000e+00
2.433333333333333182e-01
4.000000000000000083e-02
3.966666666666666674e-01
1.233333333333333504e-01
0.000000000000000000e+00
2.166666666666666463e-01
1.533333333333333215e-01
2.666666666666666838e-02
6.600000000000000311e-01
1.066666666666666458e-01
1.233333333333333365e-01
1.300000000000000044e-01
9.666666666666666463e-02
1.226666666666666572e+00
6.600000000000000311e-01
1.833333333333333204e-01
5.366666666666666252e-01
1.169999999999999929e+00
7.733333333333334281e-01
9.333333333333333759e-02
4.000000000000000083e-02
1.666666666666666574e-01
1.333333333333333419e-02
3.333333333333333547e-03
0.000000000000000000e+00
6.666666666666666574e-02
2.666666666666666838e-02
2.333333333333333440e-02
1.060000000000000053e+00
1.306666666666666643e+00
4.000000000000000083e-02
1.333333333333333419e-02
4.333333333333333481e-02
4.066666666666666763e-01
1.000000000000000194e-01
6.666666666666666574e-02
7.666666666666666075e-02
0.000000000000000000e+00
0.000000000000000000e+00
1.333333333333333419e-02
1.666666666666666644e-02
1.233333333333333365e-01
8.666666666666666963e-02
2.833333333333332704e-01
2.000000000000000042e-02
9.333333333333333759e-02
1.333333333333333419e-02
1.233333333333333365e-01
8.000000000000000167e-02
4.500000000000000111e-01
0.000000000000000000e+00
0.000000000000000000e+00
1.066666666666666735e-01
1.000000000000000194e-01
1.666666666666666644e-02
6.000000000000000472e-02
6.000000000000000472e-02
2.333333333333333440e-02
1.199999999999999956e-01
1.863333333333333286e+00
7.000000000000000666e-02
2.033333333333333381e-01
1.700000000000000122e-01
2.099999999999999922e-01
6.266666666666665941e-01
3.599999999999999312e-01
1.233333333333333365e-01
1.733333333333333393e-01
9.000000000000001055e-02
2.333333333333333440e-02
1.499999999999999944e-01
4.333333333333333481e-02
1.199999999999999956e-01
2.033333333333333381e-01
8.666666666666666963e-01
0.000000000000000000e+00
1.033333333333333326e-01
4.699999999999999734e-01
2.466666666666666730e-01
4.166666666666666852e-01
2.000000000000000042e-02
1.133333333333333276e-01
1.146666666666666723e+00
4.666666666666666879e-02
9.000000000000001055e-02
3.333333333333333287e-02
6.333333333333333870e-02
1.183333333333333348e+00
1.699999999999999956e+00
1.433333333333333348e+00
1.700000000000000122e-01
1.033333333333333326e-01
1.570000000000000062e+00
1.466666666666666674e-01
0.000000000000000000e+00
7.000000000000000666e-02
5.666666666666667629e-01
4.399999999999999467e-01
1.166666666666666546e-01
0.000000000000000000e+00
8.766666666666665941e-01
4.099999999999999756e-01
1.333333333333333419e-02
1.666666666666666644e-02
3.333333333333333547e-03
0.000000000000000000e+00
9.999999999999999167e-02
3.666666666666666685e-02
0.000000000000000000e+00
6.333333333333333870e-02
3.700000000000000511e-01
4.333333333333333481e-02
9.633333333333332638e-01
3.133333333333333526e-01
2.700000000000000178e-01
2.200000000000000011e-01
2.166666666666666463e-01
1.033333333333333326e-01
3.666666666666666963e-01
5.566666666666667540e-01
1.700000000000000122e-01
2.266666666666666552e-01
1.433333333333333126e-01
9.333333333333333759e-02
8.666666666666666963e-02
7.900000000000000355e-01
3.233333333333333059e-01
3.633333333333332860e-01
1.339999999999999858e+00
1.400000000000000133e+00
6.733333333333332282e-01
9.033333333333333215e-01
1.936666666666666536e+00
8.599999999999999867e-01
1.916666666666666741e+00
