4.566666666666666097e-01
1.733333333333333393e-01
1.433333333333333404e-01
8.000000000000000167e-02
2.833333333333333814e-01
2.533333333333333548e-01
5.000000000000000971e-02
1.499999999999999944e-01
1.136666666666666714e+00
1.499999999999999944e-01
6.666666666666666574e-02
5.333333333333333676e-02
4.000000000000000083e-02
6.833333333333332371e-01
1.000000000000000021e-02
2.166666666666666741e-01
8.666666666666666963e-02
1.533333333333333215e-01
1.099999999999999867e+00
5.666666666666667074e-02
0.000000000000000000e+00
3.933333333333333681e-01
4.666666666666666879e-02
0.000000000000000000e+00
3.133333333333332971e-01
5.166666666666667185e-01
9.366666666666665364e-01
6.333333333333333870e-02
9.666666666666666463e-02
1.333333333333333419e-02
8.000000000000000167e-02
3.966666666666666674e-01
1.733333333333333393e-01
1.099999999999999867e-01
1.266666666666666774e-01
1.600000000000000033e-01
5.366666666666667362e-01
7.133333333333332638e-01
9.466666666666666563e-01
1.666666666666666644e-02
2.133333333333333470e-01
2.419999999999999929e+00
3.666666666666667379e-02
2.066666666666666652e-01
5.399999999999999245e-01
9.566666666666666652e-01
7.333333333333334758e-02
1.866666666666666752e-01
1.233333333333333365e-01
6.666666666666667095e-03
3.133333333333333526e-01
0.000000000000000000e+00
2.633333333333333637e-01
0.000000000000000000e+00
1.333333333333333419e-02
2.666666666666666838e-02
3.133333333333332971e-01
5.666666666666666380e-02
7.666666666666666075e-02
6.999999999999999278e-02
7.333333333333331983e-02
1.000000000000000021e-02
2.000000000000000042e-02
0.000000000000000000e+00
1.600000000000000033e-01
3.333333333333333547e-03
8.599999999999999867e-01
9.666666666666667851e-02
2.800000000000000266e-01
5.333333333333333676e-02
1.156666666666666510e+00
4.599999999999999645e-01
9.333333333333333759e-02
1.050000000000000044e+00
4.499999999999999556e-01
1.760000000000000009e+00
2.166666666666666741e-01
5.466666666666666341e-01
2.466666666666666730e-01
1.400000000000000133e-01
1.100000000000000006e-01
1.566666666666666485e-01
2.199999999999999734e-01
6.000000000000000472e-02
2.366666666666666641e-01
9.999999999999999167e-02
2.099999999999999922e-01
5.333333333333333676e-02
1.266666666666666774e-01
7.933333333333333348e-01
1.000000000000000021e-02
1.136666666666666714e+00
1.766666666666666663e-01
2.233333333333333004e-01
7.633333333333333082e-01
1.136666666666666714e+00
3.666666666666666963e-01
2.199999999999999734e-01
1.000000000000000021e-02
2.700000000000000178e-01
3.600000000000000422e-01
2.399999999999999911e-01
2.999999999999999889e-01
1.666666666666666644e-02
1.999999999999999833e-01
2.800000000000000266e-01
0.000000000000000000e+00
7.333333333333333370e-02
1.000000000000000021e-02
8.000000000000000167e-02
9.400000000000000577e-01
5.000000000000000971e-02
9.700000000000000844e-01
1.666666666666666574e-01
6.900000000000000577e-01
5.799999999999999600e-01
3.333333333333333547e-03
8.666666666666666963e-02
3.200000000000000067e-01
7.000000000000000666e-02
1.113333333333333286e+00
9.466666666666667673e-01
3.333333333333333287e-02
1.600000000000000033e-01
7.833333333333333259e-01
3.333333333333333287e-02
5.033333333333332993e-01
3.866666666666666585e-01
3.700000000000000511e-01
0.000000000000000000e+00
3.333333333333333287e-02
6.066666666666665764e-01
1.433333333333333404e-01
2.666666666666666838e-02
2.966666666666666896e-01
1.433333333333333404e-01
1.333333333333333419e-02
7.666666666666667462e-02
7.333333333333333925e-01
1.326666666666666661e+00
1.389999999999999902e+00
