1.219999999999999973e+00
9.999999999999999167e-02
5.133333333333333082e-01
7.066666666666666652e-01
6.199999999999999956e-01
3.096666666666666234e+00
1.419999999999999929e+00
1.923333333333333117e+00
8.866666666666667140e-01
1.729999999999999760e+00
1.506666666666666821e+00
2.466666666666666730e-01
4.333333333333333481e-01
3.433333333333333237e-01
3.333333333333333287e-02
1.866666666666666752e-01
3.833333333333333037e-01
8.333333333333332871e-02
1.600000000000000033e-01
1.100000000000000006e-01
0.000000000000000000e+00
3.999999999999999667e-01
3.666666666666667379e-02
2.800000000000000266e-01
3.099999999999999978e-01
2.533333333333333548e-01
4.633333333333333748e-01
4.666666666666666879e-02
1.733333333333333393e-01
8.333333333333332871e-02
2.999999999999999889e-02
4.799999999999999822e-01
3.333333333333333547e-03
2.033333333333333381e-01
4.399999999999999467e-01
1.233333333333333365e-01
0.000000000000000000e+00
1.133333333333333415e-01
6.400000000000000133e-01
2.066666666666666652e-01
8.000000000000000167e-02
1.399999999999999856e-01
1.133333333333333276e-01
7.000000000000000666e-02
2.466666666666666730e-01
1.066666666666666735e-01
1.433333333333333126e-01
5.166666666666667185e-01
4.333333333333333481e-02
5.999999999999999778e-02
3.000000000000000444e-01
5.233333333333333171e-01
2.500000000000000000e-01
3.666666666666666685e-02
1.666666666666666644e-02
8.333333333333332871e-02
3.666666666666667379e-02
3.233333333333333059e-01
1.099999999999999867e-01
4.633333333333333193e-01
1.333333333333333315e-01
3.173333333333333339e+00
6.666666666666667095e-03
3.333333333333333287e-02
1.536666666666666403e+00
2.766666666666666718e-01
2.766666666666666718e-01
1.066666666666666735e-01
8.333333333333332871e-02
2.666666666666666144e-02
1.000000000000000021e-02
4.666666666666666879e-02
3.333333333333333287e-02
1.033333333333333326e-01
0.000000000000000000e+00
0.000000000000000000e+00
1.066666666666666458e-01
1.666666666666666644e-02
4.733333333333333282e-01
1.000000000000000194e-01
4.499999999999999556e-01
1.426666666666666750e+00
1.159999999999999920e+00
1.766666666666666663e-01
8.999999999999999112e-01
2.833333333333333259e-01
1.580000000000000071e+00
4.400000000000000022e-01
6.666666666666666574e-02
3.433333333333333237e-01
4.666666666666666879e-02
1.099999999999999867e-01
0.000000000000000000e+00
2.733333333333333171e-01
0.000000000000000000e+00
7.333333333333334758e-02
2.133333333333333470e-01
1.333333333333333315e-01
3.733333333333333504e-01
9.300000000000000488e-01
6.500000000000000222e-01
1.759999999999999787e+00
2.833333333333333814e-01
9.666666666666667851e-02
1.333333333333333315e-01
3.300000000000000155e-01
9.666666666666667851e-02
1.333333333333333315e-01
4.633333333333333748e-01
1.733333333333333393e-01
0.000000000000000000e+00
1.600000000000000033e-01
0.000000000000000000e+00
7.333333333333331983e-02
0.000000000000000000e+00
2.466666666666666730e-01
1.493333333333333401e+00
4.333333333333333481e-01
5.133333333333333082e-01
7.966666666666667451e-01
2.799999999999999711e-01
3.333333333333333148e-01
1.499999999999999944e-01
1.199999999999999956e-01
1.866666666666666752e-01
9.166666666666666297e-01
