2.580000000000000071e+00
7.833333333333332149e-01
1.686666666666666758e+00
1.000000000000000021e-02
9.666666666666667851e-02
0.000000000000000000e+00
1.733333333333333393e-01
6.333333333333333870e-02
4.866666666666666363e-01
3.233333333333333059e-01
8.000000000000000167e-02
3.200000000000000067e-01
8.166666666666667629e-01
4.833333333333333370e-01
1.626666666666666705e+00
1.500000000000000222e-01
1.463333333333333597e+00
6.666666666666667095e-03
3.966666666666666674e-01
5.766666666666666607e-01
3.300000000000000155e-01
1.366666666666666585e-01
8.000000000000001554e-01
3.600000000000000422e-01
1.696666666666666545e+00
7.000000000000000666e-01
2.333333333333333440e-02
5.899999999999999689e-01
4.266666666666665830e-01
1.066666666666666458e-01
1.666666666666666644e-02
0.000000000000000000e+00
4.266666666666666941e-01
1.510000000000000009e+00
1.833333333333333481e-01
3.666666666666666685e-02
2.000000000000000042e-02
4.999999999999999584e-02
2.066666666666666652e-01
1.076666666666666661e+00
3.333333333333333547e-03
0.000000000000000000e+00
4.133333333333333304e-01
0.000000000000000000e+00
1.266666666666666774e-01
4.533333333333333659e-01
1.776666666666666616e+00
4.499999999999999556e-01
2.633333333333333637e-01
1.300000000000000044e+00
2.999999999999999889e-02
1.099999999999999867e-01
1.729999999999999760e+00
2.033333333333333381e-01
4.333333333333333481e-01
1.866666666666666752e-01
1.733333333333333393e-01
7.866666666666666252e-01
9.933333333333332904e-01
3.433333333333333237e-01
5.233333333333333171e-01
1.800000000000000211e-01
1.966666666666666785e+00
1.839999999999999858e+00
3.999999999999999667e-01
4.933333333333333459e-01
2.366666666666666641e-01
4.333333333333333481e-02
1.300000000000000044e+00
8.000000000000000167e-02
5.400000000000000355e-01
1.966666666666666563e-01
6.066666666666666874e-01
3.666666666666666408e-01
2.099999999999999922e-01
6.666666666666666574e-02
4.799999999999999822e-01
