1.059999999999999831e+00
4.299999999999999933e-01
5.766666666666666607e-01
7.000000000000000666e-02
0.000000000000000000e+00
4.133333333333333304e-01
1.166666666666666546e-01
3.333333333333333287e-02
0.000000000000000000e+00
8.333333333333332871e-02
2.333333333333333440e-02
3.333333333333333287e-02
6.666666666666667095e-03
4.333333333333333481e-02
1.833333333333333481e-01
3.333333333333333547e-03
0.000000000000000000e+00
4.666666666666666879e-02
8.333333333333332871e-02
0.000000000000000000e+00
0.000000000000000000e+00
5.333333333333333676e-02
1.000000000000000021e-02
0.000000000000000000e+00
6.666666666666667095e-03
6.000000000000000472e-02
0.000000000000000000e+00
3.333333333333333547e-03
1.333333333333333315e-01
9.666666666666667851e-02
1.000000000000000021e-02
3.333333333333333547e-03
9.999999999999999167e-02
9.466666666666666563e-01
3.600000000000000422e-01
3.800000000000000600e-01
2.396666666666666501e+00
1.100000000000000006e-01
1.733333333333333393e-01
4.666666666666666879e-02
6.666666666666667095e-03
1.133333333333333415e-01
2.000000000000000042e-02
0.000000000000000000e+00
3.666666666666666685e-02
2.333333333333333440e-02
0.000000000000000000e+00
4.000000000000000083e-02
1.000000000000000021e-02
0.000000000000000000e+00
4.000000000000000083e-02
0.000000000000000000e+00
1.000000000000000021e-02
4.666666666666666879e-02
0.000000000000000000e+00
3.333333333333333287e-02
0.000000000000000000e+00
3.333333333333333547e-03
0.000000000000000000e+00
0.000000000000000000e+00
5.666666666666666380e-02
8.000000000000000167e-02
2.666666666666666838e-02
4.666666666666666879e-02
2.766666666666666718e-01
9.666666666666666463e-02
3.166666666666667074e-01
1.633333333333333304e-01
8.366666666666665586e-01
1.100000000000000006e-01
2.899999999999999800e-01
2.000000000000000042e-02
1.333333333333333419e-02
2.866666666666666807e-01
3.833333333333333037e-01
0.000000000000000000e+00
2.633333333333333637e-01
2.299999999999999822e-01
2.333333333333333440e-02
3.333333333333333547e-03
4.099999999999999756e-01
7.600000000000001199e-01
1.333333333333333419e-02
0.000000000000000000e+00
6.666666666666666574e-02
0.000000000000000000e+00
0.000000000000000000e+00
2.333333333333333440e-02
6.666666666666667095e-03
0.000000000000000000e+00
0.000000000000000000e+00
4.000000000000000083e-02
3.333333333333333547e-03
0.000000000000000000e+00
4.666666666666666186e-01
6.666666666666666574e-02
1.000000000000000021e-02
1.000000000000000021e-02
2.333333333333333440e-02
3.333333333333333287e-02
7.666666666666666075e-02
4.333333333333333481e-01
0.000000000000000000e+00
2.333333333333333093e-02
6.999999999999999278e-02
4.999999999999999584e-02
1.666666666666666644e-02
3.000000000000000236e-02
2.299999999999999822e-01
9.666666666666666463e-02
2.399999999999999911e-01
7.000000000000000666e-02
1.053333333333333455e+00
8.333333333333332871e-02
2.033333333333333381e-01
3.433333333333333237e-01
2.033333333333333659e-01
1.736666666666666581e+00
7.599999999999998979e-01
1.300000000000000044e-01
9.333333333333333759e-02
9.000000000000001055e-02
8.666666666666666963e-02
2.000000000000000042e-02
0.000000000000000000e+00
1.666666666666666644e-02
2.333333333333333093e-02
1.666666666666666644e-02
1.333333333333333419e-02
1.000000000000000021e-02
2.666666666666666838e-02
0.000000000000000000e+00
2.333333333333333440e-02
1.000000000000000021e-02
1.333333333333333419e-02
6.999999999999999278e-02
1.333333333333333419e-02
3.333333333333333287e-02
2.333333333333333440e-02
1.233333333333333365e-01
8.666666666666666963e-02
2.033333333333333381e-01
1.600000000000000033e-01
1.666666666666666574e-01
1.410000000000000142e+00
9.666666666666666463e-02
2.533333333333333548e-01
2.009999999999999787e+00
9.833333333333333925e-01
5.666666666666665408e-01
1.236666666666666581e+00
1.003333333333333410e+00
9.233333333333333393e-01
2.333333333333333440e-02
1.066666666666666735e-01
1.290000000000000036e+00
3.666666666666667379e-02
1.600000000000000033e-01
4.333333333333333481e-02
7.666666666666666075e-02
5.666666666666667074e-02
0.000000000000000000e+00
3.333333333333333287e-02
6.666666666666666574e-02
0.000000000000000000e+00
2.666666666666666838e-02
1.000000000000000021e-02
8.000000000000000167e-02
2.666666666666666838e-02
1.000000000000000021e-02
1.333333333333333419e-02
1.666666666666666644e-02
8.000000000000000167e-02
1.333333333333333419e-02
2.999999999999999889e-02
0.000000000000000000e+00
0.000000000000000000e+00
2.000000000000000042e-02
0.000000000000000000e+00
1.666666666666666644e-02
2.333333333333333440e-02
5.333333333333333676e-02
1.100000000000000006e-01
1.333333333333333419e-02
9.833333333333333925e-01
1.849999999999999867e+00
1.333333333333333315e-01
2.666666666666666838e-02
9.933333333333331794e-01
3.466666666666666785e-01
4.433333333333333570e-01
1.103333333333333277e+00
2.779999999999999805e+00
7.433333333333332904e-01
4.000000000000000083e-02
1.533333333333333215e-01
1.639999999999999902e+00
9.999999999999999167e-02
2.999999999999999889e-02
7.333333333333333370e-02
1.366666666666666863e-01
0.000000000000000000e+00
0.000000000000000000e+00
1.000000000000000021e-02
1.700000000000000122e-01
3.333333333333333547e-03
4.000000000000000083e-02
2.366666666666666641e-01
1.266666666666666774e-01
2.333333333333333440e-02
6.666666666666666574e-02
1.000000000000000021e-02
7.333333333333333370e-02
0.000000000000000000e+00
3.333333333333333547e-03
0.000000000000000000e+00
0.000000000000000000e+00
3.333333333333333287e-02
3.666666666666666685e-02
6.666666666666667095e-03
4.333333333333333481e-02
2.666666666666666838e-02
2.033333333333333381e-01
2.533333333333333548e-01
5.666666666666667629e-01
1.333333333333333315e-01
1.266666666666666774e-01
4.333333333333333481e-02
1.300000000000000044e-01
5.366666666666666252e-01
8.466666666666666785e-01
5.999999999999999778e-02
2.666666666666666838e-02
9.000000000000001055e-02
2.999999999999999889e-02
1.000000000000000021e-02
1.100000000000000006e-01
4.333333333333333481e-02
1.000000000000000021e-02
0.000000000000000000e+00
2.966666666666666896e-01
1.000000000000000021e-02
0.000000000000000000e+00
3.333333333333333547e-03
0.000000000000000000e+00
3.333333333333333287e-02
1.700000000000000122e-01
4.000000000000000083e-02
4.666666666666666186e-02
2.333333333333333440e-02
5.899999999999999689e-01
6.999999999999999278e-02
1.233333333333333365e-01
2.500000000000000000e-01
4.266666666666666941e-01
1.000000000000000021e-02
1.133333333333333276e-01
2.099999999999999922e-01
1.333333333333333419e-02
2.366666666666666641e-01
8.833333333333333037e-01
1.410000000000000142e+00
4.833333333333333925e-01
8.466666666666666785e-01
