1.136666666666666714e+00
3.099999999999999978e-01
6.666666666666666574e-02
2.333333333333333440e-02
5.333333333333333676e-02
6.133333333333333970e-01
4.633333333333333748e-01
2.333333333333333093e-02
2.133333333333332915e-01
4.033333333333333215e-01
5.666666666666667629e-01
6.533333333333333215e-01
1.533333333333333215e-01
7.133333333333333748e-01
1.266666666666666774e-01
7.000000000000000666e-02
9.466666666666666563e-01
3.566666666666666874e-01
1.033333333333333465e-01
3.300000000000000155e-01
9.633333333333333748e-01
2.536666666666666625e+00
2.833333333333333814e-01
3.333333333333333148e-01
1.199999999999999956e-01
1.466666666666666397e-01
1.966666666666666841e-01
6.933333333333333570e-01
3.893333333333333091e+00
2.733333333333333726e-01
1.566666666666666485e-01
2.633333333333333637e-01
8.000000000000000167e-02
4.666666666666666879e-02
3.166666666666666519e-01
1.366666666666666863e-01
3.333333333333333547e-03
1.133333333333333276e-01
7.333333333333333370e-02
3.666666666666666685e-02
1.560000000000000275e+00
1.066666666666666735e-01
5.266666666666667274e-01
2.366666666666666641e-01
1.999999999999999833e-01
1.000000000000000021e-02
1.183333333333333348e+00
4.766666666666667385e-01
1.733333333333333393e-01
8.000000000000000167e-02
2.296666666666666412e+00
1.766666666666666663e-01
6.333333333333333870e-02
3.966666666666666674e-01
2.299999999999999822e-01
8.333333333333332871e-02
2.333333333333333440e-02
7.833333333333333259e-01
4.000000000000000083e-02
1.666666666666666644e-02
2.333333333333333440e-02
1.633333333333333304e-01
4.466666666666666008e-01
1.200000000000000094e-01
9.333333333333332371e-01
1.466666666666666674e-01
4.333333333333333481e-02
4.666666666666666186e-02
2.466666666666666730e-01
1.166666666666666546e-01
3.333333333333333547e-03
4.066666666666666763e-01
2.366666666666666641e-01
2.233333333333333559e-01
3.899999999999999578e-01
1.000000000000000021e-02
5.366666666666667362e-01
8.799999999999998934e-01
8.666666666666666963e-02
1.000000000000000021e-02
5.000000000000000971e-02
3.933333333333333681e-01
5.999999999999999778e-02
3.333333333333333547e-03
3.333333333333333547e-03
3.000000000000000236e-02
1.733333333333333393e-01
4.899999999999999911e-01
1.000000000000000021e-02
7.166666666666666741e-01
7.133333333333332638e-01
1.733333333333333393e-01
1.106666666666666687e+00
8.100000000000000533e-01
1.100000000000000006e-01
4.899999999999999911e-01
1.700000000000000122e-01
2.566666666666666541e-01
2.166666666666666741e-01
7.566666666666667096e-01
5.233333333333333171e-01
1.133333333333333415e-01
6.466666666666666119e-01
8.266666666666666607e-01
9.333333333333333759e-02
3.333333333333333547e-03
3.133333333333332971e-01
7.433333333333332904e-01
1.000000000000000021e-02
9.799999999999999822e-01
8.466666666666666785e-01
8.533333333333333881e-01
2.666666666666666630e-01
1.666666666666666644e-02
7.200000000000000844e-01
2.500000000000000000e-01
2.333333333333333093e-01
4.033333333333333215e-01
2.600000000000000089e-01
1.933333333333333293e-01
1.499999999999999944e-01
7.666666666666667462e-02
5.666666666666667074e-02
4.700000000000000289e-01
2.830000000000000071e+00
1.440000000000000169e+00
8.666666666666666963e-02
1.033333333333333465e-01
8.333333333333332871e-02
5.399999999999999245e-01
1.333333333333333419e-02
1.666666666666666644e-02
2.600000000000000089e-01
9.933333333333332904e-01
1.033333333333333326e-01
1.533333333333333215e+00
1.233333333333333393e+00
6.400000000000000133e-01
1.433333333333333404e-01
2.900000000000000355e-01
9.866666666666666918e-01
4.333333333333333481e-02
1.963333333333333153e+00
2.466666666666666730e-01
2.999999999999999889e-02
3.333333333333333547e-03
8.966666666666666119e-01
1.026666666666666616e+00
2.000000000000000042e-02
1.000000000000000021e-02
9.666666666666667851e-02
1.446666666666666545e+00
1.713333333333333597e+00
1.919999999999999929e+00
3.366666666666666696e-01
1.466666666666666674e-01
2.466666666666666730e-01
2.099999999999999922e-01
1.043333333333333224e+00
4.533333333333333104e-01
1.333333333333333419e-02
1.333333333333333315e-01
0.000000000000000000e+00
0.000000000000000000e+00
1.333333333333333419e-02
3.333333333333333547e-03
0.000000000000000000e+00
0.000000000000000000e+00
1.066666666666666735e-01
0.000000000000000000e+00
2.666666666666666838e-02
9.999999999999999167e-02
1.733333333333333393e-01
4.666666666666666879e-02
3.899999999999999578e-01
3.433333333333333237e-01
5.666666666666667074e-02
9.666666666666667851e-02
5.999999999999999778e-01
1.209999999999999964e+00
1.400000000000000133e-01
2.933333333333333348e-01
1.510000000000000009e+00
2.166666666666666741e-01
4.666666666666666879e-02
3.999999999999999667e-01
1.233333333333333365e-01
7.666666666666667462e-02
1.333333333333333419e-02
1.496666666666666812e+00
0.000000000000000000e+00
7.433333333333332904e-01
8.399999999999999689e-01
1.766666666666666663e-01
2.666666666666666838e-02
1.199999999999999956e-01
8.666666666666666963e-01
1.333333333333333419e-02
2.999999999999999889e-02
8.000000000000000167e-02
2.333333333333333093e-02
1.000000000000000021e-02
3.333333333333333547e-03
2.700000000000000178e-01
5.599999999999999423e-01
9.033333333333333215e-01
1.310000000000000275e+00
3.833333333333333037e-01
1.533333333333333215e-01
3.500000000000000333e-01
2.399999999999999911e-01
3.333333333333333547e-03
3.666666666666666963e-01
2.933333333333333348e-01
6.400000000000000133e-01
2.109999999999999876e+00
1.133333333333333276e-01
3.333333333333333547e-03
1.000000000000000000e+00
1.000000000000000021e-02
4.633333333333333193e-01
3.266666666666667163e-01
1.933333333333333293e-01
1.199999999999999956e-01
9.666666666666666463e-02
6.400000000000000133e-01
1.300000000000000044e-01
3.600000000000000422e-01
3.333333333333333287e-02
6.666666666666667095e-03
6.666666666666667095e-03
0.000000000000000000e+00
1.000000000000000194e-01
2.999999999999999889e-02
1.403333333333333321e+00
7.399999999999998801e-01
1.333333333333333419e-02
3.800000000000000600e-01
4.766666666666667385e-01
6.166666666666666963e-01
1.199999999999999956e-01
1.120000000000000107e+00
3.766666666666666496e-01
3.600000000000000422e-01
1.839999999999999858e+00
6.666666666666666574e-02
1.966666666666666563e-01
2.333333333333333648e-01
3.866666666666667140e-01
8.066666666666666430e-01
4.566666666666667207e-01
2.633333333333333637e-01
1.099999999999999867e-01
3.333333333333333547e-03
2.999999999999999889e-02
0.000000000000000000e+00
2.333333333333333440e-02
5.000000000000000000e-01
4.333333333333333481e-02
0.000000000000000000e+00
4.666666666666666879e-02
3.333333333333333287e-02
2.333333333333333440e-02
2.666666666666666838e-02
0.000000000000000000e+00
0.000000000000000000e+00
2.000000000000000042e-02
0.000000000000000000e+00
2.333333333333333440e-02
1.333333333333333419e-02
6.666666666666667095e-03
3.333333333333333547e-03
1.300000000000000044e-01
0.000000000000000000e+00
5.933333333333333792e-01
2.133333333333332915e-01
1.000000000000000021e-02
7.666666666666667462e-02
1.000000000000000000e+00
1.000000000000000021e-02
1.000000000000000021e-02
4.533333333333333104e-01
2.733333333333333726e-01
8.000000000000000167e-02
4.933333333333333459e-01
6.333333333333333870e-02
1.199999999999999956e+00
3.233333333333333059e-01
1.366666666666666863e-01
3.400000000000000244e-01
5.933333333333333792e-01
1.266666666666666774e-01
3.566666666666666319e-01
9.033333333333333215e-01
2.600000000000000089e-01
3.333333333333333547e-03
0.000000000000000000e+00
1.300000000000000044e-01
3.333333333333333287e-02
0.000000000000000000e+00
2.566666666666666541e-01
2.666666666666666838e-02
3.333333333333333547e-03
3.333333333333333547e-03
3.333333333333333547e-03
0.000000000000000000e+00
2.133333333333333470e-01
6.333333333333333870e-02
0.000000000000000000e+00
3.899999999999999578e-01
6.666666666666666574e-02
1.333333333333333419e-02
0.000000000000000000e+00
3.899999999999999578e-01
1.276666666666666616e+00
2.333333333333333093e-02
0.000000000000000000e+00
1.366666666666666863e-01
3.533333333333333326e-01
9.999999999999999167e-02
1.333333333333333315e-01
1.533333333333333215e-01
3.700000000000000511e-01
3.633333333333333415e-01
3.000000000000000236e-02
1.466666666666666952e-01
7.000000000000000666e-02
2.149999999999999911e+00
7.666666666666666075e-02
4.799999999999999822e-01
2.999999999999999889e-02
1.593333333333333490e+00
8.000000000000000167e-02
8.666666666666666963e-02
7.266666666666665719e-01
2.033333333333333381e-01
7.333333333333333370e-02
2.333333333333333093e-01
1.433333333333333404e-01
9.000000000000001055e-02
1.000000000000000194e-01
1.303333333333333455e+00
9.466666666666666563e-01
3.276666666666666838e+00
4.666666666666666879e-02
6.666666666666667095e-03
1.066666666666666735e-01
4.333333333333333481e-02
1.000000000000000021e-02
7.000000000000000666e-02
0.000000000000000000e+00
4.000000000000000083e-02
8.000000000000000167e-02
2.933333333333333903e-01
9.999999999999999167e-02
3.499999999999999223e-01
4.000000000000000083e-02
0.000000000000000000e+00
8.333333333333332871e-02
1.666666666666666644e-02
7.333333333333333925e-01
2.500000000000000000e-01
1.000000000000000021e-02
9.033333333333333215e-01
0.000000000000000000e+00
4.333333333333333481e-02
8.666666666666666963e-02
9.666666666666666463e-02
5.999999999999999778e-01
1.000000000000000194e-01
2.600000000000000089e-01
2.099999999999999922e-01
2.036666666666666625e+00
2.666666666666666630e-01
1.000000000000000021e-02
1.133333333333333276e-01
2.600000000000000089e-01
1.666666666666666574e-01
1.933333333333333570e-01
5.833333333333333703e-01
5.000000000000000971e-02
6.666666666666667095e-03
1.000000000000000021e-02
1.033333333333333437e+00
1.033333333333333326e-01
2.000000000000000042e-02
2.333333333333333440e-02
3.366666666666666696e-01
4.666666666666666879e-02
0.000000000000000000e+00
1.000000000000000021e-02
4.933333333333333459e-01
1.000000000000000021e-02
0.000000000000000000e+00
7.666666666666667462e-02
1.316666666666666652e+00
6.333333333333333870e-02
6.333333333333333870e-02
0.000000000000000000e+00
0.000000000000000000e+00
1.040000000000000036e+00
3.300000000000000155e-01
1.966666666666666563e-01
1.733333333333333393e-01
1.800000000000000211e-01
5.633333333333333526e-01
2.333333333333333440e-02
4.000000000000000083e-02
5.000000000000000000e-01
8.966666666666668339e-01
9.833333333333333925e-01
4.000000000000000083e-02
6.666666666666666574e-02
5.833333333333333703e-01
2.266666666666666552e-01
4.333333333333333481e-02
1.033333333333333326e-01
9.866666666666666918e-01
6.333333333333333870e-02
8.666666666666666963e-02
1.573333333333333250e+00
2.700000000000000178e-01
2.000000000000000042e-02
1.036666666666666847e+00
1.733333333333333393e-01
5.999999999999999778e-02
9.399999999999999467e-01
6.666666666666666574e-02
4.666666666666666879e-02
2.999999999999999889e-02
1.499999999999999944e-01
2.500000000000000000e-01
1.199999999999999956e-01
1.333333333333333419e-02
7.666666666666667462e-02
5.699999999999999512e-01
1.006666666666666599e+00
2.333333333333333093e-01
5.666666666666666380e-02
2.066666666666666652e-01
2.526666666666666838e+00
2.333333333333333648e-01
4.633333333333333193e-01
7.666666666666666075e-01
1.300000000000000044e-01
6.666666666666666574e-02
4.400000000000000022e-01
6.433333333333334236e-01
0.000000000000000000e+00
0.000000000000000000e+00
9.333333333333333759e-02
1.889999999999999902e+00
1.623333333333333295e+00
1.366666666666666918e+00
4.566666666666667207e-01
0.000000000000000000e+00
1.566666666666666485e-01
4.833333333333333925e-01
0.000000000000000000e+00
1.096666666666666679e+00
1.666666666666666741e+00
1.166666666666666546e-01
7.000000000000000666e-02
3.666666666666666685e-02
3.500000000000000333e-01
2.299999999999999822e-01
3.966666666666666674e-01
0.000000000000000000e+00
1.366666666666666585e-01
1.066666666666666735e-01
1.366666666666666863e-01
0.000000000000000000e+00
8.666666666666666963e-02
0.000000000000000000e+00
1.066666666666666735e-01
1.399999999999999856e-01
9.333333333333333759e-02
2.200000000000000011e-01
9.966666666666667007e-01
2.233333333333333004e-01
5.499999999999999334e-01
3.033333333333333437e-01
3.633333333333333415e-01
3.233333333333333059e-01
8.599999999999999867e-01
1.566666666666666485e-01
1.466666666666666674e-01
1.209999999999999964e+00
3.333333333333333547e-03
1.499999999999999944e-01
5.899999999999999689e-01
3.233333333333333059e-01
2.000000000000000042e-02
3.333333333333333547e-03
1.233333333333333365e-01
0.000000000000000000e+00
1.133333333333333276e-01
1.666666666666666644e-02
0.000000000000000000e+00
4.299999999999999933e-01
1.433333333333333404e-01
1.666666666666666644e-02
1.000000000000000021e-02
3.333333333333333547e-03
5.999999999999999778e-02
0.000000000000000000e+00
2.333333333333333093e-02
4.666666666666666879e-02
3.333333333333333547e-03
2.399999999999999911e-01
5.566666666666666430e-01
4.333333333333333481e-02
5.633333333333333526e-01
9.833333333333333925e-01
1.000000000000000021e-02
2.933333333333333348e-01
7.666666666666666075e-02
2.000000000000000042e-02
7.000000000000000666e-02
2.000000000000000042e-02
2.233333333333333393e+00
4.933333333333333459e-01
2.333333333333333440e-02
1.499999999999999944e-01
2.533333333333333548e-01
3.300000000000000155e-01
1.000000000000000021e-02
1.100000000000000089e+00
2.700000000000000178e-01
4.333333333333333481e-02
3.733333333333332948e-01
2.133333333333333470e-01
8.666666666666666963e-01
7.166666666666666741e-01
1.466666666666666397e-01
6.666666666666667095e-03
1.333333333333333419e-02
2.233333333333333004e-01
5.333333333333333676e-02
4.000000000000000083e-02
1.663333333333333330e+00
1.933333333333333570e-01
1.333333333333333315e-01
1.033333333333333326e-01
1.466666666666666785e+00
2.699999999999999623e-01
2.566666666666666541e-01
1.133333333333333276e-01
7.433333333333332904e-01
2.399999999999999911e-01
5.733333333333333615e-01
1.263333333333333419e+00
4.966666666666666452e-01
4.320000000000000284e+00
1.110000000000000098e+00
4.000000000000000083e-02
0.000000000000000000e+00
0.000000000000000000e+00
0.000000000000000000e+00
8.666666666666666963e-02
6.933333333333333570e-01
3.333333333333333547e-03
4.000000000000000083e-02
2.033333333333333381e-01
5.599999999999999423e-01
5.599999999999999423e-01
5.666666666666667074e-02
6.866666666666666474e-01
1.366666666666666863e-01
1.000000000000000021e-02
9.833333333333333925e-01
5.400000000000000355e-01
1.333333333333333419e-02
5.099999999999998979e-01
9.133333333333334414e-01
1.496666666666666812e+00
1.366666666666666863e-01
1.966666666666666563e-01
1.333333333333333419e-02
5.666666666666666380e-02
8.333333333333332871e-02
2.299999999999999822e-01
2.016666666666667052e+00
3.866666666666667140e-01
0.000000000000000000e+00
3.066666666666666430e-01
1.000000000000000021e-02
1.666666666666666644e-02
1.766666666666666663e-01
7.333333333333333370e-02
0.000000000000000000e+00
7.000000000000000666e-02
6.333333333333333870e-02
4.000000000000000083e-02
2.633333333333333637e-01
2.333333333333333440e-02
3.699999999999999400e-01
3.433333333333333237e-01
9.000000000000001055e-02
1.000000000000000021e-02
1.466666666666666785e+00
6.966666666666666563e-01
1.833333333333333204e-01
1.466666666666666674e-01
2.400000000000000355e+00
2.933333333333333348e-01
3.400000000000000244e-01
6.333333333333333037e-01
2.033333333333333381e-01
3.666666666666666685e-02
3.666666666666666685e-02
7.566666666666667096e-01
6.333333333333333870e-02
2.000000000000000042e-02
0.000000000000000000e+00
1.499999999999999944e-01
5.799999999999999600e-01
7.333333333333334758e-02
1.623333333333333295e+00
3.899999999999999578e-01
8.000000000000000167e-02
3.333333333333333547e-03
7.900000000000000355e-01
9.000000000000001055e-02
3.333333333333333547e-03
1.000000000000000194e-01
7.333333333333333370e-02
7.666666666666666075e-02
4.900000000000000466e-01
3.666666666666666685e-02
6.199999999999999956e-01
4.199999999999999289e-01
1.600000000000000033e-01
0.000000000000000000e+00
0.000000000000000000e+00
7.700000000000000178e-01
6.666666666666666574e-02
1.000000000000000021e-02
0.000000000000000000e+00
1.833333333333333481e-01
2.333333333333333093e-01
7.633333333333333082e-01
4.000000000000000083e-02
7.133333333333333748e-01
3.733333333333333504e-01
2.666666666666666630e-01
7.566666666666667096e-01
1.233333333333333365e-01
0.000000000000000000e+00
2.833333333333333259e-01
9.000000000000001055e-02
2.099999999999999922e-01
6.333333333333333870e-02
6.666666666666666574e-02
2.899999999999999800e-01
6.099999999999999867e-01
7.399999999999998801e-01
3.033333333333333437e-01
2.366666666666666641e-01
0.000000000000000000e+00
7.333333333333332815e-01
8.866666666666667140e-01
0.000000000000000000e+00
2.233333333333333559e-01
1.233333333333333365e-01
7.633333333333333082e-01
1.733333333333333393e-01
1.333333333333333419e-02
1.933333333333333293e-01
6.666666666666666574e-02
1.066666666666666735e-01
3.633333333333332860e-01
1.966666666666666841e-01
6.333333333333333870e-02
1.833333333333333481e-01
2.200000000000000011e-01
9.333333333333333759e-02
3.899999999999999578e-01
1.506666666666666821e+00
1.193333333333333357e+00
5.999999999999999778e-02
7.333333333333333370e-02
2.000000000000000042e-02
4.066666666666666763e-01
6.000000000000000472e-02
0.000000000000000000e+00
1.166666666666666824e-01
7.933333333333333348e-01
7.000000000000000666e-02
1.199999999999999956e+00
1.010000000000000009e+00
3.300000000000000155e-01
7.166666666666666741e-01
1.199999999999999956e-01
9.533333333333332549e-01
4.666666666666666879e-02
5.233333333333333171e-01
1.600000000000000033e-01
1.000000000000000021e-02
0.000000000000000000e+00
1.540000000000000036e+00
8.599999999999999867e-01
1.000000000000000021e-02
1.333333333333333419e-02
2.033333333333333381e-01
1.066666666666666735e-01
1.843333333333333490e+00
1.580000000000000071e+00
4.000000000000000777e-01
3.666666666666666963e-01
1.166666666666666824e-01
1.066666666666666735e-01
4.333333333333333481e-01
9.233333333333333393e-01
3.333333333333333547e-03
1.099999999999999867e-01
0.000000000000000000e+00
0.000000000000000000e+00
1.366666666666666863e-01
5.999999999999999778e-02
0.000000000000000000e+00
0.000000000000000000e+00
2.600000000000000089e-01
3.333333333333333547e-03
7.333333333333334758e-02
1.266666666666666774e-01
5.000000000000000971e-02
3.333333333333333287e-02
4.899999999999999911e-01
3.699999999999999400e-01
1.533333333333333215e-01
1.000000000000000194e-01
1.583333333333333259e+00
7.866666666666666252e-01
1.133333333333333276e-01
4.833333333333333370e-01
1.636666666666666714e+00
3.300000000000000155e-01
3.333333333333333287e-02
8.399999999999998579e-01
5.333333333333333676e-02
2.533333333333333548e-01
3.333333333333333547e-03
5.933333333333333792e-01
1.799999999999999656e-01
1.093333333333333490e+00
7.666666666666666075e-02
1.633333333333333304e-01
1.466666666666666397e-01
2.000000000000000042e-02
5.733333333333333615e-01
0.000000000000000000e+00
7.000000000000000666e-02
2.466666666666666730e-01
1.233333333333333365e-01
2.666666666666666838e-02
4.333333333333333481e-02
3.133333333333332971e-01
5.933333333333333792e-01
4.933333333333333459e-01
9.466666666666666563e-01
1.429999999999999938e+00
3.066666666666666985e-01
2.600000000000000089e-01
1.533333333333333215e-01
0.000000000000000000e+00
4.899999999999999911e-01
2.666666666666666630e-01
1.309999999999999831e+00
3.070000000000000284e+00
4.566666666666666097e-01
3.333333333333333287e-02
6.800000000000000488e-01
0.000000000000000000e+00
6.166666666666666963e-01
4.033333333333333215e-01
1.099999999999999867e-01
2.566666666666666541e-01
8.000000000000000167e-02
4.766666666666666274e-01
8.000000000000000167e-02
6.166666666666666963e-01
8.333333333333332871e-02
2.333333333333333440e-02
0.000000000000000000e+00
2.000000000000000042e-02
5.666666666666667074e-02
6.666666666666666574e-02
1.400000000000000133e+00
2.029999999999999805e+00
0.000000000000000000e+00
1.733333333333333393e-01
2.000000000000000042e-02
8.399999999999999689e-01
2.366666666666666641e-01
1.050000000000000044e+00
2.700000000000000178e-01
5.066666666666667096e-01
2.133333333333333304e+00
2.999999999999999889e-01
2.133333333333333470e-01
8.666666666666666963e-02
1.099999999999999867e-01
3.500000000000000333e-01
5.666666666666667074e-02
9.333333333333333759e-02
3.333333333333333547e-03
0.000000000000000000e+00
1.500000000000000222e-01
7.333333333333333370e-02
3.066666666666666985e-01
1.296666666666666634e+00
2.466666666666666730e-01
2.000000000000000042e-02
2.000000000000000042e-02
8.333333333333332871e-02
1.666666666666666644e-02
5.999999999999999778e-02
0.000000000000000000e+00
0.000000000000000000e+00
7.666666666666667462e-02
0.000000000000000000e+00
8.666666666666666963e-02
4.000000000000000083e-02
0.000000000000000000e+00
0.000000000000000000e+00
3.800000000000000600e-01
4.000000000000000083e-02
3.666666666666666963e-01
1.433333333333333404e-01
0.000000000000000000e+00
4.999999999999999584e-02
7.600000000000001199e-01
2.666666666666666838e-02
0.000000000000000000e+00
4.899999999999999911e-01
1.366666666666666585e-01
3.333333333333333547e-03
1.213333333333333375e+00
1.800000000000000211e-01
1.596666666666666679e+00
9.000000000000001055e-02
4.599999999999999645e-01
1.100000000000000006e-01
1.266666666666666774e-01
1.033333333333333326e-01
3.066666666666666430e-01
1.813333333333333242e+00
2.399999999999999911e-01
6.666666666666667095e-03
8.333333333333332871e-02
2.933333333333333903e-01
2.333333333333333440e-02
0.000000000000000000e+00
1.499999999999999944e-01
8.666666666666666963e-02
3.333333333333333547e-03
3.333333333333333547e-03
0.000000000000000000e+00
0.000000000000000000e+00
1.800000000000000211e-01
3.000000000000000236e-02
0.000000000000000000e+00
3.133333333333332971e-01
5.999999999999999778e-02
6.666666666666667095e-03
0.000000000000000000e+00
5.733333333333332504e-01
7.133333333333332638e-01
1.633333333333333304e-01
2.000000000000000042e-02
2.333333333333333440e-02
6.600000000000000311e-01
3.666666666666667379e-02
2.333333333333333093e-02
1.866666666666666752e-01
4.066666666666666763e-01
4.333333333333332926e-01
0.000000000000000000e+00
4.666666666666666186e-01
2.666666666666666838e-02
2.666666666666666630e-01
1.800000000000000211e-01
4.399999999999999467e-01
2.333333333333333440e-02
1.719999999999999973e+00
1.033333333333333326e-01
2.666666666666666838e-02
2.399999999999999911e-01
2.000000000000000389e-01
2.466666666666666730e-01
1.510000000000000009e+00
1.833333333333333481e-01
3.699999999999999400e-01
9.866666666666666918e-01
1.316666666666666652e+00
7.766666666666667274e-01
1.463333333333333597e+00
5.666666666666667074e-02
2.333333333333333440e-02
2.999999999999999889e-02
2.733333333333333726e-01
2.666666666666666838e-02
3.666666666666667379e-02
3.666666666666666685e-02
1.199999999999999956e-01
1.066666666666666735e-01
7.500000000000000000e-01
1.566666666666666763e-01
4.433333333333333570e-01
3.333333333333333287e-02
3.333333333333333547e-03
8.000000000000000167e-02
4.000000000000000083e-02
9.933333333333331794e-01
2.600000000000000089e-01
5.333333333333333676e-02
9.300000000000000488e-01
1.333333333333333419e-02
4.666666666666666879e-02
5.333333333333333676e-02
2.766666666666666718e-01
5.166666666666667185e-01
1.566666666666666485e-01
2.566666666666666541e-01
2.666666666666666630e-01
2.503333333333333410e+00
3.533333333333333326e-01
0.000000000000000000e+00
2.033333333333333381e-01
4.933333333333333459e-01
2.799999999999999711e-01
2.399999999999999911e-01
3.099999999999999978e-01
2.333333333333333440e-02
2.000000000000000042e-02
1.966666666666666841e-01
1.156666666666666510e+00
1.700000000000000122e-01
4.333333333333333481e-02
9.000000000000001055e-02
2.866666666666666807e-01
8.000000000000000167e-02
0.000000000000000000e+00
1.666666666666666644e-02
4.166666666666666852e-01
3.333333333333333287e-02
0.000000000000000000e+00
2.333333333333333440e-02
1.169999999999999929e+00
1.033333333333333326e-01
4.666666666666666879e-02
0.000000000000000000e+00
0.000000000000000000e+00
7.700000000000000178e-01
2.933333333333333903e-01
1.533333333333333215e-01
1.133333333333333276e-01
9.666666666666666463e-02
1.146666666666666723e+00
9.000000000000001055e-02
7.000000000000000666e-02
1.366666666666666585e-01
1.949999999999999956e+00
1.520000000000000240e+00
1.133333333333333276e-01
1.300000000000000044e-01
1.326666666666666883e+00
1.766666666666666663e-01
1.000000000000000021e-02
2.000000000000000042e-02
4.399999999999999467e-01
1.333333333333333315e-01
3.666666666666666685e-02
1.040000000000000036e+00
1.070000000000000062e+00
9.666666666666667851e-02
1.373333333333333295e+00
2.699999999999999623e-01
4.333333333333333481e-02
3.300000000000000155e-01
2.733333333333333171e-01
2.333333333333333440e-02
1.666666666666666644e-02
0.000000000000000000e+00
7.666666666666666075e-02
6.266666666666665941e-01
4.500000000000000111e-01
9.999999999999999167e-02
9.499999999999998446e-01
8.666666666666666963e-01
3.933333333333333681e-01
2.266666666666666829e-01
2.300000000000000100e-01
1.800000000000000044e+00
2.233333333333333559e-01
9.333333333333332371e-02
5.333333333333333259e-01
2.266666666666666829e-01
6.666666666666666574e-02
4.899999999999999911e-01
5.200000000000000178e-01
0.000000000000000000e+00
1.000000000000000021e-02
1.233333333333333365e-01
1.266666666666666607e+00
1.873333333333333295e+00
1.780000000000000027e+00
5.000000000000000971e-02
7.666666666666666075e-02
5.666666666666666380e-02
3.300000000000000155e-01
0.000000000000000000e+00
1.263333333333333419e+00
1.026666666666666616e+00
2.333333333333333440e-02
1.499999999999999944e-01
1.766666666666666663e-01
3.600000000000000422e-01
8.000000000000000167e-02
2.600000000000000089e-01
3.333333333333333547e-03
1.666666666666666644e-02
2.999999999999999889e-01
1.500000000000000222e-01
2.666666666666666630e-01
6.333333333333333870e-02
0.000000000000000000e+00
1.433333333333333404e-01
1.033333333333333326e-01
3.333333333333333547e-03
8.000000000000000167e-02
7.299999999999999822e-01
7.333333333333333370e-02
5.999999999999999778e-01
5.899999999999999689e-01
4.733333333333333282e-01
3.966666666666666674e-01
7.333333333333333370e-02
5.666666666666667074e-02
1.233333333333333365e-01
1.000000000000000000e+00
0.000000000000000000e+00
4.000000000000000083e-02
1.233333333333333365e-01
4.166666666666666852e-01
8.333333333333332871e-02
0.000000000000000000e+00
1.100000000000000006e-01
6.666666666666667095e-03
4.133333333333333304e-01
6.666666666666667095e-03
5.999999999999999778e-02
2.299999999999999822e-01
6.666666666666667095e-03
6.666666666666667095e-03
0.000000000000000000e+00
5.000000000000000971e-02
4.000000000000000083e-02
1.433333333333333404e-01
2.999999999999999889e-02
6.666666666666667095e-03
8.333333333333332871e-02
7.000000000000000666e-01
2.900000000000000355e-01
6.666666666666667095e-03
5.233333333333333171e-01
3.466666666666666785e-01
1.000000000000000021e-02
1.333333333333333419e-02
4.333333333333333481e-02
2.666666666666666838e-02
3.666666666666666685e-02
6.666666666666667095e-03
1.169999999999999929e+00
3.366666666666666696e-01
0.000000000000000000e+00
1.100000000000000006e-01
1.766666666666666663e-01
2.399999999999999911e-01
6.666666666666667095e-03
1.103333333333333277e+00
3.600000000000000422e-01
1.666666666666666644e-02
3.733333333333333504e-01
1.099999999999999867e-01
1.206666666666666776e+00
4.933333333333333459e-01
1.100000000000000006e-01
1.666666666666666644e-02
5.333333333333333676e-02
4.066666666666666763e-01
8.666666666666666963e-02
1.266666666666666774e-01
1.239999999999999991e+00
1.633333333333333304e-01
1.400000000000000133e-01
9.333333333333333759e-02
1.110000000000000098e+00
6.199999999999999956e-01
6.933333333333333570e-01
2.899999999999999800e-01
5.666666666666667629e-01
2.133333333333333470e-01
2.999999999999999889e-01
1.763333333333333419e+00
4.500000000000000111e-01
3.826666666666666661e+00
