7.933333333333333348e-01
7.666666666666667462e-02
1.000000000000000021e-02
1.110000000000000098e+00
1.333333333333333315e-01
0.000000000000000000e+00
1.666666666666666644e-02
8.333333333333332871e-02
5.666666666666666380e-02
9.333333333333332371e-02
0.000000000000000000e+00
1.233333333333333365e-01
3.366666666666666696e-01
6.500000000000000222e-01
8.999999999999998279e-02
0.000000000000000000e+00
9.000000000000000222e-01
3.800000000000000600e-01
2.266666666666666552e-01
1.900000000000000300e-01
1.440000000000000169e+00
8.099999999999999423e-01
8.000000000000000167e-02
1.499999999999999944e-01
5.666666666666667074e-02
8.000000000000000167e-02
3.333333333333333287e-02
1.133333333333333276e-01
3.000000000000000236e-02
2.399999999999999911e-01
4.933333333333333459e-01
3.333333333333333287e-02
1.066666666666666458e-01
9.766666666666665719e-01
1.000000000000000021e-02
0.000000000000000000e+00
1.633333333333333304e-01
2.533333333333333548e-01
2.233333333333333004e-01
1.000000000000000021e-02
7.333333333333333370e-02
1.706666666666666776e+00
1.196666666666666545e+00
3.000000000000000236e-02
7.000000000000000666e-02
2.066666666666666652e-01
6.633333333333332194e-01
2.433333333333333182e-01
1.400000000000000133e-01
2.199999999999999734e+00
1.339999999999999858e+00
