2.560000000000000053e+00
2.213333333333333375e+00
1.400000000000000133e+00
4.166666666666666852e-01
0.000000000000000000e+00
7.666666666666667462e-02
2.299999999999999822e-01
2.533333333333333548e-01
1.000000000000000021e-02
1.800000000000000211e-01
8.133333333333333526e-01
1.666666666666666574e-01
4.000000000000000083e-02
7.400000000000001021e-01
2.063333333333333020e+00
1.000000000000000021e-02
2.466666666666666730e-01
1.700000000000000122e-01
9.333333333333333759e-02
3.533333333333333326e-01
6.666666666666667095e-03
5.566666666666666430e-01
8.666666666666666963e-02
1.499999999999999944e-01
1.466666666666666785e+00
1.196666666666666545e+00
6.666666666666667095e-03
5.899999999999999689e-01
1.423333333333333561e+00
8.666666666666666963e-02
0.000000000000000000e+00
2.266666666666666552e-01
5.033333333333332993e-01
0.000000000000000000e+00
0.000000000000000000e+00
1.666666666666666644e-02
2.799999999999999711e-01
0.000000000000000000e+00
0.000000000000000000e+00
2.566666666666666541e-01
1.166666666666666546e-01
0.000000000000000000e+00
1.000000000000000021e-02
4.666666666666666879e-02
5.966666666666666785e-01
0.000000000000000000e+00
7.666666666666667462e-02
1.423333333333333117e+00
4.266666666666665830e-01
0.000000000000000000e+00
6.266666666666665941e-01
2.046666666666666412e+00
4.933333333333333459e-01
9.666666666666667851e-01
5.666666666666666519e-01
1.129999999999999893e+00
1.300000000000000044e-01
6.666666666666667095e-03
4.166666666666666852e-01
3.666666666666667379e-02
7.000000000000000666e-01
3.333333333333333547e-03
0.000000000000000000e+00
2.666666666666666838e-02
8.533333333333333881e-01
0.000000000000000000e+00
0.000000000000000000e+00
4.333333333333333481e-01
1.633333333333333304e-01
9.333333333333333759e-02
8.000000000000000167e-02
3.333333333333333547e-03
1.479999999999999760e+00
3.699999999999999400e-01
7.333333333333333370e-02
4.000000000000000083e-02
6.666666666666666574e-02
2.099999999999999645e-01
0.000000000000000000e+00
8.566666666666665764e-01
1.533333333333333215e-01
3.666666666666666963e-01
6.666666666666667095e-03
1.433333333333333404e-01
1.686666666666666758e+00
1.356666666666666687e+00
1.966666666666666785e+00
5.993333333333333179e+00
7.266666666666666829e-01
3.733333333333332948e-01
2.333333333333333093e-02
8.900000000000000133e-01
0.000000000000000000e+00
7.299999999999999822e-01
1.046666666666666634e+00
9.333333333333333759e-02
5.333333333333333676e-02
2.560000000000000053e+00
7.000000000000000666e-01
1.803333333333333455e+00
1.789999999999999813e+00
6.833333333333334592e-01
3.233333333333333059e-01
1.973333333333333384e+00
1.566666666666666485e-01
4.033333333333333215e-01
4.000000000000000083e-02
5.200000000000000178e-01
4.733333333333333282e-01
0.000000000000000000e+00
2.666666666666666144e-02
2.666666666666666838e-02
0.000000000000000000e+00
0.000000000000000000e+00
1.333333333333333419e-02
5.499999999999999334e-01
0.000000000000000000e+00
0.000000000000000000e+00
4.333333333333333481e-01
1.300000000000000044e-01
3.333333333333333547e-03
0.000000000000000000e+00
3.366666666666666696e-01
6.933333333333333570e-01
3.333333333333333547e-03
2.000000000000000042e-02
1.366666666666666863e-01
6.833333333333332371e-01
0.000000000000000000e+00
2.299999999999999822e-01
0.000000000000000000e+00
1.199999999999999956e-01
3.333333333333333287e-02
3.466666666666666785e-01
5.266666666666667274e-01
6.566666666666666208e-01
1.213333333333333375e+00
8.800000000000000044e-01
1.630000000000000115e+00
3.533333333333333326e-01
3.533333333333333326e-01
3.099999999999999978e-01
6.999999999999998446e-01
2.033333333333333381e-01
2.000000000000000042e-02
5.000000000000000971e-02
3.333333333333333287e-02
1.333333333333333419e-02
0.000000000000000000e+00
3.333333333333333547e-03
1.166666666666666546e-01
1.466666666666666785e+00
1.066666666666666735e-01
9.933333333333332904e-01
2.633333333333333637e-01
1.000000000000000021e-02
1.179999999999999938e+00
9.333333333333333759e-02
0.000000000000000000e+00
2.866666666666666807e-01
1.639999999999999902e+00
3.966666666666666674e-01
6.999999999999999278e-02
6.033333333333333881e-01
3.660000000000000142e+00
