1.699999999999999956e+00
1.800000000000000211e-01
2.200000000000000011e-01
5.599999999999999423e-01
8.099999999999999423e-01
5.300000000000000266e-01
1.469999999999999973e+00
1.933333333333333293e-01
4.233333333333333393e-01
2.733333333333333171e-01
7.666666666666667462e-02
2.666666666666666630e-01
2.266666666666666829e-01
0.000000000000000000e+00
4.566666666666666097e-01
3.333333333333333547e-03
8.666666666666666963e-02
8.800000000000000044e-01
1.066666666666666735e-01
3.333333333333333287e-02
6.666666666666667095e-03
3.266666666666666607e-01
1.166666666666666546e-01
1.700000000000000122e-01
2.866666666666666807e-01
1.183333333333333348e+00
1.666666666666666644e-02
4.166666666666666852e-01
0.000000000000000000e+00
1.233333333333333365e-01
8.599999999999999867e-01
2.866666666666666807e-01
1.316666666666666652e+00
3.533333333333333326e-01
1.766666666666666663e-01
1.099999999999999867e-01
9.300000000000000488e-01
0.000000000000000000e+00
3.333333333333333547e-03
0.000000000000000000e+00
7.333333333333334758e-02
1.466666666666666674e-01
5.066666666666667096e-01
1.566666666666666485e-01
1.333333333333333419e-02
1.260000000000000009e+00
4.366666666666665919e-01
2.766666666666666718e-01
3.066666666666666430e-01
2.666666666666666838e-02
1.516666666666666607e+00
1.666666666666666644e-02
3.099999999999999978e-01
1.733333333333333393e-01
0.000000000000000000e+00
8.066666666666666430e-01
5.599999999999999423e-01
2.533333333333333548e-01
2.453333333333333144e+00
