7.799999999999999156e-01
4.500000000000000111e-01
5.699999999999999512e-01
1.566666666666666485e-01
2.999999999999999889e-01
1.100000000000000006e-01
9.666666666666666463e-02
1.733333333333333393e-01
4.000000000000000083e-02
4.799999999999999822e-01
3.333333333333333547e-03
8.000000000000000167e-02
2.333333333333333093e-02
4.000000000000000083e-02
1.566666666666666485e-01
1.899999999999999745e-01
2.766666666666666718e-01
5.266666666666667274e-01
1.366666666666666863e-01
1.483333333333333393e+00
2.133333333333333470e-01
1.399999999999999856e-01
0.000000000000000000e+00
1.139999999999999902e+00
1.176666666666666750e+00
2.799999999999999711e-01
0.000000000000000000e+00
4.000000000000000083e-02
4.099999999999999756e-01
9.666666666666667851e-02
0.000000000000000000e+00
6.666666666666667095e-03
1.933333333333333293e-01
6.333333333333333870e-02
8.333333333333332871e-02
4.666666666666666186e-02
4.866666666666666363e-01
2.133333333333333470e-01
3.300000000000000155e-01
5.766666666666666607e-01
1.223333333333333384e+00
4.666666666666666186e-01
2.166666666666666741e-01
1.096666666666666679e+00
1.666666666666666574e-01
7.733333333333333171e-01
1.260000000000000009e+00
1.066666666666666735e-01
1.000000000000000021e-02
9.566666666666666652e-01
8.566666666666665764e-01
1.600000000000000033e-01
6.000000000000000472e-02
3.666666666666667379e-02
6.033333333333333881e-01
1.433333333333333404e-01
2.999999999999999889e-02
6.999999999999999278e-02
6.666666666666667095e-03
7.000000000000000666e-02
6.000000000000000888e-01
0.000000000000000000e+00
2.633333333333333637e-01
2.600000000000000089e-01
4.833333333333333925e-01
0.000000000000000000e+00
5.999999999999999778e-02
2.966666666666666341e-01
6.999999999999999278e-02
1.000000000000000021e-02
1.499999999999999944e-01
1.666666666666666574e-01
3.966666666666666674e-01
6.333333333333333870e-02
3.933333333333333126e-01
1.100000000000000006e-01
3.833333333333333037e-01
1.666666666666666644e-02
1.000000000000000021e-02
1.833333333333333481e-01
7.133333333333333748e-01
2.299999999999999822e-01
5.666666666666667074e-02
3.666666666666666685e-02
0.000000000000000000e+00
5.233333333333333171e-01
8.333333333333332871e-02
0.000000000000000000e+00
2.333333333333333440e-02
2.079999999999999627e+00
3.866666666666667140e-01
0.000000000000000000e+00
1.966666666666666563e-01
1.440000000000000169e+00
4.599999999999999645e-01
8.000000000000000167e-02
2.766666666666666718e-01
2.466666666666666730e-01
1.800000000000000211e-01
1.506666666666666599e+00
