9.666666666666666741e-01
1.596666666666666679e+00
3.233333333333333059e-01
1.099999999999999867e-01
1.266666666666666774e-01
6.600000000000000311e-01
5.100000000000000089e-01
2.700000000000000178e-01
2.333333333333333440e-02
1.110000000000000098e+00
1.433333333333333404e-01
6.666666666666666574e-02
7.333333333333333370e-02
2.566666666666666541e-01
2.333333333333333093e-01
8.333333333333332871e-02
2.500000000000000000e-01
7.799999999999999156e-01
2.199999999999999734e-01
1.933333333333333570e-01
1.499999999999999944e-01
4.433333333333333015e-01
9.333333333333333759e-02
1.056666666666666865e+00
6.066666666666666874e-01
9.833333333333333925e-01
1.296666666666666634e+00
3.666666666666666685e-02
9.999999999999999167e-02
1.600000000000000033e-01
5.799999999999999600e-01
5.666666666666667074e-02
2.333333333333333440e-02
1.166666666666666546e-01
6.166666666666666963e-01
2.066666666666666652e-01
2.399999999999999911e-01
8.666666666666666963e-02
1.333333333333333419e-02
2.399999999999999911e-01
1.266666666666666774e-01
1.366666666666666863e-01
3.899999999999999578e-01
6.199999999999999956e-01
6.800000000000000488e-01
1.133333333333333415e-01
8.333333333333332871e-02
1.233333333333333393e+00
8.233333333333333615e-01
1.766666666666666663e-01
7.333333333333333370e-02
7.066666666666666652e-01
1.399999999999999856e-01
3.333333333333333287e-02
1.566666666666666485e-01
5.666666666666667074e-02
5.133333333333333082e-01
2.999999999999999889e-02
2.000000000000000042e-02
6.666666666666667095e-03
4.566666666666667207e-01
3.333333333333333547e-03
7.333333333333334758e-02
2.999999999999999889e-02
1.199999999999999956e-01
6.666666666666666574e-02
1.999999999999999833e-01
2.000000000000000042e-02
6.333333333333333870e-02
8.000000000000000167e-02
1.333333333333333315e-01
1.800000000000000211e-01
3.766666666666667052e-01
1.953333333333333144e+00
1.656666666666666510e+00
3.666666666666666963e-01
2.729999999999999982e+00
