7.433333333333332904e-01
1.466666666666666674e-01
2.600000000000000089e-01
1.633333333333333304e-01
3.600000000000000422e-01
2.633333333333333637e-01
2.933333333333332793e-01
7.200000000000000844e-01
3.666666666666666963e-01
2.433333333333333182e-01
2.833333333333333259e-01
8.033333333333333437e-01
1.666666666666666574e-01
7.666666666666666075e-01
1.900000000000000300e-01
3.866666666666667140e-01
0.000000000000000000e+00
4.433333333333333570e-01
9.333333333333333759e-02
4.000000000000000083e-02
4.000000000000000083e-02
1.333333333333333315e-01
2.500000000000000000e-01
1.199999999999999956e-01
1.616666666666666474e+00
1.213333333333333153e+00
2.700000000000000178e-01
1.600000000000000033e-01
4.666666666666666186e-01
4.699999999999999734e-01
1.999999999999999833e-01
9.666666666666667851e-02
1.966666666666666563e-01
1.200000000000000094e-01
1.866666666666666752e-01
1.033333333333333465e-01
1.099999999999999867e-01
2.800000000000000266e-01
2.933333333333333348e-01
0.000000000000000000e+00
1.933333333333333570e-01
4.666666666666666879e-02
1.900000000000000300e-01
1.866666666666666474e-01
1.666666666666666574e-01
9.999999999999999167e-02
7.133333333333333748e-01
5.999999999999999778e-02
8.666666666666666963e-02
5.666666666666667074e-02
6.666666666666667095e-03
0.000000000000000000e+00
4.000000000000000083e-02
9.333333333333333759e-02
3.333333333333333547e-03
0.000000000000000000e+00
3.333333333333333547e-03
6.333333333333333870e-02
6.666666666666667095e-03
3.333333333333333547e-03
4.466666666666667118e-01
4.466666666666667118e-01
2.533333333333333548e-01
1.550000000000000044e+00
4.333333333333333481e-01
3.800000000000000600e-01
1.300000000000000044e-01
6.666666666666666297e-01
3.899999999999999578e-01
5.999999999999999778e-02
3.966666666666666674e-01
3.300000000000000155e-01
9.366666666666666474e-01
9.666666666666667851e-02
0.000000000000000000e+00
1.266666666666666774e-01
1.053333333333333455e+00
0.000000000000000000e+00
3.333333333333333547e-03
9.833333333333333925e-01
5.999999999999999778e-02
3.333333333333333547e-03
2.099999999999999922e-01
2.700000000000000178e-01
0.000000000000000000e+00
3.533333333333333326e-01
3.333333333333333547e-03
1.000000000000000021e-02
4.266666666666666941e-01
4.666666666666666879e-02
8.000000000000000167e-02
2.233333333333333004e-01
1.333333333333333419e-02
9.000000000000001055e-02
2.700000000000000178e-01
1.333333333333333315e-01
2.833333333333333814e-01
3.033333333333333437e-01
5.866666666666666696e-01
2.033333333333333659e-01
1.666666666666666574e-01
2.666666666666666838e-02
8.666666666666666963e-02
6.666666666666667095e-03
0.000000000000000000e+00
7.666666666666667462e-02
8.333333333333332871e-02
0.000000000000000000e+00
0.000000000000000000e+00
2.933333333333333348e-01
2.999999999999999889e-02
1.533333333333333492e-01
5.299999999999999156e-01
9.233333333333333393e-01
0.000000000000000000e+00
1.233333333333333365e-01
1.466666666666666674e-01
3.066666666666666985e-01
4.599999999999999645e-01
8.833333333333334147e-01
8.466666666666666785e-01
6.033333333333333881e-01
1.506666666666666821e+00
4.066666666666666763e-01
1.099999999999999867e+00
