1.073333333333333250e+00
1.633333333333333304e-01
2.166666666666666741e-01
2.200000000000000011e-01
1.126666666666666705e+00
2.633333333333333637e-01
1.233333333333333365e-01
1.666666666666666574e-01
1.366666666666666585e-01
5.333333333333333676e-02
2.399999999999999911e-01
1.833333333333333481e-01
6.566666666666666208e-01
2.079999999999999627e+00
2.166666666666666463e-01
1.183333333333333348e+00
8.599999999999999867e-01
6.166666666666666963e-01
5.266666666666667274e-01
1.409999999999999920e+00
2.466666666666666730e-01
7.033333333333334769e-01
1.236666666666666581e+00
1.199999999999999956e-01
6.433333333333333126e-01
1.099999999999999867e-01
2.033333333333333381e-01
2.066666666666666652e-01
2.066666666666666652e-01
1.040000000000000036e+00
1.033333333333333437e+00
8.399999999999999689e-01
7.700000000000000178e-01
3.899999999999999578e-01
3.566666666666666319e-01
3.033333333333332882e-01
7.966666666666665231e-01
2.009999999999999787e+00
1.750000000000000000e+00
1.266666666666666774e-01
7.666666666666666075e-02
9.333333333333333759e-02
2.366666666666666641e-01
7.166666666666667851e-01
1.790000000000000036e+00
1.833333333333333481e-01
2.666666666666666630e-01
8.333333333333333703e-01
9.566666666666666652e-01
1.853333333333333499e+00
3.266666666666667163e-01
5.666666666666667074e-02
1.866666666666666752e-01
1.286666666666666847e+00
8.133333333333333526e-01
6.300000000000000044e-01
