8.666666666666666963e-01
1.413333333333333330e+00
1.033333333333333437e+00
2.766666666666666718e-01
1.199999999999999956e-01
1.313333333333333242e+00
8.333333333333333703e-01
2.733333333333333726e-01
1.093333333333333490e+00
3.533333333333333326e-01
1.139999999999999902e+00
8.599999999999999867e-01
1.266666666666666774e-01
1.226666666666666572e+00
2.066666666666666929e-01
5.400000000000000355e-01
4.466666666666666008e-01
1.169999999999999929e+00
1.063333333333333242e+00
0.000000000000000000e+00
1.566666666666666485e-01
6.733333333333333393e-01
4.666666666666666186e-01
0.000000000000000000e+00
3.699999999999999400e-01
2.166666666666666519e+00
1.236666666666666581e+00
6.466666666666667229e-01
8.999999999999999112e-01
1.333333333333333419e-02
8.833333333333333037e-01
1.333333333333333315e-01
1.666666666666666644e-02
6.666666666666666574e-02
2.000000000000000042e-02
5.333333333333333676e-02
5.266666666666667274e-01
2.233333333333333004e-01
3.966666666666666674e-01
4.333333333333333481e-02
3.600000000000000422e-01
1.000000000000000021e-02
1.066666666666666735e-01
5.266666666666667274e-01
8.099999999999999423e-01
1.239999999999999991e+00
