1.159999999999999920e+00
7.000000000000000666e-02
6.133333333333332860e-01
1.699999999999999956e+00
1.166666666666666546e-01
1.503333333333333188e+00
8.333333333333332871e-02
2.299999999999999822e-01
3.000000000000000444e-01
3.099999999999999978e-01
5.666666666666666519e-01
1.110000000000000098e+00
4.500000000000000111e-01
1.126666666666666705e+00
1.733333333333333393e-01
5.499999999999999334e-01
6.666666666666667095e-03
5.999999999999999778e-01
3.766666666666667052e-01
2.000000000000000042e-02
3.133333333333333526e-01
2.733333333333333726e-01
1.666666666666666644e-02
5.666666666666666380e-02
1.466666666666666785e+00
5.100000000000000089e-01
3.333333333333333547e-03
0.000000000000000000e+00
7.666666666666667462e-02
2.333333333333333440e-02
1.066666666666666735e-01
4.033333333333333215e-01
1.000000000000000021e-02
4.033333333333333215e-01
5.699999999999999512e-01
1.033333333333333326e-01
0.000000000000000000e+00
4.899999999999999911e-01
1.133333333333333276e-01
8.000000000000000167e-02
0.000000000000000000e+00
6.666666666666666574e-02
7.166666666666667851e-01
1.466666666666666674e-01
2.666666666666666838e-02
6.133333333333332860e-01
3.600000000000000422e-01
1.300000000000000044e-01
9.666666666666666463e-02
1.933333333333333293e-01
5.433333333333333348e-01
2.999999999999999889e-02
1.233333333333333365e-01
1.500000000000000222e-01
6.733333333333333393e-01
1.500000000000000222e-01
1.143333333333333313e+00
1.199999999999999956e-01
1.000000000000000021e-02
2.000000000000000042e-02
1.766666666666666663e-01
4.666666666666666879e-02
6.666666666666666574e-02
6.666666666666667095e-03
9.000000000000001055e-02
1.366666666666666863e-01
1.000000000000000021e-02
3.566666666666666319e-01
7.200000000000000844e-01
1.333333333333333419e-02
8.533333333333333881e-01
1.223333333333333384e+00
9.133333333333334414e-01
1.333333333333333419e-02
1.600000000000000033e-01
1.499999999999999944e-01
8.333333333333332871e-02
1.766666666666666663e-01
0.000000000000000000e+00
8.166666666666665408e-01
4.000000000000000083e-02
2.433333333333333182e-01
1.600000000000000033e-01
1.876666666666666705e+00
1.166666666666666546e-01
2.999999999999999889e-01
2.933333333333333903e-01
1.833333333333333481e-01
5.000000000000000000e-01
1.333333333333333419e-02
5.899999999999999689e-01
2.666666666666666838e-02
1.186666666666666758e+00
8.233333333333332504e-01
1.100000000000000006e-01
1.286666666666666847e+00
3.866666666666666585e-01
1.399999999999999856e-01
7.333333333333331983e-02
1.833333333333333204e-01
7.866666666666666252e-01
8.333333333333332871e-02
1.429999999999999938e+00
2.533333333333333548e-01
6.666666666666667095e-03
5.566666666666666430e-01
1.566666666666666485e-01
7.799999999999999156e-01
1.333333333333333419e-02
9.333333333333333759e-02
4.333333333333333481e-02
5.999999999999999778e-02
2.600000000000000089e-01
9.433333333333333570e-01
2.833333333333333814e-01
1.233333333333333365e-01
1.733333333333333393e-01
2.333333333333333440e-02
5.333333333333333676e-02
1.066666666666666458e-01
0.000000000000000000e+00
4.199999999999999845e-01
5.333333333333333676e-02
1.300000000000000044e-01
1.000000000000000194e-01
1.233333333333333365e-01
9.599999999999999645e-01
5.233333333333333171e-01
5.000000000000000971e-02
2.866666666666666807e-01
1.059999999999999831e+00
4.899999999999999911e-01
3.499999999999999223e-01
2.366666666666666641e-01
3.566666666666666319e-01
5.999999999999999778e-02
9.133333333333334414e-01
2.733333333333333171e-01
2.333333333333333440e-02
9.000000000000001055e-02
1.833333333333333481e-01
1.700000000000000122e-01
5.000000000000000971e-02
2.000000000000000042e-02
4.833333333333333925e-01
6.266666666666665941e-01
1.833333333333333481e-01
4.833333333333333370e-01
1.050000000000000044e+00
1.366666666666666585e-01
1.166666666666666824e-01
5.933333333333332682e-01
3.233333333333333059e-01
8.000000000000000167e-02
1.466666666666666952e-01
2.899999999999999800e-01
1.723333333333333384e+00
