1.703333333333333366e+00
3.766666666666666496e-01
1.433333333333333348e+00
8.933333333333334236e-01
1.533333333333333215e-01
3.099999999999999978e-01
5.866666666666666696e-01
2.466666666666666730e-01
1.666666666666666644e-02
4.000000000000000083e-02
2.933333333333333348e-01
1.199999999999999956e-01
1.513333333333333419e+00
1.400000000000000133e-01
0.000000000000000000e+00
3.099999999999999978e-01
2.899999999999999800e-01
8.166666666666667629e-01
8.666666666666666963e-01
0.000000000000000000e+00
1.173333333333333339e+00
8.733333333333334059e-01
3.333333333333333547e-03
1.400000000000000133e-01
8.566666666666667984e-01
2.133333333333333470e-01
3.666666666666667379e-02
1.333333333333333419e-02
1.066666666666666735e-01
7.366666666666666918e-01
1.833333333333333481e-01
1.400000000000000133e-01
2.166666666666666741e-01
1.236666666666666581e+00
1.073333333333333472e+00
9.999999999999999167e-02
1.150000000000000133e+00
6.199999999999999956e-01
2.966666666666666896e-01
1.133333333333333276e-01
8.333333333333332871e-02
1.206666666666666776e+00
6.666666666666666297e-01
6.400000000000000133e-01
4.666666666666666879e-02
8.166666666666667629e-01
4.266666666666666941e-01
0.000000000000000000e+00
2.333333333333333093e-02
3.833333333333333592e-01
0.000000000000000000e+00
7.333333333333334758e-02
3.800000000000000600e-01
1.000000000000000021e-02
4.666666666666666879e-02
1.966666666666666841e-01
2.533333333333333548e-01
3.300000000000000155e-01
1.293333333333333446e+00
5.033333333333334103e-01
7.733333333333334281e-01
1.060000000000000053e+00
1.100000000000000006e-01
5.099999999999998979e-01
1.250000000000000000e+00
1.026666666666666616e+00
9.333333333333333759e-02
2.000000000000000042e-02
1.050000000000000044e+00
2.399999999999999911e-01
3.333333333333333287e-02
4.000000000000000083e-02
1.753333333333333188e+00
3.899999999999999578e-01
3.466666666666666785e-01
1.066666666666666735e-01
1.999999999999999833e-01
1.966666666666666563e-01
8.666666666666666963e-02
1.900000000000000300e-01
3.099999999999999978e-01
9.999999999999999167e-02
5.666666666666667074e-02
3.666666666666667379e-02
1.100000000000000006e-01
1.333333333333333315e-01
8.666666666666666963e-02
1.433333333333333404e-01
9.666666666666667851e-02
2.700000000000000178e-01
8.000000000000000167e-02
3.666666666666666408e-01
2.133333333333333470e-01
7.933333333333333348e-01
5.499999999999999334e-01
1.333333333333333315e-01
2.966666666666666896e-01
1.800000000000000211e-01
4.733333333333333282e-01
1.499999999999999944e-01
2.399999999999999911e-01
1.133333333333333276e-01
6.666666666666666574e-02
1.096666666666666679e+00
8.266666666666666607e-01
2.466666666666666730e-01
5.333333333333333676e-02
1.300000000000000044e-01
1.906666666666666510e+00
1.413333333333333330e+00
