1.646666666666666501e+00
6.033333333333333881e-01
3.233333333333333059e-01
1.966666666666666563e-01
1.700000000000000122e-01
0.000000000000000000e+00
8.466666666666666785e-01
7.666666666666667462e-02
1.400000000000000133e-01
1.000000000000000021e-02
3.400000000000000244e-01
9.666666666666667851e-02
1.199999999999999956e-01
7.233333333333332726e-01
2.999999999999999889e-01
2.999999999999999889e-01
1.700000000000000122e-01
2.166666666666666741e-01
6.466666666666666119e-01
6.366666666666667140e-01
4.066666666666666763e-01
1.233333333333333393e+00
1.443333333333333357e+00
3.333333333333333547e-03
2.366666666666666641e-01
5.499999999999999334e-01
6.266666666666665941e-01
1.666666666666666644e-02
7.633333333333333082e-01
1.010000000000000009e+00
2.443333333333333357e+00
7.133333333333333748e-01
1.400000000000000133e+00
3.399999999999999911e+00
