9.766666666666666829e-01
7.200000000000000844e-01
1.166666666666666546e-01
3.633333333333332860e-01
2.933333333333332793e-01
1.100000000000000006e-01
3.133333333333333526e-01
6.899999999999999467e-01
1.533333333333333215e-01
1.433333333333333404e-01
2.433333333333333182e-01
3.633333333333332860e-01
1.499999999999999944e-01
3.333333333333333547e-03
6.666666666666667095e-03
3.566666666666666874e-01
4.666666666666666879e-02
2.333333333333333093e-02
6.133333333333332860e-01
9.666666666666667851e-01
8.466666666666666785e-01
1.533333333333333215e-01
1.706666666666666776e+00
1.600000000000000033e-01
1.000000000000000021e-02
1.633333333333333304e-01
1.199999999999999956e-01
1.433333333333333404e-01
2.933333333333333348e-01
2.466666666666666730e-01
1.000000000000000021e-02
1.666666666666666644e-02
0.000000000000000000e+00
9.666666666666666463e-02
1.033333333333333326e-01
9.333333333333332371e-02
1.300000000000000044e-01
1.499999999999999944e-01
3.899999999999999578e-01
8.233333333333333615e-01
8.100000000000000533e-01
1.033333333333333326e-01
2.666666666666666838e-02
1.633333333333333304e-01
8.666666666666665853e-01
2.000000000000000042e-02
1.333333333333333315e-01
1.500000000000000000e+00
8.333333333333332871e-02
2.700000000000000178e-01
6.533333333333333215e-01
7.000000000000000666e-02
4.699999999999999734e-01
6.333333333333333870e-02
3.500000000000000333e-01
9.999999999999999167e-02
0.000000000000000000e+00
9.333333333333333759e-02
1.473333333333333384e+00
3.333333333333333547e-03
6.666666666666667095e-03
1.199999999999999956e+00
1.333333333333333419e-02
1.266666666666666774e-01
1.733333333333333393e-01
7.666666666666667462e-02
1.003333333333333410e+00
2.000000000000000042e-02
5.000000000000000971e-02
3.066666666666666985e-01
1.186666666666666758e+00
1.566666666666666652e+00
9.266666666666667496e-01
2.833333333333333814e-01
3.233333333333333059e-01
8.333333333333332871e-02
1.600000000000000033e-01
1.900000000000000300e-01
2.633333333333333637e-01
1.800000000000000211e-01
4.066666666666666763e-01
3.300000000000000155e-01
3.733333333333332948e-01
3.666666666666666685e-02
1.666666666666666644e-02
6.666666666666667095e-03
6.333333333333333870e-02
0.000000000000000000e+00
0.000000000000000000e+00
3.233333333333333059e-01
1.999999999999999833e-01
1.316666666666666652e+00
4.733333333333333282e-01
1.276666666666666616e+00
2.500000000000000000e-01
4.000000000000000083e-02
9.000000000000001055e-02
7.333333333333333370e-02
2.166666666666666741e-01
3.300000000000000155e-01
4.899999999999999911e-01
1.000000000000000021e-02
0.000000000000000000e+00
3.666666666666666685e-02
9.999999999999999167e-02
5.666666666666667074e-02
0.000000000000000000e+00
1.300000000000000044e-01
1.233333333333333365e-01
2.866666666666666807e-01
9.033333333333333215e-01
8.766666666666665941e-01
3.000000000000000236e-02
3.333333333333333547e-03
2.266666666666666552e-01
9.333333333333332371e-01
1.333333333333333419e-02
2.366666666666666918e-01
9.233333333333332282e-01
6.666666666666666574e-02
1.406666666666666510e+00
8.133333333333333526e-01
5.666666666666667074e-02
1.733333333333333393e-01
3.333333333333333287e-02
7.666666666666666075e-02
9.333333333333333759e-02
0.000000000000000000e+00
9.666666666666667851e-02
1.226666666666666572e+00
0.000000000000000000e+00
3.333333333333333547e-03
9.933333333333332904e-01
4.666666666666666879e-02
2.000000000000000042e-02
1.866666666666666752e-01
2.066666666666666652e-01
9.100000000000000311e-01
4.333333333333333481e-02
1.666666666666666644e-02
1.100000000000000006e-01
7.299999999999999822e-01
