4.333333333333333481e-02
2.633333333333333637e-01
2.500000000000000000e-01
1.130000000000000115e+00
2.799999999999999711e-01
2.799999999999999711e-01
8.099999999999999423e-01
3.666666666666666685e-02
2.333333333333333440e-02
1.136666666666666714e+00
4.766666666666667385e-01
3.200000000000000067e-01
6.866666666666666474e-01
1.173333333333333561e+00
7.666666666666666075e-02
4.666666666666666879e-02
5.333333333333333676e-02
2.933333333333332793e-01
1.820000000000000062e+00
2.613333333333333286e+00
8.933333333333332016e-01
1.830000000000000071e+00
3.200000000000000067e-01
5.999999999999999778e-02
4.000000000000000083e-02
0.000000000000000000e+00
1.266666666666666774e-01
5.333333333333332288e-02
6.733333333333333393e-01
1.199999999999999956e+00
4.666666666666666186e-01
2.600000000000000089e-01
8.000000000000000167e-02
2.800000000000000266e-01
9.300000000000000488e-01
2.666666666666666838e-02
4.733333333333333282e-01
1.169999999999999929e+00
1.166666666666666546e-01
2.733333333333333171e-01
6.533333333333333215e-01
1.196666666666666545e+00
3.066666666666666985e-01
6.166666666666666963e-01
5.666666666666667074e-02
0.000000000000000000e+00
6.666666666666666574e-02
1.150000000000000133e+00
0.000000000000000000e+00
3.166666666666666519e-01
7.999999999999999334e-01
7.033333333333334769e-01
0.000000000000000000e+00
1.033333333333333326e-01
1.026666666666666616e+00
1.799999999999999656e-01
1.533333333333333215e-01
8.333333333333332871e-02
1.733333333333333393e-01
1.533333333333333215e-01
4.333333333333333481e-02
4.266666666666666941e-01
4.000000000000000083e-02
2.999999999999999889e-02
9.433333333333333570e-01
1.110000000000000098e+00
3.300000000000000155e-01
1.366666666666666863e-01
4.433333333333333570e-01
4.699999999999999734e-01
3.933333333333333126e-01
6.899999999999999467e-01
3.466666666666666785e-01
1.400000000000000133e+00
2.333333333333333648e-01
0.000000000000000000e+00
2.333333333333333440e-02
1.000000000000000194e-01
5.033333333333332993e-01
2.999999999999999889e-02
8.333333333333332871e-02
0.000000000000000000e+00
3.333333333333333287e-02
1.333333333333333419e-02
3.333333333333333547e-03
2.700000000000000178e-01
0.000000000000000000e+00
0.000000000000000000e+00
2.333333333333333093e-01
6.333333333333333870e-02
0.000000000000000000e+00
0.000000000000000000e+00
0.000000000000000000e+00
0.000000000000000000e+00
5.333333333333333676e-02
1.133333333333333276e-01
6.666666666666667095e-03
9.000000000000001055e-02
1.000000000000000021e-02
1.006666666666666599e+00
1.466666666666666397e-01
1.623333333333333295e+00
2.266666666666666552e-01
6.500000000000000222e-01
1.199999999999999956e-01
3.133333333333332971e-01
0.000000000000000000e+00
2.566666666666666541e-01
5.899999999999999689e-01
0.000000000000000000e+00
5.000000000000000971e-02
1.010000000000000009e+00
1.040000000000000036e+00
1.533333333333333215e-01
7.166666666666666741e-01
1.000000000000000000e+00
4.000000000000000083e-02
2.999999999999999889e-02
9.333333333333333759e-02
5.266666666666667274e-01
1.456666666666666332e+00
3.233333333333333059e-01
5.966666666666666785e-01
5.899999999999999689e-01
8.100000000000000533e-01
4.333333333333333481e-01
6.000000000000000888e-01
4.266666666666666941e-01
9.999999999999999167e-02
2.333333333333333440e-02
0.000000000000000000e+00
6.833333333333332371e-01
1.499999999999999944e-01
1.633333333333333304e-01
5.866666666666666696e-01
1.100000000000000006e-01
0.000000000000000000e+00
1.266666666666666774e-01
1.166666666666666546e-01
4.000000000000000083e-02
1.133333333333333276e-01
1.666666666666666644e-02
1.033333333333333326e-01
1.333333333333333419e-02
2.666666666666666838e-02
0.000000000000000000e+00
3.333333333333333547e-03
0.000000000000000000e+00
1.666666666666666644e-02
0.000000000000000000e+00
1.033333333333333326e-01
9.666666666666667851e-02
3.266666666666666607e-01
2.899999999999999800e-01
7.933333333333333348e-01
1.436666666666666758e+00
1.756666666666666821e+00
1.499999999999999944e-01
8.000000000000000167e-02
1.303333333333333455e+00
2.099999999999999922e-01
3.333333333333333287e-02
2.266666666666666552e-01
1.020000000000000018e+00
6.900000000000000577e-01
1.666666666666666644e-02
3.333333333333333547e-03
5.233333333333333171e-01
2.333333333333333440e-02
0.000000000000000000e+00
5.333333333333333259e-01
9.333333333333333759e-02
1.333333333333333419e-02
1.400000000000000133e-01
1.233333333333333393e+00
4.999999999999999584e-02
0.000000000000000000e+00
1.199999999999999956e-01
1.066666666666666735e-01
5.299999999999999156e-01
0.000000000000000000e+00
1.999999999999999833e-01
1.183333333333333348e+00
1.066666666666666735e-01
8.333333333333332871e-02
1.666666666666666644e-02
3.666666666666666963e-01
0.000000000000000000e+00
0.000000000000000000e+00
2.333333333333333440e-02
0.000000000000000000e+00
0.000000000000000000e+00
2.933333333333333903e-01
1.666666666666666644e-02
0.000000000000000000e+00
0.000000000000000000e+00
1.666666666666666644e-02
7.666666666666667462e-02
0.000000000000000000e+00
0.000000000000000000e+00
0.000000000000000000e+00
0.000000000000000000e+00
9.000000000000001055e-02
1.110000000000000098e+00
1.266666666666666774e-01
3.166666666666666519e-01
4.333333333333333481e-01
0.000000000000000000e+00
9.333333333333333759e-02
9.000000000000000222e-01
2.000000000000000042e-02
0.000000000000000000e+00
1.766666666666666663e-01
3.699999999999999400e-01
1.333333333333333419e-02
2.799999999999999711e-01
8.966666666666666119e-01
0.000000000000000000e+00
2.266666666666666829e-01
2.399999999999999911e-01
8.000000000000000167e-02
3.666666666666667379e-02
4.000000000000000083e-02
2.133333333333333470e-01
9.999999999999999167e-02
7.666666666666667462e-02
2.866666666666666807e-01
4.000000000000000083e-02
5.899999999999999689e-01
1.000000000000000021e-02
1.666666666666666644e-02
1.933333333333333570e-01
1.666666666666666574e-01
9.333333333333333759e-02
4.000000000000000083e-02
8.333333333333332871e-02
3.333333333333333287e-02
7.333333333333334758e-02
2.999999999999999889e-01
2.733333333333333726e-01
0.000000000000000000e+00
7.000000000000000666e-02
1.100000000000000006e-01
2.666666666666666838e-02
2.666666666666666838e-02
0.000000000000000000e+00
2.333333333333333440e-02
0.000000000000000000e+00
3.666666666666666685e-02
1.066666666666666735e-01
1.333333333333333419e-02
5.000000000000000971e-02
0.000000000000000000e+00
1.333333333333333419e-02
5.066666666666667096e-01
2.433333333333333182e-01
3.000000000000000236e-02
1.666666666666666644e-02
2.333333333333333440e-02
0.000000000000000000e+00
2.166666666666666741e-01
9.666666666666666463e-02
3.333333333333333547e-03
1.300000000000000044e-01
8.299999999999999600e-01
2.699999999999999623e-01
4.633333333333333748e-01
8.000000000000000167e-02
6.333333333333333870e-02
3.333333333333333547e-03
1.333333333333333315e-01
7.000000000000000666e-02
0.000000000000000000e+00
2.666666666666666838e-02
2.933333333333333348e-01
3.333333333333333547e-03
1.966666666666666841e-01
1.233333333333333365e-01
9.999999999999999167e-02
0.000000000000000000e+00
0.000000000000000000e+00
2.999999999999999889e-02
0.000000000000000000e+00
1.766666666666666663e-01
4.000000000000000083e-02
2.466666666666666730e-01
3.000000000000000444e-01
4.000000000000000083e-02
4.000000000000000083e-02
2.299999999999999822e-01
1.666666666666666574e-01
1.333333333333333315e-01
5.999999999999999778e-02
2.000000000000000042e-02
0.000000000000000000e+00
0.000000000000000000e+00
2.500000000000000000e-01
3.333333333333333287e-02
0.000000000000000000e+00
3.666666666666667379e-02
1.933333333333333570e-01
2.999999999999999889e-01
0.000000000000000000e+00
5.000000000000000000e-01
1.466666666666666785e+00
1.066666666666666735e-01
8.133333333333333526e-01
9.333333333333333759e-02
1.769999999999999796e+00
6.666666666666667095e-03
3.800000000000000600e-01
2.099999999999999645e-01
2.399999999999999911e-01
7.666666666666667462e-02
4.599999999999999645e-01
0.000000000000000000e+00
0.000000000000000000e+00
5.333333333333333676e-02
4.666666666666666879e-02
0.000000000000000000e+00
1.100000000000000006e-01
2.333333333333333440e-02
2.000000000000000042e-02
4.333333333333333481e-02
9.333333333333333759e-02
0.000000000000000000e+00
5.666666666666667074e-02
1.000000000000000021e-02
5.666666666666666380e-02
4.566666666666666097e-01
4.666666666666666879e-02
5.000000000000000000e-01
9.133333333333334414e-01
4.033333333333333215e-01
1.086666666666666670e+00
2.000000000000000042e-02
5.200000000000000178e-01
6.333333333333333870e-02
6.333333333333333870e-02
4.333333333333333481e-02
3.966666666666666674e-01
5.400000000000000355e-01
4.033333333333333215e-01
2.999999999999999889e-02
1.300000000000000044e-01
3.333333333333333287e-02
2.866666666666666807e-01
2.200000000000000011e-01
0.000000000000000000e+00
3.166666666666666519e-01
5.333333333333333676e-02
0.000000000000000000e+00
1.966666666666666563e-01
1.899999999999999745e-01
2.566666666666666541e-01
3.000000000000000444e-01
2.533333333333333548e-01
4.599999999999999645e-01
7.000000000000000666e-02
1.260000000000000009e+00
4.000000000000000083e-02
2.700000000000000178e-01
8.199999999999999512e-01
4.666666666666666879e-02
1.246666666666666812e+00
3.800000000000000600e-01
1.666666666666666741e+00
0.000000000000000000e+00
3.233333333333333059e-01
2.300000000000000100e-01
5.600000000000000533e-01
1.133333333333333276e-01
5.633333333333333526e-01
2.666666666666666630e-01
3.333333333333333547e-03
1.333333333333333419e-02
7.000000000000000666e-02
9.666666666666667851e-02
1.233333333333333365e-01
6.333333333333334147e-01
1.499999999999999944e-01
2.133333333333333470e-01
5.300000000000000266e-01
3.699999999999999400e-01
3.366666666666666696e-01
7.333333333333331983e-02
6.333333333333333870e-02
2.466666666666666730e-01
2.700000000000000178e-01
2.999999999999999889e-01
1.833333333333333481e-01
2.566666666666666541e-01
9.666666666666667851e-02
4.566666666666667207e-01
2.000000000000000042e-02
1.099999999999999867e-01
2.933333333333333903e-01
2.333333333333333440e-02
4.266666666666666941e-01
6.666666666666666574e-02
0.000000000000000000e+00
0.000000000000000000e+00
6.066666666666667984e-01
1.799999999999999656e-01
4.566666666666667207e-01
1.133333333333333276e-01
9.333333333333333759e-02
4.299999999999999933e-01
1.499999999999999944e-01
4.566666666666667207e-01
1.333333333333333419e-02
0.000000000000000000e+00
9.333333333333333759e-02
9.999999999999999167e-02
4.000000000000000083e-02
4.000000000000000083e-02
1.666666666666666644e-02
2.099999999999999922e-01
1.266666666666666774e-01
2.333333333333333440e-02
1.400000000000000133e-01
0.000000000000000000e+00
5.999999999999999778e-02
8.333333333333332871e-02
1.700000000000000122e-01
3.333333333333333287e-02
4.000000000000000083e-02
1.766666666666666663e-01
0.000000000000000000e+00
7.633333333333333082e-01
1.333333333333333315e-01
1.600000000000000033e-01
3.233333333333333059e-01
1.000000000000000021e-02
7.600000000000001199e-01
1.666666666666666644e-02
2.000000000000000042e-02
1.733333333333333393e-01
5.666666666666667074e-02
5.333333333333333676e-02
1.099999999999999867e-01
1.000000000000000021e-02
1.266666666666666774e-01
1.266666666666666774e-01
1.866666666666666752e-01
1.366666666666666918e+00
9.333333333333333759e-02
2.066666666666666652e-01
8.333333333333332871e-02
4.000000000000000083e-02
0.000000000000000000e+00
6.666666666666667095e-03
0.000000000000000000e+00
1.433333333333333404e-01
1.499999999999999944e-01
1.333333333333333419e-02
2.366666666666666641e-01
4.000000000000000083e-02
0.000000000000000000e+00
1.133333333333333276e-01
2.166666666666666741e-01
3.666666666666665991e-02
5.133333333333333082e-01
0.000000000000000000e+00
3.133333333333332971e-01
2.066666666666666652e-01
4.233333333333333393e-01
9.666666666666667851e-02
3.200000000000000067e-01
1.146666666666666723e+00
4.199999999999999845e-01
1.016666666666666607e+00
2.133333333333333470e-01
1.083333333333333259e+00
4.400000000000000022e-01
1.419999999999999929e+00
1.533333333333333492e-01
8.666666666666666963e-02
4.000000000000000083e-02
1.433333333333333404e-01
6.333333333333333870e-02
1.166666666666666546e-01
1.733333333333333393e-01
1.633333333333333304e-01
0.000000000000000000e+00
1.666666666666666644e-02
0.000000000000000000e+00
2.500000000000000000e-01
1.333333333333333419e-02
1.700000000000000122e-01
7.666666666666667462e-02
1.300000000000000044e-01
1.366666666666666863e-01
1.033333333333333437e+00
7.433333333333332904e-01
2.833333333333333814e-01
4.733333333333333282e-01
4.566666666666667207e-01
1.316666666666666652e+00
6.666666666666667095e-03
2.066666666666666652e-01
1.333333333333333419e-02
2.999999999999999889e-01
0.000000000000000000e+00
2.399999999999999911e-01
4.000000000000000083e-02
6.666666666666666574e-02
3.466666666666666785e-01
2.666666666666666838e-02
1.433333333333333404e-01
0.000000000000000000e+00
3.433333333333333237e-01
4.099999999999999756e-01
1.033333333333333465e-01
2.666666666666666838e-02
1.933333333333333570e-01
2.666666666666666838e-02
6.999999999999999278e-02
9.666666666666667851e-02
0.000000000000000000e+00
4.000000000000000083e-02
0.000000000000000000e+00
4.000000000000000083e-02
0.000000000000000000e+00
4.666666666666666186e-01
1.376666666666666705e+00
1.283333333333333437e+00
3.333333333333333547e-03
1.666666666666666574e-01
3.333333333333333547e-03
2.533333333333333548e-01
5.666666666666666380e-02
5.166666666666666075e-01
2.800000000000000266e-01
4.233333333333333393e-01
6.666666666666667095e-03
3.666666666666666685e-02
8.466666666666666785e-01
0.000000000000000000e+00
1.556666666666666643e+00
1.833333333333333481e-01
9.000000000000001055e-02
4.333333333333333481e-02
9.333333333333334592e-01
7.333333333333331983e-02
1.333333333333333315e-01
8.333333333333332871e-02
4.633333333333333748e-01
5.666666666666667074e-02
4.999999999999999584e-02
1.033333333333333326e-01
5.999999999999999778e-02
2.729999999999999982e+00
6.700000000000000400e-01
1.313333333333333464e+00
9.966666666666667007e-01
2.333333333333333093e-01
1.666666666666666644e-02
5.699999999999999512e-01
8.033333333333333437e-01
6.666666666666667095e-03
4.333333333333333481e-02
1.666666666666666644e-02
0.000000000000000000e+00
8.333333333333332871e-02
4.666666666666666879e-02
1.000000000000000021e-02
2.666666666666666838e-02
2.000000000000000042e-02
1.066666666666666735e-01
1.070000000000000062e+00
1.530000000000000027e+00
0.000000000000000000e+00
9.666666666666667851e-02
1.866666666666666752e-01
1.100000000000000006e-01
3.666666666666666963e-01
6.333333333333333037e-01
1.146666666666666723e+00
1.666666666666666644e-02
3.966666666666666674e-01
1.499999999999999944e-01
1.133333333333333276e-01
1.433333333333333404e-01
5.400000000000000355e-01
3.333333333333333287e-02
1.333333333333333419e-02
6.999999999999999278e-02
1.399999999999999856e-01
3.600000000000000422e-01
5.233333333333333171e-01
4.700000000000000289e-01
4.000000000000000083e-02
2.800000000000000266e-01
1.933333333333333570e-01
1.133333333333333276e-01
6.666666666666667095e-03
8.033333333333333437e-01
1.133333333333333415e-01
1.633333333333333581e-01
5.333333333333333676e-02
7.966666666666665231e-01
5.300000000000000266e-01
2.666666666666666838e-02
5.999999999999999778e-02
1.333333333333333419e-02
0.000000000000000000e+00
3.333333333333333287e-02
2.666666666666666838e-02
5.333333333333333676e-02
1.000000000000000021e-02
2.000000000000000042e-02
4.666666666666666879e-02
4.966666666666666452e-01
5.066666666666667096e-01
6.800000000000000488e-01
1.833333333333333481e-01
1.413333333333333330e+00
9.000000000000001055e-02
1.000000000000000021e-02
7.700000000000000178e-01
1.000000000000000021e-02
4.999999999999999584e-02
1.333333333333333315e-01
2.000000000000000042e-02
1.566666666666666485e-01
7.366666666666666918e-01
2.239999999999999769e+00
8.933333333333332016e-01
4.666666666666666879e-02
3.333333333333333547e-03
0.000000000000000000e+00
0.000000000000000000e+00
0.000000000000000000e+00
6.666666666666666574e-02
8.666666666666666963e-02
5.166666666666667185e-01
8.066666666666666430e-01
3.233333333333333059e-01
4.366666666666667029e-01
4.966666666666667562e-01
1.666666666666666644e-02
1.000000000000000021e-02
2.666666666666666838e-02
1.499999999999999944e-01
2.333333333333333440e-02
2.733333333333333726e-01
1.166666666666666546e-01
2.633333333333333637e-01
1.166666666666666824e-01
5.666666666666666380e-02
1.156666666666666510e+00
1.566666666666666485e-01
4.000000000000000083e-02
0.000000000000000000e+00
6.666666666666666574e-02
3.966666666666666674e-01
0.000000000000000000e+00
7.333333333333333370e-02
2.066666666666666652e-01
3.666666666666667379e-02
1.433333333333333404e-01
3.333333333333333287e-02
2.966666666666666341e-01
5.666666666666666380e-02
1.833333333333333481e-01
8.000000000000000167e-02
1.666666666666666644e-02
4.999999999999999584e-02
2.166666666666666741e-01
2.266666666666666829e-01
6.633333333333334414e-01
4.266666666666666941e-01
8.633333333333332860e-01
1.466666666666666397e-01
1.000000000000000194e-01
2.133333333333333470e-01
1.466666666666666674e-01
2.233333333333333004e-01
1.000000000000000194e-01
3.200000000000000067e-01
8.666666666666666963e-02
3.333333333333333287e-02
1.999999999999999833e-01
2.633333333333333637e-01
7.333333333333334758e-02
4.199999999999999845e-01
1.033333333333333326e-01
3.866666666666667140e-01
1.333333333333333315e-01
1.386666666666666714e+00
3.766666666666666496e-01
3.666666666666666685e-02
4.333333333333333481e-02
2.999999999999999889e-02
0.000000000000000000e+00
2.066666666666666652e-01
2.533333333333333548e-01
7.333333333333333370e-02
2.666666666666666838e-02
5.666666666666667074e-02
7.666666666666667462e-02
4.000000000000000083e-02
8.666666666666666963e-02
2.000000000000000042e-02
1.100000000000000006e-01
2.399999999999999911e-01
5.633333333333333526e-01
1.896666666666666501e+00
1.100000000000000006e-01
2.333333333333333440e-02
6.333333333333333870e-02
4.166666666666666852e-01
4.999999999999999584e-02
9.666666666666667851e-02
2.533333333333333548e-01
1.600000000000000033e-01
5.233333333333333171e-01
1.633333333333333304e-01
2.899999999999999800e-01
9.000000000000000222e-01
2.666666666666666838e-02
3.333333333333333547e-03
3.500000000000000333e-01
1.066666666666666735e-01
4.133333333333333304e-01
2.666666666666666838e-02
6.099999999999999867e-01
4.666666666666666879e-02
1.800000000000000211e-01
3.799999999999999489e-01
8.666666666666666963e-02
2.466666666666666730e-01
1.066666666666666735e-01
3.333333333333333547e-03
1.016666666666666607e+00
4.000000000000000083e-02
0.000000000000000000e+00
6.666666666666667095e-03
7.666666666666667462e-02
4.933333333333333459e-01
5.333333333333333676e-02
1.366666666666666474e+00
1.300000000000000044e-01
2.299999999999999822e-01
1.030000000000000027e+00
2.999999999999999889e-02
5.000000000000000971e-02
3.333333333333333287e-02
7.033333333333332549e-01
8.900000000000000133e-01
2.333333333333333440e-02
1.499999999999999944e-01
0.000000000000000000e+00
3.333333333333333547e-03
3.333333333333333547e-03
2.199999999999999734e-01
0.000000000000000000e+00
2.200000000000000011e-01
1.156666666666666510e+00
5.000000000000000971e-02
1.933333333333333570e-01
1.239999999999999991e+00
2.199999999999999734e-01
7.333333333333334758e-02
6.666666666666667095e-03
2.999999999999999889e-02
1.666666666666666644e-02
1.333333333333333315e-01
5.816666666666666430e+00
