5.899999999999999689e-01
1.266666666666666774e-01
1.736666666666666581e+00
4.033333333333333215e-01
1.333333333333333419e-02
1.033333333333333465e-01
9.533333333333332549e-01
3.666666666666667379e-02
4.999999999999999584e-02
7.466666666666667007e-01
2.600000000000000089e-01
3.000000000000000236e-02
4.000000000000000083e-02
8.000000000000000167e-02
1.666666666666666574e-01
8.133333333333333526e-01
4.433333333333333570e-01
2.733333333333333726e-01
7.200000000000000844e-01
6.233333333333334059e-01
