2.049999999999999822e+00
1.499999999999999944e-01
6.666666666666667095e-03
2.466666666666666730e-01
2.099999999999999922e-01
2.566666666666666541e-01
2.999999999999999889e-01
1.179999999999999938e+00
1.883333333333333526e+00
1.566666666666666485e-01
4.699999999999999734e-01
1.266666666666666774e-01
1.666666666666666574e-01
1.233333333333333365e-01
2.666666666666666630e-01
3.066666666666666430e-01
1.400000000000000133e-01
2.600000000000000089e-01
1.043333333333333224e+00
9.666666666666667851e-02
2.000000000000000042e-02
2.633333333333333637e-01
3.333333333333333547e-03
1.280000000000000027e+00
6.300000000000000044e-01
0.000000000000000000e+00
1.176666666666666750e+00
1.196666666666666545e+00
1.776666666666666616e+00
1.866666666666666752e-01
4.599999999999999645e+00
1.169999999999999929e+00
4.333333333333333481e-02
3.333333333333333547e-03
5.666666666666666380e-02
1.466666666666666674e-01
1.533333333333333492e-01
2.533333333333333548e-01
1.003333333333333188e+00
5.166666666666667185e-01
1.366666666666666863e-01
6.500000000000000222e-01
7.666666666666666075e-02
5.666666666666666380e-02
3.666666666666666685e-02
3.666666666666666685e-02
9.333333333333333759e-02
5.666666666666666380e-02
8.000000000000000167e-02
6.633333333333333304e-01
1.666666666666666644e-02
1.666666666666666644e-02
1.000000000000000021e-02
0.000000000000000000e+00
1.070000000000000062e+00
2.833333333333333259e-01
1.666666666666666644e-02
3.300000000000000155e-01
1.566666666666666652e+00
1.013333333333333419e+00
1.933333333333333293e-01
2.433333333333333570e+00
9.633333333333332638e-01
7.666666666666667462e-02
4.000000000000000083e-02
1.166666666666666546e-01
6.666666666666666574e-02
9.000000000000001055e-02
9.666666666666666463e-02
1.426666666666666750e+00
1.076666666666666661e+00
1.199999999999999956e-01
4.666666666666666186e-01
4.666666666666666879e-02
2.666666666666666838e-02
2.066666666666666652e-01
1.566666666666666763e-01
2.200000000000000011e-01
2.833333333333333259e-01
2.666666666666666630e-01
4.099999999999999756e-01
3.333333333333333547e-03
3.333333333333333547e-03
1.000000000000000021e-02
0.000000000000000000e+00
7.700000000000000178e-01
1.499999999999999944e-01
2.333333333333333440e-02
1.166666666666666546e-01
1.453333333333333366e+00
3.033333333333332882e-01
3.333333333333333547e-03
5.366666666666667362e-01
1.449999999999999956e+00
4.000000000000000083e-02
3.333333333333333287e-02
7.333333333333334758e-02
1.466666666666666952e-01
2.133333333333333470e-01
4.333333333333333481e-02
9.166666666666666297e-01
5.899999999999999689e-01
5.666666666666667074e-02
4.133333333333333304e-01
2.999999999999999889e-02
5.666666666666667074e-02
1.800000000000000211e-01
2.366666666666666641e-01
7.333333333333333370e-02
2.066666666666666652e-01
2.000000000000000042e-02
5.933333333333333792e-01
6.666666666666667095e-03
0.000000000000000000e+00
1.000000000000000021e-02
3.333333333333333547e-03
9.066666666666666208e-01
9.000000000000001055e-02
8.333333333333332871e-02
1.300000000000000044e-01
1.276666666666666616e+00
1.463333333333333153e+00
6.666666666666666574e-02
1.126666666666666705e+00
1.853333333333333499e+00
2.000000000000000042e-02
2.000000000000000042e-02
0.000000000000000000e+00
1.066666666666666735e-01
6.666666666666666574e-02
7.333333333333334758e-02
7.666666666666667462e-02
8.399999999999999689e-01
0.000000000000000000e+00
3.366666666666666696e-01
4.000000000000000083e-02
6.666666666666666574e-02
7.333333333333334758e-02
1.000000000000000021e-02
1.466666666666666674e-01
0.000000000000000000e+00
3.666666666666667379e-02
7.299999999999999822e-01
1.133333333333333276e-01
2.333333333333333093e-02
3.666666666666666685e-02
6.666666666666667095e-03
8.566666666666665764e-01
1.866666666666666752e-01
3.666666666666666685e-02
5.299999999999999156e-01
2.999999999999999889e-01
1.206666666666666776e+00
2.833333333333333814e-01
1.423333333333333117e+00
1.423333333333333117e+00
9.000000000000001055e-02
1.000000000000000021e-02
1.366666666666666863e-01
1.766666666666666663e-01
2.733333333333333171e-01
8.333333333333332871e-02
1.066666666666666735e-01
6.566666666666666208e-01
5.999999999999999778e-02
3.033333333333333437e-01
5.333333333333333676e-02
6.333333333333333870e-02
2.533333333333333548e-01
1.166666666666666546e-01
5.533333333333333437e-01
8.666666666666666963e-02
2.099999999999999922e-01
8.299999999999999600e-01
2.800000000000000266e-01
9.333333333333333759e-02
4.000000000000000083e-02
9.999999999999999167e-02
8.799999999999998934e-01
2.299999999999999822e-01
1.233333333333333365e-01
2.166666666666666741e-01
6.199999999999999956e-01
1.343333333333333490e+00
1.666666666666666644e-02
3.029999999999999805e+00
