1.673333333333333117e+00
2.359999999999999876e+00
2.700000000000000178e-01
2.466666666666666730e-01
1.100000000000000006e-01
1.966666666666666563e-01
1.666666666666666574e-01
0.000000000000000000e+00
2.633333333333333637e-01
4.466666666666667118e-01
1.199999999999999956e-01
1.803333333333333455e+00
4.000000000000000083e-02
1.020000000000000018e+00
1.303333333333333455e+00
0.000000000000000000e+00
1.533333333333333215e-01
5.233333333333333171e-01
0.000000000000000000e+00
1.333333333333333419e-02
8.033333333333332327e-01
8.233333333333332504e-01
1.133333333333333276e-01
1.466666666666666674e-01
8.900000000000000133e-01
1.356666666666666687e+00
4.000000000000000083e-02
8.033333333333333437e-01
1.520000000000000240e+00
2.033333333333333659e-01
0.000000000000000000e+00
4.000000000000000083e-02
1.290000000000000036e+00
1.099999999999999867e-01
0.000000000000000000e+00
2.233333333333333559e-01
1.063333333333333242e+00
3.333333333333333547e-03
1.733333333333333393e-01
2.333333333333333440e-02
9.566666666666665542e-01
1.000000000000000021e-02
3.133333333333332971e-01
1.493333333333333401e+00
7.666666666666666075e-02
1.833333333333333481e-01
1.466666666666666674e-01
5.366666666666666252e-01
2.299999999999999822e-01
2.666666666666666630e-01
0.000000000000000000e+00
1.333333333333333419e-02
9.999999999999999167e-02
0.000000000000000000e+00
6.166666666666666963e-01
0.000000000000000000e+00
2.333333333333333440e-02
1.480000000000000204e+00
1.219999999999999973e+00
1.333333333333333419e-02
1.166666666666666546e-01
0.000000000000000000e+00
0.000000000000000000e+00
1.000000000000000021e-02
2.099999999999999922e-01
1.300000000000000044e-01
1.386666666666666714e+00
1.636666666666666714e+00
9.566666666666666652e-01
1.260000000000000009e+00
8.333333333333332871e-02
3.333333333333333547e-03
0.000000000000000000e+00
3.099999999999999978e-01
2.833333333333333814e-01
4.799999999999999822e-01
5.699999999999999512e-01
1.266666666666666774e-01
1.276666666666666616e+00
3.366666666666666696e-01
8.000000000000000167e-02
1.333333333333333419e-02
8.333333333333332871e-02
0.000000000000000000e+00
1.316666666666666652e+00
5.533333333333333437e-01
1.000000000000000021e-02
5.466666666666667451e-01
1.223333333333333384e+00
1.759999999999999787e+00
5.333333333333333676e-02
5.999999999999999778e-02
9.899999999999998801e-01
1.926666666666666528e+00
3.333333333333333287e-02
2.200000000000000011e-01
9.333333333333333759e-02
3.899999999999999578e-01
3.666666666666667379e-02
3.333333333333333287e-02
8.333333333333332871e-02
1.300000000000000044e-01
2.333333333333333093e-01
1.159999999999999920e+00
1.509999999999999787e+00
1.333333333333333419e-02
1.013333333333333419e+00
2.166666666666666741e-01
0.000000000000000000e+00
3.333333333333333547e-03
4.666666666666666879e-02
3.333333333333333547e-03
3.333333333333333547e-03
6.666666666666666574e-02
9.333333333333333759e-02
1.333333333333333315e-01
1.999999999999999833e-01
2.433333333333333182e-01
7.799999999999999156e-01
1.646666666666666723e+00
1.066666666666666458e-01
5.666666666666666380e-02
0.000000000000000000e+00
4.966666666666667562e-01
1.333333333333333419e-02
3.333333333333333287e-02
2.333333333333333440e-02
5.000000000000000971e-02
1.323333333333333250e+00
4.966666666666666452e-01
8.666666666666666963e-02
8.333333333333333703e-01
2.233333333333333004e-01
3.933333333333333681e-01
1.633333333333333304e-01
6.999999999999998446e-01
1.133333333333333415e-01
1.023333333333333206e+00
6.700000000000000400e-01
8.000000000000000167e-02
0.000000000000000000e+00
9.033333333333333215e-01
1.500000000000000222e-01
1.033333333333333326e-01
2.099999999999999922e-01
8.000000000000000167e-02
8.333333333333332871e-02
2.303333333333333233e+00
8.933333333333332016e-01
7.666666666666666075e-02
3.666666666666666685e-02
3.333333333333333547e-03
3.333333333333333547e-03
0.000000000000000000e+00
1.199999999999999956e-01
7.666666666666666075e-02
1.800000000000000211e-01
2.186666666666666980e+00
2.163333333333333552e+00
1.966666666666666785e+00
4.933333333333333459e-01
2.000000000000000042e-02
1.366666666666666585e-01
8.000000000000000167e-02
1.033333333333333326e-01
2.666666666666666838e-02
9.999999999999999167e-02
1.333333333333333419e-02
5.333333333333333676e-02
2.333333333333333440e-02
4.000000000000000083e-02
9.999999999999999167e-02
3.333333333333333547e-03
2.666666666666666838e-02
2.999999999999999889e-01
4.666666666666666186e-01
2.933333333333333348e-01
2.290000000000000480e+00
1.480000000000000204e+00
8.000000000000000167e-02
5.133333333333333082e-01
1.156666666666666510e+00
2.733333333333333726e-01
1.400000000000000133e-01
2.733333333333333726e-01
3.666666666666666685e-02
1.303333333333333455e+00
1.033333333333333465e-01
2.066666666666666652e-01
2.766666666666666718e-01
4.666666666666666879e-02
3.333333333333333547e-03
3.600000000000000422e-01
4.000000000000000083e-02
0.000000000000000000e+00
6.666666666666666574e-02
5.666666666666667074e-02
1.853333333333333499e+00
5.133333333333333082e-01
8.000000000000000167e-02
3.666666666666666408e-01
1.066666666666666652e+00
1.333333333333333419e-02
1.126666666666666705e+00
7.333333333333333370e-02
2.666666666666666838e-02
6.666666666666667095e-03
1.000000000000000021e-02
5.333333333333333676e-02
3.333333333333333547e-03
7.666666666666667462e-02
5.666666666666667074e-02
4.000000000000000083e-02
9.366666666666666474e-01
1.833333333333333481e-01
1.833333333333333481e-01
0.000000000000000000e+00
7.000000000000000666e-02
0.000000000000000000e+00
5.999999999999999778e-02
6.333333333333333870e-02
3.333333333333333547e-03
1.266666666666666774e-01
6.333333333333333870e-02
8.033333333333333437e-01
8.333333333333332871e-02
1.966666666666666563e-01
8.533333333333333881e-01
8.900000000000000133e-01
1.300000000000000044e-01
1.516666666666666607e+00
7.666666666666666075e-01
6.999999999999999278e-02
5.666666666666667074e-02
1.300000000000000044e-01
1.000000000000000021e-02
1.633333333333333304e-01
1.933333333333333570e-01
2.999999999999999889e-01
5.333333333333333676e-02
9.533333333333332549e-01
1.666666666666666644e-02
1.866666666666666752e-01
9.999999999999999167e-02
2.666666666666666838e-02
3.299999999999999600e-01
1.306666666666666643e+00
2.866666666666666807e-01
9.333333333333334592e-01
0.000000000000000000e+00
1.000000000000000021e-02
0.000000000000000000e+00
2.333333333333333440e-02
6.666666666666667095e-03
1.806666666666666643e+00
3.233333333333333059e-01
7.666666666666667462e-02
1.653333333333333321e+00
6.666666666666666574e-02
1.633333333333333304e-01
1.033333333333333465e-01
5.366666666666667362e-01
2.000000000000000042e-02
0.000000000000000000e+00
1.666666666666666644e-02
1.000000000000000021e-02
1.026666666666666838e+00
4.199999999999999845e-01
6.333333333333333870e-02
9.566666666666666652e-01
7.666666666666666075e-02
5.833333333333333703e-01
7.666666666666666075e-01
7.666666666666667462e-02
1.800000000000000211e-01
4.133333333333333304e-01
7.133333333333333748e-01
2.666666666666666630e-01
1.353333333333333499e+00
2.733333333333333726e-01
4.999999999999999584e-02
3.133333333333332971e-01
8.666666666666666963e-01
3.166666666666666519e-01
1.199999999999999956e-01
8.666666666666666963e-02
1.566666666666666485e-01
3.333333333333333547e-03
1.756666666666666599e+00
1.673333333333333117e+00
2.633333333333333637e-01
1.000000000000000021e-02
0.000000000000000000e+00
7.666666666666667462e-02
1.000000000000000021e-02
3.666666666666666963e-01
2.000000000000000042e-02
4.666666666666666879e-02
5.233333333333333171e-01
0.000000000000000000e+00
1.199999999999999956e-01
2.566666666666666541e-01
4.833333333333333370e-01
1.000000000000000021e-02
6.999999999999999278e-02
0.000000000000000000e+00
7.333333333333333370e-02
1.066666666666666735e-01
2.900000000000000355e-01
1.020000000000000018e+00
6.666666666666667095e-03
1.073333333333333250e+00
8.499999999999999778e-01
6.999999999999999278e-02
5.033333333333332993e-01
1.933333333333333293e-01
7.333333333333333370e-02
3.366666666666666696e-01
2.600000000000000089e-01
3.299999999999999600e-01
1.199999999999999956e-01
1.666666666666666644e-02
0.000000000000000000e+00
0.000000000000000000e+00
0.000000000000000000e+00
5.333333333333333259e-01
2.466666666666666730e-01
7.666666666666667462e-02
4.033333333333333215e-01
1.506666666666666821e+00
4.299999999999999933e-01
8.100000000000000533e-01
5.233333333333333171e-01
9.333333333333332371e-01
0.000000000000000000e+00
3.333333333333333547e-03
3.666666666666667379e-02
7.433333333333332904e-01
3.333333333333333287e-02
2.999999999999999889e-02
3.333333333333333547e-03
3.333333333333333547e-03
5.333333333333333676e-02
3.333333333333333547e-03
1.666666666666666644e-02
1.500000000000000222e-01
2.333333333333333093e-01
2.333333333333333440e-02
1.466666666666666674e-01
8.466666666666666785e-01
3.333333333333333547e-03
1.269999999999999796e+00
6.099999999999999867e-01
3.300000000000000155e-01
1.166666666666666546e-01
1.366666666666666474e+00
1.833333333333333481e-01
1.333333333333333315e-01
8.333333333333333703e-01
2.699999999999999623e-01
8.900000000000000133e-01
9.633333333333333748e-01
1.733333333333333393e-01
2.206666666666666554e+00
1.433333333333333404e-01
2.270000000000000018e+00
9.666666666666667851e-02
1.260000000000000009e+00
1.133333333333333276e-01
5.566666666666666430e-01
7.333333333333333925e-01
3.999999999999999667e-01
5.866666666666666696e-01
1.000000000000000021e-02
4.233333333333333393e-01
4.000000000000000083e-02
1.696666666666666545e+00
1.300000000000000044e-01
3.333333333333333287e-02
1.499999999999999944e-01
1.073333333333333250e+00
4.666666666666666879e-02
1.733333333333333393e-01
4.333333333333333481e-02
1.333333333333333419e-02
6.666666666666666574e-02
0.000000000000000000e+00
1.199999999999999956e-01
1.166666666666666546e-01
7.833333333333333259e-01
2.369999999999999662e+00
4.199999999999999845e-01
1.436666666666666758e+00
7.299999999999999822e-01
5.833333333333333703e-01
0.000000000000000000e+00
0.000000000000000000e+00
2.000000000000000042e-02
2.000000000000000042e-02
3.333333333333333547e-03
4.666666666666666186e-01
7.333333333333333370e-02
6.666666666666667095e-03
1.266666666666666774e-01
3.766666666666666496e-01
5.499999999999999334e-01
1.633333333333333304e-01
2.500000000000000000e-01
3.333333333333333547e-03
0.000000000000000000e+00
2.766666666666666718e-01
1.766666666666666663e-01
1.666666666666666644e-02
3.333333333333333547e-03
0.000000000000000000e+00
6.666666666666667095e-03
3.333333333333333547e-03
2.666666666666666838e-02
4.999999999999999584e-02
1.666666666666666644e-02
1.096666666666666679e+00
2.226666666666666572e+00
1.600000000000000033e-01
1.066666666666666735e-01
2.000000000000000042e-02
1.666666666666666644e-02
0.000000000000000000e+00
0.000000000000000000e+00
0.000000000000000000e+00
1.133333333333333415e-01
1.166666666666666546e-01
2.466666666666666730e-01
3.333333333333333547e-03
2.000000000000000042e-02
2.999999999999999889e-02
3.666666666666666685e-02
2.099999999999999922e-01
0.000000000000000000e+00
1.083333333333333259e+00
7.833333333333333259e-01
2.433333333333333182e-01
1.866666666666666752e-01
1.183333333333333348e+00
4.000000000000000083e-02
3.333333333333333547e-03
1.666666666666666574e-01
1.290000000000000036e+00
1.773333333333333428e+00
1.666666666666666574e-01
6.666666666666666574e-02
4.799999999999999822e-01
1.933333333333333570e-01
0.000000000000000000e+00
1.666666666666666644e-02
6.466666666666666119e-01
0.000000000000000000e+00
0.000000000000000000e+00
1.499999999999999944e-01
0.000000000000000000e+00
2.000000000000000042e-02
1.133333333333333415e-01
1.020000000000000018e+00
7.333333333333333925e-01
4.666666666666666879e-02
3.866666666666667140e-01
1.583333333333333259e+00
1.756666666666666821e+00
5.999999999999999778e-02
1.733333333333333393e-01
4.666666666666666186e-01
3.333333333333333547e-03
0.000000000000000000e+00
2.999999999999999889e-02
0.000000000000000000e+00
0.000000000000000000e+00
1.550000000000000044e+00
2.666666666666666838e-02
3.666666666666666685e-02
0.000000000000000000e+00
0.000000000000000000e+00
0.000000000000000000e+00
4.000000000000000083e-02
4.666666666666666879e-02
0.000000000000000000e+00
0.000000000000000000e+00
1.166666666666666546e-01
2.166666666666666741e-01
2.266666666666666552e-01
1.999999999999999833e-01
7.366666666666666918e-01
1.300000000000000044e-01
5.899999999999999689e-01
4.000000000000000083e-02
3.066666666666666430e-01
9.666666666666667851e-02
0.000000000000000000e+00
4.000000000000000083e-02
2.333333333333333093e-02
1.333333333333333419e-02
0.000000000000000000e+00
1.266666666666666774e-01
0.000000000000000000e+00
0.000000000000000000e+00
0.000000000000000000e+00
1.966666666666666563e-01
0.000000000000000000e+00
3.300000000000000155e-01
1.193333333333333357e+00
0.000000000000000000e+00
5.466666666666667451e-01
2.516666666666666607e+00
2.866666666666666807e-01
6.033333333333333881e-01
1.100000000000000006e-01
0.000000000000000000e+00
1.100000000000000006e-01
1.233333333333333365e-01
2.333333333333333440e-02
3.000000000000000236e-02
8.000000000000000167e-02
1.333333333333333419e-02
0.000000000000000000e+00
0.000000000000000000e+00
1.933333333333333570e-01
0.000000000000000000e+00
1.419999999999999929e+00
4.000000000000000083e-02
2.233333333333333559e-01
2.600000000000000089e+00
2.999999999999999889e-02
6.099999999999999867e-01
1.610000000000000098e+00
2.266666666666666552e-01
0.000000000000000000e+00
3.400000000000000244e-01
1.383333333333333526e+00
9.000000000000001055e-02
0.000000000000000000e+00
6.666666666666667095e-03
2.666666666666666838e-02
8.800000000000000044e-01
4.199999999999999289e-01
9.333333333333333759e-02
4.466666666666667118e-01
4.199999999999999845e-01
1.196666666666666545e+00
1.436666666666666758e+00
1.453333333333333366e+00
1.666666666666666574e-01
1.600000000000000033e-01
9.333333333333333759e-02
3.333333333333333287e-02
1.666666666666666644e-02
1.666666666666666644e-02
3.766666666666666496e-01
3.333333333333333287e-02
0.000000000000000000e+00
1.800000000000000211e-01
7.933333333333333348e-01
5.899999999999999689e-01
3.333333333333333148e-01
1.553333333333333455e+00
3.333333333333333547e-03
2.666666666666666838e-02
1.666666666666666644e-02
0.000000000000000000e+00
1.000000000000000021e-02
0.000000000000000000e+00
6.666666666666667095e-03
7.666666666666667462e-02
6.666666666666667095e-03
2.333333333333333440e-02
3.333333333333333547e-03
5.300000000000000266e-01
1.033333333333333326e-01
3.366666666666666696e-01
1.016666666666666829e+00
4.033333333333333215e-01
1.966666666666666563e-01
2.999999999999999889e-02
2.966666666666666341e-01
6.666666666666666574e-02
2.866666666666666807e-01
1.066666666666666735e-01
2.700000000000000178e-01
1.000000000000000021e-02
7.799999999999999156e-01
1.566666666666666763e-01
2.140000000000000124e+00
5.100000000000000089e-01
2.633333333333333637e-01
3.966666666666666674e-01
4.200000000000000955e-01
3.133333333333333526e-01
1.366666666666666863e-01
8.333333333333333703e-01
2.799999999999999711e-01
1.086666666666666670e+00
2.033333333333333381e-01
9.433333333333333570e-01
1.000000000000000021e-02
4.133333333333333304e-01
5.966666666666666785e-01
1.033333333333333326e-01
1.000000000000000021e-02
0.000000000000000000e+00
0.000000000000000000e+00
0.000000000000000000e+00
0.000000000000000000e+00
0.000000000000000000e+00
0.000000000000000000e+00
5.666666666666667074e-02
7.133333333333333748e-01
2.999999999999999889e-02
3.333333333333333287e-02
1.250000000000000000e+00
