3.600000000000000422e-01
5.000000000000000000e-01
1.800000000000000211e-01
6.466666666666666119e-01
2.799999999999999711e-01
6.966666666666666563e-01
4.333333333333333481e-02
0.000000000000000000e+00
7.666666666666667462e-02
1.333333333333333419e-02
6.333333333333333870e-02
2.233333333333333559e-01
6.300000000000000044e-01
7.033333333333332549e-01
4.333333333333333481e-02
4.133333333333333304e-01
1.400000000000000133e-01
1.499999999999999944e-01
1.333333333333333419e-02
6.666666666666667095e-03
0.000000000000000000e+00
1.966666666666666563e-01
8.000000000000000167e-02
1.306666666666666643e+00
1.226666666666666794e+00
2.039999999999999591e+00
3.000000000000000236e-02
3.999999999999999667e-01
7.666666666666667462e-02
4.333333333333333481e-02
1.666666666666666574e-01
0.000000000000000000e+00
3.300000000000000155e-01
1.233333333333333393e+00
2.633333333333333637e-01
1.966666666666666563e-01
1.499999999999999944e-01
9.933333333333332904e-01
3.333333333333333547e-03
1.166666666666666546e-01
2.333333333333333440e-02
2.666666666666666838e-02
3.333333333333333547e-03
4.466666666666666008e-01
1.066666666666666735e-01
1.800000000000000211e-01
5.999999999999999778e-01
1.300000000000000044e-01
7.666666666666667462e-02
4.000000000000000083e-02
5.000000000000000971e-02
3.333333333333333287e-02
1.000000000000000021e-02
1.433333333333333404e-01
6.000000000000000472e-02
4.333333333333333481e-02
1.330000000000000071e+00
1.966666666666666563e-01
1.400000000000000133e-01
3.966666666666666674e-01
1.166666666666666546e-01
1.000000000000000021e-02
0.000000000000000000e+00
1.366666666666666863e-01
8.466666666666666785e-01
3.166666666666666519e-01
5.300000000000000266e-01
9.999999999999999167e-02
2.366666666666666641e-01
1.633333333333333304e-01
9.999999999999999167e-02
0.000000000000000000e+00
5.666666666666667074e-02
2.666666666666666630e-01
3.066666666666666430e-01
1.066666666666666735e-01
5.800000000000000711e-01
2.399999999999999911e-01
1.033333333333333215e+00
3.966666666666666674e-01
3.333333333333333547e-03
1.666666666666666644e-02
3.333333333333333547e-03
6.400000000000000133e-01
3.800000000000000600e-01
5.333333333333334370e-02
3.433333333333332682e-01
2.366666666666666641e-01
2.290000000000000036e+00
1.253333333333333188e+00
1.266666666666666774e-01
3.433333333333332682e-01
0.000000000000000000e+00
0.000000000000000000e+00
5.000000000000000971e-02
8.000000000000000167e-02
4.666666666666666879e-02
5.200000000000000178e-01
2.466666666666666730e-01
3.366666666666667251e-01
2.999999999999999889e-02
1.000000000000000194e-01
1.266666666666666774e-01
6.666666666666667095e-03
5.000000000000000000e-01
8.666666666666666963e-02
5.800000000000000711e-01
5.299999999999999156e-01
9.300000000000000488e-01
2.029999999999999805e+00
3.866666666666667140e-01
2.133333333333333470e-01
1.176666666666666750e+00
1.889999999999999902e+00
1.183333333333333348e+00
2.033333333333333381e-01
9.666666666666666463e-02
8.333333333333332871e-02
1.426666666666666750e+00
1.866666666666666752e-01
1.466666666666666397e-01
1.166666666666666546e-01
1.123333333333333295e+00
0.000000000000000000e+00
1.033333333333333326e-01
2.233333333333333559e-01
6.333333333333333870e-02
2.166666666666666741e-01
7.799999999999999156e-01
