1.083333333333333259e+00
4.699999999999999734e-01
5.133333333333333082e-01
2.166666666666666741e-01
4.366666666666667029e-01
1.100000000000000006e-01
1.800000000000000211e-01
3.666666666666666685e-02
4.733333333333333282e-01
7.000000000000000666e-02
1.933333333333333293e-01
1.099999999999999867e-01
1.433333333333333404e-01
1.000000000000000021e-02
2.000000000000000389e-01
1.433333333333333404e-01
1.333333333333333315e-01
1.800000000000000211e-01
1.266666666666666774e-01
1.466666666666666674e-01
8.333333333333332871e-02
2.233333333333333559e-01
2.200000000000000011e-01
4.666666666666666879e-02
5.999999999999999778e-02
1.633333333333333304e-01
1.400000000000000133e-01
2.733333333333333726e-01
1.433333333333333404e-01
6.333333333333333870e-02
1.166666666666666546e-01
5.000000000000000971e-02
0.000000000000000000e+00
6.666666666666666574e-02
4.000000000000000083e-02
1.166666666666666546e-01
1.666666666666666644e-02
9.999999999999999167e-02
2.366666666666666641e-01
1.099999999999999867e-01
2.366666666666666918e-01
1.333333333333333419e-02
0.000000000000000000e+00
2.666666666666666838e-02
6.666666666666667095e-03
1.800000000000000211e-01
2.333333333333333440e-02
2.666666666666666838e-02
6.666666666666667095e-03
0.000000000000000000e+00
4.333333333333332926e-01
4.799999999999999822e-01
4.833333333333333925e-01
9.000000000000001055e-02
2.033333333333333381e-01
8.933333333333332016e-01
1.166666666666666824e-01
5.799999999999999600e-01
1.566666666666666485e-01
3.333333333333333547e-03
6.733333333333333393e-01
5.999999999999999778e-02
2.500000000000000000e-01
8.000000000000000167e-02
7.000000000000000666e-02
5.666666666666667074e-02
2.066666666666666652e-01
1.800000000000000211e-01
4.666666666666666186e-01
4.000000000000000083e-02
3.000000000000000444e-01
3.333333333333333287e-02
2.633333333333333637e-01
5.333333333333334370e-02
0.000000000000000000e+00
4.000000000000000083e-02
3.800000000000000600e-01
5.666666666666667074e-02
9.999999999999999167e-02
0.000000000000000000e+00
7.800000000000001377e-01
5.000000000000000971e-02
7.000000000000000666e-02
6.333333333333333870e-02
0.000000000000000000e+00
1.333333333333333315e-01
5.333333333333333676e-02
2.266666666666666829e-01
1.200000000000000094e-01
0.000000000000000000e+00
2.000000000000000042e-02
5.333333333333333676e-02
2.399999999999999911e-01
2.333333333333333440e-02
1.333333333333333315e-01
3.800000000000000600e-01
2.366666666666666641e-01
1.000000000000000194e-01
4.000000000000000083e-02
2.333333333333333093e-01
1.466666666666666674e-01
7.333333333333333370e-02
1.533333333333333492e-01
4.666666666666666186e-01
1.233333333333333365e-01
1.300000000000000044e-01
5.200000000000000178e-01
2.666666666666666838e-02
1.499999999999999944e-01
1.366666666666666863e-01
1.290000000000000036e+00
8.333333333333332871e-02
3.066666666666666430e-01
1.166666666666666546e-01
2.999999999999999889e-02
1.333333333333333315e-01
0.000000000000000000e+00
9.999999999999999167e-02
3.800000000000000600e-01
2.099999999999999922e-01
2.766666666666666718e-01
1.580000000000000071e+00
9.666666666666667851e-02
6.333333333333333870e-02
3.066666666666666430e-01
1.266666666666666774e-01
7.333333333333334758e-02
5.366666666666666252e-01
1.166666666666666824e-01
1.000000000000000021e-02
5.666666666666666380e-02
1.066666666666666735e-01
1.999999999999999833e-01
4.266666666666667496e-01
9.666666666666667851e-02
1.366666666666666585e-01
0.000000000000000000e+00
1.266666666666666496e-01
0.000000000000000000e+00
6.666666666666667095e-03
3.166666666666666519e-01
1.306666666666666643e+00
2.966666666666666896e-01
4.599999999999999645e-01
7.200000000000000844e-01
2.999999999999999889e-02
9.000000000000001055e-02
9.666666666666666463e-02
2.433333333333333182e-01
2.000000000000000042e-02
2.933333333333333903e-01
4.000000000000000083e-02
3.000000000000000236e-02
2.233333333333333004e-01
8.000000000000000167e-02
1.499999999999999944e-01
1.533333333333333215e-01
4.999999999999999584e-02
3.666666666666667379e-02
4.999999999999999584e-02
1.199999999999999956e-01
2.866666666666666807e-01
9.999999999999999167e-02
1.300000000000000044e-01
2.399999999999999911e-01
6.666666666666666574e-02
2.333333333333333440e-02
2.933333333333333348e-01
1.099999999999999867e-01
2.633333333333333637e-01
7.666666666666667462e-02
6.999999999999999278e-02
3.333333333333333547e-03
3.333333333333333547e-03
0.000000000000000000e+00
7.666666666666666075e-02
3.200000000000000067e-01
1.333333333333333419e-02
5.333333333333333259e-01
3.600000000000000422e-01
3.200000000000000067e-01
2.200000000000000011e-01
4.000000000000000083e-02
7.666666666666667462e-02
2.000000000000000042e-02
1.766666666666666663e-01
1.000000000000000194e-01
1.966666666666666841e-01
3.333333333333333287e-02
9.466666666666666563e-01
