4.233333333333333393e-01
6.500000000000000222e-01
1.000000000000000000e+00
3.966666666666666674e-01
6.199999999999999956e-01
2.383333333333333304e+00
1.250000000000000000e+00
1.999999999999999833e-01
2.799999999999999711e-01
1.866666666666666752e-01
2.333333333333333093e-01
0.000000000000000000e+00
4.733333333333333282e-01
2.299999999999999822e-01
8.333333333333332871e-02
5.799999999999999600e-01
1.300000000000000044e-01
4.333333333333333481e-02
1.343333333333333490e+00
1.233333333333333365e-01
1.333333333333333315e-01
3.333333333333333547e-03
3.666666666666666685e-02
6.666666666666666574e-02
3.599999999999999312e-01
1.433333333333333126e-01
1.899999999999999745e-01
1.433333333333333404e-01
2.166666666666666741e-01
1.933333333333333293e-01
3.500000000000000333e-01
8.599999999999999867e-01
1.833333333333333481e-01
2.666666666666666838e-02
4.000000000000000083e-02
0.000000000000000000e+00
4.766666666666667385e-01
2.200000000000000011e-01
2.433333333333333182e-01
1.566666666666666485e-01
9.000000000000001055e-02
1.586666666666666670e+00
8.566666666666665764e-01
1.400000000000000133e+00
1.876666666666666705e+00
1.733333333333333393e-01
3.333333333333333547e-03
0.000000000000000000e+00
1.000000000000000021e-02
8.000000000000000167e-02
1.633333333333333304e-01
3.600000000000000422e-01
5.100000000000000089e-01
4.333333333333333481e-02
5.233333333333333171e-01
2.099999999999999922e-01
1.633333333333333304e-01
2.033333333333333381e-01
2.233333333333333559e-01
5.333333333333333676e-02
6.533333333333333215e-01
3.766666666666666496e-01
1.666666666666666644e-02
8.366666666666665586e-01
9.666666666666666463e-02
5.800000000000000711e-01
4.333333333333333481e-02
1.300000000000000044e-01
3.333333333333333547e-03
1.399999999999999856e-01
9.733333333333332726e-01
4.766666666666667385e-01
5.899999999999999689e-01
2.333333333333333093e-01
1.083333333333333259e+00
3.600000000000000422e-01
1.333333333333333419e-02
4.000000000000000083e-02
7.333333333333333370e-02
1.666666666666666644e-02
2.866666666666666807e-01
1.033333333333333326e-01
1.666666666666666574e-01
7.000000000000000666e-02
1.713333333333333597e+00
2.299999999999999822e-01
1.546666666666666856e+00
3.666666666666666685e-02
1.600000000000000033e-01
4.666666666666666879e-02
7.000000000000000666e-02
0.000000000000000000e+00
1.666666666666666574e-01
1.000000000000000021e-02
1.000000000000000021e-02
5.333333333333333676e-02
3.133333333333332971e-01
9.466666666666666563e-01
2.866666666666666807e-01
1.200000000000000094e-01
1.236666666666666581e+00
3.533333333333333326e-01
1.169999999999999929e+00
9.166666666666666297e-01
1.119999999999999885e+00
1.999999999999999833e-01
5.399999999999999245e-01
1.466666666666666397e-01
9.366666666666666474e-01
8.000000000000000167e-02
2.600000000000000089e-01
4.066666666666667318e-01
5.999999999999999778e-02
9.000000000000001055e-02
3.333333333333333287e-02
1.733333333333333393e-01
1.153333333333333321e+00
8.333333333333333703e-01
2.733333333333333171e-01
1.033333333333333437e+00
3.333333333333333287e-02
3.099999999999999978e-01
1.999999999999999833e-01
1.000000000000000021e-02
3.699999999999999400e-01
1.099999999999999867e-01
2.999999999999999889e-01
4.666666666666666879e-02
1.033333333333333326e-01
9.333333333333333759e-02
1.199999999999999956e-01
7.333333333333331983e-02
4.199999999999999845e-01
5.333333333333333676e-02
1.719999999999999973e+00
8.799999999999998934e-01
7.000000000000000666e-02
8.666666666666666963e-02
1.759999999999999787e+00
2.006666666666666377e+00
1.600000000000000033e-01
2.270000000000000018e+00
8.599999999999999867e-01
2.080000000000000071e+00
2.043333333333333446e+00
