1.036666666666666847e+00
7.333333333333334758e-02
1.233333333333333365e-01
3.666666666666666963e-01
1.633333333333333304e-01
6.833333333333332371e-01
5.899999999999999689e-01
6.699999999999999289e-01
7.500000000000000000e-01
1.533333333333333215e-01
1.040000000000000036e+00
1.033333333333333215e+00
3.966666666666666674e-01
2.333333333333333440e-02
2.966666666666666896e-01
3.533333333333333326e-01
6.000000000000000472e-02
9.333333333333333759e-02
0.000000000000000000e+00
2.999999999999999889e-02
6.266666666666667052e-01
1.236666666666666581e+00
1.536666666666666847e+00
3.333333333333333287e-02
2.066666666666666652e-01
4.366666666666667029e-01
6.999999999999999278e-02
0.000000000000000000e+00
1.733333333333333393e-01
6.166666666666665853e-01
1.066666666666666735e-01
7.933333333333333348e-01
0.000000000000000000e+00
1.133333333333333276e-01
2.766666666666666718e-01
3.866666666666666585e-01
9.999999999999999167e-02
1.600000000000000033e-01
1.000000000000000021e-02
6.333333333333333870e-02
5.633333333333333526e-01
2.200000000000000011e-01
1.013333333333333419e+00
2.800000000000000266e-01
0.000000000000000000e+00
3.833333333333333592e-01
6.333333333333333870e-02
7.500000000000000000e-01
8.366666666666667806e-01
2.066666666666666652e-01
9.999999999999999167e-02
3.799999999999999489e-01
1.000000000000000021e-02
1.800000000000000211e-01
2.000000000000000042e-02
1.066666666666666458e-01
3.333333333333333287e-02
3.533333333333333326e-01
2.000000000000000042e-02
1.166666666666666546e-01
1.873333333333333295e+00
1.633333333333333304e-01
4.599999999999999645e-01
1.266666666666666774e-01
9.199999999999999289e-01
2.333333333333333440e-02
2.033333333333333381e-01
0.000000000000000000e+00
0.000000000000000000e+00
9.000000000000001055e-02
7.666666666666667462e-02
2.299999999999999822e-01
2.083333333333333037e+00
4.366666666666667029e-01
1.700000000000000122e-01
0.000000000000000000e+00
2.666666666666666838e-02
1.666666666666666644e-02
1.000000000000000021e-02
7.833333333333333259e-01
7.533333333333332993e-01
3.333333333333333547e-03
6.333333333333333870e-02
6.666666666666666574e-02
1.533333333333333215e-01
1.466666666666666952e-01
1.466666666666666674e-01
5.433333333333333348e-01
2.200000000000000011e-01
2.666666666666666838e-02
9.133333333333334414e-01
1.226666666666666794e+00
9.500000000000000666e-01
5.366666666666667362e-01
2.700000000000000178e-01
8.000000000000000167e-02
6.800000000000000488e-01
4.333333333333333481e-02
9.500000000000000666e-01
2.096666666666666679e+00
5.466666666666667451e-01
0.000000000000000000e+00
2.899999999999999800e-01
2.133333333333333470e-01
1.499999999999999944e-01
1.226666666666666572e+00
1.176666666666666750e+00
2.466666666666666730e-01
1.533333333333333492e-01
2.310000000000000053e+00
1.716666666666666785e+00
4.806666666666667531e+00
