1.000000000000000000e+00
1.949999999999999956e+00
2.866666666666666807e-01
2.533333333333333548e-01
8.666666666666666963e-02
5.133333333333333082e-01
2.700000000000000178e-01
3.000000000000000236e-02
4.000000000000000083e-02
3.333333333333333547e-03
1.333333333333333419e-02
3.333333333333333287e-02
0.000000000000000000e+00
3.333333333333333547e-03
2.000000000000000042e-02
1.000000000000000021e-02
0.000000000000000000e+00
0.000000000000000000e+00
2.000000000000000042e-02
1.333333333333333419e-02
2.999999999999999889e-02
0.000000000000000000e+00
1.000000000000000021e-02
1.000000000000000021e-02
1.000000000000000021e-02
4.000000000000000083e-02
6.666666666666667095e-03
0.000000000000000000e+00
2.433333333333333182e-01
1.110000000000000098e+00
1.546666666666666856e+00
8.100000000000000533e-01
3.300000000000000155e-01
1.123333333333333295e+00
1.673333333333333561e+00
1.196666666666666545e+00
1.533333333333333215e-01
3.899999999999999578e-01
2.366666666666666641e-01
4.033333333333333215e-01
1.166666666666666546e-01
4.666666666666666879e-02
2.333333333333333440e-02
5.666666666666667074e-02
1.000000000000000021e-02
4.999999999999999584e-02
0.000000000000000000e+00
1.333333333333333419e-02
2.666666666666666838e-02
0.000000000000000000e+00
0.000000000000000000e+00
5.666666666666667074e-02
2.000000000000000042e-02
2.000000000000000042e-02
9.999999999999999167e-02
4.666666666666666879e-02
2.999999999999999889e-02
4.000000000000000083e-02
2.000000000000000042e-02
9.333333333333333759e-02
5.666666666666667074e-02
1.000000000000000194e-01
2.166666666666666741e-01
8.666666666666666963e-01
1.669999999999999929e+00
6.199999999999999956e-01
5.733333333333333615e-01
2.000000000000000000e+00
