2.600000000000000089e+00
8.166666666666667629e-01
1.999999999999999833e-01
5.100000000000000089e-01
1.333333333333333419e-02
2.533333333333333548e-01
2.020000000000000018e+00
2.000000000000000042e-02
4.466666666666667118e-01
1.629999999999999893e+00
3.533333333333333326e-01
6.666666666666666574e-02
1.666666666666666644e-02
1.366666666666666863e-01
4.799999999999999822e-01
4.099999999999999756e-01
5.866666666666667806e-01
3.733333333333333504e-01
2.033333333333333381e-01
3.333333333333333287e-02
4.199999999999999289e-01
2.133333333333333470e-01
4.833333333333333370e-01
3.333333333333333148e-01
1.233333333333333365e-01
0.000000000000000000e+00
2.033333333333333381e-01
2.633333333333333637e-01
7.666666666666667462e-02
0.000000000000000000e+00
3.266666666666666607e-01
1.300000000000000044e-01
4.700000000000000289e-01
2.533333333333333548e-01
6.666666666666666574e-02
5.333333333333333676e-02
9.733333333333332726e-01
5.899999999999999689e-01
1.146666666666666723e+00
1.566666666666666485e-01
6.266666666666665941e-01
5.066666666666667096e-01
3.633333333333332860e-01
5.999999999999999778e-02
1.000000000000000021e-02
3.333333333333333287e-02
0.000000000000000000e+00
1.700000000000000122e-01
8.033333333333332327e-01
6.733333333333333393e-01
1.600000000000000033e-01
4.666666666666666879e-02
8.933333333333334236e-01
0.000000000000000000e+00
1.000000000000000194e-01
7.333333333333333370e-02
0.000000000000000000e+00
7.000000000000000666e-02
1.566666666666666485e-01
2.066666666666666652e-01
9.100000000000001421e-01
1.966666666666666841e-01
1.233333333333333365e-01
6.000000000000000472e-02
1.666666666666666644e-02
6.733333333333333393e-01
4.766666666666667385e-01
2.000000000000000042e-02
2.433333333333333182e-01
2.166666666666666741e-01
1.866666666666666752e-01
1.000000000000000021e-02
2.999999999999999889e-02
1.399999999999999856e-01
1.666666666666666644e-02
5.699999999999999512e-01
1.933333333333333293e-01
1.766666666666666663e-01
6.333333333333333870e-02
2.166666666666666741e-01
0.000000000000000000e+00
0.000000000000000000e+00
1.433333333333333404e-01
0.000000000000000000e+00
1.679999999999999938e+00
1.136666666666666714e+00
1.366666666666666863e-01
2.466666666666666730e-01
3.333333333333333148e-01
4.033333333333333215e-01
4.899999999999999911e-01
2.333333333333333093e-01
8.666666666666666963e-02
4.133333333333333304e-01
9.333333333333333759e-02
6.999999999999999278e-02
1.033333333333333465e-01
7.599999999999998979e-01
1.833333333333333204e-01
3.066666666666666430e-01
2.733333333333333171e-01
3.333333333333333287e-02
4.633333333333333748e-01
6.433333333333333126e-01
2.033333333333333381e-01
0.000000000000000000e+00
6.666666666666666574e-02
4.000000000000000083e-02
3.333333333333333547e-03
1.666666666666666644e-02
8.299999999999999600e-01
1.300000000000000044e-01
1.833333333333333481e-01
1.933333333333333293e-01
3.233333333333333059e-01
1.566666666666666485e-01
2.666666666666666838e-02
3.966666666666666674e-01
8.833333333333334147e-01
3.333333333333333287e-02
1.700000000000000122e-01
7.000000000000000666e-02
1.499999999999999944e-01
6.433333333333334236e-01
