1.593333333333333046e+00
7.966666666666665231e-01
3.333333333333333287e-02
8.233333333333332504e-01
4.333333333333333481e-02
1.666666666666666644e-02
4.000000000000000083e-02
8.566666666666667984e-01
1.033333333333333326e-01
3.899999999999999578e-01
2.000000000000000042e-02
0.000000000000000000e+00
2.333333333333333440e-02
1.333333333333333419e-02
0.000000000000000000e+00
6.666666666666667095e-03
1.066666666666666458e-01
2.500000000000000000e-01
5.600000000000000533e-01
9.999999999999999167e-02
1.620000000000000107e+00
2.066666666666666652e-01
2.333333333333333440e-02
0.000000000000000000e+00
1.433333333333333404e-01
7.666666666666666075e-02
0.000000000000000000e+00
3.866666666666667140e-01
1.023333333333333428e+00
1.333333333333333419e-02
6.666666666666667095e-03
1.566666666666666485e-01
4.866666666666666363e-01
1.066666666666666458e-01
1.966666666666666563e-01
1.466666666666666397e-01
3.266666666666666607e-01
1.050000000000000044e+00
1.533333333333333215e-01
0.000000000000000000e+00
3.666666666666666685e-02
2.999999999999999889e-01
9.666666666666667851e-02
0.000000000000000000e+00
6.666666666666667095e-03
3.333333333333333287e-02
1.199999999999999956e-01
1.533333333333333215e-01
7.966666666666667451e-01
2.933333333333332793e-01
2.999999999999999889e-02
1.733333333333333393e-01
3.666666666666666408e-01
1.199999999999999956e-01
3.466666666666666785e-01
8.933333333333334236e-01
2.399999999999999911e-01
3.133333333333333526e-01
2.833333333333333814e-01
2.300000000000000100e-01
1.933333333333333570e-01
6.999999999999999278e-02
1.866666666666666752e-01
1.066666666666666735e-01
2.033333333333333381e-01
2.999999999999999889e-02
3.200000000000000067e-01
1.316666666666666652e+00
1.396666666666666723e+00
1.533333333333333215e-01
0.000000000000000000e+00
5.433333333333333348e-01
2.299999999999999822e-01
3.333333333333333547e-03
0.000000000000000000e+00
3.499999999999999223e-01
1.866666666666666474e-01
0.000000000000000000e+00
7.666666666666666075e-02
2.399999999999999911e-01
3.266666666666666607e-01
2.310000000000000053e+00
1.196666666666666545e+00
7.233333333333332726e-01
2.000000000000000042e-02
1.096666666666666679e+00
3.333333333333333287e-02
2.999999999999999889e-02
2.333333333333333440e-02
9.033333333333333215e-01
1.366666666666666863e-01
3.433333333333333237e-01
8.666666666666666963e-02
2.666666666666666838e-02
7.666666666666667462e-02
9.666666666666666463e-02
9.333333333333333759e-02
2.866666666666666807e-01
4.433333333333333570e-01
4.566666666666667207e-01
6.633333333333334414e-01
5.666666666666667074e-02
1.653333333333333321e+00
4.033333333333333215e-01
2.033333333333333381e-01
8.666666666666666963e-02
1.899999999999999745e-01
3.433333333333332682e-01
6.333333333333333870e-02
1.050000000000000044e+00
9.000000000000000222e-01
6.666666666666667095e-03
1.333333333333333419e-02
7.333333333333333370e-02
9.166666666666666297e-01
9.999999999999999167e-02
9.999999999999999167e-02
1.433333333333333404e-01
5.766666666666666607e-01
1.903333333333333321e+00
9.666666666666667851e-02
4.000000000000000083e-02
9.333333333333333759e-02
1.120000000000000107e+00
1.399999999999999856e-01
0.000000000000000000e+00
2.999999999999999889e-02
3.333333333333333287e-02
1.833333333333333481e-01
5.000000000000000971e-02
3.433333333333332682e-01
1.533333333333333492e-01
3.666666666666667379e-02
2.200000000000000011e-01
5.400000000000000355e-01
1.266666666666666774e-01
6.099999999999999867e-01
6.933333333333333570e-01
1.766666666666666663e-01
2.199999999999999734e-01
9.999999999999999167e-02
1.666666666666666574e-01
1.100000000000000006e-01
1.833333333333333481e-01
1.199999999999999956e-01
8.000000000000000167e-02
1.333333333333333315e-01
1.000000000000000021e-02
1.499999999999999944e-01
1.186666666666666536e+00
1.086666666666666670e+00
1.433333333333333404e-01
0.000000000000000000e+00
1.690000000000000169e+00
3.866666666666666585e-01
0.000000000000000000e+00
0.000000000000000000e+00
6.199999999999999956e-01
4.166666666666666852e-01
2.333333333333333440e-02
3.400000000000000244e-01
3.699999999999999400e-01
2.466666666666666730e-01
1.883333333333333526e+00
