1.276666666666666616e+00
5.000000000000000000e-01
1.123333333333333295e+00
9.999999999999999167e-02
6.733333333333333393e-01
9.333333333333332371e-01
9.999999999999999167e-02
2.200000000000000011e-01
8.666666666666666963e-02
1.300000000000000044e-01
7.433333333333332904e-01
2.700000000000000178e-01
5.000000000000000000e-01
1.873333333333333295e+00
3.166666666666666519e-01
1.570000000000000062e+00
4.799999999999999822e-01
5.499999999999999334e-01
3.533333333333333326e-01
1.103333333333333277e+00
9.466666666666666563e-01
1.766666666666666663e-01
7.799999999999999156e-01
2.866666666666666807e-01
7.399999999999998801e-01
1.389999999999999902e+00
2.679999999999999716e+00
2.220000000000000195e+00
2.193333333333333357e+00
