1.213333333333333597e+00
2.533333333333333548e-01
8.866666666666666030e-01
3.933333333333333126e-01
5.333333333333333676e-02
1.000000000000000021e-02
2.099999999999999922e-01
1.233333333333333365e-01
2.333333333333333093e-02
1.000000000000000021e-02
3.333333333333333547e-03
2.333333333333333440e-02
6.666666666666666574e-02
1.000000000000000021e-02
1.666666666666666644e-02
4.333333333333333481e-02
1.666666666666666644e-02
3.000000000000000236e-02
1.000000000000000021e-02
2.000000000000000042e-02
1.133333333333333276e-01
5.999999999999999778e-02
1.666666666666666644e-02
9.000000000000001055e-02
1.000000000000000194e-01
4.000000000000000083e-02
1.533333333333333492e-01
7.333333333333333370e-02
1.446666666666666545e+00
1.266666666666666774e-01
2.040000000000000036e+00
2.366666666666666918e-01
4.199999999999999845e-01
5.533333333333333437e-01
3.856666666666666909e+00
