3.263333333333333197e+00
6.866666666666666474e-01
5.866666666666665586e-01
1.763333333333333419e+00
7.999999999999999334e-01
1.239999999999999991e+00
1.113333333333333508e+00
1.110000000000000098e+00
1.563333333333333464e+00
1.213333333333333153e+00
2.200000000000000011e-01
1.059999999999999831e+00
1.300000000000000044e+00
2.666666666666666838e-02
1.100000000000000006e-01
9.000000000000000222e-01
5.433333333333333348e-01
3.333333333333333547e-03
1.600000000000000033e-01
8.666666666666666963e-02
1.833333333333333481e-01
9.000000000000001055e-02
6.900000000000000577e-01
6.666666666666666297e-01
5.666666666666667074e-02
9.933333333333332904e-01
5.666666666666666380e-02
0.000000000000000000e+00
4.433333333333333015e-01
4.333333333333333481e-02
1.000000000000000194e-01
3.333333333333333547e-03
5.999999999999999778e-02
1.000000000000000021e-02
6.666666666666667095e-03
8.399999999999999689e-01
2.566666666666666541e-01
8.566666666666667984e-01
1.733333333333333393e-01
3.566666666666666874e-01
5.766666666666666607e-01
3.333333333333333547e-03
9.900000000000001021e-01
9.399999999999999467e-01
2.000000000000000042e-02
6.666666666666667095e-03
1.013333333333333419e+00
1.133333333333333276e-01
1.666666666666666644e-02
8.000000000000000167e-02
2.999999999999999889e-02
1.133333333333333276e-01
6.666666666666667095e-03
6.300000000000000044e-01
2.999999999999999889e-02
0.000000000000000000e+00
1.300000000000000044e-01
5.666666666666667074e-02
2.000000000000000042e-02
0.000000000000000000e+00
3.866666666666667140e-01
1.093333333333333268e+00
1.800000000000000211e-01
8.633333333333332860e-01
2.666666666666666838e-02
2.143333333333333091e+00
1.966666666666666841e-01
1.273333333333333206e+00
4.066666666666666763e-01
3.666666666666667379e-02
3.333333333333333287e-02
5.899999999999999689e-01
1.000000000000000000e+00
0.000000000000000000e+00
7.333333333333334758e-02
7.099999999999999645e-01
0.000000000000000000e+00
3.333333333333333547e-03
2.200000000000000011e-01
2.999999999999999889e-02
1.366666666666666863e-01
1.436666666666666758e+00
4.066666666666666430e+00
1.636666666666666714e+00
3.366666666666666696e-01
2.050000000000000266e+00
6.899999999999999467e-01
1.493333333333333401e+00
4.766666666666667385e-01
6.733333333333333393e-01
1.383333333333333526e+00
1.023333333333333428e+00
1.199999999999999956e-01
4.666666666666666186e-01
1.416666666666666741e+00
2.999999999999999889e-02
1.966666666666666841e-01
7.733333333333334281e-01
2.733333333333333726e-01
3.333333333333333547e-03
6.666666666666667095e-03
9.000000000000001055e-02
6.999999999999999278e-02
4.333333333333333481e-02
7.799999999999999156e-01
8.366666666666667806e-01
1.666666666666666644e-02
9.466666666666666563e-01
1.733333333333333393e-01
7.666666666666667462e-02
5.899999999999999689e-01
1.300000000000000044e-01
3.166666666666666519e-01
6.333333333333333870e-02
1.600000000000000033e-01
2.333333333333333440e-02
4.000000000000000083e-02
8.699999999999999956e-01
3.799999999999999489e-01
1.336666666666666670e+00
1.800000000000000211e-01
5.133333333333333082e-01
7.400000000000001021e-01
1.666666666666666644e-02
5.266666666666667274e-01
1.356666666666666687e+00
5.666666666666666380e-02
3.333333333333333547e-03
5.566666666666667540e-01
2.199999999999999734e-01
1.233333333333333365e-01
2.899999999999999800e-01
7.666666666666667462e-02
7.666666666666667462e-02
1.333333333333333419e-02
6.133333333333333970e-01
3.333333333333333287e-02
0.000000000000000000e+00
4.133333333333333304e-01
7.000000000000000666e-02
4.000000000000000083e-02
1.000000000000000021e-02
1.900000000000000300e-01
9.500000000000000666e-01
1.766666666666666663e-01
9.000000000000000222e-01
2.133333333333333470e-01
1.983333333333333393e+00
1.800000000000000211e-01
7.600000000000001199e-01
9.999999999999999167e-02
2.433333333333333182e-01
4.999999999999999584e-02
2.033333333333333381e-01
1.216666666666666785e+00
0.000000000000000000e+00
8.333333333333332871e-02
9.000000000000000222e-01
2.333333333333333440e-02
5.999999999999999778e-02
4.733333333333333282e-01
1.666666666666666574e-01
4.266666666666666941e-01
3.119999999999999662e+00
