9.633333333333333748e-01
3.866666666666667140e-01
2.033333333333333381e-01
1.333333333333333315e-01
5.166666666666667185e-01
2.366666666666666641e-01
8.366666666666665586e-01
5.733333333333333615e-01
2.000000000000000042e-02
4.799999999999999822e-01
1.696666666666666545e+00
4.000000000000000083e-02
0.000000000000000000e+00
3.366666666666666141e-01
1.213333333333333375e+00
1.833333333333333204e-01
1.199999999999999956e-01
1.156666666666666732e+00
2.733333333333333726e-01
2.666666666666666838e-02
8.000000000000000167e-02
1.533333333333333215e-01
2.046666666666666856e+00
1.453333333333333144e+00
1.333333333333333315e-01
2.999999999999999889e-02
1.033333333333333326e-01
1.213333333333333153e+00
3.300000000000000155e-01
8.666666666666666963e-02
1.966666666666666563e-01
5.999999999999999778e-02
4.333333333333333481e-02
9.666666666666667851e-02
1.799999999999999656e-01
2.166666666666666463e-01
4.099999999999999756e-01
1.999999999999999833e-01
6.466666666666666119e-01
3.366666666666666696e-01
2.366666666666666641e-01
0.000000000000000000e+00
5.333333333333333676e-02
0.000000000000000000e+00
2.433333333333333182e-01
0.000000000000000000e+00
3.333333333333333287e-02
1.000000000000000021e-02
2.333333333333333093e-01
7.000000000000000666e-02
1.436666666666666758e+00
1.933333333333333570e-01
4.000000000000000083e-02
6.466666666666666119e-01
6.500000000000000222e-01
4.666666666666666879e-02
3.000000000000000236e-02
1.399999999999999856e-01
1.166666666666666546e-01
1.300000000000000044e-01
1.326666666666666883e+00
2.000000000000000042e-02
3.333333333333333287e-02
1.933333333333333570e-01
7.333333333333333925e-01
1.333333333333333419e-02
0.000000000000000000e+00
1.413333333333333330e+00
8.000000000000000167e-02
3.000000000000000236e-02
2.199999999999999734e-01
2.733333333333333726e-01
1.333333333333333419e-02
6.333333333333333037e-01
8.666666666666666963e-02
5.666666666666667629e-01
1.226666666666666794e+00
1.943333333333333357e+00
2.999999999999999889e-02
1.719999999999999973e+00
6.633333333333332194e-01
0.000000000000000000e+00
6.099999999999999867e-01
7.666666666666667462e-02
3.933333333333333681e-01
9.833333333333333925e-01
1.303333333333333455e+00
1.073333333333333250e+00
6.666666666666667095e-03
3.333333333333333547e-03
0.000000000000000000e+00
4.000000000000000083e-02
0.000000000000000000e+00
1.213333333333333153e+00
8.799999999999998934e-01
6.666666666666667095e-03
1.366666666666666863e-01
7.233333333333332726e-01
1.999999999999999833e-01
7.000000000000000666e-02
1.366666666666666585e-01
1.666666666666666574e-01
6.066666666666665764e-01
9.166666666666666297e-01
0.000000000000000000e+00
5.866666666666666696e-01
1.399999999999999856e-01
3.666666666666666685e-02
1.000000000000000021e-02
1.310000000000000053e+00
5.333333333333333259e-01
2.270000000000000018e+00
7.066666666666665542e-01
1.666666666666666644e-02
1.900000000000000300e-01
1.603333333333333277e+00
1.199999999999999956e-01
1.999999999999999833e-01
3.133333333333332971e-01
5.000000000000000971e-02
1.169999999999999929e+00
2.899999999999999800e-01
5.000000000000000971e-02
4.199999999999999845e-01
6.133333333333332860e-01
1.166666666666666824e-01
1.900000000000000300e-01
3.333333333333333547e-03
2.600000000000000089e-01
0.000000000000000000e+00
1.133333333333333415e-01
6.666666666666667095e-03
5.566666666666666430e-01
1.300000000000000044e-01
2.633333333333333637e-01
2.700000000000000178e-01
3.233333333333333059e-01
0.000000000000000000e+00
2.433333333333333182e-01
2.200000000000000011e-01
0.000000000000000000e+00
5.999999999999999778e-02
7.833333333333333259e-01
2.666666666666666630e-01
2.000000000000000042e-02
1.233333333333333393e+00
5.666666666666667629e-01
1.423333333333333561e+00
2.233333333333333004e-01
6.900000000000000577e-01
1.866666666666666752e-01
2.099999999999999922e-01
5.433333333333333348e-01
4.000000000000000083e-02
4.199999999999999845e-01
1.266666666666666774e-01
1.033333333333333326e-01
3.899999999999999578e-01
4.999999999999999584e-02
1.343333333333333490e+00
1.533333333333333215e-01
2.533333333333333548e-01
6.333333333333333870e-02
3.533333333333333326e-01
6.866666666666666474e-01
3.366666666666666696e-01
2.066666666666666652e-01
3.600000000000000422e-01
4.700000000000000289e-01
1.500000000000000000e+00
6.766666666666667496e-01
2.366666666666666641e-01
4.299999999999999933e-01
1.043333333333333224e+00
1.059999999999999831e+00
1.030000000000000027e+00
2.410000000000000142e+00
