1.146666666666666723e+00
3.600000000000000422e-01
0.000000000000000000e+00
1.000000000000000021e-02
7.000000000000000666e-01
1.200000000000000094e-01
0.000000000000000000e+00
1.000000000000000021e-02
8.666666666666666963e-02
9.666666666666667851e-02
1.466666666666666397e-01
1.193333333333333357e+00
1.700000000000000122e-01
2.999999999999999889e-02
5.333333333333333259e-01
4.066666666666667318e-01
9.666666666666666463e-02
8.466666666666666785e-01
3.233333333333333059e-01
1.000000000000000021e-02
0.000000000000000000e+00
1.833333333333333481e-01
2.833333333333332704e-01
3.333333333333333547e-03
8.000000000000000167e-02
2.500000000000000000e-01
4.666666666666666879e-02
1.199999999999999956e-01
2.433333333333333182e-01
1.466666666666666952e-01
1.533333333333333215e-01
1.600000000000000033e-01
4.999999999999999584e-02
2.333333333333333440e-02
1.666666666666666574e-01
5.600000000000000533e-01
1.333333333333333419e-02
9.666666666666666463e-02
1.099999999999999867e-01
2.899999999999999800e-01
9.999999999999999167e-02
6.666666666666667095e-03
7.333333333333333370e-02
1.110000000000000098e+00
2.200000000000000011e-01
9.000000000000001055e-02
5.999999999999999778e-02
5.666666666666666380e-02
5.666666666666667074e-02
9.433333333333333570e-01
2.633333333333333637e-01
1.666666666666666644e-02
6.666666666666667095e-03
4.000000000000000083e-02
1.733333333333333393e-01
4.333333333333333481e-02
1.766666666666666663e-01
3.699999999999999400e-01
2.333333333333333440e-02
2.999999999999999889e-02
1.480000000000000204e+00
9.899999999999998801e-01
0.000000000000000000e+00
6.666666666666667095e-03
6.466666666666666119e-01
2.666666666666666838e-02
0.000000000000000000e+00
1.233333333333333365e-01
2.200000000000000011e-01
1.333333333333333315e-01
3.366666666666666696e-01
8.366666666666665586e-01
2.000000000000000389e-01
5.333333333333333676e-02
5.533333333333333437e-01
3.033333333333333437e-01
1.533333333333333215e-01
7.233333333333332726e-01
2.866666666666666807e-01
1.666666666666666644e-02
0.000000000000000000e+00
1.499999999999999944e-01
3.766666666666666496e-01
0.000000000000000000e+00
4.000000000000000083e-02
3.333333333333333287e-02
2.333333333333333440e-02
1.100000000000000006e-01
8.000000000000000167e-02
8.999999999999998279e-02
1.500000000000000222e-01
1.100000000000000006e-01
1.133333333333333276e-01
0.000000000000000000e+00
6.166666666666666963e-01
4.266666666666666941e-01
2.666666666666666838e-02
1.133333333333333415e-01
2.666666666666666838e-02
5.666666666666666519e-01
1.499999999999999944e-01
4.000000000000000083e-02
1.999999999999999833e-01
1.283333333333333215e+00
2.199999999999999734e-01
1.100000000000000006e-01
1.600000000000000033e-01
3.666666666666666685e-02
2.999999999999999889e-02
6.233333333333334059e-01
2.199999999999999734e-01
1.333333333333333419e-02
1.000000000000000021e-02
4.999999999999999584e-02
7.333333333333333370e-02
9.333333333333333759e-02
3.733333333333333504e-01
2.866666666666666807e-01
3.333333333333333287e-02
5.999999999999999778e-02
1.026666666666666616e+00
9.199999999999999289e-01
0.000000000000000000e+00
1.666666666666666644e-02
1.216666666666666785e+00
2.433333333333333182e-01
6.666666666666667095e-03
6.333333333333333870e-02
4.999999999999999584e-02
1.033333333333333326e-01
2.500000000000000000e-01
1.059999999999999831e+00
1.933333333333333293e-01
2.999999999999999889e-02
2.799999999999999711e-01
1.633333333333333304e-01
1.400000000000000133e-01
9.266666666666667496e-01
1.633333333333333304e-01
1.333333333333333419e-02
0.000000000000000000e+00
5.666666666666667074e-02
2.099999999999999922e-01
0.000000000000000000e+00
5.999999999999999778e-02
5.333333333333333676e-02
4.333333333333333481e-02
2.766666666666666718e-01
9.000000000000001055e-02
1.633333333333333304e-01
1.700000000000000122e-01
6.999999999999999278e-02
1.199999999999999956e-01
7.666666666666667462e-02
7.766666666666667274e-01
4.033333333333333215e-01
6.666666666666667095e-03
1.666666666666666644e-02
5.000000000000000971e-02
3.899999999999999578e-01
1.266666666666666774e-01
4.999999999999999584e-02
1.066666666666666735e-01
1.349999999999999867e+00
2.200000000000000011e-01
1.266666666666666774e-01
8.666666666666666963e-02
4.333333333333333481e-02
2.666666666666666838e-02
2.566666666666666541e-01
8.333333333333332871e-02
8.666666666666666963e-02
4.333333333333333481e-02
2.333333333333333093e-02
4.666666666666666879e-02
3.666666666666666685e-02
2.933333333333333903e-01
2.666666666666666630e-01
9.333333333333333759e-02
3.666666666666666685e-02
1.533333333333333437e+00
1.096666666666666679e+00
0.000000000000000000e+00
3.333333333333333547e-03
5.933333333333333792e-01
2.099999999999999922e-01
1.666666666666666644e-02
3.333333333333333287e-02
7.000000000000000666e-02
7.333333333333333370e-02
1.366666666666666863e-01
7.599999999999998979e-01
2.566666666666666541e-01
2.000000000000000042e-02
3.600000000000000422e-01
1.266666666666666774e-01
8.000000000000000167e-02
8.433333333333332682e-01
2.399999999999999911e-01
6.666666666666666574e-02
4.000000000000000083e-02
1.766666666666666663e-01
2.866666666666666807e-01
1.000000000000000021e-02
7.000000000000000666e-02
2.900000000000000355e-01
2.533333333333333548e-01
2.033333333333333381e-01
2.300000000000000100e-01
2.700000000000000178e-01
6.333333333333333870e-02
1.099999999999999867e-01
9.333333333333333759e-02
4.666666666666666879e-02
6.066666666666665764e-01
4.899999999999999911e-01
2.999999999999999889e-02
8.333333333333332871e-02
9.999999999999999167e-02
2.266666666666666552e-01
8.333333333333332871e-02
2.333333333333333093e-02
4.666666666666666879e-02
1.216666666666666563e+00
1.399999999999999856e-01
1.366666666666666863e-01
1.099999999999999867e-01
1.233333333333333365e-01
2.000000000000000042e-02
6.733333333333333393e-01
9.000000000000001055e-02
1.033333333333333326e-01
1.000000000000000021e-02
1.433333333333333404e-01
2.233333333333333559e-01
2.099999999999999922e-01
4.500000000000000111e-01
4.000000000000000777e-01
7.666666666666666075e-02
2.333333333333333440e-02
