1.036666666666666625e+00
6.099999999999999867e-01
1.330000000000000071e+00
6.666666666666667095e-03
3.433333333333333237e-01
0.000000000000000000e+00
1.166666666666666546e-01
0.000000000000000000e+00
3.166666666666666519e-01
4.066666666666666763e-01
4.033333333333333215e-01
2.800000000000000266e-01
1.533333333333333215e-01
1.150000000000000133e+00
8.733333333333334059e-01
3.033333333333333437e-01
1.113333333333333286e+00
1.000000000000000021e-02
4.899999999999999911e-01
6.666666666666667095e-03
2.666666666666666838e-02
1.466666666666666952e-01
5.899999999999999689e-01
3.133333333333333526e-01
2.333333333333333440e-02
5.233333333333333171e-01
3.300000000000000155e-01
7.000000000000000666e-02
2.666666666666666838e-02
1.966666666666666841e-01
7.666666666666667462e-02
1.766666666666666663e-01
2.326666666666666661e+00
3.966666666666666674e-01
6.666666666666666297e-01
2.299999999999999822e-01
7.333333333333334758e-02
5.300000000000000266e-01
1.899999999999999745e-01
9.399999999999999467e-01
0.000000000000000000e+00
7.000000000000000666e-01
2.166666666666666741e-01
3.333333333333333547e-03
3.333333333333333547e-03
8.466666666666666785e-01
2.333333333333333440e-02
3.666666666666667379e-02
5.699999999999999512e-01
1.340000000000000080e+00
5.000000000000000971e-02
2.999999999999999889e-02
2.600000000000000089e-01
1.349999999999999867e+00
1.199999999999999956e-01
1.260000000000000009e+00
1.999999999999999833e-01
1.133333333333333276e-01
6.566666666666666208e-01
1.290000000000000036e+00
9.166666666666666297e-01
7.933333333333333348e-01
1.340000000000000080e+00
1.000000000000000021e-02
1.499999999999999944e-01
6.666666666666667095e-03
2.399999999999999911e-01
2.333333333333333440e-02
3.300000000000000155e-01
4.899999999999999911e-01
4.899999999999999911e-01
2.566666666666666541e-01
1.566666666666666485e-01
1.023333333333333206e+00
7.533333333333332993e-01
4.066666666666666763e-01
7.600000000000001199e-01
2.666666666666666838e-02
8.100000000000000533e-01
0.000000000000000000e+00
7.666666666666667462e-02
7.666666666666667462e-02
7.200000000000000844e-01
2.333333333333333093e-01
4.666666666666666879e-02
1.199999999999999956e-01
4.066666666666666763e-01
6.666666666666666574e-02
0.000000000000000000e+00
2.000000000000000042e-02
2.666666666666666838e-02
4.999999999999999584e-02
2.016666666666667052e+00
1.300000000000000044e-01
5.066666666666667096e-01
1.933333333333333570e-01
2.999999999999999889e-01
1.193333333333333357e+00
6.766666666666667496e-01
1.173333333333333561e+00
0.000000000000000000e+00
1.933333333333333570e-01
5.899999999999999689e-01
0.000000000000000000e+00
0.000000000000000000e+00
4.433333333333333570e-01
6.666666666666666574e-02
4.333333333333333481e-02
4.166666666666666852e-01
1.010000000000000009e+00
9.666666666666667851e-02
1.000000000000000021e-02
3.533333333333333326e-01
1.290000000000000036e+00
6.666666666666667095e-03
7.900000000000000355e-01
2.966666666666666896e-01
1.866666666666666752e-01
8.666666666666666963e-01
8.466666666666666785e-01
