7.133333333333332638e-01
3.966666666666666674e-01
1.033333333333333326e-01
1.166666666666666546e-01
2.766666666666666718e-01
2.033333333333333381e-01
4.999999999999999584e-02
1.833333333333333204e-01
3.333333333333333547e-03
7.099999999999999645e-01
1.000000000000000021e-02
1.166666666666666824e-01
2.366666666666666641e-01
2.799999999999999711e-01
6.500000000000000222e-01
1.800000000000000211e-01
1.346666666666666679e+00
3.266666666666666607e-01
1.399999999999999856e-01
5.066666666666667096e-01
2.766666666666666718e-01
4.966666666666666452e-01
1.096666666666666679e+00
5.766666666666666607e-01
6.366666666666666030e-01
6.099999999999999867e-01
5.466666666666667451e-01
1.330000000000000071e+00
9.333333333333333759e-02
7.933333333333333348e-01
4.666666666666666879e-02
4.333333333333333481e-02
1.000000000000000021e-02
2.900000000000000355e-01
2.166666666666666463e-01
3.233333333333333059e-01
2.466666666666666730e-01
4.233333333333333393e-01
7.799999999999999156e-01
6.600000000000000311e-01
1.550000000000000044e+00
2.733333333333333171e-01
2.323333333333333250e+00
5.866666666666667806e-01
5.400000000000000355e-01
1.546666666666666634e+00
6.133333333333333970e-01
3.366666666666666696e-01
4.966666666666667562e-01
2.600000000000000089e-01
3.333333333333333287e-02
2.266666666666666552e-01
1.123333333333333295e+00
2.633333333333333637e-01
1.253333333333333188e+00
2.500000000000000000e-01
5.333333333333333676e-02
1.116666666666666474e+00
0.000000000000000000e+00
5.400000000000000355e-01
1.066666666666666735e-01
1.229999999999999982e+00
2.800000000000000266e-01
8.199999999999999512e-01
4.466666666666666008e-01
9.000000000000001055e-02
3.666666666666666963e-01
2.366666666666666641e-01
1.199999999999999956e-01
1.333333333333333315e-01
9.766666666666665719e-01
6.666666666666667095e-03
3.200000000000000067e-01
9.000000000000001055e-02
2.766666666666666718e-01
1.733333333333333393e-01
4.066666666666667318e-01
5.766666666666666607e-01
7.366666666666666918e-01
1.976666666666666572e+00
3.433333333333333237e-01
9.533333333333332549e-01
1.966666666666666563e-01
1.379999999999999893e+00
3.300000000000000155e-01
1.626666666666666705e+00
5.366666666666666252e-01
4.299999999999999933e-01
1.333333333333333419e-02
1.700000000000000122e-01
3.899999999999999578e-01
1.686666666666666758e+00
6.666666666666667095e-03
2.366666666666666641e-01
7.333333333333334758e-02
7.766666666666667274e-01
6.633333333333334414e-01
0.000000000000000000e+00
1.166666666666666546e-01
6.666666666666667095e-03
5.666666666666666380e-02
8.666666666666666963e-02
1.566666666666666485e-01
8.000000000000000167e-02
1.366666666666666585e-01
5.333333333333333676e-02
9.666666666666666463e-02
2.166666666666666741e-01
3.533333333333333326e-01
3.666666666666667379e-02
2.999999999999999889e-01
7.666666666666667462e-02
1.233333333333333365e-01
3.099999999999999978e-01
2.633333333333333637e-01
1.493333333333333401e+00
1.370000000000000107e+00
7.733333333333333171e-01
5.299999999999999156e-01
9.766666666666665719e-01
2.266666666666666552e-01
2.433333333333333182e-01
2.899999999999999800e-01
2.999999999999999889e-02
1.733333333333333393e-01
3.333333333333333547e-03
1.600000000000000033e-01
0.000000000000000000e+00
3.499999999999999223e-01
2.600000000000000089e-01
1.633333333333333304e-01
8.000000000000000167e-02
3.366666666666666696e-01
4.333333333333333481e-02
2.666666666666666838e-02
1.066666666666666735e-01
3.999999999999999667e-01
1.830000000000000071e+00
