1.110000000000000098e+00
2.600000000000000089e-01
3.066666666666666985e-01
6.000000000000000472e-02
2.366666666666666641e-01
3.333333333333333287e-02
2.700000000000000178e-01
1.733333333333333393e-01
5.666666666666666380e-02
1.126666666666666705e+00
8.333333333333332871e-02
5.499999999999999334e-01
3.099999999999999978e-01
1.333333333333333419e-02
6.666666666666666574e-02
2.033333333333333381e-01
2.333333333333333093e-01
1.399999999999999856e-01
1.320000000000000062e+00
4.166666666666666852e-01
6.666666666666667095e-03
1.866666666666666474e+00
1.000000000000000021e-02
6.333333333333333870e-02
0.000000000000000000e+00
4.666666666666666879e-02
1.333333333333333419e-02
1.300000000000000044e-01
2.866666666666666807e-01
2.000000000000000042e-02
2.466666666666666730e-01
4.566666666666667207e-01
1.536666666666666847e+00
3.733333333333333504e-01
1.766666666666666663e-01
1.243333333333333401e+00
6.666666666666666574e-02
1.173333333333333117e+00
9.333333333333333759e-02
1.600000000000000033e-01
8.666666666666666963e-02
3.633333333333333415e-01
1.466666666666666397e-01
7.366666666666666918e-01
1.700000000000000122e-01
1.666666666666666574e-01
8.533333333333333881e-01
2.199999999999999734e-01
5.466666666666667451e-01
3.099999999999999978e-01
1.266666666666666774e-01
1.116666666666666696e+00
1.633333333333333304e-01
1.053333333333333455e+00
2.466666666666666730e-01
1.023333333333333428e+00
8.900000000000000133e-01
1.033333333333333437e+00
2.800000000000000266e-01
2.899999999999999800e-01
2.766666666666666718e-01
1.466666666666666674e-01
7.000000000000000666e-02
1.233333333333333365e-01
8.933333333333334236e-01
5.999999999999999778e-02
1.866666666666666752e-01
1.000000000000000021e-02
2.433333333333333182e-01
9.999999999999999167e-02
2.999999999999999889e-01
9.333333333333333759e-02
7.099999999999999645e-01
9.666666666666667851e-02
2.466666666666666730e-01
4.733333333333333282e-01
1.666666666666666644e-02
9.666666666666666463e-02
2.266666666666666829e-01
1.399999999999999856e-01
8.700000000000001066e-01
1.250000000000000000e+00
7.000000000000000666e-02
9.233333333333333393e-01
0.000000000000000000e+00
2.900000000000000355e-01
6.666666666666667095e-03
1.000000000000000021e-02
8.666666666666666963e-02
1.673333333333333117e+00
3.566666666666666874e-01
3.133333333333332971e-01
2.266666666666666829e-01
5.666666666666666380e-02
2.566666666666666541e-01
1.433333333333333404e-01
8.166666666666667629e-01
7.533333333333332993e-01
3.733333333333333504e-01
2.666666666666666838e-02
1.366666666666666863e-01
5.133333333333333082e-01
2.333333333333333093e-01
1.060000000000000053e+00
7.000000000000000666e-02
1.566666666666666485e-01
1.399999999999999856e-01
5.366666666666666252e-01
8.366666666666665586e-01
6.666666666666667095e-03
6.933333333333333570e-01
1.666666666666666644e-02
9.666666666666667851e-02
1.000000000000000194e-01
2.000000000000000042e-02
2.500000000000000000e-01
2.333333333333333093e-01
3.333333333333333287e-02
5.666666666666667629e-01
2.700000000000000178e-01
2.299999999999999822e-01
2.333333333333333440e-02
4.799999999999999822e-01
6.366666666666667140e-01
2.733333333333333726e-01
2.633333333333333637e-01
2.666666666666666838e-02
1.300000000000000044e-01
2.333333333333333440e-02
5.999999999999999778e-02
3.333333333333333547e-03
0.000000000000000000e+00
1.333333333333333419e-02
3.899999999999999578e-01
1.333333333333333419e-02
0.000000000000000000e+00
8.666666666666666963e-02
1.000000000000000021e-02
1.300000000000000044e-01
4.199999999999999845e-01
6.000000000000000472e-02
3.000000000000000236e-02
5.333333333333333676e-02
3.466666666666666785e-01
3.333333333333333287e-02
8.133333333333333526e-01
1.499999999999999944e-01
1.600000000000000033e-01
1.833333333333333204e-01
3.533333333333333326e-01
5.366666666666667362e-01
1.833333333333333204e-01
5.866666666666665586e-01
4.299999999999999933e-01
6.566666666666667318e-01
8.366666666666665586e-01
2.133333333333333470e-01
6.000000000000000472e-02
1.700000000000000122e-01
1.300000000000000044e-01
1.233333333333333365e-01
3.066666666666666985e-01
1.003333333333333188e+00
4.700000000000000289e-01
2.533333333333333548e-01
2.000000000000000042e-02
5.666666666666667074e-02
5.333333333333333676e-02
1.866666666666666474e-01
6.666666666666666574e-02
1.199999999999999956e-01
3.666666666666667379e-02
1.899999999999999745e-01
2.000000000000000042e-02
3.866666666666667140e-01
4.000000000000000083e-02
9.166666666666666297e-01
4.500000000000000111e-01
1.266666666666666774e-01
1.106666666666666687e+00
5.333333333333333676e-02
1.866666666666666752e-01
1.333333333333333315e-01
2.666666666666666838e-02
2.533333333333333548e-01
4.999999999999999584e-02
3.666666666666667379e-02
1.899999999999999745e-01
2.666666666666666838e-02
1.533333333333333492e-01
0.000000000000000000e+00
2.666666666666666838e-02
6.666666666666667095e-03
1.633333333333333304e-01
9.000000000000001055e-02
8.333333333333332871e-02
4.166666666666666852e-01
2.999999999999999889e-01
1.033333333333333326e-01
2.899999999999999800e-01
2.399999999999999911e-01
1.433333333333333404e-01
5.733333333333333615e-01
1.633333333333333304e-01
1.866666666666666752e-01
1.533333333333333492e-01
1.199999999999999956e-01
1.433333333333333404e-01
1.566666666666666485e-01
1.270000000000000240e+00
4.299999999999999933e-01
7.466666666666667007e-01
4.599999999999999645e-01
1.536666666666666403e+00
2.323333333333333250e+00
9.333333333333333759e-02
1.166666666666666546e-01
3.200000000000000067e-01
7.500000000000000000e-01
1.233333333333333365e-01
1.856666666666666687e+00
1.073333333333333472e+00
2.399999999999999911e-01
1.083333333333333259e+00
4.066666666666666763e-01
4.399999999999999467e-01
1.333333333333333419e-02
7.666666666666667462e-02
1.499999999999999944e-01
1.533333333333333492e-01
0.000000000000000000e+00
0.000000000000000000e+00
1.000000000000000021e-02
1.166666666666666546e-01
1.133333333333333276e-01
2.666666666666666838e-02
1.000000000000000021e-02
4.000000000000000083e-02
2.333333333333333440e-02
2.000000000000000042e-02
1.000000000000000021e-02
1.000000000000000021e-02
2.333333333333333440e-02
0.000000000000000000e+00
1.766666666666666663e-01
6.666666666666667095e-03
1.333333333333333419e-02
9.333333333333333759e-02
6.999999999999999278e-02
1.966666666666666563e-01
1.866666666666666752e-01
1.323333333333333250e+00
1.136666666666666714e+00
2.300000000000000100e-01
5.000000000000000971e-02
2.566666666666666541e-01
1.413333333333333330e+00
8.666666666666666963e-02
9.999999999999999167e-02
9.000000000000001055e-02
2.033333333333333659e-01
2.433333333333333182e-01
5.999999999999999778e-01
1.100000000000000006e-01
6.400000000000000133e-01
4.433333333333333570e-01
1.333333333333333419e-02
8.433333333333333792e-01
2.666666666666666630e-01
3.333333333333333547e-03
4.433333333333333570e-01
1.233333333333333365e-01
3.733333333333333504e-01
2.666666666666666838e-02
2.699999999999999623e-01
4.199999999999999845e-01
7.533333333333332993e-01
2.066666666666666652e-01
2.033333333333333381e-01
3.099999999999999978e-01
2.666666666666666630e-01
1.933333333333333293e-01
3.366666666666667251e-01
4.999999999999999584e-02
5.666666666666667074e-02
5.666666666666667074e-02
2.133333333333333470e-01
2.333333333333333648e-01
2.999999999999999889e-02
3.733333333333333504e-01
6.633333333333332194e-01
1.533333333333333215e-01
5.866666666666665586e-01
3.400000000000000244e-01
2.466666666666666730e-01
2.899999999999999800e-01
8.666666666666666963e-02
6.999999999999999278e-02
7.599999999999998979e-01
2.600000000000000089e-01
8.666666666666666963e-02
6.666666666666667095e-03
5.100000000000000089e-01
1.266666666666666774e-01
1.136666666666666714e+00
1.700000000000000122e-01
2.399999999999999911e-01
4.166666666666666852e-01
2.333333333333333440e-02
1.266666666666666774e-01
2.333333333333333093e-02
2.666666666666666630e-01
7.666666666666667462e-02
8.166666666666667629e-01
1.566666666666666485e-01
1.333333333333333419e-02
8.333333333333332871e-02
9.133333333333334414e-01
2.266666666666666829e-01
2.666666666666666630e-01
3.333333333333333287e-02
1.333333333333333419e-02
1.433333333333333404e-01
6.666666666666667095e-03
2.333333333333333440e-02
1.333333333333333419e-02
1.333333333333333315e-01
1.666666666666666644e-02
4.266666666666665830e-01
1.893333333333333313e+00
1.333333333333333315e-01
9.000000000000000222e-01
1.510000000000000009e+00
4.199999999999999289e-01
1.400000000000000133e-01
6.833333333333334592e-01
2.099999999999999922e-01
5.999999999999999778e-02
2.999999999999999889e-02
2.999999999999999889e-02
5.999999999999999778e-02
5.133333333333333082e-01
1.000000000000000021e-02
7.200000000000000844e-01
2.066666666666666652e-01
1.776666666666666616e+00
8.399999999999999689e-01
5.333333333333333259e-01
3.733333333333333504e-01
8.566666666666667984e-01
1.729999999999999760e+00
1.000000000000000194e-01
2.366666666666666641e-01
1.766666666666666663e-01
8.066666666666666430e-01
3.266666666666666607e-01
1.799999999999999656e-01
1.463333333333333153e+00
7.333333333333334758e-02
1.333333333333333315e-01
5.299999999999999156e-01
6.666666666666667095e-03
8.266666666666666607e-01
6.666666666666666574e-02
3.333333333333333547e-03
1.266666666666666774e-01
1.666666666666666644e-02
4.399999999999999467e-01
2.000000000000000042e-02
7.333333333333333370e-02
2.000000000000000042e-02
0.000000000000000000e+00
3.333333333333333547e-03
5.000000000000000971e-02
0.000000000000000000e+00
3.000000000000000236e-02
1.533333333333333492e-01
0.000000000000000000e+00
0.000000000000000000e+00
4.333333333333333481e-02
2.666666666666666838e-02
0.000000000000000000e+00
1.233333333333333365e-01
1.333333333333333315e-01
9.999999999999999167e-02
1.283333333333333437e+00
7.799999999999999156e-01
1.263333333333333419e+00
2.463333333333333375e+00
1.033333333333333437e+00
5.666666666666667074e-02
2.366666666666666641e-01
9.000000000000001055e-02
1.366666666666666863e-01
8.333333333333332871e-02
2.033333333333333381e-01
2.133333333333333470e-01
5.666666666666667074e-02
1.629999999999999893e+00
8.666666666666666963e-02
7.799999999999999156e-01
1.733333333333333393e-01
0.000000000000000000e+00
1.199999999999999956e-01
1.199999999999999956e-01
2.199999999999999734e-01
1.566666666666666485e-01
8.666666666666666963e-01
2.933333333333333348e-01
2.000000000000000042e-02
1.533333333333333437e+00
3.333333333333333547e-03
1.133333333333333276e-01
0.000000000000000000e+00
0.000000000000000000e+00
0.000000000000000000e+00
1.499999999999999944e-01
9.633333333333333748e-01
6.666666666666667095e-03
2.533333333333333548e-01
3.266666666666666607e-01
1.550000000000000044e+00
3.566666666666666319e-01
1.900000000000000300e-01
1.146666666666666723e+00
5.333333333333334370e-02
1.036666666666666625e+00
2.600000000000000089e-01
7.233333333333332726e-01
2.433333333333333182e-01
2.566666666666666541e-01
2.166666666666666463e-01
4.700000000000000289e-01
1.166666666666666546e-01
1.333333333333333315e-01
8.833333333333333037e-01
9.333333333333333759e-02
7.166666666666667851e-01
2.199999999999999734e-01
8.666666666666666963e-02
1.403333333333333321e+00
2.200000000000000011e-01
1.336666666666666670e+00
6.299999999999998934e-01
1.286666666666666625e+00
1.273333333333333428e+00
1.290000000000000036e+00
6.366666666666666030e-01
3.166666666666666519e-01
1.866666666666666752e-01
9.333333333333333759e-02
1.700000000000000122e-01
2.166666666666666741e-01
9.899999999999998801e-01
1.333333333333333419e-02
1.333333333333333315e-01
0.000000000000000000e+00
1.933333333333333570e-01
4.999999999999999584e-02
1.533333333333333215e-01
1.333333333333333419e-02
3.033333333333333437e-01
5.999999999999999778e-02
1.933333333333333570e-01
7.133333333333332638e-01
4.000000000000000083e-02
1.233333333333333365e-01
3.466666666666666785e-01
1.866666666666666752e-01
1.236666666666666581e+00
1.463333333333333597e+00
1.033333333333333326e-01
8.399999999999999689e-01
1.566666666666666485e-01
1.300000000000000044e+00
5.666666666666667074e-02
1.833333333333333204e-01
1.533333333333333215e-01
1.686666666666666758e+00
1.733333333333333393e-01
1.466666666666666674e-01
7.666666666666667462e-02
2.666666666666666838e-02
1.533333333333333215e-01
1.666666666666666574e-01
7.299999999999999822e-01
1.013333333333333419e+00
4.533333333333333104e-01
1.333333333333333315e-01
3.499999999999999223e-01
5.666666666666665408e-01
1.700000000000000122e-01
1.323333333333333250e+00
1.000000000000000021e-02
3.166666666666666519e-01
2.533333333333333548e-01
7.066666666666666652e-01
1.730000000000000204e+00
4.666666666666666879e-02
7.633333333333333082e-01
1.133333333333333276e-01
2.200000000000000011e-01
2.466666666666666730e-01
9.666666666666667851e-02
4.666666666666666879e-02
2.333333333333333440e-02
2.333333333333333440e-02
1.839999999999999858e+00
3.133333333333333526e-01
3.000000000000000236e-02
2.299999999999999822e-01
2.033333333333333381e-01
1.593333333333333490e+00
4.666666666666666186e-01
9.966666666666667007e-01
3.666666666666667379e-02
2.333333333333333440e-02
3.333333333333333547e-03
6.666666666666667095e-03
1.133333333333333276e-01
5.333333333333333676e-02
4.000000000000000083e-02
4.966666666666666452e-01
9.333333333333333759e-02
0.000000000000000000e+00
8.666666666666666963e-02
6.666666666666666574e-02
2.133333333333333470e-01
5.899999999999999689e-01
2.666666666666666838e-02
2.333333333333333440e-02
3.333333333333333287e-02
1.499999999999999944e-01
3.333333333333333148e-01
3.099999999999999978e-01
3.333333333333333287e-02
3.566666666666666319e-01
2.066666666666666652e-01
3.300000000000000155e-01
6.066666666666666874e-01
5.366666666666666252e-01
1.010000000000000009e+00
5.633333333333333526e-01
7.033333333333332549e-01
1.526666666666666616e+00
1.066666666666666735e-01
6.333333333333333870e-02
1.333333333333333315e-01
8.333333333333332871e-02
4.999999999999999584e-02
1.266666666666666774e-01
1.133333333333333276e-01
5.633333333333333526e-01
3.733333333333332948e-01
6.666666666666667095e-03
2.333333333333333440e-02
3.666666666666666685e-02
3.333333333333333287e-02
0.000000000000000000e+00
3.666666666666666685e-02
8.333333333333332871e-02
6.099999999999999867e-01
8.666666666666666963e-02
5.333333333333333259e-01
0.000000000000000000e+00
4.166666666666666852e-01
4.733333333333333282e-01
3.033333333333333437e-01
1.096666666666666679e+00
1.000000000000000021e-02
3.333333333333333287e-02
1.266666666666666774e-01
6.666666666666667095e-03
2.199999999999999734e-01
4.666666666666666879e-02
1.366666666666666585e-01
2.066666666666666652e-01
3.666666666666667379e-02
7.000000000000000666e-02
0.000000000000000000e+00
6.333333333333333870e-02
2.666666666666666838e-02
2.166666666666666741e-01
8.666666666666666963e-02
4.000000000000000083e-02
7.433333333333332904e-01
1.166666666666666546e-01
1.999999999999999833e-01
4.133333333333333304e-01
2.299999999999999822e-01
6.166666666666666963e-01
1.290000000000000036e+00
1.066666666666666735e-01
1.033333333333333326e-01
0.000000000000000000e+00
2.333333333333333440e-02
1.033333333333333326e-01
1.733333333333333393e-01
1.186666666666666536e+00
2.966666666666666896e-01
5.399999999999999245e-01
5.933333333333332682e-01
4.666666666666666879e-02
1.290000000000000036e+00
3.833333333333333037e-01
8.000000000000000167e-02
4.999999999999999584e-02
7.999999999999999334e-01
1.433333333333333404e-01
3.166666666666666519e-01
3.899999999999999578e-01
1.199999999999999956e-01
1.459999999999999964e+00
2.666666666666666630e-01
5.933333333333333792e-01
3.333333333333333547e-03
1.333333333333333419e-02
1.833333333333333204e-01
1.100000000000000006e-01
0.000000000000000000e+00
0.000000000000000000e+00
1.666666666666666644e-02
1.000000000000000021e-02
1.000000000000000021e-02
2.333333333333333093e-02
2.000000000000000042e-02
1.333333333333333419e-02
6.666666666666667095e-03
1.333333333333333419e-02
4.000000000000000083e-02
0.000000000000000000e+00
0.000000000000000000e+00
2.000000000000000042e-02
7.333333333333334758e-02
0.000000000000000000e+00
0.000000000000000000e+00
6.333333333333333870e-02
2.333333333333333440e-02
3.333333333333333287e-02
1.333333333333333315e-01
1.860000000000000320e+00
6.733333333333333393e-01
9.166666666666666297e-01
2.999999999999999889e-02
4.366666666666667029e-01
2.733333333333333726e-01
1.133333333333333276e-01
2.666666666666666838e-02
2.633333333333333637e-01
7.000000000000000666e-02
1.333333333333333419e-02
6.666666666666667095e-03
2.033333333333333659e-01
4.733333333333333282e-01
1.726666666666666572e+00
1.666666666666666574e-01
1.933333333333333293e-01
1.866666666666666752e-01
2.000000000000000042e-02
1.099999999999999867e+00
1.600000000000000033e-01
6.833333333333332371e-01
2.999999999999999889e-02
2.333333333333333093e-01
2.700000000000000178e-01
4.266666666666666941e-01
6.400000000000000133e-01
3.099999999999999978e-01
3.066666666666666430e-01
1.233333333333333365e-01
7.233333333333332726e-01
2.500000000000000000e-01
5.666666666666667074e-02
5.499999999999999334e-01
1.100000000000000006e-01
3.666666666666666408e-01
5.166666666666667185e-01
4.166666666666666852e-01
2.120000000000000551e+00
4.066666666666666763e-01
6.366666666666666030e-01
1.083333333333333259e+00
4.266666666666666941e-01
2.200000000000000011e-01
1.290000000000000036e+00
6.333333333333333037e-01
2.266666666666666552e-01
1.489999999999999991e+00
5.666666666666667074e-02
1.116666666666666474e+00
1.146666666666666723e+00
8.666666666666666963e-02
6.566666666666667318e-01
3.166666666666666519e-01
1.506666666666666599e+00
6.566666666666666208e-01
2.299999999999999822e-01
5.133333333333333082e-01
1.766666666666666663e-01
1.386666666666666714e+00
5.699999999999999512e-01
7.333333333333333370e-02
3.333333333333333547e-03
5.333333333333333676e-02
6.666666666666666574e-02
4.333333333333333481e-02
1.333333333333333419e-02
2.433333333333333737e-01
4.666666666666666879e-02
0.000000000000000000e+00
1.936666666666666536e+00
6.266666666666665941e-01
1.823333333333333250e+00
9.333333333333333759e-02
1.966666666666666563e-01
6.666666666666667095e-03
9.999999999999999167e-02
1.233333333333333365e-01
8.000000000000000167e-02
0.000000000000000000e+00
1.366666666666666863e-01
8.666666666666666963e-02
1.280000000000000027e+00
1.466666666666666674e-01
3.499999999999999223e-01
1.333333333333333315e-01
1.733333333333333393e-01
9.000000000000001055e-02
2.399999999999999911e-01
1.366666666666666863e-01
3.533333333333333326e-01
4.400000000000000022e-01
3.333333333333333547e-03
4.333333333333333481e-02
0.000000000000000000e+00
2.999999999999999889e-02
0.000000000000000000e+00
0.000000000000000000e+00
5.833333333333333703e-01
0.000000000000000000e+00
2.666666666666666838e-02
1.399999999999999856e-01
8.133333333333333526e-01
2.799999999999999711e-01
1.499999999999999944e-01
3.933333333333333126e-01
9.333333333333333759e-02
3.833333333333333592e-01
3.300000000000000155e-01
1.129999999999999893e+00
8.333333333333332871e-02
4.199999999999999289e-01
3.000000000000000236e-02
1.333333333333333315e-01
3.333333333333333287e-02
1.933333333333333570e-01
3.533333333333333326e-01
6.666666666666667095e-03
1.666666666666666644e-02
7.666666666666666075e-02
5.333333333333333676e-02
2.000000000000000042e-02
1.666666666666666644e-02
9.666666666666666463e-02
2.000000000000000042e-02
0.000000000000000000e+00
2.000000000000000042e-02
2.999999999999999889e-02
2.000000000000000042e-02
0.000000000000000000e+00
2.000000000000000042e-02
4.000000000000000083e-02
3.333333333333333547e-03
0.000000000000000000e+00
6.666666666666666574e-02
3.166666666666666519e-01
1.366666666666666863e-01
1.000000000000000021e-02
3.099999999999999978e-01
3.396666666666666945e+00
