9.100000000000000311e-01
6.033333333333333881e-01
4.333333333333333481e-02
2.766666666666666718e-01
1.040000000000000036e+00
3.899999999999999578e-01
7.066666666666666652e-01
2.666666666666666838e-02
1.006666666666666599e+00
1.866666666666666474e-01
6.033333333333333881e-01
1.073333333333333472e+00
2.566666666666666541e-01
4.133333333333333304e-01
3.333333333333333547e-03
1.133333333333333276e-01
1.333333333333333419e-02
6.266666666666665941e-01
1.056666666666666643e+00
7.399999999999998801e-01
5.099999999999998979e-01
7.000000000000000666e-02
1.466666666666666952e-01
1.053333333333333455e+00
1.033333333333333326e-01
8.333333333333332871e-02
6.333333333333333870e-02
8.333333333333332871e-02
1.933333333333333570e-01
0.000000000000000000e+00
1.766666666666666663e-01
1.433333333333333404e-01
1.219999999999999973e+00
1.073333333333333250e+00
7.633333333333333082e-01
4.700000000000000289e-01
5.833333333333333703e-01
7.333333333333334758e-02
2.500000000000000000e-01
5.666666666666667074e-02
6.666666666666666574e-02
6.333333333333333870e-02
2.133333333333332915e-01
2.033333333333333381e-01
7.666666666666667462e-02
4.000000000000000083e-02
1.966666666666666563e-01
3.300000000000000155e-01
1.199999999999999956e-01
1.000000000000000021e-02
2.633333333333333637e-01
7.000000000000000666e-02
8.633333333333332860e-01
4.666666666666667296e-01
2.166666666666666741e-01
1.633333333333333304e-01
1.866666666666666752e-01
2.766666666666666718e-01
1.066666666666666735e-01
7.600000000000001199e-01
9.333333333333333759e-02
4.966666666666666452e-01
1.333333333333333419e-02
2.200000000000000011e-01
2.666666666666666838e-02
1.000000000000000021e-02
2.666666666666666838e-02
0.000000000000000000e+00
1.233333333333333365e-01
2.266666666666666829e-01
3.333333333333333287e-02
6.333333333333333870e-02
1.099999999999999867e-01
6.333333333333333870e-02
2.666666666666666838e-02
9.066666666666666208e-01
1.739999999999999991e+00
1.853333333333333499e+00
1.263333333333333419e+00
