6.466666666666666119e-01
1.433333333333333404e-01
8.333333333333332871e-02
1.066666666666666735e-01
9.000000000000001055e-02
1.233333333333333365e-01
3.733333333333333504e-01
9.599999999999999645e-01
9.666666666666667851e-02
6.633333333333333304e-01
0.000000000000000000e+00
1.000000000000000021e-02
0.000000000000000000e+00
5.666666666666666380e-02
8.033333333333333437e-01
1.800000000000000211e-01
1.666666666666666644e-02
2.266666666666666552e-01
2.333333333333333440e-02
1.366666666666666863e-01
0.000000000000000000e+00
3.333333333333333547e-03
6.433333333333332016e-01
1.000000000000000021e-02
1.000000000000000021e-02
1.736666666666666581e+00
2.333333333333333440e-02
1.833333333333333259e+00
8.333333333333332871e-02
1.606666666666666687e+00
9.000000000000001055e-02
8.000000000000000167e-02
0.000000000000000000e+00
1.333333333333333419e-02
1.000000000000000021e-02
0.000000000000000000e+00
3.100000000000000533e-01
1.666666666666666574e-01
7.900000000000000355e-01
6.666666666666667095e-03
2.500000000000000000e-01
1.666666666666666644e-02
5.499999999999999334e-01
1.666666666666666644e-02
1.033333333333333326e-01
2.666666666666666838e-02
1.000000000000000194e-01
1.000000000000000021e-02
6.999999999999998446e-01
1.333333333333333419e-02
1.766666666666666663e-01
1.173333333333333561e+00
1.023333333333333206e+00
2.199999999999999734e-01
1.396666666666666723e+00
2.033333333333333381e-01
8.699999999999999956e-01
1.000000000000000021e-02
8.000000000000000167e-02
2.500000000000000000e-01
2.000000000000000042e-02
0.000000000000000000e+00
0.000000000000000000e+00
6.099999999999999867e-01
1.296666666666666634e+00
3.666666666666666685e-02
1.499999999999999944e-01
5.000000000000000971e-02
5.333333333333333676e-02
5.400000000000000355e-01
6.666666666666667095e-03
2.999999999999999889e-02
1.150000000000000133e+00
5.166666666666666075e-01
1.033333333333333326e-01
5.733333333333333615e-01
2.333333333333333440e-02
1.000000000000000021e-02
0.000000000000000000e+00
1.700000000000000122e-01
8.333333333333333703e-01
1.333333333333333419e-02
1.206666666666666776e+00
1.466666666666666674e-01
1.333333333333333419e-02
4.666666666666666879e-02
3.333333333333333287e-02
2.966666666666666341e-01
7.200000000000000844e-01
6.666666666666667095e-03
2.333333333333333440e-02
1.630000000000000115e+00
2.466666666666666730e-01
1.769999999999999796e+00
5.333333333333333676e-02
8.333333333333333703e-01
4.000000000000000083e-02
5.333333333333333676e-02
1.219999999999999973e+00
4.000000000000000083e-02
7.233333333333332726e-01
2.533333333333333548e-01
2.533333333333333548e-01
3.266666666666666607e-01
1.606666666666666687e+00
1.166666666666666546e-01
9.133333333333334414e-01
2.666666666666666838e-02
1.666666666666666644e-02
2.666666666666666838e-02
4.866666666666666363e-01
9.666666666666667851e-01
4.366666666666667029e-01
3.099999999999999978e-01
2.333333333333333440e-02
1.833333333333333204e-01
2.999999999999999889e-01
5.566666666666666430e-01
5.000000000000000971e-02
5.000000000000000971e-02
1.133333333333333415e-01
3.000000000000000236e-02
0.000000000000000000e+00
1.333333333333333419e-02
8.533333333333333881e-01
3.166666666666666519e-01
2.900000000000000355e-01
1.066666666666666735e-01
4.666666666666666879e-02
6.666666666666667095e-03
0.000000000000000000e+00
0.000000000000000000e+00
1.066666666666666458e-01
1.033333333333333465e-01
1.666666666666666644e-02
3.333333333333333547e-03
6.666666666666667095e-03
0.000000000000000000e+00
2.333333333333333440e-02
8.500000000000000888e-01
