9.300000000000000488e-01
1.000000000000000021e-02
8.733333333333334059e-01
1.099999999999999867e+00
5.833333333333332593e-01
6.666666666666667095e-03
1.083333333333333259e+00
1.839999999999999858e+00
3.333333333333333287e-02
1.510000000000000009e+00
6.333333333333333037e-01
1.099999999999999867e-01
1.000000000000000021e-02
7.266666666666666829e-01
8.733333333333334059e-01
0.000000000000000000e+00
2.000000000000000042e-02
1.066666666666666735e-01
1.333333333333333315e-01
3.333333333333333547e-03
8.666666666666666963e-02
5.999999999999999778e-02
1.133333333333333276e-01
1.000000000000000021e-02
4.333333333333333481e-02
9.333333333333333759e-02
1.000000000000000021e-02
1.266666666666666774e-01
2.000000000000000042e-02
3.666666666666666685e-02
3.333333333333333547e-03
8.666666666666666963e-02
9.000000000000001055e-02
1.000000000000000021e-02
0.000000000000000000e+00
8.033333333333333437e-01
1.250000000000000000e+00
0.000000000000000000e+00
1.070000000000000062e+00
6.033333333333333881e-01
6.500000000000000222e-01
2.000000000000000042e-02
1.453333333333333366e+00
8.533333333333333881e-01
3.333333333333333547e-03
8.699999999999999956e-01
9.666666666666666741e-01
6.700000000000000400e-01
8.000000000000000167e-02
1.399999999999999856e-01
5.333333333333333676e-02
3.666666666666666963e-01
9.799999999999999822e-01
1.700000000000000122e-01
9.866666666666666918e-01
2.333333333333333440e-02
0.000000000000000000e+00
1.186666666666666758e+00
4.333333333333333481e-02
6.433333333333334236e-01
2.333333333333333093e-02
4.333333333333333481e-01
1.966666666666666563e-01
5.000000000000000971e-02
1.199999999999999956e-01
9.000000000000001055e-02
2.966666666666666896e-01
3.333333333333333547e-03
1.600000000000000033e-01
3.333333333333333547e-03
0.000000000000000000e+00
0.000000000000000000e+00
0.000000000000000000e+00
1.000000000000000021e-02
6.666666666666666574e-02
2.866666666666666807e-01
3.666666666666667379e-02
3.666666666666666685e-02
3.333333333333333287e-02
8.533333333333333881e-01
3.333333333333333547e-03
5.000000000000000971e-02
6.666666666666667095e-03
0.000000000000000000e+00
1.333333333333333419e-02
0.000000000000000000e+00
2.666666666666666838e-02
3.333333333333333547e-03
1.433333333333333404e-01
2.000000000000000042e-02
1.400000000000000133e-01
0.000000000000000000e+00
1.099999999999999867e-01
2.633333333333333637e-01
9.000000000000001055e-02
6.333333333333333037e-01
2.399999999999999911e-01
7.299999999999999822e-01
4.866666666666666363e-01
2.080000000000000071e+00
2.333333333333333093e-01
1.123333333333333295e+00
1.763333333333333419e+00
6.833333333333332371e-01
8.166666666666667629e-01
1.666666666666666644e-02
1.933333333333333348e+00
1.176666666666666528e+00
2.899999999999999800e-01
4.666666666666666879e-02
1.799999999999999822e+00
1.476666666666666572e+00
3.333333333333333547e-03
1.060000000000000053e+00
4.799999999999999822e-01
2.266666666666666829e-01
6.666666666666667095e-03
1.189999999999999947e+00
9.766666666666665719e-01
0.000000000000000000e+00
3.333333333333333287e-02
5.333333333333333676e-02
1.199999999999999956e-01
3.666666666666666685e-02
2.166666666666666741e-01
6.666666666666667095e-03
5.333333333333334370e-02
6.666666666666666574e-02
1.000000000000000021e-02
3.666666666666666685e-02
1.333333333333333419e-02
7.000000000000000666e-02
2.333333333333333440e-02
6.666666666666667095e-03
3.333333333333333547e-03
7.666666666666667462e-02
4.000000000000000083e-02
1.333333333333333419e-02
2.333333333333333440e-02
6.066666666666665764e-01
1.099999999999999867e+00
2.000000000000000042e-02
1.576666666666666883e+00
1.433333333333333348e+00
1.933333333333333570e-01
1.333333333333333419e-02
1.646666666666666501e+00
6.233333333333332948e-01
1.333333333333333419e-02
4.366666666666667029e-01
8.333333333333333703e-01
7.799999999999999156e-01
9.000000000000001055e-02
5.999999999999999778e-02
9.333333333333332371e-02
3.366666666666666696e-01
1.400000000000000133e+00
1.666666666666666644e-02
6.800000000000000488e-01
2.999999999999999889e-02
1.000000000000000021e-02
1.043333333333333224e+00
0.000000000000000000e+00
5.266666666666667274e-01
4.000000000000000083e-02
3.300000000000000155e-01
2.300000000000000100e-01
5.333333333333333676e-02
1.766666666666666663e-01
1.033333333333333326e-01
2.566666666666666541e-01
1.666666666666666644e-02
3.999999999999999667e-01
6.666666666666667095e-03
0.000000000000000000e+00
3.333333333333333547e-03
1.166666666666666546e-01
0.000000000000000000e+00
2.999999999999999889e-02
7.399999999999998801e-01
9.333333333333333759e-02
7.666666666666667462e-02
2.666666666666666838e-02
9.966666666666667007e-01
6.000000000000000472e-02
1.000000000000000021e-02
1.666666666666666644e-02
3.333333333333333547e-03
3.666666666666666685e-02
0.000000000000000000e+00
1.033333333333333326e-01
0.000000000000000000e+00
3.400000000000000244e-01
4.000000000000000083e-02
5.333333333333333676e-02
1.000000000000000021e-02
1.333333333333333419e-02
1.466666666666666952e-01
1.000000000000000021e-02
8.566666666666667984e-01
2.133333333333333470e-01
2.063333333333333020e+00
9.333333333333332371e-01
3.123333333333333517e+00
1.900000000000000300e-01
2.883333333333332860e+00
9.500000000000000666e-01
8.833333333333333037e-01
9.000000000000001055e-02
1.449999999999999956e+00
8.566666666666665764e-01
5.000000000000000971e-02
1.606666666666666687e+00
3.166666666666667074e-01
3.566666666666666319e-01
1.666666666666666644e-02
1.003333333333333188e+00
8.733333333333334059e-01
1.333333333333333419e-02
2.666666666666666838e-02
1.133333333333333415e-01
1.999999999999999833e-01
1.466666666666666674e-01
1.766666666666666663e-01
9.333333333333333759e-02
1.000000000000000194e-01
1.666666666666666644e-02
1.766666666666666663e-01
9.666666666666667851e-02
1.000000000000000021e-02
7.333333333333333370e-02
1.666666666666666644e-02
3.666666666666665991e-02
2.333333333333333440e-02
2.366666666666666918e-01
6.666666666666666574e-02
6.666666666666667095e-03
1.666666666666666644e-02
1.066666666666666652e+00
1.363333333333333286e+00
1.000000000000000021e-02
3.866666666666666585e-01
7.033333333333334769e-01
2.066666666666666652e-01
0.000000000000000000e+00
1.686666666666666536e+00
1.743333333333333401e+00
3.333333333333333547e-03
6.233333333333334059e-01
1.580000000000000071e+00
9.199999999999999289e-01
7.666666666666667462e-02
1.499999999999999944e-01
9.999999999999999167e-02
1.700000000000000122e-01
7.133333333333333748e-01
1.000000000000000194e-01
4.266666666666666941e-01
4.666666666666666879e-02
0.000000000000000000e+00
1.479999999999999760e+00
7.333333333333334758e-02
5.400000000000000355e-01
3.333333333333333287e-02
4.266666666666666941e-01
6.000000000000000472e-02
3.333333333333333287e-02
4.333333333333333481e-02
7.000000000000000666e-02
2.266666666666666552e-01
2.333333333333333440e-02
1.533333333333333215e-01
3.333333333333333547e-03
1.333333333333333419e-02
2.333333333333333440e-02
9.000000000000001055e-02
0.000000000000000000e+00
1.933333333333333570e-01
3.099999999999999978e-01
0.000000000000000000e+00
3.333333333333333287e-02
3.333333333333333287e-02
7.533333333333334103e-01
9.999999999999999167e-02
2.333333333333333440e-02
2.000000000000000042e-02
0.000000000000000000e+00
2.333333333333333440e-02
0.000000000000000000e+00
2.999999999999999889e-02
0.000000000000000000e+00
2.399999999999999911e-01
7.666666666666667462e-02
8.666666666666666963e-02
9.666666666666666463e-02
1.866666666666666752e-01
1.766666666666666663e-01
2.999999999999999889e-02
3.999999999999999667e-01
2.333333333333333440e-02
4.466666666666667118e-01
8.499999999999999778e-01
1.523333333333333428e+00
5.099999999999998979e-01
8.900000000000000133e-01
1.366666666666666918e+00
2.533333333333333548e-01
1.733333333333333393e-01
1.000000000000000021e-02
6.099999999999999867e-01
1.449999999999999956e+00
3.366666666666666696e-01
4.666666666666666879e-02
1.913333333333333330e+00
2.163333333333333552e+00
1.000000000000000021e-02
1.353333333333333499e+00
5.633333333333333526e-01
3.966666666666666674e-01
1.000000000000000021e-02
7.333333333333333925e-01
1.046666666666666634e+00
0.000000000000000000e+00
2.000000000000000042e-02
6.666666666666666574e-02
1.400000000000000133e-01
1.433333333333333404e-01
1.533333333333333492e-01
6.333333333333333870e-02
1.000000000000000194e-01
3.666666666666667379e-02
9.333333333333333759e-02
1.266666666666666774e-01
2.000000000000000042e-02
1.199999999999999956e-01
4.333333333333333481e-02
3.666666666666667379e-02
6.666666666666667095e-03
8.666666666666666963e-02
3.666666666666667379e-02
1.666666666666666644e-02
1.199999999999999956e-01
8.499999999999999778e-01
1.396666666666666723e+00
1.000000000000000021e-02
8.733333333333334059e-01
1.023333333333333206e+00
2.533333333333333548e-01
6.666666666666667095e-03
1.416666666666666741e+00
1.046666666666666634e+00
1.333333333333333419e-02
9.633333333333333748e-01
1.620000000000000107e+00
1.013333333333333419e+00
9.666666666666667851e-02
9.666666666666667851e-02
6.666666666666666574e-02
3.999999999999999667e-01
1.026666666666666616e+00
8.333333333333332871e-02
7.600000000000001199e-01
5.666666666666667074e-02
2.666666666666666838e-02
1.523333333333333428e+00
5.666666666666666380e-02
1.139999999999999902e+00
4.333333333333333481e-02
5.433333333333333348e-01
2.099999999999999922e-01
3.333333333333333547e-03
1.366666666666666863e-01
4.333333333333333481e-02
2.700000000000000178e-01
1.000000000000000021e-02
2.999999999999999889e-01
0.000000000000000000e+00
0.000000000000000000e+00
6.666666666666666574e-02
8.333333333333332871e-02
0.000000000000000000e+00
1.466666666666666397e-01
6.233333333333334059e-01
1.300000000000000044e-01
1.399999999999999856e-01
1.000000000000000021e-02
1.280000000000000027e+00
2.999999999999999889e-02
1.000000000000000021e-02
0.000000000000000000e+00
6.666666666666667095e-03
1.333333333333333419e-02
3.333333333333333547e-03
6.666666666666666574e-02
3.333333333333333547e-03
2.600000000000000089e-01
8.000000000000000167e-02
2.266666666666666552e-01
8.333333333333332871e-02
1.000000000000000021e-02
2.633333333333333637e-01
6.666666666666667095e-03
1.110000000000000098e+00
3.533333333333333326e-01
2.593333333333333268e+00
9.666666666666664520e-01
1.506666666666666821e+00
3.333333333333333547e-03
1.306666666666666643e+00
8.366666666666665586e-01
7.799999999999999156e-01
3.333333333333333287e-02
1.066666666666666652e+00
1.726666666666666572e+00
1.133333333333333415e-01
1.370000000000000107e+00
3.699999999999999400e-01
2.799999999999999711e-01
0.000000000000000000e+00
5.899999999999999689e-01
5.100000000000001199e-01
0.000000000000000000e+00
1.000000000000000021e-02
2.333333333333333440e-02
8.333333333333332871e-02
1.333333333333333419e-02
1.333333333333333315e-01
1.000000000000000021e-02
9.333333333333333759e-02
1.000000000000000021e-02
4.333333333333333481e-02
6.333333333333333870e-02
4.333333333333333481e-02
2.033333333333333381e-01
2.333333333333333440e-02
2.999999999999999889e-02
3.333333333333333547e-03
1.000000000000000194e-01
2.666666666666666838e-02
1.333333333333333419e-02
2.000000000000000042e-02
6.433333333333333126e-01
7.600000000000001199e-01
1.333333333333333419e-02
9.666666666666666741e-01
4.333333333333333481e-01
2.299999999999999822e-01
6.666666666666667095e-03
1.953333333333333366e+00
8.733333333333334059e-01
1.000000000000000021e-02
7.299999999999999822e-01
1.423333333333333561e+00
8.233333333333332504e-01
3.333333333333333287e-02
8.333333333333332871e-02
2.666666666666666838e-02
3.733333333333333504e-01
1.056666666666666643e+00
3.666666666666667379e-02
6.033333333333333881e-01
1.333333333333333419e-02
0.000000000000000000e+00
7.000000000000000666e-01
6.666666666666667095e-03
3.000000000000000444e-01
3.333333333333333547e-03
6.300000000000000044e-01
2.600000000000000089e-01
4.666666666666666879e-02
5.666666666666666380e-02
0.000000000000000000e+00
2.099999999999999922e-01
0.000000000000000000e+00
3.066666666666666985e-01
0.000000000000000000e+00
3.333333333333333547e-03
3.333333333333333287e-02
9.000000000000001055e-02
1.000000000000000021e-02
6.000000000000000472e-02
2.899999999999999800e-01
1.333333333333333419e-02
4.333333333333333481e-02
1.000000000000000021e-02
1.006666666666666599e+00
1.333333333333333419e-02
9.666666666666667851e-02
2.000000000000000042e-02
1.333333333333333419e-02
1.000000000000000021e-02
4.999999999999999584e-02
2.333333333333333093e-02
0.000000000000000000e+00
2.066666666666666652e-01
6.666666666666667095e-03
1.233333333333333365e-01
1.666666666666666644e-02
7.666666666666666075e-02
6.666666666666666574e-02
3.333333333333333287e-02
3.833333333333333037e-01
9.000000000000001055e-02
4.400000000000000022e-01
1.099999999999999867e-01
1.099999999999999867e+00
7.066666666666666652e-01
7.900000000000000355e-01
1.530000000000000027e+00
7.500000000000000000e-01
2.633333333333333637e-01
1.333333333333333419e-02
1.243333333333333401e+00
1.083333333333333259e+00
3.699999999999999400e-01
4.000000000000000083e-02
1.703333333333333366e+00
1.710000000000000187e+00
6.000000000000000472e-02
1.763333333333332975e+00
8.599999999999999867e-01
3.166666666666666519e-01
1.333333333333333419e-02
8.833333333333333037e-01
4.299999999999999933e-01
1.000000000000000021e-02
6.666666666666667095e-03
1.233333333333333365e-01
7.333333333333331983e-02
6.666666666666667095e-03
1.333333333333333315e-01
4.333333333333333481e-02
5.999999999999999778e-02
3.333333333333333547e-03
3.066666666666666430e-01
1.666666666666666644e-02
8.000000000000000167e-02
2.000000000000000042e-02
5.333333333333333676e-02
2.000000000000000042e-02
1.000000000000000021e-02
1.800000000000000211e-01
3.666666666666667379e-02
6.666666666666667095e-03
7.000000000000000666e-02
1.643333333333333313e+00
1.626666666666666705e+00
4.666666666666666879e-02
1.713333333333333597e+00
1.059999999999999831e+00
2.000000000000000389e-01
6.666666666666667095e-03
1.040000000000000036e+00
9.100000000000000311e-01
0.000000000000000000e+00
2.466666666666666730e-01
5.400000000000000355e-01
8.366666666666665586e-01
6.000000000000000472e-02
6.666666666666666574e-02
3.333333333333333287e-02
2.766666666666666718e-01
7.666666666666666075e-01
9.666666666666667851e-02
6.633333333333334414e-01
3.333333333333333547e-03
0.000000000000000000e+00
1.553333333333333455e+00
1.199999999999999956e-01
7.966666666666667451e-01
8.333333333333332871e-02
5.033333333333334103e-01
2.166666666666666741e-01
6.333333333333333870e-02
1.199999999999999956e-01
4.666666666666666879e-02
1.966666666666666841e-01
2.999999999999999889e-02
8.000000000000000167e-02
1.666666666666666644e-02
0.000000000000000000e+00
1.666666666666666644e-02
2.333333333333333093e-01
1.666666666666666644e-02
3.333333333333333287e-02
2.666666666666666630e-01
4.333333333333333481e-02
1.000000000000000021e-02
6.666666666666666574e-02
1.159999999999999920e+00
3.666666666666667379e-02
3.666666666666666685e-02
3.333333333333333287e-02
1.333333333333333419e-02
6.666666666666667095e-03
2.000000000000000042e-02
5.666666666666666380e-02
0.000000000000000000e+00
4.466666666666667118e-01
2.666666666666666838e-02
7.000000000000000666e-02
0.000000000000000000e+00
1.000000000000000021e-02
2.166666666666666741e-01
6.666666666666667095e-03
7.999999999999999334e-01
3.366666666666666696e-01
1.370000000000000107e+00
1.643333333333333313e+00
1.506666666666666821e+00
1.300000000000000044e-01
1.090000000000000080e+00
1.606666666666666687e+00
5.133333333333333082e-01
5.666666666666667074e-02
1.573333333333333472e+00
1.393333333333333313e+00
5.333333333333333676e-02
1.690000000000000169e+00
6.566666666666667318e-01
6.066666666666665764e-01
6.666666666666667095e-03
1.096666666666666679e+00
6.333333333333334147e-01
3.333333333333333287e-02
6.333333333333333870e-02
2.999999999999999889e-02
1.033333333333333326e-01
1.433333333333333404e-01
2.500000000000000000e-01
2.000000000000000042e-02
7.666666666666666075e-02
2.000000000000000042e-02
8.333333333333332871e-02
2.333333333333333093e-02
0.000000000000000000e+00
5.333333333333334370e-02
3.666666666666667379e-02
4.000000000000000083e-02
6.666666666666667095e-03
9.000000000000001055e-02
5.999999999999999778e-02
6.666666666666667095e-03
2.999999999999999889e-02
5.266666666666667274e-01
9.733333333333334947e-01
3.333333333333333287e-02
8.099999999999999423e-01
3.099999999999999978e-01
1.133333333333333276e-01
1.333333333333333419e-02
1.099999999999999867e+00
1.153333333333333321e+00
1.333333333333333419e-02
9.300000000000000488e-01
1.103333333333333277e+00
1.183333333333333348e+00
9.666666666666666463e-02
1.766666666666666663e-01
7.333333333333334758e-02
3.566666666666666874e-01
1.590000000000000080e+00
8.000000000000000167e-02
1.013333333333333419e+00
3.333333333333333287e-02
3.333333333333333547e-03
1.063333333333333464e+00
5.666666666666667074e-02
6.199999999999999956e-01
5.333333333333333676e-02
4.333333333333333481e-01
2.999999999999999889e-01
0.000000000000000000e+00
1.066666666666666735e-01
1.466666666666666674e-01
1.300000000000000044e-01
3.333333333333333547e-03
1.966666666666666563e-01
6.666666666666667095e-03
0.000000000000000000e+00
2.666666666666666838e-02
9.999999999999999167e-02
0.000000000000000000e+00
5.666666666666666380e-02
1.700000000000000122e-01
6.333333333333333870e-02
8.333333333333332871e-02
0.000000000000000000e+00
1.550000000000000044e+00
2.999999999999999889e-02
7.333333333333331983e-02
1.666666666666666644e-02
0.000000000000000000e+00
2.999999999999999889e-02
0.000000000000000000e+00
6.333333333333333870e-02
0.000000000000000000e+00
3.666666666666666963e-01
4.000000000000000083e-02
3.200000000000000067e-01
3.333333333333333287e-02
1.666666666666666644e-02
9.999999999999999167e-02
1.366666666666666863e-01
2.933333333333332793e-01
3.333333333333333287e-02
6.433333333333333126e-01
3.033333333333333437e-01
7.833333333333333259e-01
2.133333333333333470e-01
1.146666666666666723e+00
1.946666666666666545e+00
3.200000000000000067e-01
3.133333333333333526e-01
1.000000000000000021e-02
1.440000000000000169e+00
1.700000000000000122e-01
2.500000000000000000e-01
4.666666666666666186e-02
2.316666666666666874e+00
1.340000000000000080e+00
0.000000000000000000e+00
1.653333333333333321e+00
1.230000000000000204e+00
4.199999999999999845e-01
6.666666666666667095e-03
1.129999999999999893e+00
7.200000000000000844e-01
6.666666666666667095e-03
4.666666666666666879e-02
4.999999999999999584e-02
1.233333333333333365e-01
4.666666666666666879e-02
1.333333333333333315e-01
1.333333333333333419e-02
9.999999999999999167e-02
3.333333333333333287e-02
2.000000000000000042e-02
1.333333333333333419e-02
1.000000000000000021e-02
1.166666666666666546e-01
1.000000000000000021e-02
1.000000000000000021e-02
3.333333333333333547e-03
7.000000000000000666e-02
2.000000000000000042e-02
0.000000000000000000e+00
6.333333333333333870e-02
1.060000000000000053e+00
1.353333333333333499e+00
2.000000000000000042e-02
1.246666666666666812e+00
5.533333333333333437e-01
1.233333333333333365e-01
6.666666666666667095e-03
1.226666666666666794e+00
6.366666666666667140e-01
2.666666666666666838e-02
5.766666666666666607e-01
3.899999999999999578e-01
1.020000000000000018e+00
5.666666666666666380e-02
7.333333333333334758e-02
0.000000000000000000e+00
2.500000000000000000e-01
4.233333333333333393e-01
9.000000000000001055e-02
3.166666666666666519e-01
1.000000000000000021e-02
6.666666666666667095e-03
9.233333333333333393e-01
4.666666666666666879e-02
2.766666666666666718e-01
8.000000000000000167e-02
8.699999999999999956e-01
3.666666666666666963e-01
1.333333333333333419e-02
1.199999999999999956e-01
6.666666666666666574e-02
1.666666666666666574e-01
3.333333333333333547e-03
6.333333333333333870e-02
3.333333333333333547e-03
6.666666666666667095e-03
0.000000000000000000e+00
2.466666666666666730e-01
0.000000000000000000e+00
1.333333333333333419e-02
2.166666666666666741e-01
7.333333333333333370e-02
1.266666666666666774e-01
6.666666666666667095e-03
8.800000000000000044e-01
6.666666666666667095e-03
4.333333333333333481e-02
6.666666666666667095e-03
0.000000000000000000e+00
6.666666666666667095e-03
0.000000000000000000e+00
2.000000000000000042e-02
0.000000000000000000e+00
2.700000000000000178e-01
3.666666666666666685e-02
1.199999999999999956e-01
4.000000000000000083e-02
1.633333333333333304e-01
3.666666666666666963e-01
3.333333333333333547e-03
3.300000000000000155e-01
1.199999999999999956e-01
2.356666666666666909e+00
3.233333333333333059e-01
