1.456666666666666776e+00
6.866666666666666474e-01
1.366666666666666863e-01
8.666666666666666963e-02
1.333333333333333315e-01
6.899999999999999467e-01
4.000000000000000083e-02
1.236666666666666581e+00
5.333333333333333676e-02
3.466666666666666785e-01
3.033333333333333437e-01
4.333333333333333481e-02
4.433333333333333570e-01
0.000000000000000000e+00
2.233333333333333004e-01
4.000000000000000083e-02
1.800000000000000211e-01
2.000000000000000042e-02
7.466666666666667007e-01
1.000000000000000021e-02
2.999999999999999889e-02
1.266666666666666774e-01
1.633333333333333304e-01
1.366666666666666863e-01
7.733333333333333171e-01
1.800000000000000211e-01
0.000000000000000000e+00
2.333333333333333093e-02
0.000000000000000000e+00
0.000000000000000000e+00
0.000000000000000000e+00
0.000000000000000000e+00
3.333333333333333547e-03
6.666666666666666574e-02
6.833333333333334592e-01
3.333333333333333287e-02
1.033333333333333465e-01
9.599999999999999645e-01
5.666666666666666380e-02
1.133333333333333276e-01
1.133333333333333276e-01
1.033333333333333326e-01
3.066666666666666430e-01
2.333333333333333093e-02
3.633333333333333415e-01
2.999999999999999889e-02
0.000000000000000000e+00
0.000000000000000000e+00
6.666666666666667095e-03
0.000000000000000000e+00
5.999999999999999778e-02
6.666666666666667095e-03
1.000000000000000021e-02
4.333333333333333481e-02
1.066666666666666735e-01
8.566666666666667984e-01
6.333333333333333870e-02
0.000000000000000000e+00
6.666666666666666574e-02
2.299999999999999822e-01
9.666666666666667851e-02
2.000000000000000042e-02
5.333333333333333676e-02
8.433333333333332682e-01
7.466666666666667007e-01
1.366666666666666863e-01
9.666666666666667851e-02
1.433333333333333404e-01
9.599999999999999645e-01
1.833333333333333481e-01
5.666666666666666380e-02
8.033333333333333437e-01
8.066666666666666430e-01
4.000000000000000083e-02
7.333333333333333370e-02
3.033333333333332882e-01
6.066666666666666874e-01
1.366666666666666863e-01
1.600000000000000033e-01
5.333333333333333676e-02
4.999999999999999584e-02
1.306666666666666865e+00
1.533333333333333492e-01
1.333333333333333419e-02
3.333333333333333547e-03
3.300000000000000155e-01
5.333333333333333676e-02
1.286666666666666847e+00
2.000000000000000042e-02
0.000000000000000000e+00
1.466666666666666952e-01
2.000000000000000042e-02
4.000000000000000083e-02
3.333333333333333547e-03
0.000000000000000000e+00
3.333333333333333547e-03
0.000000000000000000e+00
2.333333333333333440e-02
4.333333333333333481e-02
9.000000000000001055e-02
6.666666666666666574e-02
1.266666666666666774e-01
0.000000000000000000e+00
6.000000000000000472e-02
2.500000000000000000e-01
5.666666666666666380e-02
0.000000000000000000e+00
6.366666666666667140e-01
8.599999999999999867e-01
2.999999999999999889e-02
3.000000000000000236e-02
8.266666666666666607e-01
3.066666666666666985e-01
2.999999999999999889e-02
4.000000000000000083e-02
3.333333333333333547e-03
4.199999999999999845e-01
1.100000000000000006e-01
6.733333333333333393e-01
1.000000000000000021e-02
4.000000000000000083e-02
4.000000000000000083e-02
1.000000000000000194e-01
2.866666666666666807e-01
1.499999999999999944e-01
6.666666666666666297e-01
6.666666666666666574e-02
3.066666666666666430e-01
8.666666666666666963e-02
4.000000000000000083e-02
5.000000000000000971e-02
7.333333333333334758e-02
4.500000000000000111e-01
8.466666666666666785e-01
0.000000000000000000e+00
5.633333333333333526e-01
1.126666666666666705e+00
4.000000000000000083e-02
0.000000000000000000e+00
1.119999999999999885e+00
2.200000000000000011e-01
8.966666666666666119e-01
3.366666666666666696e-01
4.666666666666666879e-02
8.333333333333332871e-02
1.033333333333333326e-01
6.666666666666667095e-03
0.000000000000000000e+00
0.000000000000000000e+00
2.666666666666666838e-02
9.666666666666666463e-02
1.666666666666666644e-02
9.666666666666667851e-02
1.000000000000000021e-02
2.399999999999999911e-01
2.299999999999999822e-01
1.066666666666666458e-01
6.666666666666667095e-03
8.000000000000000167e-02
0.000000000000000000e+00
1.399999999999999856e-01
5.333333333333333676e-02
1.066666666666666735e-01
3.699999999999999400e-01
2.666666666666666838e-02
1.303333333333333455e+00
3.933333333333333681e-01
1.333333333333333315e-01
2.033333333333333381e-01
2.999999999999999889e-02
6.666666666666667095e-03
1.203333333333333366e+00
1.600000000000000033e-01
5.333333333333333676e-02
5.333333333333333676e-02
3.333333333333333287e-02
1.133333333333333276e-01
2.333333333333333093e-02
1.386666666666666714e+00
2.600000000000000089e-01
1.276666666666666616e+00
2.066666666666666652e-01
7.000000000000000666e-02
0.000000000000000000e+00
6.566666666666666208e-01
4.666666666666666879e-02
1.000000000000000021e-02
5.000000000000000971e-02
3.433333333333333237e-01
1.000000000000000194e-01
3.333333333333333287e-02
2.666666666666666838e-02
0.000000000000000000e+00
1.739999999999999991e+00
1.213333333333333153e+00
9.000000000000001055e-02
1.833333333333333481e-01
1.333333333333333419e-02
2.033333333333333381e-01
9.333333333333333759e-02
2.000000000000000042e-02
2.500000000000000000e-01
2.233333333333333004e-01
4.333333333333333481e-02
2.666666666666666838e-02
4.000000000000000083e-02
1.666666666666666574e-01
2.199999999999999734e-01
2.999999999999999889e-02
1.300000000000000044e-01
8.799999999999998934e-01
9.999999999999999167e-02
4.333333333333333481e-02
1.030000000000000027e+00
8.199999999999999512e-01
4.333333333333333481e-02
1.066666666666666735e-01
1.466666666666666952e-01
4.366666666666667029e-01
1.256666666666666821e+00
9.466666666666666563e-01
1.966666666666666563e-01
3.300000000000000155e-01
1.000000000000000194e-01
1.366666666666666585e-01
1.276666666666666616e+00
1.300000000000000044e-01
3.266666666666666607e-01
1.933333333333333570e-01
1.066666666666666458e-01
3.433333333333332682e-01
7.433333333333332904e-01
