1.226666666666666572e+00
1.199999999999999956e+00
9.666666666666667851e-02
9.333333333333332371e-02
2.200000000000000011e-01
5.000000000000000971e-02
0.000000000000000000e+00
3.666666666666667379e-02
1.133333333333333415e-01
3.499999999999999223e-01
0.000000000000000000e+00
4.000000000000000083e-02
8.666666666666666963e-02
1.533333333333333492e-01
0.000000000000000000e+00
6.000000000000000472e-02
4.766666666666667385e-01
2.200000000000000011e-01
2.200000000000000011e-01
7.666666666666667462e-02
1.333333333333333419e-02
3.333333333333333287e-02
1.333333333333333315e-01
7.666666666666667185e-01
1.033333333333333326e-01
3.566666666666666319e-01
2.926666666666666305e+00
4.666666666666666186e-01
8.233333333333332504e-01
5.833333333333333703e-01
7.000000000000000666e-02
1.266666666666666774e-01
0.000000000000000000e+00
2.033333333333333381e-01
0.000000000000000000e+00
8.399999999999999689e-01
1.753333333333333188e+00
4.666666666666666186e-01
2.766666666666666718e-01
7.166666666666666741e-01
2.066666666666666652e-01
1.099999999999999867e-01
0.000000000000000000e+00
0.000000000000000000e+00
7.000000000000000666e-02
0.000000000000000000e+00
8.333333333333332871e-02
3.866666666666667140e-01
5.666666666666665408e-01
1.016666666666666607e+00
1.633333333333333304e-01
9.966666666666667007e-01
7.099999999999999645e-01
8.233333333333332504e-01
3.166666666666666519e-01
1.213333333333333153e+00
1.000000000000000021e-02
4.666666666666666879e-02
1.080000000000000071e+00
7.666666666666667462e-02
0.000000000000000000e+00
5.833333333333333703e-01
1.820000000000000062e+00
0.000000000000000000e+00
0.000000000000000000e+00
6.400000000000000133e-01
9.433333333333333570e-01
0.000000000000000000e+00
6.433333333333334236e-01
1.066666666666666652e+00
3.666666666666667379e-02
1.966666666666666563e-01
6.533333333333333215e-01
1.166666666666666546e-01
1.933333333333333293e-01
1.300000000000000044e-01
1.370000000000000107e+00
1.290000000000000036e+00
1.666666666666666741e+00
2.333333333333333440e-02
5.699999999999999512e-01
0.000000000000000000e+00
6.666666666666667095e-03
0.000000000000000000e+00
0.000000000000000000e+00
6.666666666666667095e-03
0.000000000000000000e+00
6.666666666666667095e-03
4.666666666666666186e-01
1.650000000000000133e+00
1.733333333333333393e-01
1.033333333333333326e-01
4.633333333333333748e-01
2.566666666666666541e-01
1.726666666666666572e+00
5.366666666666666252e-01
1.330000000000000071e+00
1.483333333333333393e+00
5.333333333333333676e-02
2.000000000000000042e-02
1.729999999999999760e+00
1.253333333333333188e+00
3.266666666666666607e-01
1.700000000000000122e-01
1.453333333333333366e+00
6.566666666666667318e-01
2.166666666666666741e-01
3.266666666666666607e-01
0.000000000000000000e+00
4.333333333333333481e-02
0.000000000000000000e+00
5.000000000000000000e-01
4.333333333333333481e-02
4.999999999999999584e-02
2.666666666666666838e-02
1.333333333333333419e-02
8.033333333333333437e-01
9.999999999999999167e-02
3.033333333333332882e-01
4.866666666666666363e-01
2.666666666666666838e-02
6.266666666666665941e-01
7.133333333333333748e-01
4.966666666666666452e-01
0.000000000000000000e+00
8.666666666666666963e-02
2.233333333333333004e-01
1.866666666666666752e-01
6.666666666666667095e-03
2.033333333333333381e-01
5.666666666666666380e-02
3.333333333333333547e-03
1.493333333333333401e+00
1.166666666666666546e-01
1.760000000000000009e+00
1.063333333333333464e+00
0.000000000000000000e+00
1.466666666666666674e-01
1.030000000000000027e+00
7.500000000000000000e-01
2.266666666666666829e-01
8.666666666666666963e-02
1.633333333333333304e-01
3.566666666666666874e-01
1.083333333333333259e+00
8.333333333333332871e-02
0.000000000000000000e+00
1.999999999999999833e-01
5.400000000000000355e-01
1.000000000000000021e-02
4.899999999999999911e-01
8.133333333333333526e-01
7.999999999999999334e-01
3.333333333333333287e-02
4.666666666666666879e-02
4.333333333333333481e-02
1.533333333333333215e-01
6.000000000000000472e-02
1.066666666666666735e-01
2.500000000000000000e-01
2.866666666666666807e-01
1.449999999999999956e+00
2.833333333333333259e-01
4.566666666666667207e-01
1.800000000000000044e+00
1.030000000000000027e+00
8.333333333333332871e-02
1.293333333333333224e+00
2.200000000000000011e-01
2.999999999999999889e-02
2.133333333333333470e-01
1.366666666666666863e-01
1.013333333333333419e+00
2.766666666666666718e-01
1.433333333333333404e-01
1.760000000000000009e+00
1.270000000000000018e+00
2.416666666666666519e+00
1.809999999999999831e+00
1.489999999999999991e+00
2.266666666666666552e-01
2.633333333333333637e-01
1.300000000000000044e+00
7.233333333333332726e-01
1.773333333333333428e+00
