8.566666666666667984e-01
2.299999999999999822e-01
1.233333333333333365e-01
2.566666666666666541e-01
5.733333333333333615e-01
1.000000000000000021e-02
1.633333333333333304e-01
2.366666666666666641e-01
3.333333333333333287e-02
6.566666666666667318e-01
3.666666666666667379e-02
3.533333333333333326e-01
1.466666666666666397e-01
3.800000000000000600e-01
1.333333333333333419e-02
4.000000000000000083e-02
4.333333333333333481e-02
5.333333333333333259e-01
3.133333333333332971e-01
3.499999999999999223e-01
1.633333333333333304e-01
4.666666666666666879e-02
7.700000000000000178e-01
3.799999999999999489e-01
2.766666666666666718e-01
4.666666666666666186e-01
3.099999999999999978e-01
1.266666666666666774e-01
5.399999999999999245e-01
2.633333333333333637e-01
1.806666666666666643e+00
4.599999999999999645e-01
1.666666666666666574e-01
7.666666666666667462e-02
3.200000000000000067e-01
2.133333333333333470e-01
3.333333333333333547e-03
2.800000000000000266e-01
4.666666666666666879e-02
1.330000000000000071e+00
2.233333333333333559e-01
1.333333333333333315e-01
8.466666666666666785e-01
4.000000000000000083e-02
1.100000000000000006e-01
1.933333333333333293e-01
2.366666666666666641e-01
1.666666666666666644e-02
0.000000000000000000e+00
6.933333333333333570e-01
