4.266666666666666941e-01
1.433333333333333404e-01
2.666666666666666630e-01
1.033333333333333326e-01
9.300000000000000488e-01
1.333333333333333315e-01
9.666666666666666741e-01
4.433333333333333570e-01
4.899999999999999911e-01
1.550000000000000044e+00
2.999999999999999889e-01
1.643333333333333313e+00
2.333333333333333440e-02
4.000000000000000777e-01
1.133333333333333276e-01
7.200000000000000844e-01
3.666666666666666963e-01
1.889999999999999902e+00
7.099999999999999645e-01
1.593333333333333490e+00
5.266666666666667274e-01
2.500000000000000555e-01
1.366666666666666474e+00
1.766666666666666663e-01
1.333333333333333315e-01
4.333333333333333481e-02
9.000000000000001055e-02
2.800000000000000266e-01
9.333333333333333759e-02
1.600000000000000033e-01
6.833333333333332371e-01
1.999999999999999833e-01
4.333333333333333481e-02
8.333333333333332871e-02
1.000000000000000194e-01
1.700000000000000122e-01
1.000000000000000021e-02
1.263333333333333419e+00
4.333333333333333481e-02
5.433333333333333348e-01
1.733333333333333393e-01
1.136666666666666714e+00
7.399999999999998801e-01
5.433333333333333348e-01
1.056666666666666643e+00
1.033333333333333326e-01
1.223333333333333384e+00
1.370000000000000107e+00
9.666666666666667851e-02
1.633333333333333304e-01
1.383333333333333526e+00
8.666666666666666963e-02
5.000000000000000971e-02
2.099999999999999922e-01
2.700000000000000178e-01
9.366666666666666474e-01
5.000000000000000971e-02
3.233333333333333059e-01
4.166666666666666852e-01
5.766666666666666607e-01
2.933333333333333348e-01
1.533333333333333492e-01
2.999999999999999889e-02
7.333333333333333925e-01
9.333333333333333759e-02
3.333333333333333287e-02
1.666666666666666574e-01
5.233333333333333171e-01
1.533333333333333215e-01
5.333333333333333676e-02
1.000000000000000000e+00
6.666666666666667095e-03
1.833333333333333481e-01
2.433333333333333182e-01
6.400000000000000133e-01
3.600000000000000422e-01
9.666666666666667851e-02
7.633333333333333082e-01
2.333333333333333440e-02
6.666666666666667095e-03
1.059999999999999831e+00
1.000000000000000021e-02
6.000000000000000472e-02
2.500000000000000000e-01
2.999999999999999889e-02
1.933333333333333570e-01
1.300000000000000044e-01
5.000000000000000971e-02
4.000000000000000083e-02
1.933333333333333570e-01
9.100000000000000311e-01
3.499999999999999223e-01
4.000000000000000083e-02
2.233333333333333559e-01
1.499999999999999944e-01
3.300000000000000155e-01
8.499999999999999778e-01
9.666666666666667851e-02
1.666666666666666741e+00
3.333333333333333547e-03
5.333333333333333259e-01
4.233333333333333393e-01
6.666666666666667095e-03
4.533333333333333104e-01
2.033333333333333381e-01
4.733333333333333282e-01
0.000000000000000000e+00
0.000000000000000000e+00
1.133333333333333276e-01
1.700000000000000122e-01
2.166666666666666741e-01
2.900000000000000355e-01
3.000000000000000236e-02
1.800000000000000211e-01
2.066666666666666652e-01
7.300000000000000933e-01
6.333333333333333870e-02
2.299999999999999822e-01
1.633333333333333304e-01
6.666666666666666574e-02
2.766666666666666718e-01
1.100000000000000006e-01
9.599999999999999645e-01
4.699999999999999734e-01
9.133333333333332194e-01
1.499999999999999944e-01
7.333333333333334758e-02
2.666666666666666838e-02
1.343333333333333490e+00
1.866666666666666474e-01
1.126666666666666705e+00
1.766666666666666663e-01
1.333333333333333315e-01
6.666666666666667095e-03
1.133333333333333276e-01
2.066666666666666652e-01
9.666666666666667851e-02
5.333333333333333676e-02
9.333333333333333759e-02
4.999999999999999584e-02
1.499999999999999944e-01
5.466666666666667451e-01
9.799999999999999822e-01
2.333333333333333440e-02
1.469999999999999973e+00
9.100000000000000311e-01
2.133333333333333470e-01
3.933333333333333126e-01
3.666666666666667379e-02
3.866666666666666585e-01
1.100000000000000006e-01
1.386666666666666714e+00
4.199999999999999845e-01
5.600000000000000533e-01
2.236666666666666803e+00
2.666666666666666630e-01
1.136666666666666714e+00
4.333333333333333481e-02
2.800000000000000266e-01
6.333333333333333870e-02
3.300000000000000155e-01
4.599999999999999645e-01
8.133333333333333526e-01
5.699999999999999512e-01
1.209999999999999964e+00
1.933333333333333293e-01
3.066666666666666985e-01
2.766666666666666718e-01
1.133333333333333415e-01
1.266666666666666774e-01
1.666666666666666644e-02
1.466666666666666397e-01
1.166666666666666546e-01
1.033333333333333326e-01
9.333333333333333759e-02
2.533333333333333548e-01
3.333333333333333547e-03
0.000000000000000000e+00
0.000000000000000000e+00
1.666666666666666644e-02
8.000000000000000167e-02
5.000000000000000971e-02
1.290000000000000036e+00
1.733333333333333393e-01
2.999999999999999889e-01
1.366666666666666863e-01
2.026666666666666838e+00
5.833333333333333703e-01
2.366666666666666641e-01
4.366666666666667029e-01
1.199999999999999956e-01
1.210000000000000187e+00
6.233333333333334059e-01
2.600000000000000089e-01
2.099999999999999922e-01
1.516666666666666607e+00
8.333333333333332871e-02
3.133333333333333526e-01
3.233333333333333059e-01
1.800000000000000211e-01
1.906666666666666954e+00
1.399999999999999856e-01
4.766666666666666274e-01
5.266666666666667274e-01
9.500000000000000666e-01
4.666666666666666879e-02
3.033333333333333437e-01
1.033333333333333326e-01
8.099999999999999423e-01
2.500000000000000000e-01
1.266666666666666774e-01
1.700000000000000122e-01
3.099999999999999978e-01
1.000000000000000194e-01
1.133333333333333276e-01
4.400000000000000022e-01
5.333333333333333676e-02
5.999999999999999778e-02
2.899999999999999800e-01
7.633333333333333082e-01
3.300000000000000155e-01
2.033333333333333381e-01
1.263333333333333419e+00
1.300000000000000044e-01
1.266666666666666774e-01
1.223333333333333384e+00
6.666666666666667095e-03
1.300000000000000044e-01
4.899999999999999356e-01
3.333333333333333287e-02
5.366666666666666252e-01
1.499999999999999944e-01
1.899999999999999745e-01
1.399999999999999856e-01
8.000000000000000167e-02
1.276666666666666616e+00
1.633333333333333304e-01
2.966666666666666896e-01
1.033333333333333465e-01
3.133333333333333526e-01
9.566666666666666652e-01
6.133333333333333970e-01
3.066666666666666985e-01
1.426666666666666750e+00
3.666666666666667379e-02
5.866666666666666696e-01
1.633333333333333304e-01
4.000000000000000083e-02
5.699999999999999512e-01
1.400000000000000133e-01
9.000000000000001055e-02
6.999999999999999278e-02
0.000000000000000000e+00
3.666666666666666963e-01
3.899999999999999578e-01
1.166666666666666546e-01
4.033333333333333215e-01
2.000000000000000042e-02
3.899999999999999578e-01
3.100000000000000533e-01
5.466666666666667451e-01
3.366666666666666696e-01
4.533333333333333104e-01
1.600000000000000033e-01
2.333333333333333093e-02
5.066666666666667096e-01
7.000000000000000666e-02
4.833333333333333925e-01
6.933333333333333570e-01
7.766666666666667274e-01
9.000000000000001055e-02
7.333333333333331983e-02
8.333333333333332871e-02
1.480000000000000204e+00
3.333333333333333287e-02
1.143333333333333313e+00
9.666666666666667851e-02
1.199999999999999956e-01
5.000000000000000971e-02
9.333333333333333759e-02
2.166666666666666741e-01
1.366666666666666863e-01
2.999999999999999889e-01
1.066666666666666735e-01
9.000000000000001055e-02
2.266666666666666829e-01
9.033333333333333215e-01
6.233333333333332948e-01
9.000000000000001055e-02
1.110000000000000098e+00
