3.800000000000000600e-01
8.333333333333332871e-02
2.533333333333333548e-01
1.300000000000000044e-01
8.666666666666666963e-02
9.466666666666666563e-01
1.550000000000000044e+00
2.266666666666666829e-01
4.266666666666666941e-01
2.833333333333333259e-01
8.333333333333333703e-01
6.400000000000000133e-01
2.033333333333333381e-01
2.220000000000000195e+00
3.166666666666667074e-01
9.199999999999999289e-01
2.600000000000000089e-01
1.966666666666666841e-01
4.933333333333333459e-01
4.500000000000000111e-01
8.666666666666665853e-01
1.523333333333333428e+00
1.023333333333333206e+00
2.833333333333333259e-01
3.933333333333333126e-01
1.233333333333333365e-01
1.966666666666666563e-01
1.809999999999999831e+00
8.000000000000000167e-02
1.323333333333333472e+00
4.333333333333333481e-02
6.333333333333333870e-02
1.193333333333333357e+00
0.000000000000000000e+00
3.133333333333333526e-01
9.166666666666666297e-01
2.433333333333333182e-01
4.666666666666666186e-02
5.400000000000000355e-01
0.000000000000000000e+00
1.333333333333333419e-02
1.333333333333333419e-02
2.266666666666666552e-01
0.000000000000000000e+00
2.966666666666666896e-01
0.000000000000000000e+00
1.366666666666666863e-01
3.666666666666666685e-02
1.016666666666666607e+00
4.233333333333333393e-01
2.099999999999999922e-01
4.000000000000000083e-02
1.563333333333333464e+00
1.536666666666666847e+00
1.733333333333333393e-01
9.133333333333334414e-01
8.000000000000000167e-02
9.366666666666665364e-01
7.433333333333332904e-01
5.333333333333333259e-01
1.826666666666666883e+00
2.099999999999999922e-01
5.266666666666667274e-01
4.133333333333333304e-01
1.399999999999999856e-01
1.506666666666666599e+00
2.399999999999999911e-01
2.133333333333333470e-01
4.333333333333333481e-02
1.400000000000000133e-01
8.499999999999999778e-01
3.266666666666666607e-01
1.553333333333333455e+00
2.333333333333333093e-01
6.333333333333333870e-02
8.733333333333334059e-01
7.666666666666667462e-02
1.000000000000000021e-02
7.399999999999998801e-01
1.543333333333333224e+00
6.666666666666667095e-03
7.666666666666667462e-02
3.333333333333333287e-02
1.766666666666666663e-01
1.466666666666666397e-01
8.033333333333332327e-01
2.000000000000000042e-02
2.166666666666666741e-01
1.666666666666666644e-02
5.633333333333333526e-01
6.400000000000000133e-01
7.133333333333333748e-01
1.300000000000000044e-01
9.666666666666666463e-02
3.666666666666666685e-02
3.333333333333333547e-03
1.466666666666666674e-01
5.800000000000000711e-01
2.466666666666666730e-01
2.999999999999999889e-02
5.233333333333333171e-01
3.300000000000000155e-01
2.100000000000000089e+00
2.716666666666666341e+00
1.466666666666666952e-01
3.733333333333333504e-01
2.866666666666666807e-01
1.733333333333333393e-01
6.000000000000000472e-02
1.366666666666666863e-01
9.733333333333334947e-01
9.666666666666666463e-02
5.666666666666667074e-02
6.266666666666665941e-01
2.066666666666666652e-01
3.666666666666666963e-01
1.399999999999999856e-01
1.000000000000000021e-02
1.133333333333333276e-01
4.000000000000000083e-02
5.933333333333332682e-01
7.666666666666666075e-02
5.666666666666666380e-02
3.333333333333333547e-03
3.666666666666666685e-02
3.666666666666666963e-01
