1.330000000000000071e+00
5.466666666666666341e-01
1.933333333333333293e-01
2.766666666666666718e-01
5.000000000000000971e-02
1.633333333333333304e-01
1.133333333333333276e-01
1.199999999999999956e-01
0.000000000000000000e+00
2.000000000000000042e-02
3.300000000000000155e-01
1.050000000000000044e+00
3.799999999999999489e-01
2.113333333333333286e+00
2.166666666666666463e-01
2.466666666666666730e-01
4.000000000000000083e-02
7.966666666666667451e-01
1.666666666666666644e-02
1.333333333333333419e-02
6.666666666666666574e-02
9.333333333333333759e-02
0.000000000000000000e+00
4.666666666666666879e-02
2.000000000000000042e-02
6.533333333333333215e-01
6.666666666666666297e-01
0.000000000000000000e+00
2.666666666666666838e-02
4.566666666666667207e-01
0.000000000000000000e+00
0.000000000000000000e+00
3.866666666666667140e-01
1.333333333333333315e-01
2.266666666666666829e-01
5.266666666666667274e-01
3.333333333333333287e-02
8.000000000000000167e-02
1.066666666666666735e-01
1.733333333333333393e-01
9.000000000000001055e-02
7.533333333333334103e-01
1.326666666666666661e+00
1.000000000000000194e-01
5.833333333333333703e-01
1.333333333333333419e-02
8.666666666666666963e-02
1.383333333333333526e+00
7.666666666666667462e-02
7.000000000000000666e-02
4.033333333333333215e-01
1.966666666666666563e-01
2.600000000000000089e-01
8.633333333333332860e-01
1.899999999999999745e-01
2.166666666666666741e-01
2.766666666666666718e-01
1.633333333333333304e-01
4.333333333333333481e-02
0.000000000000000000e+00
0.000000000000000000e+00
4.666666666666666879e-02
9.999999999999999167e-02
3.333333333333333287e-02
2.000000000000000042e-02
1.366666666666666863e-01
1.966666666666666563e-01
7.133333333333332638e-01
4.633333333333333748e-01
1.666666666666666574e-01
2.666666666666666838e-02
1.600000000000000033e-01
1.333333333333333419e-02
1.666666666666666644e-02
1.086666666666666670e+00
2.333333333333333093e-02
6.666666666666666574e-02
1.633333333333333304e-01
1.800000000000000211e-01
2.143333333333333091e+00
9.666666666666666741e-01
1.566666666666666485e-01
2.096666666666666679e+00
4.400000000000000022e-01
9.666666666666667851e-02
3.233333333333333059e-01
1.213333333333333153e+00
1.433333333333333404e-01
5.333333333333333259e-01
1.056666666666666643e+00
5.333333333333333676e-02
1.800000000000000211e-01
2.666666666666666838e-02
2.999999999999999889e-01
1.333333333333333419e-02
6.666666666666667095e-03
0.000000000000000000e+00
0.000000000000000000e+00
1.033333333333333326e-01
2.333333333333333093e-02
4.799999999999999822e-01
1.566666666666666763e-01
4.000000000000000083e-02
4.966666666666665897e-01
3.733333333333333504e-01
1.633333333333333304e-01
9.000000000000001055e-02
3.333333333333333287e-02
2.666666666666666838e-02
5.999999999999999778e-02
1.499999999999999944e-01
4.000000000000000083e-02
9.666666666666667851e-02
0.000000000000000000e+00
8.000000000000000167e-02
1.000000000000000021e-02
1.003333333333333188e+00
0.000000000000000000e+00
7.666666666666667185e-01
4.633333333333333748e-01
1.000000000000000021e-02
3.366666666666666696e-01
4.366666666666667029e-01
1.276666666666666616e+00
1.533333333333333492e-01
2.099999999999999922e-01
7.666666666666667462e-02
0.000000000000000000e+00
0.000000000000000000e+00
3.600000000000000422e-01
0.000000000000000000e+00
6.466666666666666119e-01
3.999999999999999667e-01
6.666666666666666574e-02
2.266666666666666552e-01
3.500000000000000333e-01
1.000000000000000021e-02
3.333333333333333287e-02
5.066666666666667096e-01
2.999999999999999889e-02
1.066666666666666458e-01
3.799999999999999489e-01
1.346666666666666679e+00
9.333333333333332371e-02
2.666666666666666838e-02
2.899999999999999800e-01
1.186666666666666758e+00
1.166666666666666824e-01
8.333333333333332871e-02
2.169999999999999929e+00
2.333333333333333648e-01
2.966666666666666341e-01
7.400000000000001021e-01
1.563333333333333242e+00
6.666666666666667095e-03
1.600000000000000033e-01
1.333333333333333419e-02
7.666666666666666075e-02
1.333333333333333315e-01
7.333333333333333370e-02
1.666666666666666644e-02
4.299999999999999933e-01
3.066666666666666430e-01
4.309999999999999609e+00
