7.099999999999999645e-01
8.666666666666666963e-02
1.233333333333333365e-01
6.666666666666666574e-02
2.466666666666666730e-01
1.533333333333333215e-01
7.099999999999999645e-01
0.000000000000000000e+00
5.333333333333333259e-01
1.533333333333333215e+00
1.733333333333333393e-01
1.033333333333333326e-01
1.966666666666666841e-01
1.186666666666666758e+00
5.000000000000000971e-02
9.033333333333333215e-01
0.000000000000000000e+00
3.333333333333333547e-03
0.000000000000000000e+00
4.333333333333333481e-02
3.666666666666666685e-02
0.000000000000000000e+00
2.000000000000000042e-02
4.666666666666666879e-02
7.666666666666667462e-02
1.100000000000000006e-01
0.000000000000000000e+00
1.133333333333333415e-01
4.799999999999999822e-01
7.333333333333333370e-02
7.000000000000000666e-02
3.333333333333333547e-03
1.866666666666666474e-01
3.200000000000000067e-01
8.433333333333332682e-01
8.399999999999999689e-01
3.666666666666666963e-01
5.499999999999999334e-01
1.499999999999999944e-01
1.200000000000000094e-01
3.433333333333333237e-01
0.000000000000000000e+00
2.500000000000000000e-01
1.520000000000000240e+00
6.433333333333334236e-01
4.766666666666666274e-01
4.666666666666666879e-02
3.166666666666666519e-01
1.666666666666666574e-01
0.000000000000000000e+00
1.666666666666666644e-02
4.666666666666666879e-02
2.666666666666666838e-02
8.333333333333332871e-02
2.999999999999999889e-02
2.000000000000000042e-02
4.666666666666666879e-02
2.999999999999999889e-01
1.766666666666666663e-01
2.000000000000000042e-02
3.666666666666667379e-02
8.933333333333334236e-01
0.000000000000000000e+00
9.666666666666667851e-02
1.333333333333333419e-02
6.666666666666667095e-03
5.000000000000000971e-02
3.333333333333333287e-02
3.033333333333333437e-01
1.399999999999999856e-01
2.999999999999999889e-01
1.246666666666666812e+00
1.600000000000000033e-01
7.666666666666667462e-02
9.000000000000001055e-02
2.299999999999999822e-01
1.486666666666666581e+00
1.393333333333333313e+00
5.999999999999999778e-02
2.733333333333333726e-01
8.666666666666666963e-02
1.000000000000000021e-02
4.000000000000000083e-02
7.200000000000000844e-01
1.000000000000000021e-02
7.000000000000000666e-02
4.000000000000000083e-02
1.076666666666666883e+00
9.666666666666666463e-02
3.866666666666666585e-01
3.699999999999999400e-01
1.179999999999999938e+00
7.666666666666667462e-02
1.666666666666666574e-01
8.666666666666666963e-01
4.333333333333333481e-01
4.333333333333333481e-02
6.933333333333333570e-01
6.833333333333332371e-01
2.666666666666666838e-02
0.000000000000000000e+00
0.000000000000000000e+00
0.000000000000000000e+00
1.366666666666666863e-01
1.900000000000000300e-01
6.300000000000000044e-01
1.466666666666666674e-01
2.866666666666666807e-01
6.099999999999999867e-01
1.566666666666666485e-01
4.000000000000000083e-02
1.189999999999999947e+00
1.153333333333333321e+00
1.066666666666666735e-01
1.199999999999999956e-01
1.766666666666666663e-01
2.656666666666666732e+00
2.966666666666666341e-01
1.266666666666666774e-01
4.666666666666666879e-02
6.233333333333334059e-01
2.666666666666666838e-02
2.433333333333333182e-01
1.266666666666666774e-01
9.000000000000001055e-02
4.000000000000000083e-02
9.999999999999999167e-02
5.066666666666667096e-01
1.666666666666666574e-01
9.666666666666667851e-01
5.000000000000000971e-02
1.499999999999999944e-01
9.666666666666667851e-02
4.666666666666666186e-02
2.666666666666666838e-02
3.700000000000000511e-01
1.666666666666666574e-01
4.899999999999999911e-01
1.400000000000000133e+00
2.500000000000000000e-01
5.200000000000000178e-01
1.233333333333333393e+00
5.200000000000000178e-01
2.933333333333333348e-01
1.733333333333333393e-01
2.000000000000000042e-02
1.933333333333333570e-01
8.666666666666666963e-02
0.000000000000000000e+00
5.666666666666667074e-02
2.500000000000000000e-01
1.006666666666666599e+00
1.666666666666666644e-02
2.800000000000000266e-01
3.766666666666666496e-01
1.110000000000000098e+00
3.566666666666666874e-01
8.666666666666666963e-02
2.366666666666666641e-01
6.733333333333333393e-01
4.566666666666667207e-01
2.166666666666666741e-01
1.333333333333333315e-01
6.333333333333333870e-02
2.299999999999999822e-01
1.266666666666666774e-01
1.283333333333333437e+00
1.186666666666666536e+00
1.000000000000000021e-02
5.666666666666666380e-02
1.063333333333333242e+00
2.166666666666666463e-01
1.760000000000000009e+00
1.540000000000000036e+00
2.333333333333333093e-01
8.666666666666666963e-02
1.600000000000000033e-01
3.333333333333333287e-02
4.000000000000000083e-02
6.666666666666666574e-02
5.000000000000000971e-02
2.866666666666666252e-01
9.333333333333333759e-02
1.600000000000000033e-01
1.666666666666666644e-02
4.066666666666666763e-01
2.333333333333333440e-02
1.300000000000000044e-01
1.300000000000000044e-01
5.399999999999999245e-01
8.766666666666665941e-01
2.099999999999999922e-01
9.599999999999999645e-01
3.533333333333333326e-01
5.666666666666667074e-02
2.866666666666666807e-01
1.633333333333333304e-01
1.063333333333333242e+00
9.666666666666666741e-01
0.000000000000000000e+00
1.146666666666666723e+00
1.376666666666666705e+00
1.366666666666666863e-01
2.033333333333333381e-01
5.333333333333333259e-01
3.866666666666667140e-01
0.000000000000000000e+00
1.466666666666666397e-01
0.000000000000000000e+00
3.333333333333333547e-03
3.333333333333333547e-03
1.000000000000000021e-02
2.999999999999999889e-02
1.666666666666666644e-02
1.666666666666666574e-01
6.300000000000000044e-01
2.666666666666666838e-02
3.766666666666666496e-01
1.666666666666666644e-02
3.466666666666666785e-01
2.166666666666666741e-01
1.333333333333333419e-02
5.999999999999999778e-02
3.066666666666666430e-01
4.666666666666666879e-02
1.000000000000000021e-02
2.000000000000000042e-02
3.833333333333333037e-01
3.333333333333333287e-02
5.666666666666667074e-02
1.633333333333333304e-01
1.336666666666666670e+00
1.333333333333333315e-01
1.533333333333333215e-01
9.000000000000001055e-02
6.666666666666667095e-03
0.000000000000000000e+00
2.733333333333333726e-01
2.333333333333333093e-02
4.633333333333333193e-01
5.899999999999999689e-01
1.669999999999999929e+00
3.599999999999999312e-01
3.266666666666666607e-01
2.333333333333333440e-02
1.100000000000000006e-01
3.166666666666666519e-01
3.033333333333332882e-01
1.023333333333333206e+00
1.233333333333333365e-01
1.383333333333333526e+00
2.333333333333333440e-02
2.000000000000000389e-01
4.666666666666666186e-02
2.833333333333333814e-01
3.333333333333333287e-02
2.833333333333333259e-01
1.399999999999999856e-01
4.333333333333333481e-02
2.133333333333333470e-01
8.000000000000000167e-02
1.666666666666666644e-02
1.533333333333333492e-01
1.303333333333333455e+00
0.000000000000000000e+00
2.099999999999999922e-01
7.200000000000000844e-01
2.240000000000000213e+00
2.833333333333333259e-01
3.600000000000000422e-01
3.833333333333333037e-01
9.000000000000001055e-02
1.333333333333333315e-01
1.179999999999999938e+00
6.000000000000000888e-01
1.276666666666666616e+00
