9.233333333333333393e-01
1.330000000000000071e+00
1.300000000000000044e-01
2.500000000000000000e-01
8.599999999999999867e-01
6.533333333333333215e-01
1.433333333333333404e-01
9.666666666666667851e-02
1.000000000000000021e-02
1.199999999999999956e-01
1.199999999999999956e-01
3.466666666666666785e-01
1.160000000000000142e+00
1.159999999999999920e+00
8.000000000000000167e-02
4.666666666666666879e-02
3.066666666666666985e-01
6.566666666666666208e-01
4.333333333333333481e-02
1.866666666666666474e-01
5.000000000000000000e-01
7.333333333333333925e-01
3.333333333333333547e-03
1.340000000000000080e+00
8.099999999999999423e-01
0.000000000000000000e+00
9.666666666666666463e-02
1.000000000000000000e+00
6.666666666666666574e-02
1.666666666666666574e-01
7.833333333333333259e-01
5.533333333333333437e-01
4.000000000000000083e-02
1.136666666666666492e+00
6.366666666666667140e-01
1.566666666666666485e-01
1.666666666666666644e-02
2.866666666666666807e-01
1.933333333333333293e-01
5.633333333333333526e-01
1.533333333333333215e-01
2.933333333333333903e-01
4.433333333333333570e-01
8.666666666666666963e-02
7.299999999999999822e-01
1.653333333333333321e+00
3.533333333333333326e-01
1.233333333333333365e-01
1.033333333333333326e-01
3.600000000000000422e-01
1.833333333333333481e-01
1.466666666666666397e-01
4.333333333333333481e-02
9.400000000000000577e-01
3.999999999999999667e-01
5.366666666666666252e-01
1.466666666666666397e-01
2.333333333333333093e-01
2.266666666666666552e-01
1.553333333333333455e+00
2.203333333333333144e+00
3.500000000000000333e-01
1.440000000000000169e+00
1.366666666666666863e-01
1.399999999999999856e-01
4.099999999999999756e-01
1.800000000000000211e-01
2.333333333333333440e-02
7.000000000000000666e-02
1.073333333333333250e+00
6.300000000000000044e-01
8.000000000000000167e-02
6.666666666666666574e-02
1.733333333333333393e-01
4.433333333333333015e-01
8.000000000000000167e-02
1.566666666666666652e+00
6.000000000000000472e-02
1.356666666666666687e+00
5.333333333333333676e-02
7.333333333333334758e-02
1.666666666666666644e-02
1.233333333333333365e-01
5.666666666666667074e-02
1.110000000000000098e+00
2.666666666666666630e-01
8.799999999999998934e-01
1.366666666666666863e-01
1.333333333333333419e-02
1.119999999999999885e+00
5.999999999999999778e-02
6.333333333333333870e-02
7.599999999999998979e-01
9.633333333333332638e-01
8.333333333333332871e-02
3.666666666666666963e-01
1.333333333333333315e-01
2.700000000000000178e-01
1.966666666666666563e-01
1.003333333333333188e+00
8.666666666666666963e-02
8.333333333333332871e-02
9.333333333333333759e-02
0.000000000000000000e+00
8.333333333333332871e-02
5.466666666666667451e-01
2.000000000000000042e-02
0.000000000000000000e+00
5.733333333333332504e-01
9.466666666666666563e-01
1.666666666666666644e-02
8.666666666666666963e-02
2.166666666666666741e-01
2.533333333333333548e-01
3.233333333333333059e-01
1.333333333333333315e-01
4.266666666666666941e-01
2.000000000000000042e-02
1.000000000000000021e-02
2.000000000000000042e-02
1.556666666666666643e+00
3.333333333333333287e-02
1.166666666666666546e-01
2.103333333333333499e+00
1.623333333333333295e+00
1.000000000000000021e-02
3.666666666666667379e-02
3.666666666666667379e-02
6.733333333333333393e-01
0.000000000000000000e+00
1.666666666666666644e-02
9.000000000000001055e-02
9.000000000000001055e-02
1.033333333333333326e-01
9.000000000000000222e-01
1.733333333333333393e+00
2.800000000000000266e-01
4.666666666666667296e-01
9.999999999999999167e-02
2.356666666666666909e+00
1.333333333333333315e-01
1.366666666666666863e-01
2.766666666666666718e-01
3.066666666666666430e-01
1.199999999999999956e-01
1.369999999999999885e+00
2.999999999999999889e-01
9.000000000000001055e-02
4.666666666666666879e-02
1.073333333333333250e+00
3.333333333333333547e-03
1.333333333333333419e-02
7.333333333333334758e-02
9.599999999999999645e-01
0.000000000000000000e+00
1.333333333333333419e-02
8.000000000000000167e-02
2.600000000000000089e-01
4.666666666666666879e-02
2.933333333333332793e-01
1.580000000000000071e+00
6.733333333333333393e-01
1.066666666666666735e-01
2.600000000000000089e-01
1.463333333333333153e+00
3.333333333333333287e-02
2.166666666666666741e-01
2.199999999999999734e-01
1.000000000000000021e-02
0.000000000000000000e+00
5.666666666666667074e-02
1.666666666666666644e-02
5.000000000000000971e-02
1.100000000000000006e-01
8.100000000000000533e-01
9.799999999999999822e-01
2.500000000000000000e-01
1.733333333333333393e-01
1.600000000000000033e-01
2.066666666666666652e-01
1.600000000000000033e-01
2.000000000000000000e+00
1.623333333333333295e+00
5.899999999999999689e-01
2.666666666666666630e-01
2.933333333333333903e-01
3.300000000000000155e-01
5.299999999999999156e-01
2.466666666666666730e-01
5.833333333333333703e-01
1.086666666666666670e+00
6.099999999999999867e-01
7.833333333333332149e-01
1.000000000000000021e-02
4.166666666666666852e-01
8.800000000000000044e-01
3.333333333333333547e-03
6.666666666666667095e-03
1.373333333333333295e+00
2.166666666666666741e-01
9.999999999999999167e-02
6.300000000000000044e-01
1.066666666666666735e-01
6.333333333333333870e-02
1.166666666666666546e-01
2.666666666666666838e-02
9.666666666666667851e-02
5.299999999999999156e-01
5.666666666666666380e-02
1.050000000000000044e+00
1.026666666666666616e+00
6.666666666666666574e-02
2.000000000000000042e-02
2.333333333333333440e-02
6.666666666666666574e-02
1.133333333333333415e-01
6.533333333333333215e-01
8.800000000000000044e-01
2.933333333333333348e-01
1.366666666666666863e-01
9.999999999999999167e-02
5.666666666666667074e-02
1.633333333333333304e-01
0.000000000000000000e+00
8.000000000000000167e-02
4.866666666666666363e-01
4.000000000000000083e-02
2.299999999999999822e-01
1.336666666666666670e+00
8.233333333333332504e-01
9.000000000000001055e-02
8.333333333333332871e-02
6.666666666666667095e-03
4.033333333333333215e-01
9.233333333333333393e-01
1.023333333333333206e+00
1.016666666666666607e+00
1.126666666666666705e+00
1.559999999999999831e+00
1.110000000000000098e+00
3.333333333333333287e-02
0.000000000000000000e+00
4.766666666666666274e-01
6.666666666666667095e-03
5.333333333333333676e-02
0.000000000000000000e+00
6.666666666666666574e-02
9.333333333333334592e-01
1.366666666666666585e-01
1.266666666666666774e-01
2.666666666666666838e-02
3.333333333333333547e-03
7.666666666666667462e-02
6.666666666666667095e-03
1.266666666666666774e-01
3.266666666666666607e-01
6.000000000000000472e-02
1.313333333333333242e+00
1.000000000000000021e-02
0.000000000000000000e+00
0.000000000000000000e+00
0.000000000000000000e+00
1.666666666666666644e-02
2.003333333333333410e+00
