3.223333333333333162e+00
7.666666666666666075e-01
3.300000000000000155e-01
2.580000000000000071e+00
4.433333333333333570e-01
1.593333333333333490e+00
1.766666666666666663e-01
2.466666666666666730e-01
2.433333333333333182e-01
1.733333333333333393e-01
1.199999999999999956e-01
1.343333333333333490e+00
8.866666666666667140e-01
7.000000000000000666e-02
2.133333333333333470e-01
1.133333333333333304e+00
8.866666666666667140e-01
2.233333333333333004e-01
7.133333333333333748e-01
1.429999999999999938e+00
2.800000000000000266e-01
2.766666666666666718e-01
2.133333333333333470e-01
6.666666666666666574e-02
4.033333333333333215e-01
6.366666666666666030e-01
1.386666666666666714e+00
1.833333333333333481e-01
1.533333333333333215e+00
6.066666666666666874e-01
4.333333333333333481e-01
1.696666666666666545e+00
1.406666666666666510e+00
1.286666666666666847e+00
5.599999999999999423e-01
2.399999999999999911e-01
1.433333333333333404e-01
1.066666666666666735e-01
6.666666666666667095e-03
1.300000000000000044e-01
5.666666666666666380e-02
8.233333333333333615e-01
1.199999999999999956e-01
8.666666666666666963e-02
1.033333333333333326e-01
9.000000000000001055e-02
4.833333333333333370e-01
1.136666666666666714e+00
2.999999999999999889e-01
2.466666666666666730e-01
3.300000000000000155e-01
1.729999999999999760e+00
