2.933333333333333903e-01
2.166666666666666463e-01
8.333333333333332871e-02
6.333333333333333870e-02
7.000000000000000666e-02
2.566666666666666541e-01
6.233333333333332948e-01
6.666666666666666574e-02
2.600000000000000089e-01
1.900000000000000300e-01
4.000000000000000083e-02
3.666666666666667379e-02
3.333333333333333287e-02
1.000000000000000021e-02
1.333333333333333419e-02
4.000000000000000083e-02
2.000000000000000042e-02
2.000000000000000042e-02
1.000000000000000021e-02
4.000000000000000083e-02
0.000000000000000000e+00
1.666666666666666644e-02
1.000000000000000021e-02
2.999999999999999889e-02
9.666666666666666463e-02
8.000000000000000167e-02
2.000000000000000042e-02
4.533333333333333104e-01
7.933333333333333348e-01
1.300000000000000044e-01
5.133333333333333082e-01
4.733333333333333282e-01
5.999999999999999778e-02
1.030000000000000027e+00
3.633333333333332860e-01
3.033333333333333437e-01
9.033333333333333215e-01
1.233333333333333365e-01
1.203333333333333366e+00
3.029999999999999805e+00
3.266666666666666607e-01
2.066666666666666652e-01
1.633333333333333304e-01
8.833333333333333037e-01
1.380000000000000115e+00
2.333333333333333648e-01
1.833333333333333481e-01
2.366666666666666641e-01
2.770000000000000018e+00
1.846666666666666679e+00
1.033333333333333437e+00
1.413333333333333330e+00
2.363333333333333286e+00
2.136666666666666714e+00
1.443333333333333357e+00
1.383333333333333526e+00
8.766666666666665941e-01
2.409999999999999698e+00
1.050000000000000044e+00
