6.933333333333333570e-01
1.540000000000000036e+00
1.300000000000000044e-01
1.320000000000000062e+00
1.766666666666666663e-01
9.666666666666667851e-02
1.403333333333333321e+00
1.266666666666666774e-01
1.333333333333333419e-02
1.300000000000000044e-01
1.300000000000000044e-01
7.400000000000001021e-01
1.116666666666666696e+00
6.800000000000000488e-01
1.033333333333333326e-01
1.133333333333333276e-01
1.666666666666666574e-01
5.333333333333333259e-01
2.566666666666666541e-01
6.666666666666667095e-03
5.433333333333333348e-01
9.133333333333334414e-01
7.666666666666666075e-02
1.099999999999999867e-01
5.166666666666666075e-01
8.699999999999999956e-01
3.933333333333333126e-01
5.333333333333333676e-02
1.499999999999999944e-01
1.759999999999999787e+00
5.999999999999999778e-01
3.233333333333333059e-01
2.733333333333333726e-01
1.263333333333333419e+00
1.156666666666666510e+00
5.766666666666666607e-01
1.566666666666666763e-01
1.193333333333333357e+00
6.600000000000000311e-01
5.499999999999999334e-01
6.366666666666666030e-01
8.433333333333333792e-01
6.666666666666667095e-03
7.300000000000000933e-01
1.223333333333333384e+00
5.866666666666666696e-01
1.100000000000000006e-01
6.866666666666666474e-01
5.766666666666666607e-01
8.666666666666666963e-02
9.333333333333333759e-02
6.533333333333333215e-01
0.000000000000000000e+00
9.999999999999999167e-02
2.433333333333333182e-01
3.333333333333333287e-02
0.000000000000000000e+00
6.666666666666666574e-02
1.066666666666666735e-01
1.866666666666666752e-01
4.933333333333333459e-01
2.700000000000000178e-01
7.933333333333333348e-01
6.233333333333334059e-01
8.666666666666666963e-02
6.666666666666666574e-02
8.100000000000000533e-01
8.966666666666666119e-01
2.099999999999999922e-01
2.000000000000000389e-01
2.133333333333333470e-01
5.299999999999999156e-01
2.999999999999999889e-02
1.733333333333333393e-01
6.133333333333332860e-01
1.066666666666666735e-01
1.766666666666666663e-01
1.933333333333333293e-01
1.733333333333333393e-01
1.866666666666666474e-01
3.233333333333333059e-01
4.833333333333333370e-01
3.300000000000000155e-01
1.199999999999999956e-01
1.173333333333333339e+00
1.533333333333333215e-01
1.533333333333333215e-01
2.066666666666666652e-01
6.199999999999999956e-01
5.166666666666666075e-01
1.533333333333333215e-01
3.633333333333333415e-01
3.933333333333333681e-01
6.133333333333333970e-01
2.053333333333333233e+00
6.900000000000000577e-01
7.333333333333333370e-02
9.033333333333333215e-01
7.099999999999999645e-01
6.666666666666667095e-03
2.533333333333332993e-01
1.526666666666666616e+00
6.433333333333334236e-01
3.800000000000000600e-01
8.666666666666666963e-02
8.000000000000000167e-02
0.000000000000000000e+00
1.376666666666666705e+00
5.666666666666665408e-01
4.000000000000000083e-02
1.966666666666666563e-01
9.166666666666666297e-01
1.186666666666666758e+00
1.380000000000000115e+00
2.966666666666666341e-01
2.866666666666666807e-01
6.533333333333333215e-01
9.433333333333333570e-01
5.166666666666667185e-01
5.466666666666667451e-01
9.233333333333333393e-01
1.099999999999999867e-01
3.099999999999999978e-01
5.933333333333332682e-01
2.466666666666666730e-01
7.133333333333333748e-01
1.526666666666666616e+00
1.763333333333333419e+00
1.100000000000000006e-01
5.933333333333333792e-01
2.290000000000000480e+00
1.999999999999999833e-01
1.033333333333333326e-01
6.133333333333332860e-01
3.233333333333333059e-01
1.123333333333333295e+00
3.233333333333333059e-01
1.226666666666666794e+00
6.333333333333333870e-02
5.666666666666666380e-02
1.533333333333333215e-01
1.366666666666666585e-01
4.533333333333333104e-01
3.366666666666666696e-01
8.966666666666666119e-01
1.600000000000000033e-01
4.000000000000000083e-02
2.833333333333333814e-01
5.666666666666667074e-02
1.483333333333333393e+00
1.290000000000000036e+00
1.099999999999999867e-01
6.333333333333333870e-02
2.200000000000000011e-01
1.399999999999999856e-01
1.513333333333333419e+00
3.666666666666666685e-02
4.333333333333333481e-02
2.466666666666666730e-01
5.200000000000000178e-01
5.999999999999999778e-02
4.966666666666667562e-01
7.500000000000000000e-01
7.733333333333334281e-01
3.800000000000000600e-01
3.333333333333333148e-01
5.333333333333333676e-02
5.333333333333333676e-02
2.666666666666666630e-01
9.899999999999998801e-01
4.000000000000000083e-02
3.333333333333333148e-01
1.666666666666666574e-01
2.166666666666666741e-01
1.033333333333333326e-01
5.666666666666666380e-02
1.133333333333333276e-01
1.733333333333333393e-01
4.299999999999999933e-01
2.299999999999999822e-01
7.500000000000000000e-01
1.133333333333333304e+00
6.333333333333333870e-02
2.099999999999999922e-01
5.333333333333333676e-02
8.833333333333333037e-01
1.199999999999999956e-01
7.199999999999998623e-01
4.533333333333333659e-01
2.476666666666666572e+00
