8.133333333333333526e-01
8.333333333333332871e-02
1.333333333333333419e-02
7.666666666666667462e-02
3.500000000000000333e-01
0.000000000000000000e+00
1.100000000000000006e-01
4.033333333333333215e-01
2.733333333333333171e-01
8.666666666666666963e-02
8.766666666666665941e-01
4.566666666666667207e-01
0.000000000000000000e+00
3.333333333333333547e-03
5.333333333333333676e-02
4.333333333333333481e-01
2.500000000000000000e-01
1.300000000000000044e-01
8.699999999999999956e-01
9.000000000000001055e-02
1.166666666666666824e-01
4.333333333333332926e-01
3.333333333333333287e-02
3.300000000000000155e-01
8.366666666666665586e-01
1.633333333333333304e-01
2.666666666666666838e-02
1.043333333333333224e+00
1.169999999999999929e+00
9.666666666666667851e-02
3.066666666666666985e-01
1.433333333333333404e-01
2.999999999999999889e-02
0.000000000000000000e+00
9.666666666666667851e-02
4.666666666666666879e-02
9.133333333333334414e-01
4.166666666666666852e-01
1.500000000000000222e-01
3.033333333333333437e-01
1.366666666666666863e-01
1.233333333333333365e-01
2.233333333333333004e-01
2.533333333333333548e-01
1.800000000000000211e-01
1.800000000000000211e-01
1.346666666666666679e+00
4.033333333333333215e-01
7.933333333333333348e-01
4.899999999999999911e-01
4.000000000000000083e-02
2.466666666666666730e-01
1.166666666666666546e-01
2.633333333333333637e-01
1.633333333333333304e-01
2.166666666666666741e-01
4.000000000000000083e-02
3.666666666666666408e-01
1.899999999999999745e-01
3.666666666666666963e-01
1.780000000000000027e+00
1.133333333333333304e+00
1.803333333333333455e+00
1.533333333333333215e-01
1.600000000000000033e-01
4.366666666666667029e-01
9.766666666666665719e-01
2.366666666666666641e-01
1.600000000000000033e-01
2.900000000000000355e-01
7.399999999999998801e-01
6.366666666666667140e-01
2.700000000000000178e-01
1.600000000000000033e-01
2.066666666666666652e-01
5.866666666666665586e-01
6.666666666666666574e-02
9.233333333333333393e-01
3.699999999999999400e-01
2.999999999999999889e-01
4.833333333333333370e-01
3.366666666666666696e-01
9.000000000000001055e-02
8.333333333333332871e-02
5.999999999999999778e-02
1.333333333333333315e-01
3.300000000000000155e-01
1.360000000000000098e+00
2.899999999999999800e-01
5.333333333333333259e-01
1.130000000000000115e+00
8.000000000000000167e-02
1.213333333333333153e+00
5.666666666666667074e-02
1.760000000000000009e+00
2.600000000000000089e-01
5.800000000000000711e-01
1.333333333333333419e-02
6.700000000000000400e-01
2.600000000000000089e-01
1.933333333333333570e-01
1.333333333333333419e-02
3.966666666666666674e-01
1.566666666666666763e-01
0.000000000000000000e+00
7.633333333333333082e-01
2.799999999999999711e-01
8.000000000000000167e-02
0.000000000000000000e+00
4.400000000000000022e-01
5.000000000000000971e-02
3.433333333333333237e-01
1.800000000000000211e-01
2.766666666666666718e-01
1.900000000000000300e-01
6.666666666666666574e-02
4.633333333333333748e-01
4.333333333333333481e-01
0.000000000000000000e+00
6.266666666666665941e-01
1.419999999999999929e+00
1.899999999999999745e-01
1.833333333333333481e-01
8.666666666666665853e-01
7.233333333333332726e-01
3.333333333333333547e-03
5.000000000000000000e-01
8.666666666666666963e-02
4.666666666666666879e-02
1.133333333333333276e-01
1.360000000000000098e+00
1.300000000000000044e-01
6.333333333333333870e-02
5.666666666666666519e-01
1.173333333333333339e+00
3.933333333333333681e-01
9.700000000000000844e-01
2.823333333333333695e+00
8.333333333333333703e-01
1.133333333333333276e-01
1.236666666666666581e+00
8.666666666666666963e-02
1.033333333333333326e-01
2.666666666666666838e-02
4.333333333333333481e-02
1.059999999999999831e+00
3.433333333333332682e-01
2.166666666666666741e-01
3.766666666666666496e-01
2.133333333333333470e-01
1.006666666666666599e+00
4.000000000000000083e-02
1.000000000000000021e-02
1.766666666666666663e-01
0.000000000000000000e+00
1.066666666666666735e-01
3.666666666666667379e-02
2.633333333333333637e-01
1.966666666666666563e-01
6.033333333333333881e-01
1.580000000000000071e+00
9.000000000000001055e-02
5.000000000000000971e-02
9.333333333333333759e-02
8.333333333333332871e-02
1.866666666666666752e-01
9.666666666666667851e-02
6.333333333333333870e-02
3.333333333333333287e-02
0.000000000000000000e+00
9.333333333333333759e-02
8.233333333333333615e-01
1.000000000000000021e-02
1.000000000000000021e-02
2.733333333333333726e-01
1.050000000000000044e+00
2.399999999999999911e-01
8.000000000000000167e-02
7.566666666666667096e-01
2.799999999999999711e-01
9.999999999999999167e-02
1.159999999999999920e+00
6.500000000000000222e-01
4.566666666666667207e-01
3.066666666666666430e-01
6.266666666666665941e-01
4.766666666666667385e-01
2.606666666666666909e+00
