1.866666666666666474e+00
1.003333333333333188e+00
3.666666666666666963e-01
5.666666666666666380e-02
1.300000000000000044e-01
4.133333333333333304e-01
9.666666666666666463e-02
1.333333333333333419e-02
0.000000000000000000e+00
1.000000000000000021e-02
7.000000000000000666e-02
7.333333333333333370e-02
0.000000000000000000e+00
3.800000000000000600e-01
5.999999999999999778e-02
1.499999999999999944e-01
6.666666666666666574e-02
2.633333333333333637e-01
1.899999999999999745e-01
9.333333333333333759e-02
8.566666666666667984e-01
2.500000000000000000e-01
1.159999999999999920e+00
4.366666666666667029e-01
5.800000000000000711e-01
7.599999999999998979e-01
1.933333333333333570e-01
1.866666666666666752e-01
3.033333333333332882e-01
1.666666666666666644e-02
3.699999999999999400e-01
6.666666666666666574e-02
8.966666666666668339e-01
2.999999999999999889e-02
4.666666666666666879e-02
4.000000000000000083e-02
2.533333333333333548e-01
2.999999999999999889e-02
3.166666666666666519e-01
1.183333333333333348e+00
2.700000000000000178e-01
4.966666666666666452e-01
2.099999999999999922e-01
9.666666666666666463e-02
1.766666666666666663e-01
1.666666666666666644e-02
5.533333333333333437e-01
2.799999999999999711e-01
3.000000000000000236e-02
3.333333333333333287e-02
3.066666666666666430e-01
8.599999999999999867e-01
5.033333333333332993e-01
5.000000000000000971e-02
1.933333333333333570e-01
1.600000000000000033e-01
7.000000000000000666e-02
5.499999999999999334e-01
2.233333333333333004e-01
7.333333333333333925e-01
1.763333333333333419e+00
2.000000000000000042e-02
5.433333333333333348e-01
1.733333333333333393e-01
1.366666666666666585e-01
1.666666666666666574e-01
1.066666666666666735e-01
4.333333333333333481e-02
3.033333333333333437e-01
8.666666666666666963e-02
1.400000000000000133e-01
0.000000000000000000e+00
3.333333333333333287e-02
1.666666666666666644e-02
1.666666666666666574e-01
4.733333333333333837e-01
1.199999999999999956e-01
6.333333333333333870e-02
5.999999999999999778e-02
9.666666666666666463e-02
9.666666666666667851e-02
0.000000000000000000e+00
4.000000000000000083e-02
8.333333333333332871e-02
1.000000000000000021e-02
1.933333333333333293e-01
6.666666666666667095e-03
3.833333333333333037e-01
2.666666666666666838e-02
5.000000000000000000e-01
1.520000000000000240e+00
2.733333333333333726e-01
6.666666666666666574e-02
2.966666666666666896e-01
4.333333333333333481e-02
5.666666666666667074e-02
1.333333333333333419e-02
2.666666666666666838e-02
1.266666666666666774e-01
5.333333333333333676e-02
2.800000000000000266e-01
4.666666666666666879e-02
6.999999999999999278e-02
7.500000000000000000e-01
1.999999999999999833e-01
8.333333333333332871e-02
4.266666666666666941e-01
1.326666666666666661e+00
1.333333333333333315e-01
1.633333333333333304e-01
2.666666666666666838e-02
5.000000000000000971e-02
1.000000000000000021e-02
1.000000000000000021e-02
5.033333333333332993e-01
2.666666666666666838e-02
1.566666666666666485e-01
8.399999999999999689e-01
2.800000000000000266e-01
2.199999999999999734e-01
5.733333333333333615e-01
4.066666666666666763e-01
7.566666666666667096e-01
5.133333333333333082e-01
1.159999999999999920e+00
1.469999999999999973e+00
1.159999999999999920e+00
8.000000000000000167e-02
6.333333333333333870e-02
1.133333333333333276e-01
7.599999999999998979e-01
1.233333333333333365e-01
1.333333333333333419e-02
0.000000000000000000e+00
2.666666666666666838e-02
4.666666666666666879e-02
5.333333333333333676e-02
3.333333333333333547e-03
2.199999999999999734e-01
1.333333333333333315e-01
2.333333333333333440e-02
4.000000000000000083e-02
2.700000000000000178e-01
1.333333333333333419e-02
3.333333333333333287e-02
7.099999999999999645e-01
3.699999999999999400e-01
3.533333333333333326e-01
3.099999999999999978e-01
4.266666666666666941e-01
3.633333333333333415e-01
0.000000000000000000e+00
4.333333333333333481e-02
7.000000000000000666e-02
1.066666666666666735e-01
2.033333333333333381e-01
6.666666666666666574e-02
1.483333333333333393e+00
1.266666666666666774e-01
0.000000000000000000e+00
1.333333333333333419e-02
3.333333333333333547e-03
3.333333333333333547e-03
2.366666666666666641e-01
6.133333333333332860e-01
7.666666666666666075e-02
3.866666666666667140e-01
4.299999999999999933e-01
6.333333333333333870e-02
3.500000000000000333e-01
5.666666666666666380e-02
5.466666666666667451e-01
1.733333333333333393e-01
8.333333333333332871e-02
0.000000000000000000e+00
6.333333333333333870e-02
1.053333333333333455e+00
3.300000000000000155e-01
5.000000000000000971e-02
9.000000000000001055e-02
7.000000000000000666e-02
0.000000000000000000e+00
3.233333333333333059e-01
1.100000000000000006e-01
6.266666666666665941e-01
9.800000000000000933e-01
2.000000000000000042e-02
4.799999999999999822e-01
8.333333333333332871e-02
1.133333333333333276e-01
1.366666666666666863e-01
2.999999999999999889e-01
7.000000000000000666e-02
3.000000000000000444e-01
2.133333333333333470e-01
1.333333333333333419e-02
0.000000000000000000e+00
0.000000000000000000e+00
1.333333333333333419e-02
5.333333333333333676e-02
8.233333333333332504e-01
1.966666666666666841e-01
1.000000000000000021e-02
0.000000000000000000e+00
0.000000000000000000e+00
0.000000000000000000e+00
7.666666666666667462e-02
3.333333333333333547e-03
1.533333333333333492e-01
1.000000000000000021e-02
2.299999999999999822e-01
4.333333333333333481e-02
2.266666666666666552e-01
1.000000000000000021e-02
5.000000000000000000e-01
2.183333333333333126e+00
1.000000000000000000e+00
2.666666666666666630e-01
2.600000000000000089e-01
1.633333333333333304e-01
2.000000000000000042e-02
0.000000000000000000e+00
2.233333333333333004e-01
3.666666666666667379e-02
1.233333333333333365e-01
2.266666666666666552e-01
1.266666666666666774e-01
0.000000000000000000e+00
5.266666666666666163e-01
1.600000000000000033e-01
3.033333333333333437e-01
6.766666666666667496e-01
1.586666666666666670e+00
1.666666666666666574e-01
2.033333333333333381e-01
1.666666666666666644e-02
1.666666666666666644e-02
1.666666666666666644e-02
6.000000000000000472e-02
2.433333333333333182e-01
1.366666666666666863e-01
4.666666666666666879e-02
4.633333333333333748e-01
3.933333333333333126e-01
7.000000000000000666e-02
5.699999999999999512e-01
1.070000000000000062e+00
1.466666666666666785e+00
