1.700000000000000122e-01
2.299999999999999822e-01
7.200000000000000844e-01
1.190000000000000169e+00
1.633333333333333304e-01
1.666666666666666574e-01
1.000000000000000021e-02
9.599999999999999645e-01
2.166666666666666741e-01
4.666666666666666879e-02
7.666666666666667462e-02
1.333333333333333419e-02
2.000000000000000042e-02
1.666666666666666644e-02
1.419999999999999929e+00
2.933333333333333903e-01
5.333333333333333259e-01
5.999999999999999778e-01
4.000000000000000083e-02
0.000000000000000000e+00
3.666666666666667379e-02
3.666666666666666963e-01
1.133333333333333304e+00
0.000000000000000000e+00
3.333333333333333287e-02
1.366666666666666585e-01
8.033333333333333437e-01
2.366666666666666641e-01
2.369999999999999662e+00
3.833333333333333037e-01
4.499999999999999556e-01
5.000000000000000000e-01
1.133333333333333276e-01
0.000000000000000000e+00
6.000000000000000472e-02
2.433333333333333182e-01
1.106666666666666687e+00
2.233333333333333004e-01
4.433333333333333570e-01
3.400000000000000244e-01
1.099999999999999867e+00
1.286666666666666847e+00
