4.666666666666667296e-01
2.999999999999999889e-02
1.066666666666666735e-01
2.666666666666666630e-01
2.000000000000000042e-02
8.666666666666666963e-01
2.533333333333333548e-01
6.333333333333333037e-01
5.366666666666667362e-01
2.000000000000000042e-02
1.133333333333333276e-01
2.733333333333333171e-01
1.466666666666666952e-01
6.766666666666667496e-01
1.336666666666666670e+00
3.333333333333333287e-02
0.000000000000000000e+00
1.433333333333333404e-01
7.700000000000000178e-01
2.400000000000000189e-01
2.666666666666666838e-02
7.433333333333332904e-01
0.000000000000000000e+00
8.700000000000001066e-01
1.666666666666666644e-02
5.533333333333333437e-01
1.700000000000000122e-01
1.466666666666666952e-01
1.133333333333333276e-01
2.266666666666666552e-01
1.600000000000000033e-01
0.000000000000000000e+00
8.033333333333333437e-01
0.000000000000000000e+00
9.000000000000001055e-02
3.333333333333333547e-03
1.833333333333333481e-01
2.000000000000000000e+00
1.366666666666666474e+00
0.000000000000000000e+00
7.500000000000000000e-01
5.633333333333333526e-01
3.333333333333333287e-02
8.333333333333332871e-02
1.666666666666666644e-02
1.600000000000000033e-01
7.566666666666667096e-01
1.433333333333333404e-01
7.933333333333333348e-01
3.233333333333333059e-01
2.700000000000000178e-01
1.133333333333333276e-01
6.666666666666667095e-03
4.000000000000000083e-02
1.666666666666666574e-01
6.433333333333333126e-01
9.033333333333333215e-01
7.633333333333333082e-01
9.566666666666665542e-01
2.600000000000000089e-01
2.399999999999999911e-01
9.333333333333333759e-02
1.166666666666666546e-01
5.333333333333333676e-02
2.566666666666666541e-01
8.000000000000000167e-02
6.966666666666666563e-01
7.933333333333333348e-01
2.000000000000000042e-02
3.066666666666666430e-01
5.666666666666667074e-02
2.333333333333333440e-02
1.040000000000000036e+00
9.000000000000001055e-02
5.933333333333333792e-01
8.333333333333332871e-02
7.433333333333332904e-01
2.700000000000000178e-01
7.533333333333332993e-01
1.806666666666666643e+00
1.300000000000000044e-01
0.000000000000000000e+00
3.666666666666666685e-02
0.000000000000000000e+00
3.333333333333333287e-02
0.000000000000000000e+00
2.533333333333333548e-01
1.666666666666666574e-01
1.566666666666666485e-01
6.666666666666666574e-02
4.999999999999999584e-02
1.133333333333333276e-01
1.633333333333333304e-01
8.666666666666666963e-02
1.499999999999999944e-01
0.000000000000000000e+00
1.166666666666666546e-01
1.100000000000000006e-01
2.500000000000000000e+00
1.033333333333333326e-01
2.600000000000000089e-01
2.000000000000000042e-02
5.366666666666667362e-01
1.800000000000000211e-01
7.399999999999998801e-01
3.600000000000000422e-01
0.000000000000000000e+00
1.766666666666666663e-01
1.423333333333333561e+00
3.033333333333332882e-01
0.000000000000000000e+00
1.866666666666666474e-01
6.000000000000000472e-02
0.000000000000000000e+00
1.000000000000000021e-02
8.966666666666666119e-01
3.366666666666666696e-01
2.066666666666666652e-01
1.566666666666666485e-01
5.633333333333333526e-01
2.486666666666666803e+00
