4.500000000000000111e-01
2.133333333333333470e-01
0.000000000000000000e+00
5.666666666666667074e-02
0.000000000000000000e+00
1.333333333333333419e-02
0.000000000000000000e+00
0.000000000000000000e+00
1.999999999999999833e-01
3.499999999999999223e-01
1.113333333333333286e+00
6.866666666666666474e-01
5.533333333333333437e-01
2.366666666666666641e-01
1.000000000000000194e-01
7.933333333333333348e-01
1.333333333333333315e-01
0.000000000000000000e+00
8.333333333333332871e-02
4.000000000000000083e-02
0.000000000000000000e+00
3.666666666666666685e-02
1.553333333333333455e+00
3.333333333333333287e-02
0.000000000000000000e+00
3.000000000000000236e-02
1.876666666666666927e+00
9.000000000000001055e-02
2.600000000000000089e-01
1.276666666666666616e+00
7.000000000000000666e-02
3.499999999999999223e-01
6.666666666666666574e-02
9.000000000000001055e-02
8.666666666666666963e-02
1.133333333333333276e-01
3.333333333333333287e-02
7.666666666666667462e-02
1.333333333333333315e-01
8.333333333333332871e-02
5.499999999999999334e-01
6.333333333333333870e-02
3.300000000000000155e-01
1.866666666666666752e-01
5.000000000000000000e-01
5.666666666666667074e-02
2.299999999999999822e-01
6.566666666666666208e-01
1.793333333333333224e+00
5.499999999999999334e-01
5.000000000000000000e-01
5.799999999999999600e-01
3.500000000000000333e-01
0.000000000000000000e+00
0.000000000000000000e+00
0.000000000000000000e+00
2.000000000000000042e-02
0.000000000000000000e+00
0.000000000000000000e+00
0.000000000000000000e+00
3.066666666666666985e-01
0.000000000000000000e+00
2.699999999999999623e-01
8.666666666666666963e-02
7.666666666666667462e-02
2.999999999999999889e-02
4.033333333333333215e-01
5.366666666666667362e-01
2.000000000000000042e-02
3.666666666666666685e-02
2.899999999999999800e-01
6.666666666666666574e-02
2.999999999999999889e-02
5.933333333333333792e-01
8.466666666666666785e-01
0.000000000000000000e+00
5.400000000000000355e-01
6.266666666666665941e-01
3.833333333333333037e-01
1.266666666666666774e-01
2.333333333333333093e-02
1.280000000000000027e+00
1.700000000000000122e-01
1.746666666666666812e+00
1.683333333333333348e+00
3.966666666666666674e-01
1.803333333333333455e+00
5.066666666666667096e-01
8.900000000000000133e-01
6.666666666666666574e-02
6.966666666666666563e-01
7.299999999999999822e-01
3.500000000000000333e-01
3.666666666666667379e-02
7.500000000000000000e-01
2.333333333333333440e-02
4.000000000000000777e-01
9.000000000000001055e-02
1.600000000000000033e-01
3.666666666666667379e-02
1.100000000000000006e-01
1.333333333333333315e-01
7.399999999999998801e-01
1.636666666666666714e+00
2.933333333333333348e-01
2.266666666666666829e-01
2.166666666666666741e-01
2.666666666666666630e-01
1.570000000000000062e+00
9.433333333333333570e-01
1.466666666666666674e-01
7.333333333333333370e-02
8.333333333333332871e-02
2.266666666666666829e-01
5.899999999999999689e-01
8.566666666666665764e-01
6.566666666666667318e-01
9.666666666666667851e-02
1.406666666666666954e+00
2.399999999999999911e-01
5.366666666666667362e-01
2.000000000000000042e-02
1.000000000000000194e-01
1.133333333333333276e-01
5.000000000000000971e-02
3.099999999999999978e-01
0.000000000000000000e+00
5.666666666666666380e-02
4.000000000000000083e-02
5.066666666666667096e-01
3.333333333333333547e-03
0.000000000000000000e+00
1.266666666666666774e-01
6.733333333333333393e-01
6.666666666666667095e-03
3.666666666666667379e-02
1.333333333333333419e-02
1.333333333333333315e-01
1.316666666666666652e+00
4.333333333333333481e-02
7.600000000000001199e-01
6.666666666666666574e-02
0.000000000000000000e+00
4.199999999999999845e-01
1.766666666666666663e-01
2.000000000000000042e-02
2.333333333333333440e-02
3.266666666666666607e-01
7.000000000000000666e-02
5.099999999999998979e-01
2.866666666666666807e-01
4.333333333333333481e-01
1.576666666666666883e+00
1.563333333333333464e+00
2.233333333333333559e-01
3.400000000000000244e-01
8.699999999999999956e-01
9.300000000000000488e-01
