8.066666666666666430e-01
4.799999999999999822e-01
4.066666666666666763e-01
6.066666666666666874e-01
2.266666666666666552e-01
0.000000000000000000e+00
1.133333333333333276e-01
6.666666666666667095e-03
1.600000000000000033e-01
2.233333333333333559e-01
1.036666666666666625e+00
5.533333333333333437e-01
2.556666666666666643e+00
1.410000000000000142e+00
1.329999999999999849e+00
5.133333333333333082e-01
4.566666666666666097e-01
1.826666666666666883e+00
2.233333333333333559e-01
1.900000000000000300e-01
4.166666666666666852e-01
1.263333333333333419e+00
6.900000000000000577e-01
6.000000000000000472e-02
3.666666666666667379e-02
4.666666666666666186e-01
1.100000000000000006e-01
6.666666666666666574e-02
6.666666666666667095e-03
8.099999999999999423e-01
1.766666666666666663e-01
4.266666666666666941e-01
4.000000000000000083e-02
1.396666666666666723e+00
3.300000000000000155e-01
2.466666666666666730e-01
1.416666666666666741e+00
3.333333333333333287e-02
1.000000000000000021e-02
9.666666666666666463e-02
5.333333333333333676e-02
1.000000000000000021e-02
3.666666666666666685e-02
2.933333333333333903e-01
6.666666666666667095e-03
2.999999999999999889e-02
1.166666666666666546e-01
1.373333333333333295e+00
3.666666666666666685e-02
0.000000000000000000e+00
4.033333333333333215e-01
3.966666666666666674e-01
3.333333333333333547e-03
1.433333333333333404e-01
9.333333333333334592e-01
7.000000000000000666e-02
1.000000000000000021e-02
1.600000000000000033e-01
4.000000000000000083e-02
1.666666666666666644e-02
1.733333333333333393e-01
2.700000000000000178e-01
1.840000000000000080e+00
2.133333333333333470e-01
1.236666666666666581e+00
9.933333333333335124e-01
4.633333333333333193e-01
3.766666666666666496e-01
9.933333333333332904e-01
9.666666666666667851e-02
1.066666666666666735e-01
1.000000000000000194e-01
8.000000000000000167e-02
5.000000000000000971e-02
3.166666666666666519e-01
1.213333333333333375e+00
1.576666666666666883e+00
2.799999999999999711e-01
1.666666666666666574e-01
1.699999999999999956e+00
8.799999999999998934e-01
1.700000000000000178e+00
6.766666666666667496e-01
2.866666666666666807e-01
1.199999999999999956e-01
6.199999999999999956e-01
1.333333333333333419e-02
6.333333333333333037e-01
0.000000000000000000e+00
1.466666666666666952e-01
1.616666666666666474e+00
1.300000000000000044e-01
2.733333333333333171e-01
3.966666666666666674e-01
1.446666666666666545e+00
2.696666666666666767e+00
3.366666666666666696e+00
7.833333333333333259e-01
6.699999999999999289e-01
4.899999999999999911e-01
2.003333333333333410e+00
5.533333333333333437e-01
3.233333333333333059e-01
2.633333333333333637e-01
4.666666666666666186e-01
4.333333333333333481e-01
7.000000000000000666e-01
4.166666666666666852e-01
1.179999999999999938e+00
4.000000000000000083e-02
2.133333333333333470e-01
2.633333333333333637e-01
7.666666666666667462e-02
4.333333333333333481e-02
1.443333333333333357e+00
5.499999999999999334e-01
4.500000000000000111e-01
1.999999999999999833e-01
4.366666666666667029e-01
2.666666666666666630e-01
1.033333333333333326e-01
1.526666666666666616e+00
3.000000000000000444e-01
3.300000000000000155e-01
1.300000000000000044e-01
2.000000000000000042e-02
5.333333333333333676e-02
3.133333333333332971e-01
1.000000000000000021e-02
1.666666666666666644e-02
1.050000000000000044e+00
7.166666666666666741e-01
1.566666666666666485e-01
3.033333333333333992e-01
6.999999999999998446e-01
1.866666666666666752e-01
1.173333333333333339e+00
2.999999999999999889e-01
1.893333333333333313e+00
6.899999999999999467e-01
2.799999999999999711e-01
2.533333333333333548e-01
1.793333333333333224e+00
4.499999999999999556e-01
5.699999999999999512e-01
6.099999999999999867e-01
4.733333333333333282e-01
7.433333333333332904e-01
4.066666666666667318e-01
6.900000000000000577e-01
3.933333333333333126e-01
8.800000000000000044e-01
7.866666666666666252e-01
1.136666666666666714e+00
7.333333333333333925e-01
3.666666666666666963e-01
5.666666666666666380e-02
0.000000000000000000e+00
2.600000000000000089e-01
2.099999999999999922e-01
0.000000000000000000e+00
1.666666666666666741e+00
1.806666666666666643e+00
1.036666666666666847e+00
2.560000000000000053e+00
1.479999999999999760e+00
2.243333333333333623e+00
2.313333333333333464e+00
1.910000000000000142e+00
