1.496666666666666812e+00
2.999999999999999889e-01
1.499999999999999944e-01
1.476666666666666794e+00
9.233333333333333393e-01
9.999999999999999167e-02
1.266666666666666774e-01
3.099999999999999978e-01
1.833333333333333204e-01
7.333333333333333370e-02
1.800000000000000211e-01
9.666666666666666741e-01
2.433333333333333737e-01
7.299999999999999822e-01
1.666666666666666574e-01
3.966666666666666674e-01
2.000000000000000042e-02
5.833333333333333703e-01
1.126666666666666705e+00
6.666666666666666574e-02
1.600000000000000033e-01
7.666666666666667462e-02
4.000000000000000083e-02
3.666666666666666685e-02
1.046666666666666634e+00
6.633333333333334414e-01
1.600000000000000033e-01
1.236666666666666581e+00
2.366666666666666641e-01
3.766666666666667052e-01
6.000000000000000888e-01
1.533333333333333215e-01
1.666666666666666644e-02
6.533333333333333215e-01
2.333333333333333440e-02
5.666666666666666380e-02
2.333333333333333440e-02
1.366666666666666585e-01
2.133333333333333470e-01
1.199999999999999956e-01
5.566666666666666430e-01
9.566666666666666652e-01
2.166666666666666741e-01
2.000000000000000042e-02
6.433333333333334236e-01
3.233333333333333059e-01
1.050000000000000044e+00
7.966666666666665231e-01
5.300000000000000266e-01
0.000000000000000000e+00
1.000000000000000021e-02
2.999999999999999889e-01
1.199999999999999956e-01
2.666666666666666838e-02
7.333333333333333370e-02
3.600000000000000422e-01
3.400000000000000244e-01
5.999999999999999778e-02
4.999999999999999584e-02
7.666666666666667462e-02
1.400000000000000133e+00
1.433333333333333404e-01
1.766666666666666663e-01
2.010000000000000231e+00
1.086666666666666670e+00
2.600000000000000089e-01
9.966666666666665897e-01
2.903333333333333766e+00
1.963333333333333153e+00
1.733333333333333393e-01
2.366666666666666641e-01
1.733333333333333393e-01
1.833333333333333481e-01
5.600000000000000533e-01
6.666666666666666297e-01
6.266666666666665941e-01
3.466666666666666785e-01
8.000000000000000167e-02
7.866666666666666252e-01
8.000000000000000167e-02
2.399999999999999911e-01
1.066666666666666735e-01
1.566666666666666763e-01
2.666666666666666838e-02
1.533333333333333215e-01
9.133333333333334414e-01
1.333333333333333419e-02
2.333333333333333440e-02
4.866666666666666363e-01
7.866666666666666252e-01
3.166666666666666519e-01
1.449999999999999956e+00
7.099999999999999645e-01
1.000000000000000021e-02
5.466666666666666341e-01
9.333333333333332371e-01
1.666666666666666644e-02
9.333333333333333759e-02
1.633333333333333304e-01
7.333333333333334758e-02
7.000000000000000666e-02
4.099999999999999756e-01
1.413333333333333330e+00
4.366666666666667029e-01
3.899999999999999578e-01
3.233333333333333059e-01
1.533333333333333215e-01
2.263333333333333197e+00
9.633333333333333748e-01
2.666666666666666630e-01
1.360000000000000098e+00
5.233333333333333171e-01
1.536666666666666847e+00
3.333333333333333547e-03
1.233333333333333365e-01
6.500000000000000222e-01
5.800000000000000711e-01
1.000000000000000021e-02
1.600000000000000033e-01
9.333333333333333759e-02
1.266666666666666774e-01
3.333333333333333287e-02
1.633333333333333304e-01
4.000000000000000083e-02
2.200000000000000011e-01
9.833333333333333925e-01
1.679999999999999938e+00
1.110000000000000098e+00
6.800000000000000488e-01
1.233333333333333365e-01
6.566666666666667318e-01
1.176666666666666528e+00
1.196666666666666545e+00
1.729999999999999760e+00
3.800000000000000600e-01
9.366666666666666474e-01
1.983333333333333171e+00
4.066666666666667318e-01
7.333333333333331983e-02
7.099999999999999645e-01
7.033333333333332549e-01
