8.333333333333333703e-01
3.600000000000000422e-01
2.700000000000000178e-01
5.033333333333332993e-01
6.666666666666666297e-01
3.666666666666666685e-02
1.199999999999999956e+00
2.466666666666666730e-01
3.000000000000000236e-02
7.000000000000000666e-02
2.666666666666666838e-02
2.133333333333333470e-01
2.033333333333333381e-01
2.666666666666666838e-02
6.833333333333334592e-01
3.666666666666666685e-02
4.000000000000000083e-02
2.666666666666666838e-02
4.666666666666666879e-02
2.800000000000000266e-01
1.466666666666666674e-01
4.333333333333332926e-01
9.466666666666667673e-01
8.766666666666665941e-01
1.266666666666666774e-01
7.166666666666666741e-01
1.726666666666666572e+00
4.000000000000000083e-02
4.500000000000000111e-01
1.666666666666666644e-02
1.790000000000000036e+00
2.376666666666666927e+00
6.666666666666666574e-02
2.999999999999999889e-02
3.300000000000000155e-01
6.366666666666667140e-01
5.466666666666667451e-01
2.599999999999999534e-01
2.166666666666666463e-01
1.119999999999999885e+00
1.633333333333333304e-01
3.666666666666666963e-01
1.563333333333333464e+00
3.566666666666666874e-01
5.233333333333333171e-01
0.000000000000000000e+00
4.000000000000000083e-02
3.233333333333333059e-01
9.666666666666667851e-02
4.266666666666666941e-01
4.733333333333333282e-01
6.000000000000000472e-02
5.999999999999999778e-02
2.633333333333333637e-01
7.333333333333334758e-02
1.600000000000000033e-01
9.000000000000001055e-02
2.066666666666666929e-01
2.600000000000000089e-01
5.666666666666666380e-02
1.983333333333333393e+00
1.523333333333333428e+00
4.866666666666666363e-01
9.666666666666667851e-02
1.506666666666666599e+00
3.499999999999999223e-01
1.499999999999999944e-01
1.666666666666666644e-02
0.000000000000000000e+00
2.000000000000000042e-02
1.000000000000000021e-02
1.183333333333333348e+00
9.333333333333333759e-02
1.233333333333333365e-01
2.866666666666666807e-01
1.610000000000000098e+00
9.166666666666666297e-01
6.666666666666667095e-03
3.600000000000000422e-01
3.333333333333333287e-02
1.000000000000000021e-02
0.000000000000000000e+00
2.966666666666666896e-01
6.333333333333333870e-02
1.433333333333333404e-01
1.066666666666666735e-01
6.666666666666666574e-02
7.666666666666667462e-02
6.533333333333334325e-01
1.339999999999999858e+00
