6.300000000000000044e-01
8.666666666666666963e-02
8.666666666666666963e-01
9.000000000000001055e-02
5.266666666666667274e-01
1.000000000000000021e-02
3.333333333333333287e-02
7.299999999999999822e-01
1.133333333333333415e-01
8.000000000000000167e-02
2.000000000000000042e-02
9.233333333333333393e-01
2.000000000000000042e-02
1.000000000000000194e-01
1.000000000000000021e-02
1.100000000000000006e-01
1.000000000000000021e-02
8.000000000000000167e-02
1.633333333333333304e-01
1.333333333333333315e-01
5.666666666666666380e-02
9.366666666666665364e-01
1.383333333333333526e+00
6.333333333333333870e-02
5.099999999999998979e-01
0.000000000000000000e+00
3.666666666666666685e-02
1.000000000000000021e-02
8.799999999999998934e-01
3.666666666666666685e-02
0.000000000000000000e+00
1.166666666666666546e-01
1.133333333333333276e-01
6.666666666666666297e-01
1.500000000000000222e-01
9.666666666666666463e-02
5.666666666666667074e-02
1.666666666666666644e-02
2.333333333333333440e-02
2.000000000000000042e-02
3.500000000000000333e-01
2.966666666666666896e-01
3.566666666666666874e-01
2.299999999999999822e-01
1.300000000000000044e+00
2.533333333333333548e-01
3.666666666666666963e-01
1.999999999999999833e-01
5.400000000000000355e-01
5.000000000000000971e-02
8.666666666666666963e-02
3.000000000000000236e-02
7.700000000000000178e-01
3.666666666666667379e-02
8.566666666666667984e-01
1.166666666666666546e-01
1.399999999999999856e-01
8.333333333333332871e-02
1.866666666666666474e+00
1.733333333333333393e-01
5.366666666666667362e-01
2.866666666666666807e-01
3.366666666666666696e-01
9.666666666666667851e-02
5.333333333333333676e-02
6.666666666666667095e-03
1.133333333333333276e-01
7.566666666666667096e-01
2.633333333333333637e-01
1.476666666666666572e+00
1.000000000000000194e-01
7.799999999999999156e-01
2.333333333333333440e-02
1.266666666666666774e-01
1.033333333333333326e-01
1.000000000000000021e-02
2.500000000000000000e-01
3.333333333333333287e-02
1.666666666666666644e-02
0.000000000000000000e+00
0.000000000000000000e+00
0.000000000000000000e+00
1.333333333333333419e-02
1.333333333333333419e-02
1.333333333333333419e-02
2.033333333333333381e-01
8.333333333333332871e-02
3.333333333333333287e-02
2.366666666666666641e-01
0.000000000000000000e+00
1.333333333333333419e-02
4.633333333333333748e-01
2.333333333333333440e-02
3.099999999999999978e-01
1.000000000000000021e-02
2.833333333333333814e-01
1.066666666666666735e-01
1.066666666666666735e-01
1.366666666666666863e-01
7.333333333333334758e-02
6.666666666666667095e-03
1.666666666666666644e-02
5.999999999999999778e-02
2.500000000000000000e-01
0.000000000000000000e+00
0.000000000000000000e+00
0.000000000000000000e+00
0.000000000000000000e+00
7.000000000000000666e-02
6.666666666666667095e-03
0.000000000000000000e+00
8.666666666666666963e-02
0.000000000000000000e+00
1.000000000000000021e-02
4.199999999999999845e-01
3.666666666666667379e-02
0.000000000000000000e+00
8.666666666666666963e-02
4.199999999999999845e-01
4.899999999999999911e-01
1.270000000000000240e+00
4.333333333333333481e-02
8.333333333333333703e-01
8.666666666666666963e-02
5.000000000000000971e-02
1.633333333333333304e-01
6.633333333333334414e-01
0.000000000000000000e+00
1.000000000000000021e-02
3.099999999999999978e-01
3.333333333333333287e-02
9.133333333333334414e-01
1.406666666666666510e+00
1.219999999999999973e+00
8.333333333333332871e-02
2.033333333333333381e-01
5.000000000000000971e-02
1.276666666666666616e+00
1.236666666666666581e+00
2.099999999999999922e-01
3.366666666666666696e-01
8.399999999999999689e-01
1.130000000000000115e+00
0.000000000000000000e+00
2.999999999999999889e-02
0.000000000000000000e+00
5.333333333333333676e-02
1.033333333333333326e-01
3.366666666666666696e-01
5.833333333333333703e-01
2.333333333333333440e-02
2.199999999999999734e-01
2.399999999999999911e-01
0.000000000000000000e+00
2.666666666666666838e-02
7.333333333333333370e-02
5.899999999999999689e-01
2.999999999999999889e-02
1.440000000000000169e+00
5.200000000000000178e-01
1.786666666666666403e+00
2.166666666666666741e-01
3.033333333333333437e-01
6.666666666666666574e-02
1.666666666666666644e-02
1.713333333333333597e+00
1.300000000000000044e-01
1.290000000000000036e+00
1.866666666666666752e-01
1.899999999999999745e-01
3.066666666666666985e-01
2.000000000000000042e-02
1.300000000000000044e-01
3.666666666666666685e-02
3.633333333333332860e-01
3.400000000000000244e-01
4.666666666666666186e-01
3.899999999999999578e-01
4.066666666666667318e-01
3.933333333333333126e-01
1.333333333333333419e-02
8.333333333333332871e-02
1.383333333333333526e+00
1.086666666666666670e+00
0.000000000000000000e+00
6.666666666666667095e-03
9.100000000000000311e-01
2.999999999999999889e-02
3.699999999999999400e-01
1.166666666666666546e-01
1.566666666666666485e-01
2.333333333333333440e-02
1.100000000000000006e-01
2.299999999999999822e-01
1.636666666666666714e+00
1.533333333333333492e-01
5.999999999999999778e-02
1.223333333333333384e+00
1.766666666666666663e-01
4.333333333333333481e-02
1.110000000000000098e+00
7.666666666666666075e-02
1.966666666666666563e-01
1.900000000000000300e-01
2.199999999999999734e-01
7.666666666666667462e-02
1.700000000000000122e-01
6.333333333333333870e-02
2.666666666666666838e-02
1.766666666666666663e-01
5.999999999999999778e-02
1.466666666666666785e+00
2.999999999999999889e-02
1.333333333333333419e-02
4.333333333333333481e-02
0.000000000000000000e+00
0.000000000000000000e+00
4.000000000000000777e-01
1.059999999999999831e+00
3.666666666666666963e-01
1.260000000000000009e+00
1.466666666666666952e-01
1.166666666666666546e-01
1.166666666666666546e-01
2.529999999999999805e+00
1.666666666666666741e+00
3.666666666666665991e-02
2.133333333333332915e-01
1.083333333333333259e+00
7.466666666666665897e-01
1.619999999999999885e+00
3.266666666666666607e-01
4.666666666666666879e-02
8.000000000000000167e-02
3.333333333333333547e-03
3.433333333333332682e-01
3.566666666666666319e-01
4.099999999999999756e-01
0.000000000000000000e+00
5.000000000000000971e-02
5.133333333333333082e-01
3.333333333333333547e-03
0.000000000000000000e+00
0.000000000000000000e+00
1.233333333333333365e-01
0.000000000000000000e+00
1.266666666666666774e-01
8.333333333333332871e-02
4.666666666666666879e-02
2.500000000000000000e-01
3.466666666666666785e-01
6.999999999999999278e-02
6.666666666666667095e-03
0.000000000000000000e+00
0.000000000000000000e+00
0.000000000000000000e+00
1.333333333333333419e-02
8.399999999999999689e-01
2.333333333333333093e-02
4.666666666666666186e-01
6.300000000000000044e-01
7.000000000000000666e-02
2.399999999999999911e-01
8.766666666666665941e-01
4.999999999999999584e-02
7.333333333333333370e-02
1.033333333333333326e-01
7.333333333333333370e-02
1.966666666666666841e-01
0.000000000000000000e+00
3.333333333333333547e-03
8.599999999999999867e-01
4.333333333333333481e-02
6.666666666666667095e-03
1.766666666666666663e-01
3.333333333333333287e-02
1.766666666666666663e-01
8.800000000000000044e-01
9.666666666666666741e-01
3.166666666666666519e-01
4.299999999999999933e-01
5.733333333333333615e-01
9.000000000000001055e-02
1.499999999999999944e-01
1.000000000000000194e-01
7.666666666666667462e-02
1.653333333333333321e+00
3.533333333333333326e-01
2.666666666666666630e-01
1.613333333333333286e+00
2.700000000000000178e-01
6.999999999999999278e-02
2.033333333333333381e-01
2.233333333333333559e-01
2.800000000000000266e-01
1.273333333333333428e+00
7.533333333333334103e-01
2.026666666666666838e+00
1.580000000000000071e+00
