7.433333333333332904e-01
3.966666666666666674e-01
5.566666666666666430e-01
5.133333333333333082e-01
1.706666666666666332e+00
4.000000000000000083e-02
1.333333333333333419e-02
4.599999999999999645e-01
3.899999999999999578e-01
2.999999999999999889e-02
5.433333333333333348e-01
9.000000000000001055e-02
4.299999999999999933e-01
5.599999999999999423e-01
5.033333333333332993e-01
8.333333333333332871e-02
1.000000000000000021e-02
2.233333333333333004e-01
1.716666666666666785e+00
2.466666666666666730e-01
9.466666666666666563e-01
1.833333333333333204e-01
4.666666666666666186e-01
2.399999999999999911e-01
2.146666666666666501e+00
9.533333333333334769e-01
4.500000000000000111e-01
1.966666666666666841e-01
1.833333333333333259e+00
1.499999999999999944e-01
4.066666666666666763e-01
2.966666666666666896e-01
3.366666666666666696e-01
1.666666666666666644e-02
1.033333333333333326e-01
2.333333333333333093e-01
3.600000000000000422e-01
4.033333333333333215e-01
1.899999999999999745e-01
1.333333333333333419e-02
6.666666666666666574e-02
1.100000000000000006e-01
2.166666666666666741e-01
7.000000000000000666e-02
8.933333333333334236e-01
2.933333333333333903e-01
1.610000000000000098e+00
1.703333333333333144e+00
1.086666666666666670e+00
2.066666666666666652e-01
1.533333333333333215e-01
2.333333333333333440e-02
1.066666666666666735e-01
9.000000000000000222e-01
2.966666666666666341e-01
8.333333333333332871e-02
3.733333333333332948e-01
0.000000000000000000e+00
7.333333333333333370e-02
7.000000000000000666e-02
6.666666666666666574e-02
5.666666666666667074e-02
2.333333333333333440e-02
1.366666666666666585e-01
1.033333333333333326e-01
8.133333333333333526e-01
2.733333333333333726e-01
8.433333333333333792e-01
2.666666666666666630e-01
1.066666666666666735e-01
0.000000000000000000e+00
9.599999999999999645e-01
9.000000000000001055e-02
4.333333333333333481e-01
2.376666666666666483e+00
