1.183333333333333348e+00
5.733333333333333615e-01
2.583333333333333481e+00
3.533333333333333326e-01
1.000000000000000000e+00
1.600000000000000033e-01
1.166666666666666546e-01
9.666666666666667851e-01
6.000000000000000472e-02
6.666666666666667095e-03
2.000000000000000389e-01
2.333333333333333440e-02
0.000000000000000000e+00
2.300000000000000100e-01
2.466666666666666730e-01
1.466666666666666674e-01
1.266666666666666774e-01
5.966666666666666785e-01
5.233333333333333171e-01
3.500000000000000333e-01
2.066666666666666652e-01
3.333333333333333148e-01
2.566666666666666541e-01
3.000000000000000236e-02
1.600000000000000033e-01
1.133333333333333276e-01
2.000000000000000042e-02
9.000000000000001055e-02
3.333333333333333547e-03
9.333333333333334592e-01
5.466666666666666341e-01
7.333333333333334758e-02
1.333333333333333419e-02
2.966666666666666896e-01
5.533333333333333437e-01
8.333333333333332871e-02
1.333333333333333315e-01
1.199999999999999956e-01
3.266666666666666607e-01
2.333333333333333093e-01
7.000000000000000666e-02
9.500000000000000666e-01
7.700000000000000178e-01
0.000000000000000000e+00
0.000000000000000000e+00
8.966666666666666119e-01
7.333333333333333370e-02
1.000000000000000021e-02
1.230000000000000204e+00
1.656666666666666510e+00
5.866666666666665586e-01
1.066666666666666735e-01
1.540000000000000036e+00
6.666666666666667095e-03
3.966666666666666674e-01
2.766666666666666718e-01
1.166666666666666546e-01
7.500000000000000000e-01
0.000000000000000000e+00
0.000000000000000000e+00
1.100000000000000089e+00
2.199999999999999734e-01
1.000000000000000021e-02
3.566666666666666874e-01
1.190000000000000169e+00
1.700000000000000122e-01
1.983333333333333171e+00
9.233333333333333393e-01
2.166666666666666741e-01
1.113333333333333286e+00
3.666666666666667379e-02
1.000000000000000021e-02
9.500000000000000666e-01
9.333333333333332371e-01
1.100000000000000006e-01
2.666666666666666838e-02
1.309999999999999831e+00
1.000000000000000021e-02
3.300000000000000155e-01
1.473333333333333384e+00
8.266666666666667718e-01
4.000000000000000083e-02
6.666666666666667095e-03
3.899999999999999578e-01
1.066666666666666735e-01
3.233333333333333059e-01
1.199999999999999956e-01
5.433333333333333348e-01
1.086666666666666670e+00
7.133333333333332638e-01
2.399999999999999911e-01
7.666666666666666075e-01
6.500000000000000222e-01
5.233333333333333171e-01
2.133333333333333470e-01
8.033333333333333437e-01
1.400000000000000133e-01
4.099999999999999756e-01
4.066666666666666763e-01
6.666666666666667095e-03
0.000000000000000000e+00
2.000000000000000042e-02
1.073333333333333250e+00
0.000000000000000000e+00
8.333333333333332871e-02
2.576666666666666661e+00
1.096666666666666679e+00
9.333333333333333759e-02
1.060000000000000053e+00
1.410000000000000142e+00
2.733333333333333726e-01
3.799999999999999489e-01
1.000000000000000021e-02
2.300000000000000100e-01
1.466666666666666674e-01
3.000000000000000236e-02
3.333333333333333547e-03
3.000000000000000236e-02
1.733333333333333393e-01
1.333333333333333419e-02
3.800000000000000600e-01
1.000000000000000000e+00
2.433333333333333182e-01
1.966666666666666563e-01
2.633333333333333637e-01
2.353333333333333055e+00
6.000000000000000472e-02
1.413333333333333330e+00
1.966666666666666563e-01
2.766666666666666718e-01
1.396666666666666723e+00
1.146666666666666723e+00
5.899999999999999689e-01
3.566666666666666874e-01
1.899999999999999745e-01
4.000000000000000083e-02
1.333333333333333315e-01
1.666666666666666644e-02
4.666666666666666879e-02
1.966666666666666563e-01
4.299999999999999933e-01
8.000000000000000167e-02
7.533333333333332993e-01
1.190000000000000169e+00
2.866666666666666807e-01
3.099999999999999978e-01
2.000000000000000389e-01
2.666666666666666838e-02
6.666666666666666574e-02
2.733333333333333726e-01
8.666666666666666963e-01
6.966666666666666563e-01
0.000000000000000000e+00
6.066666666666665764e-01
3.300000000000000155e-01
7.333333333333331983e-02
7.333333333333333370e-02
9.599999999999999645e-01
0.000000000000000000e+00
0.000000000000000000e+00
4.133333333333333304e-01
1.199999999999999956e-01
8.666666666666666963e-02
2.799999999999999711e-01
5.699999999999999512e-01
9.000000000000001055e-02
4.733333333333333282e-01
6.666666666666667095e-03
1.700000000000000122e-01
9.333333333333333759e-02
5.033333333333332993e-01
0.000000000000000000e+00
4.266666666666666941e-01
1.286666666666666847e+00
3.600000000000000422e-01
6.466666666666666119e-01
7.299999999999999822e-01
2.166666666666666741e-01
7.933333333333333348e-01
5.333333333333333259e-01
3.966666666666666674e-01
2.833333333333333814e-01
3.733333333333333504e-01
5.733333333333332504e-01
1.696666666666666545e+00
1.146666666666666723e+00
3.799999999999999489e-01
3.666666666666666408e-01
1.480000000000000204e+00
5.000000000000000000e-01
8.066666666666666430e-01
9.400000000000000577e-01
3.656666666666666288e+00
