5.899999999999999689e-01
1.306666666666666643e+00
1.333333333333333419e-02
0.000000000000000000e+00
4.000000000000000083e-02
9.233333333333333393e-01
5.366666666666666252e-01
0.000000000000000000e+00
0.000000000000000000e+00
9.100000000000000311e-01
1.866666666666666752e-01
3.333333333333333287e-02
3.366666666666666696e-01
1.533333333333333492e-01
2.866666666666666807e-01
8.000000000000000167e-02
1.006666666666666599e+00
7.333333333333333370e-02
0.000000000000000000e+00
3.233333333333333059e-01
1.016666666666666607e+00
4.333333333333333481e-02
1.399999999999999856e-01
2.933333333333333348e-01
9.333333333333334592e-01
6.666666666666666574e-02
2.666666666666666838e-02
2.600000000000000089e-01
1.266666666666666774e-01
9.666666666666666463e-02
3.766666666666667052e-01
9.300000000000000488e-01
4.433333333333333570e-01
8.599999999999999867e-01
1.820000000000000284e+00
1.100000000000000006e-01
2.099999999999999922e-01
1.676666666666666750e+00
4.333333333333333481e-02
2.333333333333333440e-02
0.000000000000000000e+00
1.533333333333333215e-01
2.666666666666666838e-02
3.333333333333333287e-02
2.999999999999999889e-01
0.000000000000000000e+00
6.666666666666666574e-02
1.566666666666666485e-01
3.400000000000000244e-01
8.000000000000000167e-02
6.333333333333333870e-02
3.833333333333333037e-01
1.146666666666666723e+00
4.280000000000000249e+00
8.166666666666667629e-01
9.000000000000000222e-01
2.000000000000000042e-02
3.233333333333333059e-01
6.900000000000000577e-01
1.630000000000000115e+00
5.833333333333333703e-01
0.000000000000000000e+00
0.000000000000000000e+00
7.999999999999999334e-01
7.000000000000000666e-02
4.333333333333333481e-02
6.099999999999999867e-01
1.199999999999999956e-01
5.266666666666667274e-01
3.733333333333332948e-01
1.669999999999999929e+00
1.466666666666666674e-01
0.000000000000000000e+00
9.666666666666667851e-02
5.999999999999999778e-01
1.400000000000000133e-01
1.800000000000000211e-01
1.666666666666666574e-01
8.466666666666666785e-01
9.666666666666666463e-02
1.333333333333333419e-02
1.866666666666666752e-01
4.999999999999999584e-02
1.233333333333333365e-01
8.333333333333332871e-02
9.733333333333332726e-01
1.066666666666666735e-01
2.333333333333333093e-01
1.043333333333333224e+00
1.333333333333333315e-01
4.700000000000000289e-01
1.226666666666666572e+00
1.600000000000000033e-01
3.000000000000000236e-02
1.000000000000000021e-02
2.299999999999999822e-01
4.666666666666666879e-02
1.033333333333333326e-01
1.100000000000000006e-01
0.000000000000000000e+00
3.333333333333333287e-02
1.833333333333333481e-01
7.333333333333333370e-02
2.299999999999999822e-01
1.566666666666666763e-01
4.033333333333333215e-01
1.133333333333333304e+00
2.553333333333333233e+00
5.033333333333332993e-01
3.566666666666666319e-01
9.000000000000001055e-02
3.233333333333333059e-01
8.800000000000000044e-01
6.533333333333333215e-01
4.799999999999999822e-01
9.000000000000001055e-02
3.333333333333333547e-03
3.600000000000000422e-01
4.000000000000000083e-02
2.399999999999999911e-01
3.133333333333333526e-01
1.900000000000000300e-01
1.139999999999999902e+00
2.866666666666666807e-01
1.596666666666666679e+00
8.333333333333332871e-02
3.333333333333333547e-03
1.163333333333333330e+00
9.000000000000000222e-01
2.666666666666666630e-01
2.833333333333333259e-01
1.066666666666666735e-01
1.166666666666666546e-01
1.199999999999999956e-01
1.666666666666666644e-02
1.533333333333333215e-01
1.499999999999999944e-01
1.499999999999999944e-01
8.333333333333332871e-02
1.446666666666666545e+00
6.666666666666666574e-02
9.666666666666666463e-02
5.466666666666667451e-01
2.300000000000000100e-01
4.366666666666667029e-01
1.533333333333333215e-01
5.333333333333333676e-02
1.333333333333333419e-02
4.333333333333333481e-02
1.133333333333333276e-01
3.666666666666667379e-02
4.000000000000000083e-02
9.000000000000001055e-02
9.333333333333333759e-02
5.666666666666667074e-02
6.666666666666666574e-02
1.633333333333333304e-01
4.933333333333333459e-01
6.999999999999999278e-02
8.300000000000000711e-01
2.080000000000000071e+00
5.356666666666666465e+00
1.933333333333333570e-01
8.733333333333334059e-01
0.000000000000000000e+00
7.000000000000000666e-02
5.999999999999999778e-01
1.240000000000000213e+00
1.709999999999999964e+00
0.000000000000000000e+00
0.000000000000000000e+00
5.666666666666666519e-01
2.000000000000000042e-02
6.000000000000000472e-02
1.500000000000000222e-01
0.000000000000000000e+00
5.000000000000000000e-01
2.466666666666667007e-01
1.679999999999999938e+00
2.000000000000000042e-02
0.000000000000000000e+00
2.899999999999999800e-01
1.613333333333333286e+00
1.300000000000000044e-01
4.500000000000000111e-01
2.766666666666666718e-01
3.699999999999999400e-01
1.033333333333333326e-01
1.000000000000000021e-02
1.499999999999999944e-01
3.266666666666666607e-01
2.066666666666666652e-01
1.666666666666666574e-01
2.036666666666666625e+00
1.166666666666666546e-01
5.233333333333333171e-01
2.109999999999999876e+00
1.366666666666666863e-01
7.433333333333332904e-01
1.199999999999999956e-01
9.666666666666667851e-02
3.666666666666666685e-02
1.666666666666666644e-02
4.999999999999999584e-02
3.333333333333333547e-03
3.333333333333333287e-02
3.699999999999999400e-01
0.000000000000000000e+00
4.333333333333333481e-02
4.533333333333333659e-01
1.733333333333333393e-01
1.500000000000000222e-01
4.666666666666666879e-02
1.290000000000000036e+00
1.596666666666666679e+00
5.459999999999999964e+00
3.133333333333332971e-01
1.110000000000000098e+00
9.000000000000001055e-02
3.833333333333333037e-01
3.099999999999999978e-01
7.133333333333333748e-01
8.099999999999999423e-01
2.666666666666666838e-02
0.000000000000000000e+00
3.033333333333332882e-01
3.333333333333333287e-02
9.999999999999999167e-02
7.399999999999998801e-01
2.399999999999999911e-01
8.833333333333333037e-01
1.966666666666666563e-01
1.849999999999999867e+00
8.666666666666666963e-02
0.000000000000000000e+00
1.800000000000000211e-01
9.566666666666666652e-01
5.333333333333333676e-02
1.733333333333333393e-01
2.133333333333333470e-01
8.499999999999999778e-01
6.666666666666666574e-02
2.000000000000000042e-02
2.100000000000000477e-01
9.333333333333333759e-02
1.866666666666666752e-01
2.199999999999999734e-01
1.363333333333333286e+00
3.333333333333333287e-02
1.400000000000000133e-01
6.633333333333333304e-01
1.166666666666666546e-01
3.533333333333333326e-01
1.286666666666666847e+00
9.666666666666666463e-02
5.499999999999999334e-01
5.333333333333333676e-02
8.333333333333332871e-02
2.000000000000000042e-02
0.000000000000000000e+00
4.000000000000000083e-02
0.000000000000000000e+00
2.333333333333333440e-02
1.133333333333333415e-01
4.666666666666666186e-01
9.000000000000001055e-02
2.566666666666666541e-01
9.066666666666667318e-01
1.969999999999999973e+00
5.193333333333334245e+00
8.399999999999999689e-01
8.233333333333332504e-01
1.133333333333333276e-01
1.066666666666666735e-01
7.033333333333332549e-01
1.116666666666666696e+00
1.263333333333333419e+00
3.333333333333333547e-03
0.000000000000000000e+00
1.206666666666666776e+00
2.899999999999999800e-01
9.000000000000001055e-02
4.599999999999999645e-01
1.766666666666666663e-01
1.079999999999999849e+00
2.099999999999999922e-01
1.129999999999999893e+00
8.000000000000000167e-02
0.000000000000000000e+00
1.833333333333333481e-01
9.699999999999998623e-01
1.700000000000000122e-01
1.133333333333333276e-01
1.466666666666666674e-01
4.266666666666666941e-01
9.000000000000001055e-02
6.666666666666667095e-03
1.166666666666666546e-01
9.999999999999999167e-02
1.100000000000000006e-01
8.666666666666666963e-02
1.326666666666666661e+00
7.666666666666667462e-02
9.666666666666667851e-02
1.003333333333333188e+00
2.366666666666666918e-01
2.133333333333333470e-01
9.033333333333333215e-01
2.999999999999999889e-02
6.666666666666667095e-03
1.333333333333333419e-02
4.666666666666666879e-02
2.333333333333333440e-02
1.000000000000000021e-02
2.666666666666666838e-02
6.666666666666667095e-03
1.533333333333333215e-01
8.666666666666666963e-02
2.099999999999999922e-01
2.633333333333333082e-01
1.300000000000000044e-01
5.166666666666666075e-01
1.340000000000000080e+00
4.023333333333332540e+00
1.173333333333333339e+00
1.119999999999999885e+00
1.100000000000000006e-01
2.833333333333333814e-01
1.433333333333333404e-01
1.300000000000000044e+00
8.566666666666665764e-01
8.333333333333332871e-02
1.000000000000000021e-02
4.799999999999999822e-01
8.666666666666666963e-02
4.333333333333333481e-02
6.899999999999999467e-01
2.033333333333333381e-01
1.183333333333333348e+00
1.766666666666666663e-01
1.333333333333333259e+00
1.333333333333333315e-01
0.000000000000000000e+00
1.433333333333333404e-01
1.073333333333333250e+00
7.666666666666667462e-02
8.666666666666666963e-02
5.833333333333333703e-01
3.800000000000000600e-01
1.133333333333333276e-01
1.000000000000000021e-02
3.133333333333333526e-01
2.800000000000000266e-01
1.199999999999999956e-01
2.399999999999999911e-01
1.723333333333333384e+00
2.333333333333333093e-01
4.899999999999999911e-01
1.539999999999999813e+00
1.633333333333333304e-01
5.333333333333333259e-01
1.973333333333333384e+00
9.999999999999999167e-02
7.333333333333331983e-02
9.666666666666666463e-02
5.666666666666667629e-01
9.000000000000001055e-02
6.000000000000000472e-02
5.999999999999999778e-02
5.666666666666667074e-02
5.999999999999999778e-02
1.066666666666666735e-01
7.333333333333334758e-02
1.466666666666666952e-01
0.000000000000000000e+00
4.933333333333333459e-01
2.220000000000000195e+00
2.500000000000000000e+00
6.199999999999999956e-01
1.113333333333333286e+00
1.333333333333333419e-02
1.133333333333333415e-01
2.833333333333333814e-01
1.356666666666666687e+00
1.019999999999999796e+00
0.000000000000000000e+00
0.000000000000000000e+00
8.266666666666666607e-01
5.333333333333333676e-02
9.666666666666667851e-02
2.600000000000000089e-01
1.000000000000000021e-02
1.566666666666666485e-01
2.233333333333333004e-01
8.666666666666666963e-01
1.000000000000000021e-02
0.000000000000000000e+00
2.999999999999999889e-01
1.110000000000000098e+00
1.300000000000000044e-01
7.333333333333333370e-02
8.666666666666666963e-02
2.700000000000000178e-01
1.666666666666666644e-02
2.333333333333333093e-02
1.666666666666666644e-02
1.499999999999999944e-01
1.000000000000000021e-02
3.966666666666666674e-01
2.033333333333333659e+00
3.766666666666666496e-01
3.733333333333333504e-01
1.563333333333333242e+00
6.333333333333333870e-02
3.600000000000000422e-01
1.133333333333333304e+00
1.700000000000000122e-01
8.333333333333332871e-02
0.000000000000000000e+00
1.899999999999999745e-01
6.666666666666667095e-03
3.000000000000000236e-02
1.666666666666666644e-02
2.666666666666666838e-02
2.333333333333333440e-02
8.333333333333332871e-02
1.999999999999999833e-01
2.633333333333333637e-01
5.666666666666667074e-02
2.766666666666666718e-01
1.946666666666666545e+00
3.636666666666666714e+00
