6.833333333333332371e-01
1.266666666666666774e-01
1.266666666666666774e-01
1.333333333333333315e-01
1.466666666666666397e-01
2.099999999999999922e-01
5.433333333333333348e-01
1.566666666666666485e-01
1.499999999999999944e-01
2.099999999999999922e-01
4.333333333333333481e-02
2.633333333333333637e-01
1.393333333333333313e+00
2.216666666666666785e+00
4.466666666666667118e-01
9.333333333333333759e-02
9.000000000000000222e-01
1.166666666666666546e-01
1.290000000000000036e+00
4.366666666666667029e-01
7.666666666666667462e-02
4.199999999999999845e-01
1.979999999999999760e+00
1.966666666666666841e-01
1.833333333333333204e-01
2.966666666666666341e-01
1.413333333333333330e+00
