1.636666666666666714e+00
6.233333333333334059e-01
4.466666666666667118e-01
6.666666666666667095e-03
8.333333333333332871e-02
3.333333333333333547e-03
1.333333333333333419e-02
1.000000000000000021e-02
6.666666666666667095e-03
0.000000000000000000e+00
3.000000000000000236e-02
0.000000000000000000e+00
0.000000000000000000e+00
0.000000000000000000e+00
0.000000000000000000e+00
8.800000000000000044e-01
1.133333333333333276e-01
1.700000000000000122e-01
3.666666666666667379e-02
1.233333333333333365e-01
2.999999999999999889e-02
1.266666666666666774e-01
3.666666666666666685e-02
2.133333333333333470e-01
2.166666666666666741e-01
9.333333333333333759e-02
0.000000000000000000e+00
2.533333333333333548e-01
2.999999999999999889e-02
0.000000000000000000e+00
0.000000000000000000e+00
3.499999999999999223e-01
0.000000000000000000e+00
0.000000000000000000e+00
7.999999999999999334e-01
1.333333333333333419e-02
0.000000000000000000e+00
2.999999999999999889e-02
1.959999999999999964e+00
4.766666666666667385e-01
0.000000000000000000e+00
1.266666666666666774e-01
9.333333333333333759e-02
1.100000000000000006e-01
4.899999999999999911e-01
7.000000000000000666e-02
1.766666666666666663e-01
2.033333333333333381e-01
4.333333333333333481e-02
9.066666666666666208e-01
1.066666666666666735e-01
2.666666666666666838e-02
4.999999999999999584e-02
6.666666666666667095e-03
0.000000000000000000e+00
3.000000000000000444e-01
3.099999999999999978e-01
5.533333333333333437e-01
6.300000000000000044e-01
9.666666666666666463e-02
1.199999999999999956e-01
1.066666666666666735e-01
3.500000000000000333e-01
1.433333333333333404e-01
1.116666666666666474e+00
2.999999999999999889e-02
2.000000000000000042e-02
0.000000000000000000e+00
1.000000000000000194e-01
4.999999999999999584e-02
0.000000000000000000e+00
1.199999999999999956e-01
6.333333333333333870e-02
4.333333333333333481e-02
1.000000000000000021e-02
9.999999999999999167e-02
1.499999999999999944e-01
1.300000000000000044e-01
5.666666666666667074e-02
9.000000000000001055e-02
2.566666666666666541e-01
3.333333333333333287e-02
1.333333333333333419e-02
2.333333333333333440e-02
3.333333333333333287e-02
4.666666666666666879e-02
1.900000000000000300e-01
4.566666666666667207e-01
1.033333333333333465e-01
0.000000000000000000e+00
0.000000000000000000e+00
1.333333333333333419e-02
2.999999999999999889e-02
0.000000000000000000e+00
3.333333333333333287e-02
4.333333333333333481e-02
1.199999999999999956e-01
2.333333333333333093e-02
5.666666666666667074e-02
0.000000000000000000e+00
1.000000000000000021e-02
4.133333333333333304e-01
0.000000000000000000e+00
1.000000000000000021e-02
3.666666666666666685e-02
5.999999999999999778e-02
9.000000000000001055e-02
1.966666666666666841e-01
9.000000000000001055e-02
4.700000000000000289e-01
1.333333333333333419e-02
0.000000000000000000e+00
6.666666666666667095e-03
1.333333333333333419e-02
2.999999999999999889e-02
0.000000000000000000e+00
3.666666666666665991e-02
4.633333333333333748e-01
4.266666666666666941e-01
5.499999999999999334e-01
0.000000000000000000e+00
5.799999999999999600e-01
1.333333333333333315e-01
5.666666666666667074e-02
9.333333333333333759e-02
1.000000000000000021e-02
1.000000000000000021e-02
8.000000000000000167e-02
8.300000000000000711e-01
3.033333333333332882e-01
8.499999999999999778e-01
3.899999999999999578e-01
1.366666666666666863e-01
1.666666666666666574e-01
3.533333333333333326e-01
4.799999999999999822e-01
2.199999999999999734e-01
4.633333333333333193e-01
1.540000000000000036e+00
3.366666666666666696e-01
7.000000000000000666e-02
2.933333333333332793e-01
2.266666666666666829e-01
7.333333333333333370e-02
2.166666666666666741e-01
5.333333333333333259e-01
2.133333333333333470e-01
1.596666666666666679e+00
7.200000000000000844e-01
5.999999999999999778e-02
3.200000000000000067e-01
2.099999999999999922e-01
3.666666666666666963e-01
1.066666666666666735e-01
9.000000000000001055e-02
6.666666666666667095e-03
1.520000000000000240e+00
4.133333333333333304e-01
4.266666666666666941e-01
1.033333333333333326e-01
4.866666666666666363e-01
4.299999999999999933e-01
6.699999999999999289e-01
0.000000000000000000e+00
4.033333333333333215e-01
3.333333333333333547e-03
4.000000000000000083e-02
4.000000000000000083e-02
2.833333333333332704e-01
2.666666666666666838e-02
0.000000000000000000e+00
1.233333333333333365e-01
1.566666666666666485e-01
1.666666666666666644e-02
1.399999999999999856e-01
5.333333333333333676e-02
2.033333333333333381e-01
2.633333333333333637e-01
1.133333333333333276e-01
4.433333333333333570e-01
1.000000000000000021e-02
3.666666666666666685e-02
0.000000000000000000e+00
1.666666666666666644e-02
1.000000000000000021e-02
6.999999999999999278e-02
1.003333333333333188e+00
1.033333333333333326e-01
8.000000000000000167e-02
1.163333333333333330e+00
1.266666666666666607e+00
0.000000000000000000e+00
1.666666666666666644e-02
1.246666666666666812e+00
0.000000000000000000e+00
3.366666666666666696e-01
2.099999999999999922e-01
7.600000000000001199e-01
2.733333333333333726e-01
2.400000000000000189e-01
5.666666666666666380e-02
1.103333333333333499e+00
9.666666666666667851e-02
1.866666666666666752e-01
1.833333333333333481e-01
1.233333333333333365e-01
2.800000000000000266e-01
0.000000000000000000e+00
1.133333333333333276e-01
2.033333333333333381e-01
2.999999999999999889e-02
1.146666666666666723e+00
1.899999999999999745e-01
1.976666666666666572e+00
1.476666666666666572e+00
3.333333333333333547e-03
5.733333333333333615e-01
8.666666666666666963e-02
5.333333333333333676e-02
1.563333333333333464e+00
2.446666666666666767e+00
1.733333333333333393e-01
2.800000000000000266e-01
2.666666666666666838e-02
1.033333333333333437e+00
5.999999999999999778e-01
6.666666666666667095e-03
2.633333333333333637e-01
2.333333333333333093e-02
3.333333333333333287e-02
1.066666666666666652e+00
5.999999999999999778e-01
1.600000000000000033e-01
3.300000000000000155e-01
1.136666666666666714e+00
5.566666666666666430e-01
1.440000000000000169e+00
2.966666666666666896e-01
2.600000000000000089e-01
9.000000000000001055e-02
0.000000000000000000e+00
8.666666666666666963e-02
6.666666666666666574e-02
6.666666666666667095e-03
6.000000000000000472e-02
9.333333333333332371e-02
6.099999999999999867e-01
5.733333333333333615e-01
5.333333333333333676e-02
0.000000000000000000e+00
0.000000000000000000e+00
0.000000000000000000e+00
0.000000000000000000e+00
0.000000000000000000e+00
6.333333333333333870e-02
0.000000000000000000e+00
3.333333333333333547e-03
0.000000000000000000e+00
2.766666666666666718e-01
9.666666666666666463e-02
2.733333333333333726e-01
0.000000000000000000e+00
1.000000000000000021e-02
1.350000000000000311e+00
1.893333333333333313e+00
0.000000000000000000e+00
1.333333333333333419e-02
4.299999999999999933e-01
1.106666666666666687e+00
2.333333333333333440e-02
5.999999999999999778e-02
0.000000000000000000e+00
4.633333333333333748e-01
2.000000000000000042e-02
1.033333333333333326e-01
1.666666666666666644e-02
3.233333333333333059e-01
0.000000000000000000e+00
4.633333333333333193e-01
1.666666666666666644e-02
5.999999999999999778e-02
3.666666666666667379e-02
3.733333333333333504e-01
1.433333333333333404e-01
7.799999999999999156e-01
2.566666666666666541e-01
4.999999999999999584e-02
0.000000000000000000e+00
3.333333333333333547e-03
0.000000000000000000e+00
0.000000000000000000e+00
2.333333333333333440e-02
2.999999999999999889e-01
0.000000000000000000e+00
0.000000000000000000e+00
5.200000000000000178e-01
1.033333333333333465e-01
0.000000000000000000e+00
0.000000000000000000e+00
1.179999999999999938e+00
1.276666666666666616e+00
1.333333333333333419e-02
1.933333333333333293e-01
2.466666666666666730e-01
1.899999999999999745e-01
6.466666666666666119e-01
1.286666666666666847e+00
7.900000000000000355e-01
2.666666666666666838e-02
9.333333333333333759e-02
6.666666666666667095e-03
1.000000000000000021e-02
0.000000000000000000e+00
3.333333333333333547e-03
5.999999999999999778e-02
3.000000000000000236e-02
2.333333333333333440e-02
4.999999999999999584e-02
0.000000000000000000e+00
1.000000000000000021e-02
6.666666666666667095e-03
0.000000000000000000e+00
2.333333333333333093e-02
0.000000000000000000e+00
0.000000000000000000e+00
1.133333333333333415e-01
9.066666666666667318e-01
5.666666666666666380e-02
1.833333333333333204e-01
7.366666666666666918e-01
1.463333333333333597e+00
6.333333333333333870e-02
1.050000000000000044e+00
7.366666666666666918e-01
2.653333333333333321e+00
1.166666666666666546e-01
6.666666666666666574e-02
6.666666666666666574e-02
1.366666666666666863e-01
5.999999999999999778e-02
2.666666666666666838e-02
4.000000000000000083e-02
5.999999999999999778e-02
3.333333333333333287e-02
4.000000000000000083e-02
4.000000000000000083e-02
2.999999999999999889e-02
2.566666666666666541e-01
4.333333333333333481e-02
8.333333333333333703e-01
0.000000000000000000e+00
0.000000000000000000e+00
0.000000000000000000e+00
0.000000000000000000e+00
2.333333333333333093e-02
7.666666666666667462e-02
0.000000000000000000e+00
6.666666666666667095e-03
1.666666666666666644e-02
1.333333333333333315e-01
0.000000000000000000e+00
0.000000000000000000e+00
2.666666666666666630e-01
0.000000000000000000e+00
0.000000000000000000e+00
3.066666666666666985e-01
4.566666666666666097e-01
1.233333333333333393e+00
6.666666666666666574e-02
1.033333333333333326e-01
8.333333333333332871e-02
2.533333333333333548e-01
0.000000000000000000e+00
1.666666666666666644e-02
0.000000000000000000e+00
6.666666666666667095e-03
1.333333333333333419e-02
0.000000000000000000e+00
1.100000000000000006e-01
1.233333333333333365e-01
1.333333333333333315e-01
0.000000000000000000e+00
1.433333333333333404e-01
0.000000000000000000e+00
1.333333333333333419e-02
0.000000000000000000e+00
6.666666666666667095e-03
0.000000000000000000e+00
0.000000000000000000e+00
1.033333333333333465e-01
6.466666666666666119e-01
1.690000000000000169e+00
7.966666666666667451e-01
2.433333333333333182e-01
1.333333333333333419e-02
1.466666666666666952e-01
0.000000000000000000e+00
0.000000000000000000e+00
1.000000000000000021e-02
0.000000000000000000e+00
0.000000000000000000e+00
0.000000000000000000e+00
0.000000000000000000e+00
6.666666666666667095e-03
2.000000000000000042e-02
3.333333333333333547e-03
1.733333333333333393e+00
2.699999999999999623e-01
7.000000000000000666e-02
1.366666666666666863e-01
6.333333333333333870e-02
1.033333333333333326e-01
2.099999999999999922e-01
1.733333333333333393e-01
1.633333333333333304e-01
5.666666666666666519e-01
4.333333333333333481e-02
3.666666666666667379e-02
4.299999999999999933e-01
3.333333333333333547e-03
0.000000000000000000e+00
0.000000000000000000e+00
1.733333333333333393e-01
0.000000000000000000e+00
1.166666666666666546e-01
8.066666666666666430e-01
1.333333333333333419e-02
2.000000000000000042e-02
4.000000000000000083e-02
1.216666666666666785e+00
1.633333333333333304e-01
1.666666666666666644e-02
1.399999999999999856e-01
5.333333333333333676e-02
6.666666666666667095e-03
4.900000000000000466e-01
4.000000000000000083e-02
1.966666666666666563e-01
2.200000000000000011e-01
1.333333333333333419e-02
6.333333333333333037e-01
1.300000000000000044e-01
1.100000000000000006e-01
1.333333333333333419e-02
3.333333333333333547e-03
1.000000000000000021e-02
4.299999999999999933e-01
2.999999999999999889e-01
1.120000000000000107e+00
5.466666666666667451e-01
1.566666666666666485e-01
2.999999999999999889e-02
3.466666666666666785e-01
6.833333333333332371e-01
1.033333333333333215e+00
1.833333333333333259e+00
1.133333333333333276e-01
3.333333333333333287e-02
8.000000000000000167e-02
3.166666666666666519e-01
8.333333333333332871e-02
6.666666666666667095e-03
3.233333333333333059e-01
3.333333333333333287e-02
5.000000000000000971e-02
3.333333333333333547e-03
2.333333333333333440e-02
1.333333333333333315e-01
9.666666666666667851e-02
2.133333333333333470e-01
9.666666666666667851e-02
5.566666666666666430e-01
2.733333333333333726e-01
1.333333333333333419e-02
6.666666666666667095e-03
9.333333333333333759e-02
3.666666666666667379e-02
2.833333333333332704e-01
2.500000000000000000e-01
4.999999999999999584e-02
1.366666666666666863e-01
0.000000000000000000e+00
3.666666666666667379e-02
1.366666666666666863e-01
0.000000000000000000e+00
3.466666666666666785e-01
3.333333333333333287e-02
3.333333333333333287e-02
4.000000000000000083e-02
7.333333333333334758e-02
3.333333333333333547e-03
2.333333333333333440e-02
5.133333333333333082e-01
0.000000000000000000e+00
3.333333333333333287e-02
5.333333333333333676e-02
5.333333333333333676e-02
1.866666666666666752e-01
3.333333333333333287e-02
3.000000000000000236e-02
6.066666666666666874e-01
2.333333333333333440e-02
0.000000000000000000e+00
3.333333333333333547e-03
3.333333333333333287e-02
4.000000000000000083e-02
6.000000000000000472e-02
0.000000000000000000e+00
2.799999999999999711e-01
4.466666666666666008e-01
2.600000000000000089e-01
9.000000000000001055e-02
9.933333333333335124e-01
1.366666666666666585e-01
5.000000000000000971e-02
1.000000000000000194e-01
1.666666666666666644e-02
1.333333333333333419e-02
8.000000000000000167e-02
6.099999999999999867e-01
8.000000000000000167e-02
7.666666666666667462e-02
3.433333333333333237e-01
2.633333333333333637e-01
1.266666666666666774e-01
1.300000000000000044e-01
2.200000000000000011e-01
4.333333333333333481e-02
1.199999999999999956e-01
1.179999999999999938e+00
9.333333333333333759e-02
3.666666666666667379e-02
3.633333333333332860e-01
1.666666666666666574e-01
1.300000000000000044e-01
1.433333333333333404e-01
5.733333333333332504e-01
1.933333333333333293e-01
1.209999999999999964e+00
4.966666666666666452e-01
1.833333333333333481e-01
1.999999999999999833e-01
1.666666666666666644e-02
2.200000000000000011e-01
4.666666666666666879e-02
1.666666666666666644e-02
5.666666666666667074e-02
1.800000000000000044e+00
5.733333333333333615e-01
3.166666666666666519e-01
1.600000000000000033e-01
4.233333333333333393e-01
4.033333333333333215e-01
4.833333333333333370e-01
0.000000000000000000e+00
6.800000000000000488e-01
4.666666666666666879e-02
1.500000000000000222e-01
3.633333333333333415e-01
3.966666666666666674e-01
7.333333333333333370e-02
8.333333333333332871e-02
1.600000000000000033e-01
5.999999999999999778e-02
5.666666666666666380e-02
4.333333333333333481e-02
4.666666666666666879e-02
1.066666666666666735e-01
3.200000000000000067e-01
1.000000000000000021e-02
2.033333333333333381e-01
1.300000000000000044e-01
1.333333333333333419e-02
3.666666666666666685e-02
1.633333333333333304e-01
3.333333333333333547e-03
8.000000000000000167e-02
7.600000000000001199e-01
4.666666666666666879e-02
6.000000000000000472e-02
7.033333333333332549e-01
7.233333333333332726e-01
0.000000000000000000e+00
8.000000000000000167e-02
1.090000000000000080e+00
0.000000000000000000e+00
3.500000000000000333e-01
4.333333333333333481e-01
7.133333333333333748e-01
2.933333333333333348e-01
1.400000000000000133e-01
3.333333333333333287e-02
7.200000000000000844e-01
1.099999999999999867e-01
4.000000000000000083e-02
1.666666666666666574e-01
1.033333333333333326e-01
5.766666666666666607e-01
6.666666666666667095e-03
2.833333333333333259e-01
1.266666666666666774e-01
1.000000000000000021e-02
1.793333333333333224e+00
1.899999999999999745e-01
1.396666666666666501e+00
1.659999999999999920e+00
1.333333333333333419e-02
4.933333333333333459e-01
2.399999999999999911e-01
6.000000000000000472e-02
2.300000000000000266e+00
2.833333333333333481e+00
2.666666666666666630e-01
1.866666666666666752e-01
3.000000000000000236e-02
7.699999999999999067e-01
6.133333333333333970e-01
0.000000000000000000e+00
4.233333333333333393e-01
2.500000000000000000e-01
1.333333333333333315e-01
1.593333333333333490e+00
1.166666666666666546e-01
2.600000000000000089e-01
3.566666666666666319e-01
1.383333333333333526e+00
4.199999999999999845e-01
1.196666666666666545e+00
1.166666666666666546e-01
5.533333333333333437e-01
3.433333333333332682e-01
1.333333333333333419e-02
1.566666666666666485e-01
1.333333333333333419e-02
1.666666666666666644e-02
4.666666666666666879e-02
5.666666666666666380e-02
2.600000000000000089e-01
1.666666666666666574e-01
6.666666666666667095e-03
4.000000000000000083e-02
0.000000000000000000e+00
3.333333333333333547e-03
1.333333333333333419e-02
0.000000000000000000e+00
1.333333333333333419e-02
0.000000000000000000e+00
6.666666666666667095e-03
0.000000000000000000e+00
3.666666666666666963e-01
1.300000000000000044e-01
1.533333333333333215e-01
2.333333333333333440e-02
0.000000000000000000e+00
1.013333333333333419e+00
1.093333333333333490e+00
1.000000000000000021e-02
8.666666666666666963e-02
9.999999999999999167e-02
1.603333333333333499e+00
3.666666666666666685e-02
1.000000000000000021e-02
3.333333333333333547e-03
4.333333333333333481e-01
1.333333333333333419e-02
1.199999999999999956e-01
1.000000000000000021e-02
3.800000000000000600e-01
0.000000000000000000e+00
2.899999999999999800e-01
4.666666666666666879e-02
6.666666666666667095e-03
1.000000000000000021e-02
1.433333333333333404e-01
1.666666666666666644e-02
2.433333333333333182e-01
1.499999999999999944e-01
4.000000000000000083e-02
6.666666666666666574e-02
1.000000000000000021e-02
0.000000000000000000e+00
0.000000000000000000e+00
1.333333333333333419e-02
1.333333333333333315e-01
0.000000000000000000e+00
0.000000000000000000e+00
5.000000000000000000e-01
8.999999999999998279e-02
0.000000000000000000e+00
1.666666666666666644e-02
7.600000000000001199e-01
1.090000000000000080e+00
4.000000000000000083e-02
2.666666666666666838e-02
1.066666666666666735e-01
2.933333333333333348e-01
7.799999999999999156e-01
1.886666666666666714e+00
7.399999999999998801e-01
6.666666666666666574e-02
1.966666666666666841e-01
0.000000000000000000e+00
0.000000000000000000e+00
1.999999999999999833e-01
3.666666666666667379e-02
2.999999999999999889e-02
2.666666666666666838e-02
2.999999999999999889e-02
8.666666666666666963e-02
1.333333333333333419e-02
1.199999999999999956e-01
5.666666666666667074e-02
0.000000000000000000e+00
0.000000000000000000e+00
6.666666666666667095e-03
0.000000000000000000e+00
1.133333333333333276e-01
5.599999999999999423e-01
3.666666666666667379e-02
1.166666666666666546e-01
4.233333333333333393e-01
1.123333333333333295e+00
9.666666666666667851e-02
7.833333333333333259e-01
6.466666666666666119e-01
2.649999999999999911e+00
1.900000000000000300e-01
3.333333333333333547e-03
1.800000000000000211e-01
1.800000000000000211e-01
1.899999999999999745e-01
8.666666666666666963e-02
4.000000000000000083e-02
0.000000000000000000e+00
1.666666666666666644e-02
0.000000000000000000e+00
0.000000000000000000e+00
0.000000000000000000e+00
4.000000000000000083e-02
0.000000000000000000e+00
6.700000000000000400e-01
4.000000000000000083e-02
1.566666666666666485e-01
1.000000000000000021e-02
4.000000000000000083e-02
1.900000000000000300e-01
4.000000000000000083e-02
4.000000000000000083e-02
0.000000000000000000e+00
0.000000000000000000e+00
4.000000000000000083e-02
6.333333333333333870e-02
3.333333333333333547e-03
1.033333333333333326e-01
1.600000000000000033e-01
1.000000000000000021e-02
2.099999999999999922e-01
5.833333333333333703e-01
7.133333333333332638e-01
9.666666666666666463e-02
6.333333333333333870e-02
6.666666666666666574e-02
1.600000000000000033e-01
0.000000000000000000e+00
6.666666666666667095e-03
1.000000000000000021e-02
0.000000000000000000e+00
1.000000000000000021e-02
1.666666666666666644e-02
0.000000000000000000e+00
1.133333333333333415e-01
8.666666666666666963e-02
0.000000000000000000e+00
0.000000000000000000e+00
0.000000000000000000e+00
6.666666666666667095e-03
0.000000000000000000e+00
1.333333333333333419e-02
6.666666666666667095e-03
4.666666666666666879e-02
2.500000000000000000e-01
1.310000000000000275e+00
