1.110000000000000098e+00
2.033333333333333381e-01
6.333333333333333870e-02
7.299999999999999822e-01
3.000000000000000236e-02
3.666666666666666685e-02
2.000000000000000042e-02
3.333333333333333287e-02
2.666666666666666630e-01
1.200000000000000094e-01
3.333333333333333287e-02
7.333333333333334758e-02
9.000000000000001055e-02
2.133333333333333470e-01
8.666666666666666963e-02
1.333333333333333419e-02
3.899999999999999578e-01
7.466666666666667007e-01
5.666666666666666380e-02
1.433333333333333126e-01
4.133333333333333304e-01
4.133333333333333304e-01
1.999999999999999833e-01
2.733333333333333726e-01
2.866666666666666252e-01
3.933333333333333681e-01
2.933333333333332793e-01
2.133333333333333470e-01
4.233333333333333393e-01
2.203333333333333588e+00
1.263333333333333419e+00
1.633333333333333304e-01
1.766666666666666663e-01
2.033333333333333381e-01
9.899999999999998801e-01
6.366666666666667140e-01
2.333333333333333440e-02
1.000000000000000021e-02
1.066666666666666735e-01
3.433333333333332682e-01
1.266666666666666774e-01
1.166666666666666546e-01
2.933333333333333903e-01
3.666666666666667379e-02
2.666666666666666838e-02
2.000000000000000042e-02
1.333333333333333419e-02
4.333333333333333481e-02
1.510000000000000009e+00
2.233333333333333559e-01
5.133333333333333082e-01
3.000000000000000236e-02
5.066666666666667096e-01
1.333333333333333315e-01
1.400000000000000133e-01
4.666666666666666186e-01
2.399999999999999911e-01
4.733333333333333282e-01
1.766666666666666663e-01
2.166666666666666741e-01
3.133333333333332971e-01
8.333333333333332871e-02
1.700000000000000122e-01
2.166666666666666741e-01
3.333333333333333148e-01
1.566666666666666485e-01
5.733333333333333615e-01
8.000000000000000167e-02
0.000000000000000000e+00
7.299999999999999822e-01
9.333333333333333759e-02
1.866666666666666474e-01
6.666666666666667095e-03
3.300000000000000155e-01
4.333333333333333481e-02
7.799999999999999156e-01
1.733333333333333393e-01
1.443333333333333357e+00
