1.246666666666666812e+00
1.799999999999999656e-01
2.600000000000000089e-01
1.633333333333333304e-01
9.000000000000001055e-02
2.999999999999999889e-02
7.599999999999998979e-01
1.566666666666666485e-01
1.499999999999999944e-01
6.833333333333332371e-01
2.000000000000000042e-02
4.333333333333333481e-02
4.066666666666666763e-01
1.000000000000000021e-02
8.333333333333332871e-02
4.666666666666666879e-02
7.399999999999998801e-01
4.000000000000000083e-02
1.400000000000000133e-01
2.533333333333333548e-01
5.333333333333333676e-02
4.000000000000000083e-02
1.399999999999999856e-01
1.246666666666666812e+00
7.333333333333333370e-02
0.000000000000000000e+00
1.800000000000000211e-01
5.933333333333332682e-01
7.366666666666666918e-01
3.333333333333333547e-03
5.999999999999999778e-02
1.076666666666666439e+00
3.333333333333333287e-02
7.333333333333333925e-01
1.399999999999999856e-01
8.000000000000000167e-02
8.666666666666665853e-01
6.933333333333333570e-01
9.366666666666666474e-01
6.666666666666667095e-03
1.533333333333333215e-01
8.866666666666667140e-01
5.666666666666667074e-02
1.966666666666666841e-01
1.466666666666666674e-01
0.000000000000000000e+00
0.000000000000000000e+00
9.000000000000001055e-02
2.666666666666666838e-02
1.333333333333333419e-02
5.666666666666667074e-02
1.566666666666666763e-01
1.266666666666666774e-01
2.166666666666666741e-01
9.000000000000001055e-02
3.099999999999999978e-01
1.343333333333333046e+00
2.633333333333333637e-01
1.733333333333333393e-01
3.666666666666666685e-02
6.999999999999998446e-01
4.733333333333333282e-01
2.500000000000000000e-01
1.666666666666666644e-02
1.570000000000000062e+00
2.239999999999999769e+00
6.666666666666666574e-02
9.466666666666666563e-01
1.623333333333333295e+00
1.366666666666666474e+00
3.799999999999999489e-01
1.633333333333333304e-01
6.033333333333333881e-01
2.846666666666666234e+00
2.416666666666666519e+00
1.203333333333333366e+00
2.799999999999999711e-01
2.200000000000000011e-01
2.166666666666666741e-01
1.366666666666666863e-01
1.773333333333333428e+00
2.199999999999999734e-01
6.099999999999999867e-01
7.266666666666665719e-01
3.800000000000000600e-01
1.666666666666666644e-02
5.133333333333333082e-01
1.066666666666666735e-01
2.833333333333333814e-01
3.333333333333333547e-03
1.666666666666666574e-01
2.333333333333333440e-02
0.000000000000000000e+00
3.333333333333333547e-03
2.733333333333333726e-01
0.000000000000000000e+00
2.366666666666666918e-01
1.300000000000000044e-01
2.566666666666666541e-01
5.399999999999999245e-01
4.799999999999999822e-01
3.133333333333333526e-01
5.000000000000000971e-02
1.199999999999999956e-01
1.999999999999999833e-01
7.333333333333333370e-02
3.133333333333332971e-01
8.800000000000000044e-01
1.533333333333333215e-01
3.499999999999999223e-01
1.999999999999999833e-01
5.333333333333333676e-02
4.000000000000000083e-02
6.999999999999999278e-02
0.000000000000000000e+00
3.333333333333333287e-02
3.433333333333333237e-01
2.399999999999999911e-01
8.666666666666666963e-02
3.500000000000000333e-01
8.000000000000001554e-01
1.273333333333333428e+00
2.333333333333333093e-02
2.299999999999999822e-01
6.666666666666667095e-03
1.096666666666666679e+00
2.999999999999999889e-02
2.999999999999999889e-02
3.933333333333333681e-01
2.999999999999999889e-02
5.000000000000000971e-02
3.133333333333332971e-01
8.533333333333333881e-01
1.266666666666666774e-01
1.033333333333333326e-01
1.496666666666666812e+00
6.333333333333333870e-02
1.966666666666666841e-01
1.733333333333333393e-01
1.166666666666666546e-01
0.000000000000000000e+00
9.533333333333332549e-01
3.000000000000000236e-02
1.199999999999999956e-01
1.766666666666666663e-01
1.643333333333333313e+00
2.066666666666666652e-01
2.699999999999999623e-01
6.800000000000000488e-01
7.799999999999999156e-01
1.533333333333333215e-01
1.400000000000000133e-01
6.333333333333333870e-02
1.000000000000000021e-02
1.300000000000000044e-01
5.333333333333333676e-02
1.233333333333333365e-01
2.366666666666666641e-01
6.666666666666667095e-03
1.233333333333333504e-01
1.000000000000000021e-02
2.333333333333333440e-02
2.099999999999999922e-01
2.333333333333333440e-02
8.666666666666666963e-02
6.666666666666667095e-03
7.900000000000000355e-01
3.333333333333333287e-02
1.233333333333333365e-01
1.300000000000000044e-01
4.399999999999999467e-01
1.666666666666666644e-02
3.000000000000000236e-02
1.833333333333333481e-01
4.633333333333333193e-01
3.066666666666666430e-01
1.666666666666666574e-01
1.533333333333333492e-01
1.866666666666666752e-01
7.099999999999999645e-01
1.633333333333333304e-01
1.333333333333333419e-02
1.416666666666666741e+00
1.666666666666666574e-01
1.199999999999999956e-01
1.866666666666666752e-01
1.666666666666666644e-02
3.566666666666666319e-01
1.633333333333333304e-01
2.099999999999999922e-01
1.166666666666666546e-01
8.666666666666666963e-02
1.533333333333333215e-01
2.999999999999999889e-02
1.000000000000000021e-02
0.000000000000000000e+00
6.666666666666666574e-02
2.000000000000000042e-02
6.633333333333332194e-01
1.366666666666666863e-01
1.463333333333333597e+00
3.333333333333333287e-02
5.866666666666667806e-01
2.333333333333333440e-02
2.466666666666666730e-01
1.999999999999999833e-01
8.333333333333332871e-02
3.233333333333333059e-01
5.633333333333333526e-01
2.000000000000000042e-02
5.666666666666666380e-02
3.333333333333333547e-03
1.993333333333333401e+00
4.733333333333333282e-01
8.133333333333333526e-01
4.000000000000000083e-02
6.533333333333333215e-01
2.566666666666666541e-01
4.466666666666666008e-01
0.000000000000000000e+00
1.230000000000000204e+00
5.166666666666666075e-01
5.100000000000000089e-01
3.333333333333333287e-02
8.566666666666667984e-01
2.600000000000000089e-01
3.033333333333332882e-01
1.333333333333333315e-01
8.133333333333333526e-01
7.533333333333332993e-01
6.733333333333333393e-01
8.800000000000000044e-01
2.466666666666666730e-01
6.666666666666667095e-03
3.333333333333333547e-03
7.333333333333334758e-02
1.166666666666666546e-01
3.333333333333333547e-03
6.333333333333333870e-02
1.256666666666666599e+00
1.013333333333333419e+00
4.500000000000000111e-01
4.260000000000000675e+00
1.229999999999999982e+00
1.633333333333333304e-01
1.166666666666666546e-01
0.000000000000000000e+00
3.266666666666666607e-01
1.333333333333333419e-02
1.733333333333333393e-01
8.366666666666665586e-01
0.000000000000000000e+00
1.533333333333333215e-01
5.366666666666667362e-01
1.666666666666666644e-02
1.333333333333333419e-02
1.633333333333333304e-01
6.600000000000000311e-01
1.066666666666666735e-01
4.466666666666667118e-01
2.033333333333333381e-01
4.000000000000000083e-02
1.499999999999999944e-01
2.033333333333333381e-01
1.250000000000000000e+00
9.999999999999999167e-02
3.333333333333333547e-03
5.333333333333333676e-02
6.299999999999998934e-01
2.999999999999999889e-01
1.666666666666666644e-02
8.000000000000000167e-02
8.000000000000001554e-01
1.666666666666666644e-02
1.036666666666666625e+00
5.333333333333333676e-02
1.066666666666666735e-01
1.506666666666666599e+00
7.699999999999999067e-01
8.433333333333333792e-01
1.000000000000000021e-02
2.666666666666666630e-01
5.933333333333333792e-01
2.466666666666666730e-01
1.266666666666666774e-01
7.666666666666666075e-02
1.000000000000000021e-02
0.000000000000000000e+00
6.333333333333333870e-02
2.000000000000000042e-02
1.000000000000000021e-02
6.666666666666667095e-03
1.133333333333333276e-01
2.166666666666666741e-01
1.966666666666666841e-01
0.000000000000000000e+00
1.466666666666666674e-01
1.216666666666666785e+00
5.233333333333333171e-01
9.999999999999999167e-02
4.333333333333333481e-02
2.933333333333332793e-01
8.666666666666666963e-02
1.266666666666666774e-01
6.666666666666667095e-03
3.066666666666666985e-01
1.416666666666666741e+00
9.333333333333333759e-02
1.550000000000000044e+00
1.929999999999999938e+00
1.593333333333333046e+00
4.566666666666667207e-01
2.233333333333333004e-01
2.866666666666666807e-01
4.086666666666666892e+00
1.159999999999999920e+00
5.100000000000000089e-01
1.733333333333333393e-01
1.866666666666666752e-01
7.333333333333333370e-02
1.260000000000000009e+00
2.533333333333333548e-01
3.200000000000000067e-01
6.866666666666666474e-01
3.066666666666666430e-01
7.333333333333334758e-02
3.099999999999999978e-01
2.566666666666666541e-01
4.299999999999999933e-01
5.000000000000000971e-02
1.166666666666666546e-01
5.666666666666666380e-02
0.000000000000000000e+00
0.000000000000000000e+00
4.966666666666666452e-01
0.000000000000000000e+00
5.000000000000000971e-02
1.999999999999999833e-01
3.433333333333333237e-01
3.066666666666666985e-01
4.033333333333333215e-01
2.933333333333333903e-01
4.999999999999999584e-02
4.000000000000000083e-02
1.966666666666666563e-01
1.666666666666666644e-02
1.666666666666666574e-01
3.466666666666666785e-01
1.433333333333333404e-01
2.466666666666666730e-01
1.566666666666666485e-01
1.000000000000000021e-02
1.000000000000000021e-02
9.666666666666667851e-02
5.999999999999999778e-02
1.133333333333333276e-01
4.066666666666666763e-01
2.899999999999999800e-01
1.766666666666666663e-01
1.733333333333333393e-01
4.766666666666666274e-01
1.013333333333333419e+00
3.333333333333333547e-03
1.700000000000000122e-01
0.000000000000000000e+00
1.106666666666666687e+00
6.666666666666667095e-03
5.333333333333333676e-02
2.500000000000000000e-01
1.333333333333333419e-02
3.666666666666666685e-02
5.566666666666666430e-01
9.199999999999999289e-01
1.233333333333333365e-01
6.000000000000000472e-02
3.100000000000000089e+00
1.600000000000000033e-01
1.066666666666666735e-01
3.133333333333333526e-01
1.833333333333333481e-01
3.666666666666665991e-02
8.900000000000000133e-01
1.600000000000000033e-01
1.800000000000000211e-01
2.866666666666666807e-01
1.426666666666666750e+00
1.999999999999999833e-01
7.666666666666666075e-01
3.066666666666666985e-01
8.900000000000000133e-01
6.666666666666666574e-02
1.999999999999999833e-01
6.666666666666667095e-03
0.000000000000000000e+00
5.333333333333333676e-02
1.066666666666666735e-01
4.000000000000000083e-02
1.000000000000000021e-02
1.666666666666666644e-02
1.033333333333333326e-01
6.333333333333333870e-02
5.999999999999999778e-02
1.633333333333333304e-01
4.333333333333333481e-02
1.333333333333333419e-02
0.000000000000000000e+00
9.866666666666666918e-01
1.333333333333333419e-02
1.933333333333333293e-01
3.600000000000000422e-01
7.233333333333332726e-01
7.333333333333334758e-02
3.666666666666666685e-02
9.333333333333333759e-02
9.666666666666667851e-02
3.766666666666666496e-01
8.333333333333332871e-02
1.466666666666666397e-01
8.333333333333332871e-02
9.499999999999998446e-01
1.866666666666666752e-01
3.000000000000000444e-01
9.566666666666666652e-01
2.933333333333333348e-01
6.333333333333333870e-02
5.999999999999999778e-02
6.666666666666667095e-03
1.966666666666666841e-01
1.499999999999999944e-01
2.433333333333333182e-01
1.199999999999999956e-01
1.100000000000000006e-01
2.033333333333333659e-01
1.000000000000000194e-01
6.666666666666667095e-03
3.333333333333333547e-03
2.866666666666666807e-01
2.333333333333333440e-02
3.000000000000000444e-01
1.066666666666666458e-01
8.666666666666666963e-01
1.333333333333333419e-02
8.333333333333333703e-01
0.000000000000000000e+00
1.933333333333333570e-01
9.999999999999999167e-02
1.600000000000000033e-01
2.399999999999999911e-01
2.333333333333333093e-01
5.000000000000000971e-02
3.333333333333333287e-02
6.666666666666667095e-03
1.756666666666666599e+00
2.333333333333333093e-01
2.999999999999999889e-01
6.666666666666667095e-03
1.193333333333333357e+00
2.233333333333333004e-01
2.266666666666666829e-01
0.000000000000000000e+00
9.233333333333333393e-01
2.633333333333333637e-01
5.999999999999999778e-01
1.233333333333333365e-01
4.666666666666666186e-01
4.366666666666667029e-01
7.500000000000000000e-01
1.033333333333333465e-01
5.166666666666667185e-01
5.633333333333333526e-01
3.966666666666666674e-01
5.999999999999999778e-01
3.433333333333333237e-01
3.333333333333333547e-03
0.000000000000000000e+00
2.366666666666666641e-01
1.800000000000000211e-01
0.000000000000000000e+00
1.066666666666666735e-01
1.073333333333333472e+00
1.419999999999999929e+00
4.099999999999999756e-01
2.169999999999999929e+00
4.086666666666666892e+00
