8.266666666666666607e-01
1.800000000000000211e-01
1.566666666666666485e-01
4.166666666666666852e-01
0.000000000000000000e+00
4.533333333333333659e-01
0.000000000000000000e+00
4.133333333333333304e-01
0.000000000000000000e+00
0.000000000000000000e+00
1.899999999999999745e-01
1.133333333333333276e-01
4.099999999999999756e-01
4.500000000000000111e-01
4.133333333333333304e-01
1.966666666666666841e-01
2.833333333333333259e-01
4.066666666666667318e-01
1.826666666666666883e+00
2.016666666666666607e+00
7.000000000000000666e-02
3.999999999999999667e-01
4.333333333333333481e-01
8.999999999999999112e-01
1.066666666666666735e-01
0.000000000000000000e+00
8.000000000000000167e-02
0.000000000000000000e+00
6.666666666666666574e-02
0.000000000000000000e+00
5.200000000000000178e-01
1.333333333333333315e-01
2.700000000000000178e-01
7.566666666666667096e-01
0.000000000000000000e+00
9.666666666666667851e-02
0.000000000000000000e+00
1.933333333333333570e-01
1.366666666666666863e-01
1.700000000000000122e-01
1.233333333333333393e+00
4.733333333333333282e-01
2.133333333333333470e-01
1.370000000000000107e+00
2.233333333333333559e-01
5.233333333333333171e-01
4.666666666666666879e-02
6.500000000000000222e-01
8.933333333333332016e-01
2.266666666666666552e-01
3.333333333333333287e-02
8.666666666666666963e-02
6.666666666666667095e-03
1.366666666666666863e-01
1.666666666666666644e-02
6.666666666666667095e-03
8.000000000000000167e-02
1.366666666666666863e-01
3.000000000000000236e-02
6.999999999999999278e-02
9.666666666666666463e-02
1.260000000000000009e+00
1.333333333333333315e-01
1.966666666666666563e-01
7.033333333333332549e-01
1.040000000000000036e+00
4.666666666666666879e-02
8.466666666666666785e-01
5.733333333333333615e-01
1.566666666666666485e-01
7.333333333333332815e-01
1.949999999999999956e+00
3.433333333333333237e-01
7.033333333333332549e-01
4.666666666666666879e-02
4.000000000000000083e-02
1.000000000000000021e-02
1.666666666666666644e-02
5.166666666666666075e-01
0.000000000000000000e+00
1.499999999999999944e-01
9.666666666666666463e-02
1.066666666666666735e-01
6.000000000000000472e-02
1.296666666666666634e+00
4.000000000000000083e-02
7.166666666666667851e-01
7.333333333333333370e-02
5.666666666666667074e-02
0.000000000000000000e+00
0.000000000000000000e+00
0.000000000000000000e+00
3.333333333333333547e-03
4.000000000000000083e-02
7.833333333333333259e-01
1.266666666666666829e+00
2.066666666666666652e-01
8.266666666666666607e-01
1.199999999999999956e-01
2.433333333333333182e-01
1.100000000000000006e-01
2.866666666666666807e-01
5.066666666666667096e-01
1.219999999999999973e+00
9.133333333333334414e-01
6.666666666666667095e-03
4.099999999999999756e-01
1.059999999999999831e+00
2.000000000000000042e-02
4.333333333333333481e-02
1.066666666666666735e-01
4.233333333333333393e-01
1.000000000000000021e-02
4.000000000000000083e-02
3.633333333333332860e-01
1.033333333333333326e-01
1.466666666666666397e-01
2.000000000000000042e-02
4.566666666666667207e-01
8.000000000000000167e-02
6.066666666666666874e-01
1.400000000000000133e-01
0.000000000000000000e+00
0.000000000000000000e+00
2.333333333333333440e-02
3.666666666666667379e-02
4.733333333333333282e-01
2.333333333333333093e-02
8.666666666666666963e-02
5.333333333333333676e-02
6.666666666666666574e-02
4.333333333333333481e-02
3.333333333333333287e-02
2.000000000000000042e-02
3.666666666666667379e-02
1.166666666666666546e-01
2.133333333333333470e-01
1.866666666666666918e+00
5.333333333333333676e-02
1.423333333333333561e+00
1.466666666666666674e-01
4.966666666666666452e-01
7.299999999999999822e-01
3.333333333333333547e-03
2.999999999999999889e-01
0.000000000000000000e+00
6.633333333333334414e-01
4.999999999999999584e-02
1.466666666666666952e-01
1.496666666666666812e+00
2.799999999999999711e-01
1.650000000000000133e+00
4.400000000000000022e-01
5.333333333333333676e-02
1.596666666666666679e+00
2.600000000000000089e-01
4.700000000000000289e-01
1.436666666666666758e+00
9.300000000000000488e-01
6.099999999999999867e-01
7.599999999999998979e-01
1.533333333333333492e-01
0.000000000000000000e+00
2.333333333333333440e-02
0.000000000000000000e+00
3.333333333333333287e-02
1.233333333333333365e-01
1.466666666666666785e+00
2.243333333333333623e+00
1.716666666666666785e+00
1.286666666666666847e+00
1.566666666666666763e-01
1.066666666666666458e-01
6.300000000000000044e-01
7.666666666666667462e-02
3.133333333333333526e-01
7.933333333333333348e-01
1.676666666666666750e+00
4.733333333333333282e-01
2.350000000000000089e+00
1.290000000000000036e+00
2.733333333333333171e-01
4.333333333333332926e-01
1.499999999999999944e-01
7.166666666666666741e-01
2.000000000000000042e-02
2.800000000000000266e-01
2.866666666666666807e-01
2.266666666666666829e-01
1.666666666666666574e-01
4.666666666666666879e-02
5.866666666666665586e-01
1.413333333333333330e+00
1.833333333333333204e-01
1.626666666666666705e+00
3.333333333333333547e-03
5.999999999999999778e-02
7.033333333333332549e-01
1.033333333333333326e-01
1.846666666666666679e+00
5.066666666666667096e-01
1.766666666666666663e-01
3.266666666666666607e-01
1.100000000000000006e-01
6.700000000000000400e-01
4.299999999999999933e-01
1.966666666666666841e-01
4.333333333333333481e-02
1.166666666666666546e-01
1.000000000000000021e-02
4.333333333333333481e-02
0.000000000000000000e+00
2.700000000000000178e-01
4.000000000000000083e-02
1.866666666666666474e-01
3.533333333333333326e-01
7.633333333333333082e-01
2.733333333333333726e-01
1.000000000000000021e-02
1.166666666666666546e-01
5.999999999999999778e-02
1.700000000000000122e-01
0.000000000000000000e+00
5.000000000000000971e-02
2.933333333333333348e-01
0.000000000000000000e+00
2.333333333333333093e-02
1.600000000000000033e-01
6.366666666666667140e-01
5.833333333333333703e-01
3.033333333333333437e-01
2.200000000000000011e-01
3.166666666666666519e-01
1.400000000000000133e-01
6.666666666666666574e-02
8.900000000000000133e-01
1.563333333333333464e+00
2.766666666666666718e-01
1.399999999999999856e-01
1.236666666666666581e+00
1.900000000000000300e-01
3.666666666666666685e-02
1.159999999999999920e+00
8.433333333333333792e-01
5.666666666666667074e-02
2.999999999999999889e-02
2.666666666666666630e-01
5.333333333333333676e-02
5.599999999999999423e-01
6.666666666666666574e-02
1.366666666666666863e-01
7.000000000000000666e-02
2.799999999999999711e-01
8.033333333333333437e-01
9.333333333333333759e-02
5.666666666666667074e-02
1.353333333333333277e+00
1.809999999999999831e+00
5.933333333333333792e-01
5.666666666666667074e-02
1.870000000000000107e+00
1.256666666666666821e+00
5.666666666666667074e-02
1.356666666666666687e+00
2.700000000000000178e-01
2.000000000000000042e-02
6.933333333333333570e-01
5.733333333333332504e-01
1.800000000000000211e-01
1.500000000000000222e-01
2.266666666666666552e-01
1.366666666666666863e-01
0.000000000000000000e+00
0.000000000000000000e+00
1.333333333333333419e-02
3.333333333333333547e-03
2.999999999999999889e-02
5.733333333333332504e-01
1.000000000000000194e-01
8.000000000000000167e-02
7.333333333333334758e-02
5.566666666666666430e-01
1.000000000000000021e-02
5.000000000000000971e-02
1.073333333333333250e+00
0.000000000000000000e+00
2.000000000000000042e-02
1.733333333333333393e-01
1.633333333333333304e-01
2.999999999999999889e-02
5.333333333333334370e-02
1.300000000000000044e-01
2.766666666666666718e-01
4.566666666666667207e-01
8.099999999999999423e-01
9.066666666666666208e-01
0.000000000000000000e+00
2.999999999999999889e-02
1.250000000000000000e+00
8.666666666666666963e-02
0.000000000000000000e+00
5.699999999999999512e-01
1.436666666666666536e+00
0.000000000000000000e+00
3.600000000000000422e-01
9.433333333333333570e-01
1.043333333333333224e+00
9.333333333333333759e-02
3.333333333333333547e-03
3.333333333333333547e-03
9.833333333333333925e-01
1.833333333333333481e-01
4.400000000000000022e-01
1.333333333333333419e-02
5.666666666666667074e-02
1.333333333333333419e-02
1.099999999999999867e-01
1.333333333333333315e-01
0.000000000000000000e+00
7.299999999999999822e-01
1.433333333333333404e-01
6.666666666666666574e-02
3.466666666666666785e-01
7.633333333333333082e-01
0.000000000000000000e+00
6.800000000000000488e-01
8.933333333333334236e-01
1.666666666666666574e-01
0.000000000000000000e+00
9.666666666666667851e-02
6.533333333333333215e-01
0.000000000000000000e+00
1.866666666666666752e-01
9.833333333333333925e-01
4.433333333333333570e-01
1.033333333333333326e-01
6.666666666666666574e-02
1.566666666666666485e-01
5.699999999999999512e-01
1.756666666666666599e+00
7.699999999999999067e-01
1.966666666666666841e-01
1.099999999999999867e-01
7.833333333333333259e-01
5.333333333333333676e-02
6.033333333333333881e-01
3.666666666666667379e-02
5.066666666666667096e-01
1.199999999999999956e-01
0.000000000000000000e+00
2.266666666666666552e-01
5.000000000000000971e-02
1.600000000000000033e-01
7.033333333333332549e-01
2.033333333333333381e-01
4.699999999999999734e-01
2.466666666666666730e-01
3.733333333333333504e-01
2.493333333333333179e+00
1.179999999999999938e+00
1.166666666666666546e-01
3.733333333333332948e-01
4.766666666666666274e-01
1.213333333333333375e+00
2.766666666666666718e-01
4.000000000000000083e-02
2.366666666666666641e-01
5.000000000000000971e-02
2.200000000000000011e-01
0.000000000000000000e+00
5.100000000000000089e-01
5.066666666666667096e-01
8.900000000000000133e-01
7.799999999999999156e-01
2.000000000000000042e-02
6.666666666666667095e-03
2.333333333333333440e-02
2.700000000000000178e-01
2.666666666666666630e-01
7.333333333333333370e-02
1.516666666666666607e+00
6.433333333333333126e-01
1.399999999999999856e-01
1.236666666666666581e+00
8.666666666666666963e-02
3.033333333333332882e-01
2.999999999999999889e-02
7.666666666666666075e-01
5.533333333333333437e-01
1.300000000000000044e-01
5.000000000000000971e-02
9.333333333333333759e-02
2.299999999999999822e-01
2.133333333333333470e-01
3.333333333333333547e-03
2.999999999999999889e-02
4.666666666666666879e-02
1.333333333333333419e-02
0.000000000000000000e+00
9.999999999999999167e-02
3.600000000000000422e-01
1.599999999999999867e+00
2.166666666666666741e-01
3.466666666666666785e-01
1.003333333333333410e+00
1.869999999999999885e+00
1.300000000000000044e-01
9.366666666666666474e-01
4.666666666666666186e-01
2.800000000000000266e-01
4.566666666666666097e-01
2.820000000000000284e+00
1.733333333333333171e+00
9.300000000000000488e-01
2.033333333333333381e-01
9.666666666666666463e-02
0.000000000000000000e+00
0.000000000000000000e+00
5.233333333333333171e-01
2.333333333333333093e-02
1.499999999999999944e-01
2.666666666666666838e-02
5.666666666666667074e-02
5.333333333333333676e-02
2.600000000000000089e-01
3.333333333333333287e-02
6.000000000000000888e-01
1.000000000000000021e-02
2.666666666666666838e-02
0.000000000000000000e+00
0.000000000000000000e+00
0.000000000000000000e+00
4.000000000000000083e-02
2.000000000000000042e-02
7.700000000000000178e-01
1.096666666666666679e+00
2.333333333333333093e-01
6.033333333333333881e-01
9.333333333333333759e-02
2.466666666666666730e-01
2.666666666666666630e-01
2.700000000000000178e-01
1.886666666666666714e+00
1.520000000000000240e+00
5.899999999999999689e-01
4.666666666666666879e-02
4.966666666666666452e-01
1.343333333333333490e+00
0.000000000000000000e+00
6.999999999999999278e-02
2.533333333333333548e-01
3.233333333333333059e-01
0.000000000000000000e+00
0.000000000000000000e+00
9.000000000000001055e-02
1.000000000000000021e-02
4.333333333333333481e-02
6.666666666666667095e-03
2.200000000000000011e-01
9.333333333333332371e-02
7.766666666666667274e-01
2.700000000000000178e-01
3.666666666666667379e-02
1.066666666666666735e-01
6.666666666666666574e-02
1.633333333333333304e-01
4.366666666666667029e-01
1.666666666666666644e-02
3.099999999999999978e-01
1.066666666666666735e-01
2.999999999999999889e-02
1.300000000000000044e-01
9.000000000000001055e-02
2.999999999999999889e-02
3.333333333333333287e-02
9.999999999999999167e-02
2.133333333333333470e-01
1.916666666666666741e+00
6.666666666666666574e-02
1.573333333333333472e+00
1.966666666666666841e-01
1.173333333333333339e+00
1.650000000000000133e+00
2.999999999999999889e-02
3.899999999999999578e-01
0.000000000000000000e+00
8.133333333333334636e-01
4.000000000000000083e-02
1.800000000000000211e-01
1.636666666666666714e+00
3.433333333333332682e-01
2.376666666666666927e+00
1.333333333333333315e-01
1.166666666666666546e-01
2.073333333333333695e+00
2.033333333333333381e-01
3.633333333333332860e-01
2.010000000000000231e+00
7.900000000000000355e-01
1.136666666666666714e+00
2.356666666666666465e+00
1.433333333333333404e-01
2.000000000000000042e-02
3.666666666666667379e-02
3.333333333333333547e-03
1.066666666666666735e-01
3.366666666666666696e-01
1.036666666666666847e+00
5.466666666666667451e-01
2.453333333333333144e+00
1.793333333333333668e+00
4.199999999999999845e-01
1.366666666666666863e-01
8.633333333333332860e-01
7.666666666666667462e-02
4.000000000000000083e-02
6.833333333333332371e-01
8.766666666666665941e-01
4.666666666666666879e-02
1.133333333333333304e+00
4.866666666666666363e-01
3.733333333333332948e-01
9.899999999999998801e-01
5.100000000000000089e-01
8.666666666666666963e-01
6.733333333333333393e-01
1.633333333333333304e-01
4.033333333333333215e-01
4.133333333333333304e-01
2.900000000000000355e-01
8.333333333333332871e-02
1.370000000000000107e+00
1.903333333333333544e+00
2.333333333333333093e-01
1.593333333333333490e+00
1.499999999999999944e-01
2.333333333333333440e-02
3.200000000000000067e-01
1.100000000000000006e-01
1.889999999999999902e+00
5.499999999999999334e-01
3.366666666666666696e-01
2.600000000000000089e-01
1.433333333333333404e-01
6.400000000000000133e-01
6.166666666666666963e-01
1.633333333333333304e-01
2.000000000000000042e-02
7.666666666666667462e-02
6.666666666666667095e-03
6.333333333333333870e-02
0.000000000000000000e+00
2.266666666666666552e-01
3.333333333333333287e-02
1.266666666666666774e-01
2.033333333333333381e-01
9.433333333333333570e-01
2.299999999999999822e-01
3.666666666666666685e-02
1.400000000000000133e-01
3.333333333333333547e-03
9.000000000000001055e-02
1.333333333333333419e-02
0.000000000000000000e+00
1.966666666666666563e-01
2.000000000000000042e-02
4.666666666666666879e-02
1.833333333333333481e-01
8.800000000000000044e-01
7.266666666666666829e-01
5.099999999999998979e-01
5.699999999999999512e-01
3.433333333333333237e-01
1.633333333333333304e-01
3.433333333333333237e-01
1.443333333333333357e+00
5.533333333333333437e-01
0.000000000000000000e+00
3.000000000000000236e-02
1.496666666666666812e+00
3.333333333333333287e-02
3.333333333333333547e-03
4.166666666666666852e-01
1.380000000000000115e+00
3.666666666666667379e-02
8.666666666666666963e-02
1.966666666666666841e-01
1.000000000000000021e-02
7.400000000000001021e-01
1.633333333333333304e-01
3.966666666666666674e-01
4.999999999999999584e-02
4.666666666666666186e-01
7.266666666666666829e-01
2.999999999999999889e-01
1.933333333333333293e-01
8.633333333333332860e-01
1.793333333333333224e+00
8.666666666666666963e-01
2.533333333333333548e-01
1.290000000000000036e+00
1.356666666666666687e+00
3.333333333333333547e-03
1.010000000000000009e+00
4.266666666666666941e-01
1.033333333333333326e-01
7.133333333333332638e-01
7.966666666666665231e-01
1.099999999999999867e-01
6.433333333333334236e-01
1.066666666666666735e-01
9.666666666666667851e-02
0.000000000000000000e+00
0.000000000000000000e+00
3.333333333333333547e-03
0.000000000000000000e+00
2.333333333333333093e-02
2.699999999999999623e-01
2.666666666666666838e-02
4.999999999999999584e-02
5.333333333333333676e-02
4.833333333333333925e-01
1.333333333333333419e-02
1.433333333333333404e-01
8.033333333333333437e-01
0.000000000000000000e+00
1.066666666666666735e-01
2.733333333333333726e-01
1.566666666666666763e-01
6.333333333333333870e-02
5.666666666666667074e-02
7.333333333333334758e-02
3.066666666666666430e-01
4.899999999999999911e-01
8.099999999999999423e-01
8.666666666666666963e-01
0.000000000000000000e+00
3.333333333333333287e-02
9.933333333333332904e-01
6.666666666666667095e-03
0.000000000000000000e+00
3.800000000000000600e-01
1.096666666666666679e+00
0.000000000000000000e+00
1.033333333333333465e-01
1.836666666666666670e+00
1.263333333333333419e+00
0.000000000000000000e+00
2.000000000000000042e-02
0.000000000000000000e+00
1.050000000000000044e+00
1.999999999999999833e-01
2.166666666666666741e-01
7.333333333333333370e-02
1.833333333333333481e-01
2.333333333333333440e-02
1.466666666666666397e-01
5.999999999999999778e-02
0.000000000000000000e+00
3.400000000000000244e-01
1.000000000000000021e-02
1.666666666666666574e-01
5.899999999999999689e-01
5.833333333333333703e-01
0.000000000000000000e+00
6.833333333333332371e-01
9.766666666666666829e-01
1.099999999999999867e-01
0.000000000000000000e+00
1.433333333333333404e-01
9.666666666666666741e-01
6.666666666666667095e-03
1.566666666666666763e-01
1.040000000000000036e+00
1.633333333333333304e-01
5.666666666666667074e-02
2.700000000000000178e-01
4.000000000000000083e-02
6.166666666666666963e-01
2.029999999999999805e+00
