1.883333333333333526e+00
5.933333333333333792e-01
9.666666666666667851e-02
6.099999999999999867e-01
3.433333333333333237e-01
2.333333333333333093e-02
8.699999999999999956e-01
6.433333333333334236e-01
4.799999999999999822e-01
7.000000000000000666e-02
1.013333333333333419e+00
4.599999999999999645e-01
7.333333333333334758e-02
7.033333333333334769e-01
3.400000000000000244e-01
6.866666666666666474e-01
6.333333333333333870e-02
1.066666666666666735e-01
1.333333333333333315e-01
3.666666666666666685e-02
5.533333333333333437e-01
9.999999999999999167e-02
6.199999999999999956e-01
7.133333333333332638e-01
4.400000000000000022e-01
8.666666666666666963e-02
4.099999999999999756e-01
3.666666666666666685e-02
1.199999999999999956e-01
5.766666666666666607e-01
4.199999999999999289e-01
2.966666666666666896e-01
1.060000000000000053e+00
7.000000000000000666e-02
1.633333333333333304e-01
3.333333333333333287e-02
6.566666666666666208e-01
1.016666666666666829e+00
3.800000000000000600e-01
6.266666666666665941e-01
1.000000000000000021e-02
2.999999999999999889e-02
5.633333333333333526e-01
2.866666666666666807e-01
0.000000000000000000e+00
6.999999999999999278e-02
4.333333333333333481e-02
2.533333333333333548e-01
5.333333333333334370e-02
2.399999999999999911e-01
1.073333333333333250e+00
6.999999999999999278e-02
2.766666666666666718e-01
3.000000000000000444e-01
1.366666666666666863e-01
1.466666666666666952e-01
6.666666666666667095e-03
9.733333333333332726e-01
1.766666666666666663e-01
3.066666666666666430e-01
1.033333333333333465e-01
3.400000000000000244e-01
4.333333333333332926e-01
2.633333333333333637e-01
1.073333333333333472e+00
1.346666666666666679e+00
1.063333333333333242e+00
6.333333333333333870e-02
1.639999999999999902e+00
9.899999999999998801e-01
