1.520000000000000240e+00
1.510000000000000009e+00
5.933333333333333792e-01
3.300000000000000155e-01
2.099999999999999922e-01
9.899999999999998801e-01
1.036666666666666847e+00
4.333333333333333481e-02
2.000000000000000042e-02
0.000000000000000000e+00
4.666666666666666879e-02
3.433333333333332682e-01
5.666666666666666380e-02
1.033333333333333326e-01
1.466666666666666674e-01
1.133333333333333276e-01
1.033333333333333465e-01
4.999999999999999584e-02
1.333333333333333419e-02
8.333333333333332871e-02
8.666666666666666963e-01
8.000000000000000167e-02
0.000000000000000000e+00
1.666666666666666644e-02
5.966666666666666785e-01
1.566666666666666485e-01
0.000000000000000000e+00
0.000000000000000000e+00
9.333333333333333759e-02
1.099999999999999867e+00
3.466666666666666785e-01
5.333333333333333676e-02
6.333333333333333870e-02
9.000000000000001055e-02
1.003333333333333188e+00
1.866666666666666752e-01
0.000000000000000000e+00
3.833333333333333037e-01
4.666666666666666879e-02
6.333333333333333870e-02
2.533333333333333548e-01
4.899999999999999911e-01
1.766666666666666663e-01
5.999999999999999778e-02
7.000000000000000666e-02
1.499999999999999944e-01
2.233333333333333559e-01
2.099999999999999922e-01
1.666666666666666574e-01
1.333333333333333315e-01
8.066666666666666430e-01
7.666666666666666075e-01
9.333333333333333759e-02
5.333333333333333676e-02
1.700000000000000122e-01
6.333333333333333870e-02
1.966666666666666563e-01
3.666666666666666685e-02
9.333333333333333759e-02
1.053333333333333455e+00
0.000000000000000000e+00
2.233333333333333559e-01
3.333333333333333547e-03
5.666666666666666380e-02
6.666666666666667095e-03
9.666666666666666463e-02
9.000000000000001055e-02
9.333333333333333759e-02
3.233333333333333059e-01
2.333333333333333093e-01
1.033333333333333326e-01
2.566666666666666541e-01
8.333333333333332871e-02
2.333333333333333440e-02
2.333333333333333093e-02
0.000000000000000000e+00
1.000000000000000021e-02
6.666666666666667095e-03
2.999999999999999889e-02
5.999999999999999778e-02
9.999999999999999167e-02
5.000000000000000000e-01
8.999999999999999112e-01
3.700000000000000511e-01
2.866666666666666807e-01
2.966666666666666341e-01
9.666666666666667851e-02
2.366666666666666641e-01
3.733333333333332948e-01
7.000000000000000666e-02
4.233333333333333393e-01
1.666666666666666644e-02
8.966666666666666119e-01
9.000000000000001055e-02
5.666666666666667074e-02
2.700000000000000178e-01
2.333333333333333093e-01
3.366666666666666696e-01
2.600000000000000089e-01
5.899999999999999689e-01
3.033333333333332882e-01
1.766666666666666663e-01
5.333333333333333676e-02
9.799999999999999822e-01
5.666666666666667629e-01
2.666666666666666838e-02
1.333333333333333315e-01
1.160000000000000142e+00
6.033333333333333881e-01
5.000000000000000971e-02
2.999999999999999889e-02
1.846666666666666679e+00
1.966666666666666563e-01
1.086666666666666670e+00
7.200000000000000844e-01
2.266666666666666829e-01
1.133333333333333276e-01
2.566666666666666541e-01
3.666666666666666685e-02
3.266666666666666607e-01
1.360000000000000098e+00
2.199999999999999734e-01
2.666666666666666630e-01
3.633333333333333415e-01
3.366666666666666141e-01
1.536666666666666847e+00
8.466666666666666785e-01
5.933333333333332682e-01
2.299999999999999822e-01
6.600000000000000311e-01
5.400000000000000355e-01
2.463333333333333375e+00
