3.766666666666666496e-01
1.213333333333333375e+00
5.366666666666667362e-01
1.193333333333333357e+00
0.000000000000000000e+00
4.366666666666667029e-01
1.356666666666666687e+00
3.966666666666666674e-01
1.666666666666666644e-02
1.336666666666666670e+00
8.966666666666666119e-01
6.666666666666667095e-03
6.833333333333332371e-01
1.106666666666666687e+00
7.333333333333333370e-02
5.333333333333333676e-02
5.099999999999998979e-01
1.083333333333333259e+00
1.623333333333333295e+00
2.600000000000000089e-01
5.333333333333333676e-02
1.399999999999999856e-01
4.999999999999999584e-02
0.000000000000000000e+00
5.666666666666667074e-02
1.033333333333333437e+00
6.333333333333332482e-02
0.000000000000000000e+00
1.236666666666666581e+00
1.003333333333333410e+00
1.333333333333333419e-02
8.799999999999998934e-01
3.899999999999999578e-01
1.199999999999999956e-01
2.666666666666666838e-02
4.333333333333333481e-02
6.333333333333333870e-02
1.633333333333333304e-01
1.073333333333333250e+00
1.000000000000000021e-02
1.199999999999999956e-01
8.599999999999999867e-01
7.133333333333333748e-01
2.033333333333333659e-01
1.580000000000000071e+00
1.000000000000000021e-02
7.666666666666667462e-02
4.933333333333333459e-01
8.333333333333332871e-02
0.000000000000000000e+00
2.299999999999999822e-01
1.000000000000000021e-02
0.000000000000000000e+00
7.700000000000000178e-01
1.213333333333333597e+00
5.233333333333333171e-01
8.666666666666666963e-02
5.733333333333333615e-01
6.933333333333333570e-01
1.936666666666666536e+00
9.799999999999999822e-01
0.000000000000000000e+00
1.866666666666666752e-01
3.099999999999999978e-01
3.333333333333333287e-02
0.000000000000000000e+00
1.179999999999999938e+00
8.666666666666666963e-02
2.666666666666666838e-02
1.333333333333333419e-02
1.000000000000000000e+00
9.333333333333333759e-02
2.766666666666666718e-01
8.433333333333333792e-01
1.219999999999999973e+00
1.733333333333333393e-01
2.833333333333333259e-01
1.493333333333333401e+00
4.366666666666667029e-01
7.799999999999999156e-01
1.256666666666666821e+00
3.666666666666666408e-01
9.566666666666666652e-01
2.396666666666666501e+00
1.393333333333333313e+00
1.033333333333333326e-01
1.123333333333333295e+00
1.500000000000000000e+00
1.453333333333333366e+00
1.313333333333333464e+00
1.046666666666666634e+00
1.536666666666666847e+00
2.033333333333333381e-01
3.233333333333333059e-01
1.429999999999999938e+00
1.373333333333333295e+00
