6.333333333333333037e-01
1.333333333333333315e-01
1.233333333333333365e-01
1.499999999999999944e-01
3.333333333333333287e-02
4.533333333333333104e-01
7.666666666666667462e-02
6.666666666666667095e-03
1.056666666666666643e+00
2.133333333333332915e-01
2.833333333333333814e-01
1.133333333333333276e-01
7.566666666666667096e-01
3.333333333333333287e-02
8.333333333333333703e-01
1.700000000000000122e-01
4.366666666666667029e-01
4.033333333333333215e-01
2.666666666666666838e-02
5.766666666666666607e-01
8.000000000000000167e-02
5.666666666666667074e-02
9.666666666666666463e-02
1.233333333333333365e-01
2.999999999999999889e-02
2.766666666666666718e-01
1.320000000000000062e+00
3.500000000000000333e-01
8.333333333333332871e-02
5.666666666666667074e-02
3.333333333333333287e-02
1.466666666666666674e-01
0.000000000000000000e+00
5.133333333333333082e-01
2.000000000000000042e-02
1.133333333333333276e-01
2.666666666666666838e-02
9.000000000000001055e-02
1.666666666666666574e-01
9.666666666666667851e-02
0.000000000000000000e+00
4.333333333333333481e-02
9.400000000000000577e-01
3.333333333333333287e-02
1.000000000000000021e-02
2.466666666666666730e-01
1.253333333333333188e+00
1.199999999999999956e-01
1.933333333333333293e-01
1.469999999999999973e+00
1.133333333333333276e-01
2.833333333333333259e-01
1.000000000000000021e-02
1.133333333333333415e-01
7.733333333333333171e-01
2.000000000000000042e-02
0.000000000000000000e+00
2.666666666666666838e-02
6.666666666666667095e-03
6.666666666666667095e-03
4.433333333333333570e-01
1.000000000000000021e-02
1.533333333333333215e-01
1.666666666666666574e-01
5.333333333333333259e-01
8.666666666666666963e-02
1.173333333333333339e+00
1.066666666666666735e-01
6.366666666666667140e-01
1.133333333333333415e-01
7.666666666666667462e-02
3.666666666666666685e-02
2.333333333333333093e-01
2.433333333333333182e-01
9.566666666666666652e-01
2.333333333333333093e-01
2.700000000000000178e-01
8.300000000000000711e-01
8.166666666666667629e-01
1.300000000000000044e-01
3.333333333333333547e-03
4.000000000000000083e-02
1.000000000000000021e-02
6.666666666666667095e-03
0.000000000000000000e+00
5.666666666666667074e-02
8.666666666666666963e-02
3.666666666666666685e-02
1.766666666666666663e-01
1.173333333333333339e+00
1.600000000000000033e-01
4.333333333333333481e-01
1.260000000000000009e+00
3.333333333333333547e-03
1.666666666666666644e-02
0.000000000000000000e+00
0.000000000000000000e+00
0.000000000000000000e+00
8.000000000000000167e-02
6.000000000000000888e-01
3.333333333333333287e-02
6.666666666666667095e-03
0.000000000000000000e+00
2.833333333333333814e-01
5.033333333333334103e-01
6.366666666666667140e-01
6.833333333333332371e-01
1.666666666666666574e-01
2.733333333333333726e-01
2.133333333333333470e-01
4.799999999999999822e-01
4.466666666666666008e-01
6.333333333333333870e-02
6.133333333333332860e-01
1.099999999999999867e-01
0.000000000000000000e+00
1.066666666666666735e-01
4.666666666666666186e-02
1.000000000000000021e-02
3.666666666666666685e-02
1.600000000000000033e-01
1.166666666666666546e-01
6.666666666666667095e-03
5.333333333333333676e-02
4.066666666666666763e-01
1.800000000000000211e-01
6.666666666666666574e-02
1.300000000000000044e-01
2.666666666666666838e-02
2.866666666666666807e-01
6.666666666666666574e-02
8.666666666666666963e-02
1.533333333333333215e-01
7.533333333333332993e-01
4.733333333333333282e-01
