9.500000000000000666e-01
1.596666666666666679e+00
8.066666666666666430e-01
3.433333333333332682e-01
3.066666666666666430e-01
1.110000000000000098e+00
5.333333333333333676e-02
4.599999999999999645e-01
2.999999999999999889e-01
0.000000000000000000e+00
4.333333333333333481e-01
2.899999999999999800e-01
4.299999999999999933e-01
1.666666666666666644e-02
1.413333333333333330e+00
1.800000000000000211e-01
3.300000000000000155e-01
1.373333333333333295e+00
4.466666666666667118e-01
7.099999999999999645e-01
1.030000000000000027e+00
1.339999999999999858e+00
1.776666666666666616e+00
3.133333333333332971e-01
2.766666666666666718e-01
1.370000000000000107e+00
3.333333333333333148e-01
2.999999999999999889e-02
0.000000000000000000e+00
1.540000000000000036e+00
3.333333333333333287e-02
0.000000000000000000e+00
2.366666666666666641e-01
7.433333333333332904e-01
5.566666666666666430e-01
4.899999999999999911e-01
9.933333333333332904e-01
7.433333333333332904e-01
1.316666666666666652e+00
1.626666666666666705e+00
2.266666666666666829e-01
1.820000000000000062e+00
1.026666666666666616e+00
5.033333333333332993e-01
1.676666666666666750e+00
2.303333333333333233e+00
9.933333333333335124e-01
3.923333333333333339e+00
