1.050000000000000044e+00
1.399999999999999856e-01
3.800000000000000600e-01
1.000000000000000021e-02
1.000000000000000021e-02
1.333333333333333419e-02
1.290000000000000036e+00
5.833333333333333703e-01
3.666666666666666685e-02
2.733333333333333171e-01
1.303333333333333455e+00
2.099999999999999922e-01
5.300000000000000266e-01
0.000000000000000000e+00
0.000000000000000000e+00
1.066666666666666735e-01
7.099999999999999645e-01
1.733333333333333393e-01
2.866666666666666807e-01
6.666666666666666574e-02
5.333333333333333676e-02
1.499999999999999944e-01
1.833333333333333481e-01
1.499999999999999944e-01
9.000000000000001055e-02
7.666666666666667462e-02
1.766666666666666663e-01
3.066666666666666430e-01
1.666666666666666574e-01
2.666666666666666838e-02
4.000000000000000083e-02
2.600000000000000089e-01
5.000000000000000971e-02
1.333333333333333315e-01
2.000000000000000389e-01
1.566666666666666485e-01
6.666666666666667095e-03
2.433333333333333182e-01
1.266666666666666774e-01
1.766666666666666663e-01
8.133333333333333526e-01
1.666666666666666644e-02
0.000000000000000000e+00
1.100000000000000006e-01
0.000000000000000000e+00
5.666666666666667629e-01
1.719999999999999973e+00
3.666666666666666685e-02
2.933333333333332793e-01
1.010000000000000009e+00
4.000000000000000083e-02
1.433333333333333404e-01
2.333333333333333093e-01
6.000000000000000472e-02
2.233333333333333004e-01
1.643333333333333313e+00
2.399999999999999911e-01
1.233333333333333365e-01
1.566666666666666763e-01
3.300000000000000155e-01
3.533333333333333326e-01
1.166666666666666546e-01
3.200000000000000067e-01
6.666666666666666574e-02
1.733333333333333393e-01
3.666666666666667379e-02
1.000000000000000021e-02
1.000000000000000021e-02
1.566666666666666485e-01
4.000000000000000083e-02
3.333333333333333287e-02
0.000000000000000000e+00
8.666666666666666963e-02
2.333333333333333440e-02
1.933333333333333348e+00
5.599999999999999423e-01
1.366666666666666863e-01
7.000000000000000666e-02
9.666666666666667851e-02
1.533333333333333215e-01
2.666666666666666838e-02
0.000000000000000000e+00
1.666666666666666644e-02
2.133333333333333470e-01
1.000000000000000021e-02
9.666666666666667851e-02
2.000000000000000042e-02
1.266666666666666774e-01
9.133333333333334414e-01
1.086666666666666670e+00
5.266666666666667274e-01
7.333333333333333370e-02
2.433333333333333182e-01
1.433333333333333404e-01
6.333333333333333037e-01
1.869999999999999885e+00
0.000000000000000000e+00
1.233333333333333365e-01
0.000000000000000000e+00
0.000000000000000000e+00
6.333333333333333870e-02
9.033333333333333215e-01
8.700000000000001066e-01
4.333333333333333481e-02
1.333333333333333419e-02
9.333333333333333759e-02
5.166666666666667185e-01
1.216666666666666563e+00
8.133333333333333526e-01
5.966666666666666785e-01
1.666666666666666574e-01
2.633333333333333637e-01
2.666666666666666838e-02
5.666666666666667074e-02
2.299999999999999822e-01
1.000000000000000194e-01
1.333333333333333419e-02
2.433333333333333182e-01
1.483333333333333393e+00
9.000000000000001055e-02
1.866666666666666474e-01
1.266666666666666774e-01
1.226666666666666572e+00
4.999999999999999584e-02
1.433333333333333126e-01
1.000000000000000021e-02
8.199999999999999512e-01
1.199999999999999956e-01
2.833333333333332704e-01
1.633333333333333304e-01
6.133333333333333970e-01
1.476666666666666572e+00
1.973333333333333384e+00
