1.219999999999999973e+00
1.633333333333333304e-01
5.066666666666667096e-01
3.600000000000000422e-01
1.233333333333333365e-01
9.000000000000001055e-02
1.000000000000000021e-02
4.666666666666666879e-02
4.333333333333333481e-02
2.233333333333333004e-01
4.733333333333333282e-01
7.066666666666666652e-01
3.300000000000000155e-01
1.133333333333333276e-01
1.033333333333333326e-01
1.300000000000000044e-01
1.363333333333333286e+00
3.533333333333333326e-01
9.333333333333333759e-02
1.146666666666666723e+00
1.266666666666666774e-01
4.233333333333333393e-01
3.303333333333333233e+00
1.580000000000000071e+00
3.666666666666666963e-01
4.333333333333333481e-02
3.466666666666666785e-01
0.000000000000000000e+00
3.666666666666667379e-02
1.900000000000000300e-01
3.533333333333333326e-01
5.400000000000000355e-01
3.899999999999999578e-01
2.500000000000000000e-01
4.133333333333333859e-01
1.233333333333333393e+00
