3.109999999999999876e+00
5.633333333333333526e-01
8.066666666666666430e-01
3.666666666666666685e-02
2.399999999999999911e-01
1.100000000000000006e-01
6.666666666666667095e-03
0.000000000000000000e+00
1.000000000000000194e-01
6.666666666666667095e-03
2.899999999999999800e-01
5.999999999999999778e-01
3.033333333333332882e-01
7.000000000000000666e-02
1.356666666666666687e+00
2.666666666666666838e-02
0.000000000000000000e+00
1.100000000000000006e-01
1.499999999999999944e-01
4.333333333333333481e-02
0.000000000000000000e+00
1.366666666666666863e-01
4.899999999999999911e-01
1.000000000000000021e-02
0.000000000000000000e+00
2.000000000000000042e-02
1.800000000000000211e-01
9.999999999999999167e-02
0.000000000000000000e+00
2.999999999999999889e-02
9.333333333333333759e-02
4.533333333333333104e-01
6.666666666666666574e-02
4.966666666666666452e-01
1.933333333333333570e-01
1.666666666666666644e-02
5.733333333333332504e-01
6.133333333333333970e-01
0.000000000000000000e+00
0.000000000000000000e+00
1.266666666666666774e-01
1.233333333333333365e-01
6.666666666666667095e-03
4.000000000000000083e-02
7.799999999999999156e-01
2.066666666666666652e-01
1.833333333333333259e+00
2.000000000000000042e-02
1.300000000000000044e-01
0.000000000000000000e+00
1.666666666666666644e-02
1.766666666666666663e-01
2.666666666666666838e-02
3.666666666666666685e-02
5.333333333333333676e-02
2.333333333333333093e-02
2.099999999999999922e-01
6.666666666666667095e-03
2.133333333333333470e-01
1.199999999999999956e-01
6.666666666666667095e-03
4.000000000000000083e-02
6.066666666666665764e-01
0.000000000000000000e+00
2.433333333333333182e-01
1.166666666666666546e-01
1.366666666666666863e-01
1.033333333333333326e-01
1.666666666666666644e-02
2.333333333333333093e-02
2.000000000000000042e-02
0.000000000000000000e+00
2.999999999999999889e-02
6.733333333333332282e-01
1.510000000000000009e+00
3.333333333333333287e-02
4.766666666666667385e-01
7.900000000000000355e-01
3.400000000000000244e-01
1.533333333333333215e-01
2.700000000000000178e-01
5.666666666666667074e-02
5.799999999999999600e-01
1.499999999999999944e-01
9.999999999999999167e-02
1.466666666666666674e-01
2.500000000000000000e-01
4.333333333333333481e-01
1.933333333333333570e-01
5.033333333333332993e-01
6.333333333333333870e-02
4.033333333333333215e-01
1.033333333333333326e-01
0.000000000000000000e+00
8.000000000000000167e-02
5.333333333333333676e-02
0.000000000000000000e+00
0.000000000000000000e+00
8.799999999999998934e-01
8.333333333333333703e-01
3.366666666666666141e-01
1.303333333333333455e+00
1.993333333333333401e+00
2.966666666666666896e-01
1.566666666666666485e-01
9.000000000000001055e-02
1.100000000000000006e-01
4.266666666666666941e-01
1.000000000000000194e-01
0.000000000000000000e+00
9.333333333333334592e-01
4.433333333333333570e-01
2.899999999999999800e-01
5.333333333333333259e-01
3.333333333333333547e-03
5.666666666666666380e-02
6.999999999999999278e-02
3.666666666666667379e-02
3.666666666666666685e-02
1.033333333333333326e-01
3.166666666666666519e-01
2.966666666666666896e-01
0.000000000000000000e+00
0.000000000000000000e+00
1.333333333333333419e-02
1.833333333333333481e-01
1.000000000000000021e-02
0.000000000000000000e+00
0.000000000000000000e+00
0.000000000000000000e+00
1.000000000000000021e-02
4.000000000000000083e-02
6.666666666666667095e-03
0.000000000000000000e+00
6.000000000000000472e-02
1.800000000000000211e-01
1.666666666666666574e-01
1.000000000000000021e-02
6.666666666666666574e-02
8.000000000000000167e-02
1.533333333333333215e-01
4.999999999999999584e-02
6.166666666666666963e-01
2.000000000000000000e+00
1.433333333333333404e-01
1.066666666666666735e-01
2.999999999999999889e-01
1.433333333333333404e-01
6.666666666666667095e-03
8.000000000000000167e-02
0.000000000000000000e+00
3.666666666666667379e-02
7.000000000000000666e-02
6.333333333333333870e-02
7.500000000000000000e-01
4.833333333333333370e-01
1.986666666666666581e+00
2.333333333333333093e-01
9.500000000000000666e-01
4.333333333333333481e-02
0.000000000000000000e+00
1.733333333333333393e-01
1.933333333333333293e-01
4.666666666666666879e-02
1.400000000000000133e-01
0.000000000000000000e+00
1.073333333333333250e+00
1.376666666666666705e+00
2.766666666666666718e-01
1.066666666666666735e-01
2.800000000000000266e-01
3.033333333333332882e-01
9.566666666666666652e-01
3.333333333333333547e-03
1.266666666666666774e-01
2.033333333333333381e-01
5.333333333333333676e-02
3.833333333333333037e-01
1.246666666666666812e+00
3.666666666666667379e-02
6.566666666666666208e-01
5.499999999999999334e-01
4.799999999999999822e-01
7.000000000000000666e-02
2.999999999999999889e-02
1.466666666666666674e-01
1.000000000000000021e-02
1.666666666666666644e-02
3.333333333333333287e-02
3.866666666666666585e-01
1.000000000000000021e-02
3.000000000000000236e-02
1.066666666666666735e-01
8.133333333333333526e-01
8.866666666666667140e-01
2.766666666666666718e-01
0.000000000000000000e+00
2.066666666666666652e-01
0.000000000000000000e+00
0.000000000000000000e+00
0.000000000000000000e+00
0.000000000000000000e+00
1.666666666666666574e-01
1.800000000000000211e-01
2.500000000000000000e-01
3.333333333333333287e-02
0.000000000000000000e+00
2.933333333333332793e-01
4.799999999999999822e-01
5.000000000000000971e-02
0.000000000000000000e+00
3.733333333333332948e-01
1.466666666666666674e-01
1.209999999999999964e+00
1.666666666666666644e-02
3.966666666666666674e-01
1.266666666666666774e-01
9.199999999999999289e-01
1.466666666666666952e-01
2.666666666666666838e-02
9.833333333333333925e-01
3.766666666666667052e-01
1.266666666666666774e-01
3.066666666666666985e-01
4.933333333333333459e-01
1.303333333333333455e+00
2.766666666666666718e-01
6.666666666666666574e-02
6.699999999999999289e-01
4.333333333333333481e-02
4.000000000000000083e-02
1.466666666666666674e-01
1.066666666666666735e-01
6.933333333333333570e-01
2.666666666666666838e-02
3.233333333333333059e-01
6.233333333333332948e-01
5.600000000000000533e-01
1.233333333333333365e-01
9.333333333333333759e-02
3.433333333333333237e-01
6.233333333333334059e-01
1.000000000000000021e-02
4.500000000000000111e-01
2.600000000000000089e-01
1.366666666666666863e-01
3.866666666666667140e-01
6.666666666666666574e-02
9.000000000000001055e-02
2.266666666666666552e-01
0.000000000000000000e+00
2.999999999999999889e-01
2.666666666666666838e-02
3.333333333333333148e-01
4.000000000000000083e-02
3.333333333333333287e-02
3.333333333333333547e-03
0.000000000000000000e+00
1.103333333333333277e+00
6.133333333333333970e-01
1.276666666666666616e+00
4.000000000000000083e-02
5.999999999999999778e-02
2.366666666666666641e-01
5.999999999999999778e-02
0.000000000000000000e+00
5.233333333333333171e-01
2.099999999999999922e-01
1.600000000000000033e-01
3.333333333333333287e-02
7.000000000000000666e-02
2.533333333333333548e-01
2.666666666666666838e-02
7.666666666666667462e-02
4.000000000000000083e-02
1.000000000000000194e-01
2.999999999999999889e-02
1.333333333333333419e-02
1.553333333333333455e+00
7.166666666666666741e-01
8.333333333333332871e-02
9.033333333333333215e-01
1.066666666666666735e-01
5.999999999999999778e-02
3.166666666666666519e-01
1.099999999999999867e+00
1.536666666666666847e+00
1.100000000000000006e-01
8.666666666666666963e-02
6.666666666666667095e-03
6.333333333333333870e-02
1.316666666666666652e+00
2.333333333333333440e-02
1.823333333333333472e+00
1.766666666666666663e-01
1.429999999999999938e+00
6.966666666666666563e-01
1.333333333333333315e-01
1.433333333333333404e-01
1.333333333333333419e-02
9.333333333333333759e-02
1.033333333333333326e-01
4.799999999999999822e-01
0.000000000000000000e+00
3.666666666666666963e-01
5.000000000000000971e-02
4.000000000000000083e-02
0.000000000000000000e+00
6.833333333333332371e-01
3.899999999999999578e-01
4.666666666666666186e-01
4.199999999999999845e-01
1.780000000000000027e+00
3.833333333333333037e-01
2.366666666666666641e-01
3.899999999999999578e-01
5.833333333333333703e-01
1.096666666666666679e+00
2.566666666666666541e-01
8.333333333333332871e-02
4.666666666666666879e-02
3.600000000000000422e-01
1.290000000000000036e+00
1.499999999999999944e-01
3.333333333333333287e-02
8.333333333333332871e-02
9.666666666666667851e-02
8.666666666666666963e-02
6.333333333333333870e-02
1.099999999999999867e-01
1.666666666666666644e-02
5.200000000000000178e-01
1.040000000000000036e+00
2.999999999999999889e-02
3.566666666666666874e-01
2.399999999999999911e-01
3.466666666666666785e-01
1.100000000000000006e-01
6.666666666666666574e-02
5.000000000000000971e-02
7.900000000000000355e-01
0.000000000000000000e+00
0.000000000000000000e+00
1.933333333333333570e-01
4.999999999999999584e-02
2.066666666666666374e-01
5.666666666666667629e-01
2.806666666666666643e+00
1.393333333333333313e+00
3.733333333333332948e-01
2.660000000000000142e+00
5.666666666666667074e-02
3.133333333333333526e-01
2.033333333333333381e-01
5.000000000000000971e-02
9.999999999999999167e-02
2.200000000000000011e-01
2.333333333333333093e-02
9.666666666666666463e-02
4.733333333333333282e-01
7.700000000000000178e-01
4.666666666666666879e-02
5.333333333333333259e-01
7.333333333333333370e-02
1.000000000000000021e-02
5.333333333333333676e-02
1.399999999999999856e-01
2.333333333333333093e-02
6.666666666666667095e-03
1.066666666666666735e-01
1.100000000000000006e-01
6.666666666666667095e-03
3.333333333333333287e-02
5.633333333333333526e-01
2.866666666666666807e-01
4.000000000000000083e-02
1.266666666666666774e-01
8.000000000000000167e-02
1.066666666666666735e-01
1.400000000000000133e-01
5.666666666666667074e-02
3.433333333333333237e-01
2.800000000000000266e-01
1.300000000000000044e-01
8.233333333333333615e-01
4.733333333333333282e-01
0.000000000000000000e+00
0.000000000000000000e+00
1.633333333333333304e-01
2.666666666666666838e-02
0.000000000000000000e+00
1.766666666666666663e-01
1.410000000000000142e+00
8.000000000000000167e-02
1.326666666666666661e+00
0.000000000000000000e+00
3.666666666666666685e-02
3.333333333333333547e-03
6.666666666666667095e-03
1.466666666666666952e-01
1.000000000000000021e-02
2.999999999999999889e-02
4.000000000000000083e-02
6.666666666666667095e-03
2.933333333333332793e-01
0.000000000000000000e+00
6.333333333333333870e-02
1.966666666666666841e-01
0.000000000000000000e+00
2.999999999999999889e-02
4.833333333333333370e-01
2.666666666666666838e-02
1.066666666666666735e-01
5.666666666666667074e-02
1.833333333333333481e-01
1.033333333333333465e-01
6.666666666666666574e-02
1.666666666666666644e-02
0.000000000000000000e+00
2.666666666666666838e-02
6.666666666666666574e-02
1.643333333333333313e+00
1.393333333333333313e+00
7.000000000000000666e-01
4.533333333333333104e-01
1.013333333333333419e+00
3.800000000000000600e-01
8.000000000000000167e-02
1.600000000000000033e-01
1.233333333333333365e-01
9.066666666666666208e-01
4.666666666666667296e-01
3.333333333333333287e-02
1.233333333333333365e-01
3.766666666666666496e-01
3.666666666666666963e-01
1.866666666666666474e-01
1.476666666666666572e+00
1.066666666666666735e-01
2.233333333333333004e-01
9.000000000000001055e-02
0.000000000000000000e+00
2.999999999999999889e-02
2.666666666666666838e-02
6.666666666666667095e-03
1.666666666666666644e-02
1.383333333333333526e+00
1.070000000000000062e+00
2.566666666666666541e-01
8.033333333333333437e-01
1.899999999999999689e+00
1.666666666666666574e-01
2.199999999999999734e-01
2.700000000000000178e-01
3.066666666666666430e-01
7.166666666666666741e-01
8.000000000000000167e-02
2.466666666666666730e-01
9.100000000000000311e-01
4.166666666666666852e-01
8.033333333333333437e-01
9.800000000000000933e-01
4.333333333333333481e-02
1.600000000000000033e-01
1.666666666666666574e-01
3.666666666666667379e-02
1.333333333333333419e-02
2.600000000000000089e-01
4.400000000000000022e-01
4.099999999999999756e-01
0.000000000000000000e+00
0.000000000000000000e+00
0.000000000000000000e+00
9.333333333333333759e-02
2.666666666666666838e-02
0.000000000000000000e+00
3.666666666666667379e-02
6.666666666666667095e-03
0.000000000000000000e+00
7.666666666666667462e-02
8.333333333333332871e-02
6.666666666666667095e-03
2.566666666666666541e-01
3.833333333333333037e-01
8.333333333333332871e-02
0.000000000000000000e+00
2.633333333333333637e-01
1.000000000000000194e-01
6.066666666666665764e-01
5.999999999999999778e-02
8.166666666666667629e-01
1.803333333333333455e+00
1.066666666666666735e-01
1.333333333333333419e-02
4.299999999999999933e-01
1.133333333333333276e-01
0.000000000000000000e+00
2.099999999999999922e-01
0.000000000000000000e+00
0.000000000000000000e+00
8.000000000000000167e-02
5.333333333333333676e-02
1.426666666666666750e+00
9.833333333333333925e-01
1.556666666666666643e+00
1.300000000000000044e-01
1.010000000000000009e+00
1.333333333333333419e-02
1.666666666666666644e-02
1.600000000000000033e-01
3.633333333333332860e-01
2.999999999999999889e-02
8.666666666666666963e-02
0.000000000000000000e+00
4.000000000000000083e-02
1.619999999999999885e+00
2.933333333333333348e-01
3.333333333333333287e-02
1.833333333333333481e-01
2.999999999999999889e-01
1.016666666666666829e+00
3.333333333333333547e-03
9.333333333333333759e-02
8.000000000000000167e-02
2.666666666666666838e-02
8.333333333333332871e-02
5.666666666666666519e-01
0.000000000000000000e+00
1.199999999999999956e-01
5.899999999999999689e-01
3.866666666666667140e-01
1.033333333333333326e-01
6.000000000000000472e-02
1.166666666666666546e-01
0.000000000000000000e+00
2.666666666666666838e-02
5.333333333333333676e-02
4.566666666666667207e-01
1.300000000000000044e-01
9.000000000000001055e-02
1.000000000000000021e-02
3.233333333333333059e-01
7.833333333333333259e-01
3.400000000000000244e-01
5.999999999999999778e-02
2.966666666666666896e-01
2.666666666666666838e-02
3.333333333333333547e-03
1.000000000000000021e-02
3.333333333333333547e-03
1.766666666666666663e-01
1.600000000000000033e-01
2.033333333333333381e-01
0.000000000000000000e+00
4.999999999999999584e-02
3.766666666666666496e-01
3.233333333333333059e-01
0.000000000000000000e+00
1.000000000000000021e-02
3.366666666666666696e-01
3.799999999999999489e-01
9.300000000000000488e-01
2.333333333333333440e-02
6.900000000000000577e-01
2.633333333333333637e-01
1.270000000000000240e+00
2.133333333333333470e-01
0.000000000000000000e+00
2.119999999999999662e+00
4.599999999999999645e-01
7.666666666666667462e-02
2.866666666666666252e-01
5.533333333333333437e-01
2.216666666666666785e+00
6.433333333333334236e-01
9.333333333333332371e-02
2.966666666666666896e-01
3.333333333333333287e-02
4.333333333333333481e-02
5.666666666666666380e-02
1.833333333333333204e-01
6.900000000000000577e-01
6.000000000000000472e-02
2.733333333333333726e-01
6.999999999999998446e-01
6.466666666666666119e-01
2.566666666666666541e-01
7.666666666666667462e-02
3.533333333333333326e-01
7.133333333333332638e-01
1.000000000000000021e-02
5.866666666666665586e-01
9.000000000000001055e-02
1.499999999999999944e-01
4.266666666666666941e-01
6.666666666666666574e-02
6.666666666666666574e-02
3.600000000000000422e-01
0.000000000000000000e+00
4.000000000000000083e-02
1.999999999999999833e-01
1.999999999999999833e-01
0.000000000000000000e+00
0.000000000000000000e+00
0.000000000000000000e+00
2.999999999999999889e-02
1.133333333333333304e+00
5.000000000000000000e-01
1.330000000000000071e+00
6.133333333333332860e-01
1.266666666666666774e-01
1.933333333333333293e-01
1.766666666666666663e-01
2.666666666666666838e-02
1.146666666666666723e+00
1.800000000000000211e-01
9.666666666666667851e-02
6.666666666666667095e-03
9.666666666666666463e-02
1.666666666666666574e-01
1.000000000000000021e-02
5.000000000000000971e-02
7.666666666666666075e-02
7.666666666666667462e-02
1.000000000000000021e-02
1.000000000000000021e-02
1.830000000000000071e+00
7.799999999999999156e-01
6.333333333333333870e-02
1.286666666666666847e+00
1.166666666666666824e-01
7.000000000000000666e-02
1.833333333333333481e-01
1.373333333333333295e+00
1.163333333333333330e+00
3.333333333333333287e-02
8.666666666666666963e-02
0.000000000000000000e+00
1.000000000000000194e-01
1.316666666666666652e+00
3.333333333333333547e-03
1.196666666666666545e+00
1.933333333333333293e-01
1.613333333333333286e+00
5.466666666666666341e-01
1.033333333333333326e-01
8.000000000000000167e-02
3.333333333333333547e-03
3.099999999999999978e-01
9.333333333333333759e-02
7.099999999999999645e-01
6.666666666666666574e-02
5.400000000000000355e-01
2.000000000000000042e-02
0.000000000000000000e+00
0.000000000000000000e+00
1.743333333333333401e+00
6.533333333333333215e-01
3.899999999999999578e-01
5.500000000000000444e-01
2.430000000000000160e+00
4.833333333333333370e-01
5.966666666666666785e-01
4.066666666666667318e-01
1.273333333333333206e+00
1.223333333333333384e+00
1.666666666666666574e-01
8.666666666666666963e-02
8.000000000000000167e-02
2.733333333333333726e-01
1.669999999999999929e+00
1.700000000000000122e-01
5.000000000000000971e-02
1.233333333333333365e-01
1.033333333333333326e-01
8.666666666666666963e-02
7.333333333333333370e-02
1.133333333333333276e-01
4.333333333333333481e-02
7.099999999999999645e-01
3.633333333333332860e-01
8.000000000000000167e-02
6.133333333333332860e-01
1.463333333333333597e+00
2.233333333333333559e-01
2.533333333333333548e-01
1.933333333333333293e-01
1.133333333333333276e-01
1.573333333333333250e+00
1.933333333333333570e-01
2.000000000000000042e-02
8.000000000000000167e-02
1.933333333333333293e-01
2.633333333333333637e-01
3.000000000000000444e-01
3.816666666666666874e+00
