1.139999999999999902e+00
2.933333333333332793e-01
4.733333333333333282e-01
5.066666666666667096e-01
1.869999999999999885e+00
5.766666666666666607e-01
2.399999999999999911e-01
5.333333333333333259e-01
9.000000000000001055e-02
1.026666666666666616e+00
4.766666666666666274e-01
2.700000000000000178e-01
1.600000000000000033e-01
9.566666666666666652e-01
1.666666666666666574e-01
9.999999999999999167e-02
6.666666666666667095e-03
7.999999999999999334e-01
1.333333333333333419e-02
1.566666666666666763e-01
3.200000000000000067e-01
5.066666666666667096e-01
3.500000000000000333e-01
1.146666666666666723e+00
2.106666666666666909e+00
4.199999999999999289e-01
4.766666666666666274e-01
3.733333333333332948e-01
7.233333333333332726e-01
1.486666666666666581e+00
2.466666666666666730e-01
6.333333333333333870e-02
9.666666666666666463e-02
3.666666666666666685e-02
6.000000000000000472e-02
6.833333333333332371e-01
2.686666666666666092e+00
1.133333333333333276e-01
3.266666666666666607e-01
4.999999999999999584e-02
6.033333333333333881e-01
4.666666666666666879e-02
3.333333333333333547e-03
4.333333333333333481e-02
1.133333333333333304e+00
5.999999999999999778e-01
3.333333333333333547e-03
1.666666666666666644e-02
1.610000000000000098e+00
6.900000000000000577e-01
1.499999999999999944e-01
1.233333333333333365e-01
4.999999999999999584e-02
5.666666666666666380e-02
2.899999999999999800e-01
1.000000000000000021e-02
7.033333333333334769e-01
1.666666666666666574e-01
3.233333333333333059e-01
2.999999999999999889e-02
3.333333333333333547e-03
2.700000000000000178e-01
4.666666666666666186e-01
1.836666666666666670e+00
8.599999999999999867e-01
2.466666666666666730e-01
2.099999999999999922e-01
3.833333333333333037e-01
6.933333333333333570e-01
2.166666666666666741e-01
3.533333333333333326e-01
1.633333333333333304e-01
4.099999999999999756e-01
3.899999999999999578e-01
9.666666666666666463e-02
7.000000000000000666e-02
2.399999999999999911e-01
1.000000000000000021e-02
2.800000000000000266e-01
3.266666666666666607e-01
4.833333333333333925e-01
7.333333333333333370e-02
1.733333333333333393e-01
4.966666666666666452e-01
6.333333333333333037e-01
2.000000000000000042e-02
1.580000000000000071e+00
1.199999999999999956e-01
2.833333333333333814e-01
1.600000000000000033e-01
2.830000000000000071e+00
1.333333333333333259e+00
1.053333333333333455e+00
9.333333333333332371e-02
9.000000000000000222e-01
