1.146666666666666723e+00
9.466666666666667673e-01
2.066666666666666652e-01
1.410000000000000142e+00
4.700000000000000289e-01
5.733333333333333615e-01
2.366666666666666641e-01
6.433333333333334236e-01
5.066666666666667096e-01
5.999999999999999778e-02
3.666666666666666408e-01
1.700000000000000122e-01
1.000000000000000021e-02
2.066666666666666652e-01
1.016666666666666607e+00
1.199999999999999956e-01
0.000000000000000000e+00
4.666666666666666879e-02
6.699999999999999289e-01
8.566666666666665764e-01
5.666666666666667074e-02
1.969999999999999973e+00
1.266666666666666774e-01
4.900000000000000466e-01
9.433333333333333570e-01
1.166666666666666546e-01
3.133333333333332971e-01
5.033333333333332993e-01
2.533333333333333548e-01
5.866666666666667806e-01
7.299999999999999822e-01
6.666666666666667095e-03
3.666666666666666685e-02
8.933333333333334236e-01
2.700000000000000178e-01
1.000000000000000021e-02
6.833333333333332371e-01
1.003333333333333188e+00
1.700000000000000122e-01
1.133333333333333276e-01
2.033333333333333381e-01
1.666666666666666644e-02
4.399999999999999467e-01
9.066666666666667318e-01
1.060000000000000053e+00
1.666666666666666644e-02
9.400000000000000577e-01
2.666666666666666630e-01
6.500000000000000222e-01
2.933333333333333903e-01
1.333333333333333419e-02
2.099999999999999922e-01
8.366666666666665586e-01
3.333333333333333547e-03
0.000000000000000000e+00
8.399999999999999689e-01
8.133333333333333526e-01
3.333333333333333287e-02
5.333333333333333676e-02
7.666666666666667462e-02
1.766666666666666663e-01
2.433333333333333182e-01
1.776666666666666616e+00
1.400000000000000133e-01
1.066666666666666735e-01
6.666666666666667095e-03
5.000000000000000971e-02
4.333333333333333481e-02
0.000000000000000000e+00
1.000000000000000021e-02
2.033333333333333381e-01
2.266666666666666552e-01
0.000000000000000000e+00
1.610000000000000098e+00
1.666666666666666574e-01
9.800000000000000933e-01
1.766666666666666663e-01
1.419999999999999929e+00
9.699999999999998623e-01
1.733333333333333393e-01
3.999999999999999667e-01
4.333333333333333481e-02
3.933333333333333126e-01
1.066666666666666735e-01
5.333333333333333676e-02
2.199999999999999734e-01
1.999999999999999833e-01
1.303333333333333455e+00
1.600000000000000033e-01
5.666666666666667074e-02
1.366666666666666863e-01
3.333333333333333547e-03
4.733333333333333282e-01
2.199999999999999734e-01
1.700000000000000122e-01
6.666666666666666574e-02
8.666666666666666963e-02
2.666666666666666838e-02
4.966666666666666452e-01
1.399999999999999856e-01
2.000000000000000042e-02
5.466666666666667451e-01
2.006666666666666821e+00
9.000000000000001055e-02
1.666666666666666644e-02
4.000000000000000083e-02
2.333333333333333440e-02
1.333333333333333419e-02
4.333333333333333481e-02
9.000000000000001055e-02
0.000000000000000000e+00
4.666666666666666879e-02
3.666666666666666685e-02
4.333333333333333481e-02
0.000000000000000000e+00
4.333333333333333481e-02
3.899999999999999578e-01
0.000000000000000000e+00
7.266666666666666829e-01
1.750000000000000000e+00
1.440000000000000169e+00
8.666666666666666963e-02
2.700000000000000178e-01
1.736666666666666581e+00
7.700000000000000178e-01
5.866666666666666696e-01
6.600000000000000311e-01
6.666666666666666297e-01
9.266666666666667496e-01
2.266666666666666829e-01
5.366666666666667362e-01
1.033333333333333326e-01
1.833333333333333204e-01
1.766666666666666663e-01
3.933333333333333126e-01
4.133333333333333304e-01
8.033333333333333437e-01
2.099999999999999922e-01
1.070000000000000062e+00
1.023333333333333206e+00
5.999999999999999778e-01
8.000000000000000167e-02
3.966666666666666674e-01
6.199999999999999956e-01
7.299999999999999822e-01
3.366666666666666141e-01
1.033333333333333326e-01
3.899999999999999578e-01
6.033333333333333881e-01
1.803333333333333455e+00
1.400000000000000133e+00
