1.236666666666666581e+00
1.223333333333333384e+00
3.123333333333333517e+00
1.356666666666666687e+00
9.666666666666667851e-02
2.033333333333333381e-01
3.433333333333333237e-01
2.533333333333333548e-01
0.000000000000000000e+00
1.366666666666666863e-01
7.700000000000000178e-01
4.566666666666667207e-01
3.333333333333333287e-02
9.033333333333333215e-01
8.000000000000000167e-02
1.533333333333333492e-01
1.066666666666666735e-01
1.933333333333333570e-01
6.666666666666666574e-02
2.500000000000000000e-01
6.666666666666666297e-01
1.966666666666666563e-01
5.000000000000000000e-01
3.266666666666666607e-01
1.116666666666666918e+00
1.239999999999999991e+00
8.333333333333332871e-02
7.633333333333333082e-01
3.333333333333333547e-03
4.400000000000000022e-01
6.000000000000000472e-02
1.466666666666666674e-01
1.176666666666666750e+00
2.866666666666666807e-01
1.999999999999999833e-01
1.063333333333333242e+00
8.333333333333332871e-02
6.033333333333333881e-01
1.300000000000000044e-01
2.129999999999999893e+00
1.300000000000000044e-01
2.633333333333333637e-01
1.433333333333333404e-01
8.699999999999999956e-01
1.399999999999999856e-01
1.936666666666666758e+00
1.563333333333333242e+00
9.666666666666667851e-02
1.676666666666666750e+00
2.600000000000000089e-01
8.166666666666667629e-01
2.000000000000000389e-01
6.166666666666666963e-01
1.966666666666666563e-01
8.333333333333333703e-01
1.999999999999999833e-01
3.666666666666666685e-02
7.000000000000000666e-02
1.099999999999999867e+00
8.000000000000000167e-02
1.400000000000000133e-01
0.000000000000000000e+00
9.999999999999999167e-02
0.000000000000000000e+00
1.666666666666666644e-02
1.233333333333333365e-01
1.150000000000000133e+00
1.900000000000000300e-01
1.333333333333333419e-02
4.099999999999999756e-01
2.700000000000000178e-01
2.833333333333333259e-01
8.366666666666665586e-01
2.000000000000000042e-02
4.266666666666665830e-01
0.000000000000000000e+00
5.866666666666666696e-01
1.666666666666666644e-02
1.866666666666666752e-01
5.300000000000000266e-01
4.366666666666667029e-01
4.333333333333333481e-01
4.099999999999999756e-01
1.256666666666666821e+00
5.733333333333333615e-01
1.016666666666666607e+00
4.000000000000000083e-02
1.106666666666666687e+00
1.213333333333333375e+00
1.133333333333333276e-01
8.033333333333333437e-01
4.666666666666666879e-02
1.433333333333333404e-01
2.133333333333333470e-01
2.466666666666666730e-01
6.666666666666666574e-02
9.999999999999999167e-02
1.076666666666666661e+00
7.166666666666666741e-01
1.139999999999999902e+00
3.366666666666666696e-01
8.233333333333332504e-01
3.066666666666666985e-01
7.533333333333332993e-01
6.666666666666666574e-02
2.666666666666666838e-02
1.600000000000000033e-01
1.333333333333333315e-01
0.000000000000000000e+00
7.200000000000000844e-01
9.366666666666666474e-01
4.533333333333333104e-01
0.000000000000000000e+00
4.333333333333333481e-02
7.733333333333334281e-01
4.333333333333333481e-02
0.000000000000000000e+00
4.533333333333333659e-01
1.849999999999999867e+00
0.000000000000000000e+00
5.666666666666667074e-02
2.666666666666666838e-02
8.333333333333332871e-02
1.366666666666666863e-01
1.466666666666666674e-01
7.666666666666667462e-02
1.233333333333333365e-01
2.433333333333333182e-01
1.183333333333333348e+00
7.666666666666667462e-02
2.486666666666666803e+00
1.033333333333333215e+00
7.799999999999999156e-01
7.400000000000001021e-01
1.833333333333333481e-01
2.466666666666666730e-01
8.333333333333332871e-02
7.333333333333333370e-02
1.700000000000000122e-01
2.000000000000000389e-01
1.999999999999999833e-01
1.999999999999999833e-01
8.333333333333332871e-02
1.453333333333333366e+00
3.499999999999999223e-01
3.966666666666666674e-01
2.100000000000000089e+00
3.666666666666666408e-01
3.000000000000000444e-01
3.733333333333333504e-01
7.466666666666667007e-01
3.933333333333333681e-01
3.099999999999999978e-01
4.933333333333333459e-01
9.700000000000000844e-01
2.766666666666666718e-01
1.176666666666666750e+00
8.833333333333334147e-01
1.173333333333333339e+00
1.263333333333333419e+00
9.000000000000001055e-02
1.276666666666666616e+00
4.099999999999999756e-01
1.199999999999999956e-01
9.999999999999999167e-02
3.166666666666666519e-01
1.160000000000000142e+00
4.133333333333333304e-01
2.766666666666666718e-01
2.333333333333333440e-02
1.136666666666666714e+00
4.199999999999999845e-01
4.033333333333333215e-01
4.400000000000000022e-01
7.500000000000000000e-01
1.813333333333333464e+00
2.766666666666666718e-01
2.199999999999999734e-01
2.766666666666666718e-01
9.666666666666667851e-02
1.440000000000000169e+00
1.900000000000000300e-01
2.666666666666666630e-01
3.566666666666666319e-01
8.266666666666666607e-01
4.733333333333333282e-01
3.899999999999999578e-01
0.000000000000000000e+00
1.800000000000000211e-01
7.333333333333333370e-02
2.299999999999999822e-01
2.733333333333333171e-01
8.033333333333332327e-01
3.366666666666666696e-01
0.000000000000000000e+00
3.733333333333332948e-01
9.599999999999999645e-01
1.666666666666666644e-02
9.666666666666667851e-02
5.000000000000000971e-02
1.133333333333333276e-01
1.266666666666666774e-01
5.066666666666667096e-01
1.000000000000000021e-02
4.000000000000000083e-02
1.133333333333333415e-01
5.333333333333333676e-02
2.000000000000000042e-02
1.266666666666666774e-01
7.500000000000000000e-01
2.700000000000000178e-01
3.699999999999999400e-01
1.100000000000000006e-01
2.133333333333333470e-01
1.199999999999999956e-01
1.033333333333333215e+00
2.633333333333333637e-01
8.599999999999999867e-01
8.666666666666666963e-01
1.233333333333333365e-01
1.000000000000000021e-02
1.389999999999999902e+00
1.433333333333333404e-01
4.166666666666666852e-01
1.066666666666666735e-01
2.099999999999999922e-01
1.639999999999999902e+00
1.266666666666666774e-01
2.700000000000000178e-01
4.333333333333333481e-02
2.066666666666666652e-01
6.666666666666667095e-03
3.099999999999999978e-01
0.000000000000000000e+00
2.000000000000000389e-01
1.633333333333333304e-01
2.666666666666666838e-02
1.566666666666666485e-01
6.000000000000000888e-01
2.083333333333333481e+00
1.446666666666666545e+00
2.566666666666666541e-01
0.000000000000000000e+00
6.666666666666666574e-02
0.000000000000000000e+00
8.133333333333333526e-01
1.066666666666666735e-01
5.166666666666666075e-01
6.666666666666666574e-02
1.119999999999999885e+00
2.700000000000000178e-01
3.600000000000000422e-01
2.300000000000000100e-01
7.433333333333332904e-01
1.100000000000000006e-01
2.133333333333332915e-01
3.500000000000000333e-01
1.333333333333333419e-02
1.433333333333333404e-01
1.133333333333333415e-01
3.999999999999999667e-01
3.333333333333333547e-03
8.000000000000000167e-02
1.366666666666666863e-01
6.333333333333333870e-02
6.199999999999999956e-01
6.533333333333333215e-01
5.000000000000000000e-01
5.666666666666667074e-02
3.866666666666667140e-01
0.000000000000000000e+00
1.566666666666666763e-01
0.000000000000000000e+00
0.000000000000000000e+00
1.366666666666666585e-01
1.119999999999999885e+00
2.333333333333333440e-02
1.703333333333333144e+00
5.333333333333333676e-02
5.666666666666667074e-02
3.333333333333333287e-02
1.199999999999999956e-01
2.200000000000000011e-01
2.033333333333333381e-01
8.666666666666665853e-01
1.199999999999999956e+00
1.386666666666666714e+00
2.133333333333333470e-01
1.050000000000000044e+00
2.366666666666666641e-01
3.333333333333333547e-03
3.333333333333333287e-02
2.966666666666666896e-01
1.976666666666666572e+00
5.166666666666667185e-01
5.999999999999999778e-02
3.333333333333333287e-02
5.800000000000000711e-01
1.000000000000000021e-02
3.333333333333333547e-03
5.833333333333333703e-01
5.333333333333333259e-01
5.000000000000000971e-02
4.666666666666666879e-02
5.666666666666666380e-02
3.666666666666666963e-01
1.966666666666666563e-01
1.036666666666666625e+00
