1.780000000000000027e+00
1.999999999999999833e-01
1.176666666666666528e+00
4.666666666666666186e-01
2.333333333333333440e-02
6.333333333333333870e-02
7.366666666666666918e-01
1.016666666666666607e+00
2.333333333333333440e-02
3.666666666666667379e-02
1.133333333333333276e-01
1.206666666666666776e+00
2.000000000000000042e-02
4.333333333333333481e-02
2.999999999999999889e-02
1.433333333333333404e-01
1.486666666666666581e+00
2.700000000000000178e-01
3.866666666666667140e-01
9.333333333333333759e-02
1.266666666666666774e-01
5.000000000000000971e-02
2.220000000000000195e+00
8.866666666666666030e-01
1.466666666666666785e+00
1.480000000000000204e+00
1.399999999999999856e-01
5.000000000000000971e-02
8.000000000000000167e-02
2.833333333333333814e-01
4.099999999999999756e-01
1.000000000000000021e-02
1.100000000000000006e-01
1.033333333333333326e-01
9.666666666666667851e-02
0.000000000000000000e+00
3.966666666666666674e-01
1.333333333333333419e-02
0.000000000000000000e+00
2.999999999999999889e-02
1.020000000000000018e+00
8.666666666666666963e-02
0.000000000000000000e+00
7.399999999999998801e-01
2.399999999999999911e-01
6.666666666666666574e-02
3.366666666666666696e-01
3.833333333333333037e-01
2.833333333333333814e-01
1.063333333333333242e+00
3.899999999999999578e-01
6.733333333333333393e-01
1.866666666666666752e-01
2.299999999999999822e-01
1.753333333333333188e+00
2.000000000000000389e-01
7.900000000000000355e-01
1.666666666666666644e-02
2.333333333333333093e-01
1.110000000000000098e+00
6.266666666666665941e-01
0.000000000000000000e+00
1.400000000000000133e-01
7.666666666666666075e-01
0.000000000000000000e+00
6.766666666666666385e-01
4.000000000000000083e-02
1.210000000000000187e+00
1.666666666666666644e-02
5.566666666666666430e-01
1.566666666666666485e-01
2.600000000000000089e-01
8.900000000000000133e-01
1.006666666666666599e+00
1.266666666666666774e-01
2.033333333333333381e-01
1.179999999999999938e+00
1.399999999999999856e-01
4.700000000000000289e-01
1.666666666666666644e-02
2.733333333333333726e-01
4.000000000000000083e-02
4.766666666666667385e-01
8.333333333333332871e-02
1.146666666666666723e+00
1.900000000000000300e-01
5.899999999999999689e-01
1.866666666666666752e-01
1.700000000000000122e-01
3.133333333333332971e-01
2.766666666666666718e-01
3.733333333333333504e-01
3.433333333333333237e-01
2.666666666666666838e-02
1.466666666666666952e-01
1.070000000000000062e+00
2.666666666666666838e-02
2.033333333333333381e-01
3.666666666666667379e-02
6.566666666666666208e-01
2.020000000000000018e+00
1.866666666666666752e-01
4.733333333333333282e-01
2.666666666666666630e-01
8.133333333333334636e-01
2.333333333333333093e-01
1.099999999999999867e-01
1.613333333333333286e+00
1.126666666666666705e+00
5.599999999999999423e-01
1.719999999999999973e+00
2.399999999999999911e-01
2.999999999999999889e-02
1.273333333333333428e+00
6.666666666666667095e-03
5.333333333333333676e-02
4.766666666666666274e-01
6.666666666666666297e-01
1.343333333333333490e+00
1.656666666666666510e+00
1.000000000000000194e-01
5.766666666666666607e-01
4.966666666666665897e-01
1.166666666666666546e-01
2.233333333333333004e-01
1.666666666666666574e-01
1.229999999999999982e+00
5.333333333333333676e-02
2.266666666666666829e-01
2.200000000000000011e-01
7.166666666666666741e-01
1.700000000000000122e-01
1.633333333333333304e-01
5.666666666666667074e-02
0.000000000000000000e+00
0.000000000000000000e+00
0.000000000000000000e+00
2.666666666666666838e-02
0.000000000000000000e+00
2.333333333333333440e-02
0.000000000000000000e+00
0.000000000000000000e+00
0.000000000000000000e+00
1.666666666666666574e-01
3.600000000000000422e-01
0.000000000000000000e+00
1.066666666666666735e-01
6.033333333333333881e-01
6.466666666666666119e-01
0.000000000000000000e+00
8.000000000000000167e-02
1.433333333333333404e-01
1.066666666666666735e-01
1.066666666666666735e-01
3.400000000000000244e-01
7.133333333333332638e-01
4.666666666666666879e-02
4.333333333333333481e-02
1.199999999999999956e-01
7.933333333333333348e-01
7.533333333333332993e-01
1.290000000000000036e+00
1.790000000000000036e+00
1.919999999999999929e+00
2.433333333333333182e-01
8.033333333333333437e-01
2.393333333333333091e+00
4.499999999999999556e-01
2.200000000000000011e-01
2.766666666666666718e-01
1.000000000000000194e-01
6.300000000000000044e-01
4.433333333333333015e-01
2.700000000000000178e-01
4.000000000000000083e-02
1.733333333333333393e-01
1.809999999999999831e+00
3.366666666666666696e-01
3.366666666666666141e-01
1.466666666666666397e-01
7.700000000000000178e-01
4.433333333333333015e-01
1.066666666666666458e-01
9.233333333333333393e-01
6.366666666666667140e-01
3.333333333333333287e-02
2.999999999999999889e-02
2.666666666666666838e-02
7.533333333333332993e-01
7.000000000000000666e-02
8.599999999999999867e-01
2.333333333333333093e-01
4.000000000000000083e-02
2.526666666666666838e+00
