6.433333333333334236e-01
2.066666666666666652e-01
1.233333333333333365e-01
1.133333333333333415e-01
3.500000000000000333e-01
3.200000000000000067e-01
1.833333333333333481e-01
1.800000000000000211e-01
9.133333333333332194e-01
6.533333333333333215e-01
3.566666666666666319e-01
2.693333333333333357e+00
2.633333333333333637e-01
8.666666666666666963e-02
1.219999999999999973e+00
1.040000000000000036e+00
4.899999999999999911e-01
2.800000000000000266e-01
4.066666666666666763e-01
1.320000000000000062e+00
1.263333333333333419e+00
1.323333333333333472e+00
5.966666666666665675e-01
5.633333333333333526e-01
1.616666666666666474e+00
4.899999999999999911e-01
6.199999999999999956e-01
2.700000000000000178e-01
5.333333333333333676e-02
1.666666666666666574e-01
1.163333333333333330e+00
4.266666666666666941e-01
1.333333333333333315e-01
4.333333333333333481e-02
1.133333333333333415e-01
1.040000000000000036e+00
1.533333333333333492e-01
1.000000000000000021e-02
1.596666666666666679e+00
1.219999999999999973e+00
1.066666666666666735e-01
1.800000000000000211e-01
4.666666666666666879e-02
3.766666666666667052e-01
2.666666666666666838e-02
2.033333333333333381e-01
9.966666666666667007e-01
2.066666666666666652e-01
5.000000000000000971e-02
5.433333333333333348e-01
6.666666666666667095e-03
2.000000000000000042e-02
5.333333333333333259e-01
3.000000000000000236e-02
1.000000000000000021e-02
9.433333333333333570e-01
9.899999999999998801e-01
1.666666666666666644e-02
1.133333333333333276e-01
3.133333333333332971e-01
1.533333333333333215e-01
2.700000000000000178e-01
5.166666666666666075e-01
2.533333333333333548e-01
1.066666666666666735e-01
1.250000000000000000e+00
1.000000000000000194e-01
3.166666666666666519e-01
5.000000000000000971e-02
2.999999999999999889e-02
6.866666666666666474e-01
5.799999999999999600e-01
2.609999999999999876e+00
8.133333333333333526e-01
7.000000000000000666e-02
7.700000000000000178e-01
2.666666666666666630e-01
1.600000000000000033e-01
5.333333333333333676e-02
7.666666666666667462e-02
7.666666666666666075e-02
1.700000000000000122e-01
1.600000000000000033e-01
1.099999999999999867e-01
5.000000000000000971e-02
9.999999999999999167e-02
1.166666666666666546e-01
9.666666666666666463e-02
6.666666666666666297e-01
1.010000000000000009e+00
5.300000000000000266e-01
8.000000000000000167e-02
4.999999999999999584e-02
2.933333333333332793e-01
1.326666666666666883e+00
1.066666666666666735e-01
9.666666666666667851e-02
9.966666666666667007e-01
4.000000000000000083e-02
5.333333333333333676e-02
0.000000000000000000e+00
4.999999999999999584e-02
1.400000000000000133e-01
1.633333333333333304e-01
5.799999999999999600e-01
4.333333333333333481e-02
8.266666666666666607e-01
6.133333333333333970e-01
3.033333333333332882e-01
2.066666666666666652e-01
8.333333333333332871e-02
4.666666666666666879e-02
1.700000000000000122e-01
8.766666666666665941e-01
