6.566666666666667318e-01
4.433333333333333570e-01
8.666666666666666963e-02
1.066666666666666458e-01
1.533333333333333215e+00
3.666666666666665991e-02
3.333333333333333547e-03
2.000000000000000042e-02
2.333333333333333093e-02
1.133333333333333276e-01
3.600000000000000422e-01
1.000000000000000194e-01
4.333333333333333481e-02
1.586666666666666670e+00
2.256666666666666377e+00
1.296666666666666634e+00
1.103333333333333277e+00
1.366666666666666863e-01
3.166666666666666519e-01
8.333333333333332871e-02
4.566666666666667207e-01
1.833333333333333481e-01
8.566666666666667984e-01
2.133333333333332915e-01
1.166666666666666546e-01
4.533333333333333104e-01
1.333333333333333315e-01
1.533333333333333215e-01
1.993333333333333401e+00
1.949999999999999956e+00
0.000000000000000000e+00
8.666666666666666963e-02
0.000000000000000000e+00
1.333333333333333419e-02
4.333333333333333481e-02
9.000000000000001055e-02
1.833333333333333481e-01
3.000000000000000444e-01
3.333333333333333287e-02
2.399999999999999911e-01
2.166666666666666741e-01
1.300000000000000044e-01
2.333333333333333093e-01
5.999999999999999778e-02
0.000000000000000000e+00
0.000000000000000000e+00
9.566666666666665542e-01
1.400000000000000133e-01
4.000000000000000083e-02
8.766666666666665941e-01
1.139999999999999902e+00
2.333333333333333093e-01
1.666666666666666574e-01
7.133333333333333748e-01
8.499999999999999778e-01
2.333333333333333440e-02
0.000000000000000000e+00
1.366666666666666585e-01
1.543333333333333224e+00
2.333333333333333093e-02
1.066666666666666735e-01
4.033333333333333215e-01
1.383333333333333526e+00
7.233333333333332726e-01
3.033333333333333437e-01
4.033333333333333215e-01
1.000000000000000021e-02
4.433333333333333570e-01
1.833333333333333481e-01
0.000000000000000000e+00
0.000000000000000000e+00
4.000000000000000083e-02
1.499999999999999944e-01
0.000000000000000000e+00
1.000000000000000021e-02
1.866666666666666474e-01
2.566666666666666541e-01
5.666666666666667074e-02
1.899999999999999745e-01
1.206666666666666776e+00
5.666666666666667074e-02
0.000000000000000000e+00
8.666666666666666963e-02
1.533333333333333492e-01
1.633333333333333304e-01
1.000000000000000021e-02
1.226666666666666794e+00
1.499999999999999944e-01
2.399999999999999911e-01
2.299999999999999822e-01
5.599999999999999423e-01
2.766666666666666718e-01
3.900000000000000688e-01
2.666666666666666838e-02
3.400000000000000244e-01
2.866666666666666807e-01
0.000000000000000000e+00
0.000000000000000000e+00
0.000000000000000000e+00
0.000000000000000000e+00
1.333333333333333315e-01
3.333333333333333287e-02
6.666666666666667095e-03
0.000000000000000000e+00
0.000000000000000000e+00
0.000000000000000000e+00
6.533333333333333215e-01
1.023333333333333206e+00
3.666666666666667379e-02
3.699999999999999400e-01
2.666666666666666630e-01
0.000000000000000000e+00
0.000000000000000000e+00
3.333333333333333547e-03
0.000000000000000000e+00
2.766666666666666718e-01
3.333333333333333547e-03
1.000000000000000194e-01
8.966666666666666119e-01
5.366666666666667362e-01
3.000000000000000000e+00
1.000000000000000021e-02
9.666666666666666463e-02
1.666666666666666644e-02
0.000000000000000000e+00
7.799999999999999156e-01
1.883333333333333526e+00
7.333333333333334758e-02
8.000000000000001554e-01
9.999999999999999167e-02
4.666666666666666879e-02
8.466666666666666785e-01
6.333333333333333870e-02
1.499999999999999944e-01
5.866666666666667806e-01
5.799999999999999600e-01
1.466666666666666674e-01
2.399999999999999911e-01
5.000000000000000971e-02
1.839999999999999858e+00
5.599999999999999423e-01
7.000000000000000666e-02
4.333333333333333481e-01
7.333333333333333370e-02
1.003333333333333188e+00
1.326666666666666883e+00
2.700000000000000178e-01
0.000000000000000000e+00
1.020000000000000018e+00
1.443333333333333357e+00
1.399999999999999856e-01
2.166666666666666741e-01
6.666666666666666574e-02
1.366666666666666863e-01
2.666666666666666630e-01
9.000000000000001055e-02
5.166666666666667185e-01
3.966666666666666674e-01
3.833333333333333037e-01
9.999999999999999167e-02
5.100000000000001199e-01
0.000000000000000000e+00
5.999999999999999778e-02
1.100000000000000006e-01
1.459999999999999964e+00
3.333333333333333287e-02
1.200000000000000094e-01
3.333333333333333287e-02
1.333333333333333419e-02
1.266666666666666774e-01
0.000000000000000000e+00
9.000000000000001055e-02
1.000000000000000021e-02
4.000000000000000083e-02
7.333333333333334758e-02
3.966666666666666674e-01
1.000000000000000021e-02
6.733333333333333393e-01
1.999999999999999833e-01
1.666666666666666644e-02
0.000000000000000000e+00
1.666666666666666644e-02
2.433333333333333182e-01
1.000000000000000021e-02
8.700000000000001066e-01
0.000000000000000000e+00
7.933333333333333348e-01
1.933333333333333293e-01
5.899999999999999689e-01
2.036666666666666625e+00
1.133333333333333276e-01
1.316666666666666652e+00
2.266666666666666552e-01
8.399999999999999689e-01
5.166666666666666075e-01
8.666666666666666963e-02
1.610000000000000098e+00
9.033333333333333215e-01
1.300000000000000044e-01
7.000000000000000666e-02
0.000000000000000000e+00
6.666666666666667095e-03
4.000000000000000083e-02
1.566666666666666485e-01
3.333333333333333287e-02
1.606666666666666687e+00
0.000000000000000000e+00
7.000000000000000666e-02
5.800000000000000711e-01
8.499999999999999778e-01
8.000000000000000167e-02
3.400000000000000244e-01
1.099999999999999867e+00
4.666666666666666879e-02
1.503333333333333188e+00
1.223333333333333384e+00
4.666666666666666879e-02
0.000000000000000000e+00
2.900000000000000355e-01
8.333333333333332871e-02
7.333333333333333370e-02
4.633333333333333748e-01
4.133333333333333304e-01
1.466666666666666952e-01
7.033333333333332549e-01
4.000000000000000777e-01
1.666666666666666574e-01
4.033333333333333215e-01
4.500000000000000111e-01
0.000000000000000000e+00
4.000000000000000083e-02
4.199999999999999845e-01
5.333333333333333676e-02
8.666666666666666963e-02
0.000000000000000000e+00
1.050000000000000044e+00
1.733333333333333393e-01
0.000000000000000000e+00
1.166666666666666546e-01
2.500000000000000000e-01
1.666666666666666574e-01
3.666666666666667379e-02
0.000000000000000000e+00
1.639999999999999902e+00
5.466666666666667451e-01
2.466666666666666730e-01
0.000000000000000000e+00
1.000000000000000021e-02
0.000000000000000000e+00
5.666666666666666380e-02
1.333333333333333419e-02
3.333333333333333547e-03
2.033333333333333659e-01
3.099999999999999978e-01
1.033333333333333326e-01
1.166666666666666546e-01
1.133333333333333526e+00
