2.733333333333333171e-01
6.266666666666667052e-01
1.600000000000000033e-01
4.133333333333333304e-01
1.119999999999999885e+00
4.000000000000000083e-02
3.333333333333333547e-03
1.673333333333333561e+00
1.933333333333333293e-01
6.000000000000000472e-02
1.366666666666666863e-01
3.433333333333333237e-01
5.966666666666666785e-01
2.999999999999999889e-01
9.300000000000000488e-01
1.966666666666666841e-01
6.666666666666666574e-02
1.173333333333333339e+00
1.866666666666666752e-01
0.000000000000000000e+00
4.333333333333333481e-02
9.333333333333333759e-02
1.000000000000000021e-02
5.666666666666667074e-02
8.666666666666666963e-02
9.933333333333331794e-01
1.666666666666666644e-02
2.099999999999999645e-01
5.599999999999999423e-01
2.833333333333333814e-01
5.233333333333333171e-01
2.666666666666666838e-02
7.066666666666666652e-01
2.666666666666666838e-02
2.666666666666666838e-02
4.333333333333333481e-02
0.000000000000000000e+00
2.666666666666666838e-02
1.666666666666666574e-01
2.399999999999999911e-01
1.133333333333333276e-01
0.000000000000000000e+00
3.566666666666666319e-01
3.200000000000000067e-01
4.899999999999999911e-01
0.000000000000000000e+00
1.300000000000000044e-01
9.166666666666666297e-01
1.966666666666666841e-01
1.600000000000000033e-01
3.400000000000000244e-01
2.600000000000000089e-01
2.533333333333333548e-01
3.433333333333333237e-01
1.600000000000000033e-01
3.300000000000000155e-01
5.666666666666667074e-02
1.100000000000000006e-01
2.666666666666666838e-02
6.000000000000000472e-02
1.700000000000000122e-01
1.066666666666666735e-01
0.000000000000000000e+00
7.200000000000000844e-01
4.266666666666666941e-01
2.333333333333333440e-02
5.333333333333333676e-02
5.733333333333333615e-01
6.066666666666665764e-01
3.333333333333333547e-03
2.200000000000000011e-01
8.666666666666666963e-02
2.733333333333333171e-01
5.333333333333334370e-02
1.866666666666666752e-01
9.999999999999999167e-02
1.933333333333333570e-01
1.666666666666666644e-02
7.333333333333333370e-02
5.066666666666667096e-01
2.999999999999999889e-02
2.999999999999999889e-02
4.000000000000000083e-02
3.633333333333332860e-01
1.333333333333333419e-02
3.333333333333333547e-03
2.166666666666666741e-01
1.266666666666666774e-01
3.333333333333333287e-02
4.166666666666666852e-01
2.366666666666666918e-01
3.566666666666666319e-01
7.666666666666667462e-02
0.000000000000000000e+00
1.086666666666666670e+00
1.866666666666666752e-01
6.666666666666667095e-03
1.033333333333333326e-01
1.633333333333333304e-01
4.999999999999999584e-02
9.000000000000001055e-02
1.600000000000000033e-01
4.033333333333333215e-01
0.000000000000000000e+00
2.999999999999999889e-02
0.000000000000000000e+00
0.000000000000000000e+00
2.333333333333333440e-02
2.700000000000000178e-01
5.666666666666667074e-02
5.466666666666667451e-01
1.000000000000000021e-02
1.000000000000000021e-02
6.566666666666667318e-01
0.000000000000000000e+00
5.666666666666666380e-02
1.546666666666666856e+00
1.866666666666666752e-01
3.333333333333333287e-02
1.533333333333333215e-01
3.333333333333333547e-03
9.666666666666666463e-02
3.533333333333333326e-01
1.899999999999999745e-01
2.433333333333333182e-01
3.166666666666666519e-01
1.199999999999999956e-01
4.133333333333333304e-01
6.766666666666666385e-01
1.333333333333333315e-01
3.033333333333333437e-01
8.666666666666666963e-02
3.300000000000000155e-01
1.333333333333333419e-02
6.999999999999999278e-02
1.333333333333333419e-02
0.000000000000000000e+00
3.666666666666666685e-02
4.000000000000000083e-02
1.133333333333333276e-01
0.000000000000000000e+00
1.966666666666666841e-01
1.066666666666666735e-01
1.066666666666666735e-01
1.563333333333333464e+00
9.666666666666666463e-02
6.666666666666667095e-03
5.999999999999999778e-02
9.999999999999999167e-02
3.333333333333333547e-03
4.333333333333333481e-02
0.000000000000000000e+00
2.000000000000000042e-02
6.366666666666666030e-01
1.066666666666666735e-01
1.333333333333333419e-02
3.333333333333333547e-03
1.966666666666666563e-01
6.433333333333334236e-01
7.333333333333333370e-02
1.000000000000000021e-02
2.966666666666666896e-01
6.600000000000000311e-01
3.766666666666666496e-01
5.499999999999999334e-01
2.596666666666666679e+00
1.370000000000000107e+00
3.533333333333333326e-01
9.733333333333332726e-01
1.620000000000000107e+00
1.700000000000000122e-01
8.666666666666666963e-02
1.050000000000000044e+00
1.533333333333333215e-01
5.366666666666666252e-01
4.000000000000000083e-02
2.833333333333333814e-01
1.766666666666666663e-01
2.633333333333333082e-01
3.033333333333332882e-01
1.666666666666666574e-01
1.133333333333333276e-01
7.333333333333334758e-02
7.700000000000000178e-01
7.833333333333333259e-01
1.886666666666666714e+00
2.333333333333333648e-01
2.866666666666666807e-01
8.666666666666666963e-02
8.066666666666666430e-01
8.333333333333332871e-02
3.333333333333333287e-02
2.866666666666666807e-01
7.666666666666667462e-02
4.000000000000000083e-02
4.999999999999999584e-02
0.000000000000000000e+00
1.366666666666666585e-01
1.700000000000000122e-01
1.000000000000000021e-02
0.000000000000000000e+00
3.033333333333332882e-01
4.333333333333333481e-02
1.000000000000000021e-02
4.266666666666665830e-01
4.666666666666666879e-02
1.333333333333333419e-02
1.466666666666666674e-01
5.666666666666666380e-02
5.766666666666666607e-01
3.300000000000000155e-01
0.000000000000000000e+00
2.000000000000000042e-02
5.599999999999999423e-01
1.000000000000000021e-02
7.000000000000000666e-02
3.800000000000000600e-01
3.966666666666666674e-01
8.566666666666667984e-01
7.333333333333334758e-02
1.333333333333333419e-02
0.000000000000000000e+00
1.100000000000000006e-01
1.000000000000000021e-02
1.233333333333333365e-01
5.400000000000000355e-01
6.466666666666667229e-01
1.916666666666666741e+00
1.033333333333333326e-01
1.600000000000000033e-01
1.733333333333333393e-01
8.666666666666666963e-02
6.833333333333332371e-01
1.526666666666666616e+00
3.966666666666666674e-01
0.000000000000000000e+00
1.033333333333333326e-01
1.216666666666666785e+00
8.666666666666666963e-02
0.000000000000000000e+00
1.239999999999999991e+00
4.033333333333333215e-01
8.966666666666666119e-01
0.000000000000000000e+00
1.466666666666666674e-01
5.033333333333332993e-01
2.000000000000000042e-02
9.200000000000000400e-01
3.333333333333333287e-02
1.133333333333333276e-01
4.666666666666666879e-02
2.299999999999999822e-01
6.366666666666667140e-01
6.666666666666667095e-03
7.333333333333333370e-02
1.166666666666666546e-01
1.056666666666666643e+00
2.166666666666666741e-01
2.666666666666666838e-02
1.780000000000000027e+00
6.366666666666667140e-01
2.333333333333333440e-02
1.666666666666666644e-02
6.666666666666666574e-02
1.700000000000000122e-01
0.000000000000000000e+00
2.600000000000000089e-01
0.000000000000000000e+00
0.000000000000000000e+00
0.000000000000000000e+00
2.600000000000000089e-01
1.000000000000000021e-02
1.066666666666666735e-01
3.333333333333333287e-02
1.066666666666666735e-01
2.600000000000000089e-01
4.666666666666666879e-02
3.666666666666667379e-02
2.800000000000000266e-01
4.866666666666666363e-01
1.266666666666666774e-01
1.333333333333333419e-02
9.666666666666666463e-02
1.633333333333333304e-01
0.000000000000000000e+00
1.333333333333333419e-02
3.333333333333333287e-02
4.500000000000000111e-01
0.000000000000000000e+00
0.000000000000000000e+00
1.000000000000000021e-02
2.199999999999999734e-01
9.666666666666666463e-02
1.586666666666666670e+00
1.400000000000000133e-01
9.466666666666666563e-01
0.000000000000000000e+00
1.166666666666666546e-01
9.666666666666667851e-02
0.000000000000000000e+00
1.366666666666666863e-01
9.333333333333333759e-02
4.499999999999999556e-01
6.666666666666667095e-03
1.566666666666666485e-01
2.500000000000000000e-01
2.233333333333333559e-01
4.766666666666666274e-01
2.183333333333333570e+00
1.363333333333333286e+00
3.133333333333332971e-01
9.999999999999999167e-02
6.066666666666665764e-01
1.976666666666666572e+00
