1.239999999999999991e+00
8.366666666666667806e-01
1.366666666666666863e-01
1.000000000000000194e-01
0.000000000000000000e+00
2.999999999999999889e-02
2.600000000000000089e-01
2.166666666666666463e-01
8.500000000000000888e-01
6.266666666666665941e-01
1.340000000000000080e+00
1.250000000000000000e+00
2.003333333333333410e+00
1.300000000000000044e-01
1.843333333333333490e+00
1.456666666666666776e+00
1.199999999999999956e-01
2.166666666666666463e-01
5.400000000000000355e-01
2.666666666666666630e-01
2.333333333333333440e-02
6.833333333333332371e-01
1.826666666666666883e+00
4.599999999999999645e-01
2.333333333333333440e-02
1.533333333333333215e-01
1.300000000000000044e+00
1.123333333333333295e+00
1.000000000000000021e-02
6.666666666666667095e-03
0.000000000000000000e+00
1.666666666666666644e-02
2.333333333333333440e-02
4.099999999999999756e-01
1.733333333333333393e-01
6.833333333333332371e-01
3.333333333333333148e-01
6.666666666666666574e-02
6.666666666666667095e-03
1.186666666666666536e+00
6.733333333333333393e-01
0.000000000000000000e+00
1.159999999999999920e+00
7.399999999999998801e-01
4.000000000000000083e-02
2.266666666666666552e-01
7.333333333333331983e-02
1.629999999999999893e+00
2.063333333333333020e+00
7.333333333333334758e-02
3.666666666666666685e-02
5.666666666666667074e-02
1.000000000000000021e-02
1.866666666666666752e-01
7.166666666666666741e-01
9.033333333333333215e-01
1.226666666666666794e+00
4.000000000000000083e-02
1.333333333333333315e-01
2.333333333333333093e-02
1.100000000000000006e-01
1.666666666666666644e-02
0.000000000000000000e+00
5.466666666666667451e-01
5.066666666666667096e-01
6.666666666666666574e-02
9.999999999999999167e-02
1.000000000000000021e-02
4.699999999999999734e-01
1.033333333333333326e-01
0.000000000000000000e+00
9.333333333333333759e-02
6.333333333333333870e-02
1.270000000000000240e+00
6.233333333333334059e-01
5.666666666666666519e-01
9.466666666666666563e-01
4.199999999999999289e-01
0.000000000000000000e+00
3.433333333333333237e-01
9.733333333333332726e-01
1.666666666666666644e-02
2.166666666666666741e-01
1.796666666666666856e+00
7.099999999999999645e-01
2.600000000000000089e-01
1.856666666666666687e+00
6.900000000000000577e-01
8.000000000000000167e-02
1.400000000000000133e-01
0.000000000000000000e+00
3.333333333333333547e-03
0.000000000000000000e+00
3.433333333333333237e-01
5.233333333333333171e-01
1.209999999999999964e+00
6.866666666666666474e-01
4.000000000000000083e-02
3.666666666666666685e-02
5.933333333333332682e-01
1.533333333333333215e-01
0.000000000000000000e+00
8.333333333333332871e-02
6.333333333333333037e-01
4.033333333333333215e-01
7.000000000000000666e-02
5.233333333333333171e-01
1.163333333333333330e+00
4.333333333333333481e-02
1.103333333333333277e+00
2.666666666666666838e-02
2.399999999999999911e-01
1.300000000000000044e-01
2.000000000000000042e-02
2.866666666666666807e-01
1.800000000000000211e-01
9.766666666666665719e-01
3.266666666666666607e-01
5.699999999999999512e-01
1.100000000000000006e-01
6.600000000000000311e-01
6.600000000000000311e-01
1.199999999999999956e-01
9.000000000000001055e-02
4.799999999999999822e-01
1.729999999999999760e+00
1.333333333333333315e-01
1.383333333333333526e+00
2.933333333333333570e+00
1.383333333333333526e+00
3.533333333333333326e-01
6.099999999999999867e-01
4.333333333333332926e-01
4.299999999999999933e-01
1.753333333333333188e+00
