1.690000000000000169e+00
1.209999999999999964e+00
5.633333333333333526e-01
1.400000000000000133e-01
4.033333333333333215e-01
1.000000000000000000e+00
1.266666666666666774e-01
8.833333333333333037e-01
1.043333333333333224e+00
3.166666666666667074e-01
9.766666666666665719e-01
2.166666666666666741e-01
3.366666666666666141e-01
1.766666666666666663e-01
9.300000000000000488e-01
1.799999999999999656e-01
2.083333333333333481e+00
6.300000000000000044e-01
7.333333333333333370e-02
0.000000000000000000e+00
1.966666666666666563e-01
1.666666666666666644e-02
1.186666666666666758e+00
7.333333333333333370e-02
9.000000000000001055e-02
1.833333333333333204e-01
2.066666666666666652e-01
8.666666666666666963e-02
3.066666666666666430e-01
6.333333333333333870e-02
9.666666666666667851e-02
4.000000000000000083e-02
3.333333333333333287e-02
2.000000000000000042e-02
8.000000000000000167e-02
1.900000000000000300e-01
1.236666666666666581e+00
1.146666666666666723e+00
2.020000000000000018e+00
3.799999999999999489e-01
1.033333333333333326e-01
2.433333333333333182e-01
6.266666666666665941e-01
6.233333333333334059e-01
7.833333333333333259e-01
1.449999999999999956e+00
4.366666666666667029e-01
7.900000000000000355e-01
2.666666666666666838e-02
8.000000000000000167e-02
1.266666666666666774e-01
4.966666666666667562e-01
1.800000000000000211e-01
1.226666666666666794e+00
6.433333333333334236e-01
4.433333333333333570e-01
1.400000000000000133e-01
1.533333333333333492e-01
2.833333333333332704e-01
7.799999999999999156e-01
1.400000000000000133e-01
1.300000000000000044e-01
1.600000000000000033e-01
9.000000000000001055e-02
4.666666666666666879e-02
1.333333333333333315e-01
2.000000000000000042e-02
5.000000000000000971e-02
3.333333333333333287e-02
2.000000000000000042e-02
1.300000000000000044e-01
1.666666666666666574e-01
3.899999999999999578e-01
8.433333333333332682e-01
1.246666666666666812e+00
4.599999999999999645e-01
2.333333333333333093e-01
6.666666666666666574e-02
2.233333333333333004e-01
8.933333333333332016e-01
1.133333333333333276e-01
4.399999999999999467e-01
5.066666666666667096e-01
1.700000000000000122e-01
1.123333333333333295e+00
1.033333333333333326e-01
5.233333333333333171e-01
1.000000000000000194e-01
1.003333333333333410e+00
3.566666666666666319e-01
2.203333333333333144e+00
5.799999999999999600e-01
2.500000000000000000e-01
2.099999999999999922e-01
2.833333333333333814e-01
4.000000000000000083e-02
1.290000000000000036e+00
1.266666666666666496e-01
4.333333333333333481e-02
1.166666666666666546e-01
1.333333333333333315e-01
2.833333333333333814e-01
1.500000000000000222e-01
6.666666666666666574e-02
2.000000000000000042e-02
1.666666666666666644e-02
3.666666666666667379e-02
2.000000000000000042e-02
6.666666666666667095e-03
1.633333333333333304e-01
1.223333333333333384e+00
1.743333333333333401e+00
8.499999999999999778e-01
8.000000000000000167e-02
2.666666666666666838e-02
1.933333333333333570e-01
5.833333333333333703e-01
1.433333333333333404e-01
5.533333333333333437e-01
2.399999999999999911e-01
1.100000000000000006e-01
8.666666666666665853e-01
2.533333333333333548e-01
1.266666666666666774e-01
3.266666666666666607e-01
5.299999999999999156e-01
5.666666666666666380e-02
1.886666666666666714e+00
1.933333333333333570e-01
2.966666666666666341e-01
0.000000000000000000e+00
1.233333333333333365e-01
2.399999999999999911e-01
5.933333333333333792e-01
5.999999999999999778e-02
1.666666666666666574e-01
2.633333333333333637e-01
1.666666666666666574e-01
4.333333333333333481e-02
1.900000000000000300e-01
4.000000000000000083e-02
5.999999999999999778e-02
2.000000000000000042e-02
5.666666666666666380e-02
8.000000000000000167e-02
2.333333333333333093e-01
5.433333333333333348e-01
1.119999999999999885e+00
1.513333333333333419e+00
7.766666666666667274e-01
1.900000000000000300e-01
5.333333333333333676e-02
6.500000000000000222e-01
2.153333333333333321e+00
2.399999999999999911e-01
6.466666666666666119e-01
3.833333333333333037e-01
9.000000000000001055e-02
5.333333333333333259e-01
2.000000000000000042e-02
5.000000000000000971e-02
1.633333333333333304e-01
7.233333333333332726e-01
4.333333333333333481e-02
1.503333333333333188e+00
4.199999999999999845e-01
9.333333333333333759e-02
8.333333333333332871e-02
0.000000000000000000e+00
1.000000000000000021e-02
2.200000000000000011e-01
0.000000000000000000e+00
3.666666666666667379e-02
8.666666666666666963e-02
1.199999999999999956e-01
5.666666666666667074e-02
4.666666666666666879e-02
4.000000000000000083e-02
1.666666666666666644e-02
2.333333333333333440e-02
2.333333333333333440e-02
0.000000000000000000e+00
2.666666666666666838e-02
1.433333333333333404e-01
1.119999999999999885e+00
1.716666666666666563e+00
4.066666666666666763e-01
1.400000000000000133e-01
3.666666666666667379e-02
3.366666666666666696e-01
2.500000000000000000e-01
1.833333333333333481e-01
3.899999999999999578e-01
8.599999999999999867e-01
5.333333333333333676e-02
4.333333333333333481e-01
6.666666666666667095e-03
2.333333333333333440e-02
4.666666666666666186e-02
2.199999999999999734e-01
5.999999999999999778e-02
4.466666666666667118e-01
2.600000000000000089e-01
1.133333333333333276e-01
2.666666666666666838e-02
9.333333333333333759e-02
3.333333333333333547e-03
1.316666666666666652e+00
2.000000000000000042e-02
0.000000000000000000e+00
6.666666666666667095e-03
3.666666666666667379e-02
7.000000000000000666e-02
4.000000000000000083e-02
2.000000000000000042e-02
3.666666666666666685e-02
1.333333333333333419e-02
6.666666666666667095e-03
2.999999999999999889e-02
2.666666666666666838e-02
1.566666666666666485e-01
9.033333333333333215e-01
