1.626666666666666927e+00
6.999999999999998446e-01
7.333333333333334758e-02
4.266666666666666941e-01
3.233333333333333059e-01
7.099999999999999645e-01
1.550000000000000044e+00
3.666666666666666408e-01
1.533333333333333492e-01
9.100000000000000311e-01
5.999999999999999778e-02
1.659999999999999920e+00
1.036666666666666625e+00
0.000000000000000000e+00
8.766666666666665941e-01
1.209999999999999964e+00
6.433333333333333126e-01
9.000000000000001055e-02
2.766666666666666718e-01
3.333333333333333287e-02
8.133333333333333526e-01
3.466666666666666785e-01
1.113333333333333508e+00
1.483333333333333393e+00
7.966666666666667451e-01
8.000000000000000167e-02
9.666666666666667851e-02
2.999999999999999889e-01
0.000000000000000000e+00
1.000000000000000021e-02
7.666666666666667462e-02
7.333333333333334758e-02
0.000000000000000000e+00
1.333333333333333419e-02
2.099999999999999922e-01
4.966666666666666452e-01
5.000000000000000971e-02
1.199999999999999956e-01
1.100000000000000006e-01
8.599999999999999867e-01
