1.120000000000000107e+00
2.533333333333333548e-01
1.866666666666666918e+00
5.666666666666666380e-02
5.999999999999999778e-02
0.000000000000000000e+00
1.333333333333333419e-02
1.399999999999999856e-01
6.333333333333333870e-02
1.333333333333333419e-02
3.499999999999999223e-01
1.366666666666666918e+00
3.333333333333333287e-02
1.000000000000000194e-01
0.000000000000000000e+00
2.333333333333333440e-02
5.166666666666667185e-01
1.333333333333333419e-02
8.666666666666666963e-02
1.666666666666666644e-02
5.999999999999999778e-01
5.000000000000000971e-02
2.666666666666666838e-02
1.666666666666666644e-02
1.399999999999999856e-01
1.666666666666666644e-02
1.666666666666666644e-02
3.333333333333333547e-03
4.000000000000000083e-02
2.366666666666666641e-01
2.133333333333333470e-01
2.633333333333333637e-01
4.533333333333333104e-01
8.000000000000000167e-02
1.103333333333333499e+00
6.666666666666666574e-02
1.999999999999999833e-01
8.799999999999998934e-01
6.333333333333333870e-02
0.000000000000000000e+00
7.666666666666667462e-02
1.066666666666666735e-01
9.666666666666667851e-02
3.333333333333333547e-03
0.000000000000000000e+00
7.833333333333332149e-01
2.933333333333333903e-01
1.000000000000000021e-02
3.666666666666666685e-02
6.066666666666665764e-01
3.200000000000000067e-01
3.333333333333333287e-02
1.866666666666666752e-01
6.666666666666667095e-03
1.026666666666666616e+00
3.000000000000000236e-02
9.599999999999999645e-01
0.000000000000000000e+00
2.633333333333333082e-01
1.833333333333333481e-01
5.599999999999999423e-01
1.133333333333333415e-01
1.366666666666666863e-01
4.133333333333333304e-01
1.033333333333333326e-01
9.899999999999998801e-01
2.099999999999999922e-01
4.466666666666667118e-01
4.799999999999999822e-01
3.733333333333333504e-01
3.666666666666666685e-02
9.000000000000000222e-01
1.333333333333333419e-02
1.383333333333333526e+00
5.333333333333333676e-02
4.666666666666666879e-02
2.766666666666666718e-01
1.306666666666666865e+00
5.233333333333333171e-01
1.173333333333333339e+00
1.246666666666666812e+00
7.766666666666667274e-01
1.333333333333333315e-01
3.166666666666666519e-01
6.666666666666667095e-03
1.833333333333333481e-01
4.333333333333333481e-01
1.633333333333333304e-01
6.666666666666667095e-03
0.000000000000000000e+00
1.333333333333333419e-02
8.166666666666667629e-01
1.033333333333333326e-01
2.433333333333333737e-01
1.256666666666666599e+00
1.016666666666666607e+00
1.956666666666666776e+00
5.200000000000000178e-01
9.966666666666665897e-01
4.666666666666666879e-02
3.333333333333333547e-03
0.000000000000000000e+00
6.666666666666667095e-03
8.333333333333332871e-02
1.066666666666666735e-01
6.999999999999999278e-02
4.400000000000000022e-01
1.710000000000000187e+00
5.000000000000000971e-02
2.266666666666666552e-01
4.999999999999999584e-02
8.333333333333332871e-02
4.799999999999999822e-01
4.666666666666666879e-02
1.766666666666666663e-01
9.666666666666667851e-02
5.100000000000001199e-01
5.999999999999999778e-02
2.666666666666666838e-02
3.333333333333333287e-02
1.199999999999999956e-01
8.333333333333332871e-02
1.700000000000000122e-01
2.333333333333333440e-02
3.000000000000000236e-02
5.233333333333333171e-01
3.300000000000000155e-01
1.213333333333333153e+00
6.433333333333333126e-01
1.199999999999999956e-01
8.199999999999999512e-01
0.000000000000000000e+00
2.533333333333333548e-01
1.566666666666666485e-01
6.666666666666666574e-02
3.333333333333333547e-03
2.999999999999999889e-02
1.433333333333333404e-01
4.099999999999999756e-01
5.999999999999999778e-02
6.333333333333333870e-02
1.226666666666666794e+00
4.433333333333333570e-01
1.833333333333333481e-01
6.333333333333333870e-02
1.999999999999999833e-01
2.700000000000000178e-01
3.666666666666667379e-02
1.800000000000000211e-01
2.333333333333333093e-02
1.506666666666666599e+00
3.333333333333333287e-02
7.466666666666665897e-01
0.000000000000000000e+00
1.566666666666666485e-01
4.500000000000000111e-01
6.933333333333333570e-01
4.666666666666666186e-02
1.633333333333333304e-01
2.666666666666666630e-01
1.999999999999999833e-01
6.733333333333333393e-01
1.499999999999999944e-01
2.966666666666666341e-01
3.933333333333333681e-01
3.200000000000000067e-01
7.666666666666666075e-02
7.999999999999999334e-01
1.333333333333333419e-02
9.666666666666666741e-01
8.666666666666666963e-02
2.000000000000000042e-02
1.033333333333333326e-01
1.116666666666666474e+00
3.733333333333333504e-01
9.233333333333333393e-01
1.593333333333333490e+00
1.533333333333333215e+00
8.333333333333332871e-02
6.366666666666667140e-01
2.333333333333333440e-02
1.700000000000000122e-01
3.433333333333332682e-01
5.000000000000000971e-02
1.033333333333333326e-01
6.666666666666667095e-03
1.100000000000000006e-01
6.633333333333333304e-01
1.633333333333333304e-01
3.200000000000000067e-01
1.580000000000000071e+00
1.090000000000000080e+00
