3.883333333333333304e+00
1.066666666666666735e-01
2.266666666666666552e-01
2.533333333333333548e-01
1.900000000000000300e-01
8.000000000000000167e-02
2.666666666666666838e-02
9.333333333333333759e-02
3.666666666666666685e-02
3.333333333333333148e-01
5.999999999999999778e-02
5.999999999999999778e-02
2.966666666666666896e-01
4.933333333333333459e-01
5.966666666666666785e-01
2.166666666666666741e-01
1.433333333333333404e-01
4.666666666666666879e-02
1.733333333333333393e-01
3.166666666666666519e-01
5.066666666666667096e-01
1.300000000000000044e-01
4.433333333333333015e-01
1.369999999999999885e+00
8.566666666666665764e-01
8.333333333333333703e-01
1.333333333333333419e-02
3.766666666666666496e-01
