8.699999999999999956e-01
2.999999999999999889e-02
2.999999999999999889e-01
3.333333333333333547e-03
2.566666666666666541e-01
9.599999999999999645e-01
4.433333333333333570e-01
4.999999999999999584e-02
1.530000000000000027e+00
4.033333333333333215e-01
5.533333333333333437e-01
3.666666666666666963e-01
1.013333333333333419e+00
9.333333333333334592e-01
1.333333333333333419e-02
6.899999999999999467e-01
1.426666666666666750e+00
8.033333333333333437e-01
2.666666666666666838e-02
9.033333333333333215e-01
4.400000000000000022e-01
2.999999999999999889e-02
1.066666666666666735e-01
6.866666666666666474e-01
2.033333333333333381e-01
3.666666666666667379e-02
9.599999999999999645e-01
9.766666666666665719e-01
3.033333333333333437e-01
4.233333333333333393e-01
2.333333333333333648e-01
1.233333333333333365e-01
1.333333333333333315e-01
1.199999999999999956e-01
8.466666666666666785e-01
6.666666666666667095e-03
1.033333333333333326e-01
8.666666666666666963e-02
3.733333333333333504e-01
7.399999999999998801e-01
1.133333333333333276e-01
6.666666666666667095e-03
1.693333333333333357e+00
1.023333333333333206e+00
2.666666666666666838e-02
9.999999999999999167e-02
1.030000000000000027e+00
1.166666666666666546e-01
0.000000000000000000e+00
1.673333333333333117e+00
1.383333333333333526e+00
1.166666666666666546e-01
1.070000000000000062e+00
1.000000000000000000e+00
5.100000000000000089e-01
9.666666666666667851e-02
3.200000000000000067e-01
8.666666666666666963e-02
2.810000000000000053e+00
2.633333333333333637e-01
5.033333333333332993e-01
6.800000000000000488e-01
3.666666666666666963e-01
9.666666666666667851e-01
9.333333333333333759e-02
1.206666666666666776e+00
1.030000000000000027e+00
9.666666666666666463e-02
1.499999999999999944e-01
1.503333333333333632e+00
7.099999999999999645e-01
6.666666666666667095e-03
6.300000000000000044e-01
4.266666666666666941e-01
1.000000000000000021e-02
5.333333333333333676e-02
1.426666666666666750e+00
1.250000000000000000e+00
4.999999999999999584e-02
9.300000000000000488e-01
1.186666666666666758e+00
1.666666666666666644e-02
5.166666666666667185e-01
1.000000000000000021e-02
1.766666666666666663e-01
3.066666666666666430e-01
1.666666666666666574e-01
1.116666666666666696e+00
3.333333333333333547e-03
2.633333333333333637e-01
1.333333333333333315e-01
5.100000000000000089e-01
7.299999999999999822e-01
1.266666666666666774e-01
0.000000000000000000e+00
1.563333333333333242e+00
1.046666666666666634e+00
0.000000000000000000e+00
0.000000000000000000e+00
6.833333333333332371e-01
1.566666666666666485e-01
6.666666666666667095e-03
1.333333333333333259e+00
1.876666666666666705e+00
1.666666666666666644e-02
5.399999999999999245e-01
