6.366666666666666030e-01
4.333333333333333481e-02
6.300000000000000044e-01
2.200000000000000011e-01
7.633333333333333082e-01
9.000000000000001055e-02
7.166666666666666741e-01
1.433333333333333404e-01
2.933333333333333903e-01
4.199999999999999845e-01
1.766666666666666663e-01
1.766666666666666663e-01
2.733333333333333171e-01
1.800000000000000211e-01
8.633333333333332860e-01
6.666666666666666574e-02
1.366666666666666863e-01
1.160000000000000142e+00
1.800000000000000211e-01
2.800000000000000266e-01
0.000000000000000000e+00
9.499999999999998446e-01
9.933333333333332904e-01
5.166666666666667185e-01
3.333333333333333547e-03
1.533333333333333215e-01
1.270000000000000240e+00
9.666666666666667851e-02
4.766666666666666274e-01
9.600000000000000755e-01
3.766666666666666496e-01
1.433333333333333404e-01
5.966666666666666785e-01
7.700000000000000178e-01
1.266666666666666774e-01
8.333333333333332871e-02
6.666666666666666574e-02
4.999999999999999584e-02
1.566666666666666485e-01
3.333333333333333547e-03
4.533333333333333659e-01
0.000000000000000000e+00
5.633333333333333526e-01
5.999999999999999778e-02
3.166666666666666519e-01
4.666666666666666186e-01
4.433333333333333570e-01
2.066666666666666652e-01
6.866666666666666474e-01
3.433333333333332682e-01
1.433333333333333404e-01
7.000000000000000666e-02
4.766666666666667385e-01
0.000000000000000000e+00
2.466666666666666730e-01
3.666666666666667379e-02
2.033333333333333381e-01
4.666666666666666879e-02
6.333333333333333870e-02
2.700000000000000178e-01
1.123333333333333295e+00
3.999999999999999667e-01
2.733333333333333726e-01
9.333333333333333759e-02
1.499999999999999944e-01
1.873333333333333073e+00
2.066666666666666652e-01
1.663333333333333330e+00
2.799999999999999711e-01
9.100000000000000311e-01
3.300000000000000155e-01
1.236666666666666581e+00
5.933333333333333792e-01
8.000000000000000167e-02
3.499999999999999223e-01
1.466666666666666952e-01
0.000000000000000000e+00
1.000000000000000021e-02
5.999999999999999778e-01
3.333333333333333148e-01
6.666666666666667095e-03
2.333333333333333093e-01
4.099999999999999756e-01
7.133333333333332638e-01
3.333333333333333287e-02
1.489999999999999991e+00
1.276666666666666616e+00
2.600000000000000089e-01
6.666666666666666574e-02
8.966666666666666119e-01
9.766666666666666829e-01
2.433333333333333182e-01
7.266666666666666829e-01
4.666666666666666879e-02
9.833333333333333925e-01
2.700000000000000178e-01
3.433333333333333237e-01
8.399999999999999689e-01
8.033333333333332327e-01
2.399999999999999911e-01
1.810000000000000275e+00
4.799999999999999822e-01
2.310000000000000053e+00
1.199999999999999956e-01
5.899999999999999689e-01
4.299999999999999933e-01
1.966666666666666785e+00
2.633333333333333637e-01
2.666666666666666630e-01
1.356666666666666687e+00
