1.139999999999999902e+00
1.016666666666666607e+00
1.873333333333333295e+00
2.169999999999999929e+00
1.026666666666666616e+00
3.933333333333333126e-01
5.199999999999999067e-01
1.286666666666666847e+00
1.366666666666666585e-01
3.333333333333333148e-01
1.633333333333333304e-01
6.766666666666666385e-01
2.066666666666666652e-01
2.666666666666666838e-02
1.600000000000000033e-01
4.199999999999999845e-01
1.596666666666666901e+00
2.566666666666666541e-01
2.433333333333333182e-01
3.899999999999999578e-01
0.000000000000000000e+00
4.666666666666666879e-02
3.666666666666666685e-02
2.333333333333333093e-01
2.799999999999999711e-01
3.766666666666667052e-01
1.179999999999999938e+00
4.033333333333333215e-01
9.666666666666667851e-02
1.466666666666666952e-01
8.466666666666666785e-01
8.466666666666666785e-01
3.666666666666666685e-02
5.333333333333333676e-02
6.333333333333333870e-02
1.163333333333333330e+00
2.999999999999999889e-02
9.933333333333335124e-01
9.000000000000000222e-01
1.800000000000000211e-01
2.999999999999999889e-02
6.099999999999999867e-01
4.899999999999999911e-01
2.066666666666666652e-01
1.333333333333333315e-01
2.999999999999999889e-01
6.400000000000000133e-01
1.426666666666666750e+00
2.609999999999999876e+00
5.666666666666667074e-02
4.500000000000000111e-01
7.600000000000001199e-01
1.866666666666666752e-01
3.300000000000000155e-01
4.000000000000000083e-02
0.000000000000000000e+00
2.800000000000000266e-01
1.033333333333333326e-01
0.000000000000000000e+00
2.900000000000000355e-01
1.233333333333333365e-01
1.076666666666666661e+00
1.666666666666666741e+00
1.566666666666666763e-01
7.999999999999999334e-01
1.600000000000000033e-01
2.033333333333333381e-01
1.199999999999999956e-01
0.000000000000000000e+00
2.033333333333333381e-01
5.233333333333333171e-01
1.733333333333333393e-01
9.333333333333333759e-02
6.999999999999998446e-01
4.033333333333333215e-01
9.333333333333333759e-02
2.799999999999999711e-01
1.183333333333333348e+00
2.266666666666666829e-01
9.233333333333333393e-01
1.766666666666666607e+00
1.743333333333333401e+00
3.733333333333333504e-01
2.533333333333333548e-01
8.000000000000000167e-02
1.343333333333333490e+00
6.766666666666666385e-01
1.266666666666666774e-01
1.133333333333333276e-01
5.533333333333333437e-01
6.999999999999998446e-01
4.666666666666666879e-02
1.126666666666666705e+00
1.499999999999999944e-01
1.673333333333333561e+00
7.000000000000000666e-02
8.133333333333333526e-01
4.033333333333333215e-01
2.333333333333333648e-01
0.000000000000000000e+00
1.000000000000000021e-02
8.266666666666666607e-01
1.066666666666666735e-01
1.033333333333333326e-01
1.000000000000000021e-02
4.566666666666667207e-01
1.366666666666666863e-01
1.533333333333333215e-01
8.666666666666666963e-02
1.076666666666666439e+00
9.000000000000001055e-02
6.666666666666667095e-03
1.393333333333333313e+00
9.766666666666665719e-01
2.000000000000000042e-02
2.999999999999999889e-01
0.000000000000000000e+00
2.333333333333333093e-02
4.666666666666666186e-01
3.333333333333333287e-02
1.366666666666666863e-01
4.500000000000000111e-01
1.199999999999999956e-01
0.000000000000000000e+00
1.666666666666666574e-01
4.333333333333333481e-02
1.633333333333333304e-01
1.433333333333333404e-01
7.166666666666666741e-01
2.666666666666666630e-01
0.000000000000000000e+00
1.233333333333333365e-01
6.066666666666665764e-01
1.366666666666666585e-01
5.000000000000000971e-02
1.533333333333333492e-01
6.366666666666667140e-01
1.176666666666666750e+00
4.500000000000000111e-01
2.333333333333333440e-02
6.666666666666666574e-02
6.866666666666666474e-01
1.033333333333333465e-01
5.666666666666666380e-02
0.000000000000000000e+00
2.533333333333333548e-01
5.933333333333333792e-01
1.166666666666666546e-01
2.066666666666666652e-01
1.000000000000000021e-02
1.666666666666666644e-02
5.399999999999999245e-01
3.033333333333332882e-01
2.033333333333333381e-01
1.266666666666666774e-01
3.333333333333333547e-03
6.666666666666667095e-03
2.666666666666666838e-02
0.000000000000000000e+00
0.000000000000000000e+00
2.700000000000000178e-01
9.999999999999999167e-02
8.000000000000000167e-02
9.000000000000001055e-02
1.766666666666666663e-01
7.333333333333333370e-02
6.333333333333333870e-02
1.266666666666666774e-01
1.966666666666666841e-01
3.000000000000000236e-02
0.000000000000000000e+00
3.333333333333333287e-02
0.000000000000000000e+00
3.000000000000000236e-02
2.999999999999999889e-02
6.333333333333333870e-02
1.146666666666666501e+00
4.333333333333333481e-02
2.166666666666666741e-01
9.666666666666667851e-02
7.666666666666666075e-02
1.066666666666666735e-01
3.666666666666667379e-02
1.199999999999999956e-01
8.666666666666666963e-02
2.133333333333333470e-01
6.666666666666666574e-02
1.433333333333333404e-01
5.066666666666667096e-01
2.066666666666666652e-01
1.566666666666666485e-01
1.520000000000000240e+00
9.266666666666667496e-01
1.333333333333333419e-02
3.666666666666666685e-02
6.633333333333333304e-01
1.000000000000000021e-02
3.333333333333333287e-02
5.433333333333333348e-01
1.600000000000000033e-01
3.699999999999999400e-01
4.766666666666667385e-01
9.333333333333333759e-02
1.166666666666666546e-01
6.099999999999999867e-01
3.800000000000000600e-01
2.000000000000000042e-02
3.866666666666667140e-01
2.200000000000000011e-01
5.000000000000000971e-02
1.666666666666666644e-02
3.333333333333333547e-03
5.333333333333333676e-02
5.666666666666667074e-02
1.133333333333333276e-01
1.866666666666666474e-01
1.666666666666666644e-02
1.700000000000000122e-01
5.999999999999999778e-02
6.333333333333333870e-02
1.333333333333333419e-02
1.499999999999999944e-01
9.599999999999999645e-01
6.666666666666666574e-02
3.333333333333333287e-02
9.300000000000000488e-01
6.333333333333333870e-02
9.000000000000001055e-02
2.033333333333333381e-01
9.666666666666666463e-02
1.066666666666666735e-01
1.133333333333333415e-01
1.033333333333333326e-01
4.166666666666666852e-01
4.333333333333333481e-02
2.066666666666666652e-01
1.000000000000000194e-01
4.899999999999999911e-01
6.000000000000000472e-02
1.333333333333333315e-01
7.000000000000000666e-02
1.533333333333333215e-01
1.866666666666666474e-01
7.666666666666666075e-02
1.066666666666666735e-01
1.263333333333333419e+00
6.833333333333332371e-01
0.000000000000000000e+00
2.033333333333333381e-01
2.033333333333333215e+00
2.666666666666666630e-01
3.666666666666667379e-02
1.166666666666666546e-01
1.500000000000000222e-01
1.226666666666666572e+00
2.399999999999999911e-01
0.000000000000000000e+00
2.666666666666666838e-02
2.533333333333333548e-01
1.266666666666666829e+00
6.666666666666666574e-02
8.666666666666666963e-02
6.666666666666667095e-03
1.406666666666666510e+00
1.000000000000000021e-02
2.330000000000000071e+00
3.066666666666666985e-01
1.533333333333333215e-01
1.703333333333333366e+00
1.466666666666666397e-01
1.080000000000000071e+00
6.666666666666666574e-02
8.666666666666666963e-02
2.366666666666666641e-01
4.933333333333333459e-01
3.733333333333333504e-01
5.999999999999999778e-02
2.733333333333333726e-01
1.700000000000000122e-01
0.000000000000000000e+00
6.000000000000000472e-02
2.666666666666666838e-02
3.966666666666666674e-01
1.059999999999999831e+00
6.999999999999998446e-01
1.933333333333333348e+00
4.933333333333333459e-01
2.733333333333333726e-01
1.000000000000000021e-02
3.533333333333333326e-01
4.333333333333332926e-01
1.499999999999999944e-01
1.199999999999999956e+00
1.333333333333333419e-02
2.433333333333333182e-01
4.333333333333333037e+00
