5.633333333333333526e-01
2.066666666666666652e-01
3.366666666666666696e-01
8.000000000000000167e-02
2.666666666666666838e-02
4.666666666666666879e-02
1.000000000000000021e-02
1.166666666666666546e-01
3.233333333333333059e-01
7.000000000000000666e-02
2.466666666666666730e-01
3.666666666666666963e-01
6.099999999999999867e-01
9.566666666666666652e-01
1.666666666666666574e-01
8.333333333333332871e-02
2.666666666666666630e-01
3.000000000000000236e-02
1.899999999999999745e-01
7.333333333333333370e-02
4.799999999999999822e-01
1.966666666666666563e-01
2.506666666666666821e+00
9.733333333333332726e-01
2.013333333333333641e+00
6.800000000000000488e-01
9.633333333333332638e-01
1.833333333333333481e-01
3.333333333333333547e-03
1.166666666666666546e-01
0.000000000000000000e+00
1.090000000000000080e+00
9.000000000000001055e-02
7.000000000000000666e-02
3.333333333333333287e-02
4.000000000000000083e-02
0.000000000000000000e+00
6.299999999999998934e-01
5.000000000000000971e-02
1.400000000000000133e-01
4.266666666666666941e-01
4.333333333333333481e-02
4.966666666666666452e-01
4.966666666666666452e-01
4.000000000000000083e-02
0.000000000000000000e+00
7.933333333333333348e-01
6.500000000000000222e-01
3.666666666666666685e-02
1.466666666666666952e-01
6.666666666666666574e-02
4.666666666666666879e-02
6.666666666666667095e-03
5.466666666666667451e-01
6.666666666666667095e-03
6.999999999999999278e-02
0.000000000000000000e+00
9.000000000000001055e-02
1.933333333333333570e-01
2.666666666666666630e-01
4.000000000000000083e-02
3.666666666666666685e-02
2.466666666666666730e-01
7.000000000000000666e-02
3.833333333333333037e-01
3.566666666666666874e-01
1.346666666666666679e+00
3.933333333333333681e-01
4.000000000000000083e-02
1.389999999999999902e+00
4.666666666666666879e-02
1.466666666666666674e-01
1.099999999999999867e-01
7.333333333333333370e-02
4.733333333333333282e-01
1.900000000000000300e-01
8.766666666666665941e-01
1.033333333333333326e-01
1.110000000000000098e+00
3.733333333333333504e-01
1.410000000000000142e+00
3.333333333333333287e-02
1.666666666666666644e-02
9.500000000000000666e-01
8.833333333333334147e-01
6.666666666666667095e-03
7.900000000000000355e-01
1.633333333333333304e-01
8.333333333333332871e-02
6.666666666666667095e-03
1.066666666666666735e-01
1.533333333333333215e-01
1.033333333333333326e-01
3.666666666666667379e-02
7.000000000000000666e-02
2.566666666666666541e-01
1.433333333333333404e-01
2.666666666666666838e-02
6.666666666666666574e-02
9.199999999999999289e-01
8.366666666666665586e-01
1.399999999999999856e-01
1.933333333333333293e-01
3.666666666666666963e-01
2.766666666666666718e-01
8.833333333333333037e-01
2.033333333333333381e-01
1.266666666666666774e-01
1.633333333333333304e-01
6.400000000000000133e-01
8.266666666666666607e-01
6.499999999999999112e-01
8.033333333333332327e-01
1.600000000000000033e-01
3.066666666666666985e-01
3.300000000000000155e-01
1.300000000000000044e-01
5.999999999999999778e-02
1.266666666666666774e-01
3.666666666666667379e-02
3.133333333333332971e-01
1.433333333333333404e-01
6.600000000000000311e-01
1.070000000000000062e+00
1.366666666666666863e-01
4.666666666666666879e-02
1.199999999999999956e-01
3.333333333333333287e-02
9.666666666666667851e-02
6.666666666666666574e-02
4.699999999999999734e-01
1.533333333333333492e-01
2.186666666666666980e+00
6.066666666666667984e-01
2.490000000000000213e+00
9.433333333333333570e-01
1.013333333333333419e+00
1.199999999999999956e-01
3.333333333333333547e-03
7.333333333333333370e-02
0.000000000000000000e+00
8.666666666666666963e-01
2.666666666666666838e-02
1.166666666666666546e-01
2.333333333333333440e-02
1.666666666666666644e-02
1.333333333333333419e-02
1.280000000000000027e+00
6.999999999999999278e-02
1.166666666666666546e-01
7.133333333333333748e-01
2.233333333333333004e-01
3.766666666666666496e-01
1.346666666666666679e+00
5.999999999999999778e-02
0.000000000000000000e+00
7.599999999999998979e-01
2.933333333333333348e-01
1.266666666666666774e-01
2.666666666666666838e-02
1.866666666666666752e-01
2.000000000000000042e-02
0.000000000000000000e+00
6.066666666666666874e-01
1.333333333333333419e-02
0.000000000000000000e+00
0.000000000000000000e+00
7.666666666666667462e-02
4.666666666666666879e-02
1.000000000000000021e-02
6.666666666666667095e-03
7.666666666666667462e-02
1.633333333333333304e-01
3.666666666666666685e-02
2.700000000000000178e-01
3.033333333333333437e-01
8.533333333333333881e-01
3.566666666666666319e-01
9.666666666666667851e-02
2.366666666666666696e+00
3.633333333333332860e-01
1.900000000000000300e-01
4.500000000000000111e-01
0.000000000000000000e+00
6.766666666666667496e-01
4.733333333333333282e-01
6.300000000000000044e-01
6.666666666666667095e-03
2.299999999999999822e-01
1.179999999999999938e+00
8.599999999999999867e-01
0.000000000000000000e+00
1.000000000000000021e-02
5.566666666666666430e-01
4.999999999999999584e-02
0.000000000000000000e+00
5.999999999999999778e-01
6.333333333333333870e-02
1.000000000000000021e-02
0.000000000000000000e+00
5.666666666666667074e-02
1.333333333333333419e-02
4.000000000000000083e-02
1.066666666666666735e-01
4.333333333333333481e-02
6.566666666666667318e-01
8.666666666666666963e-02
2.000000000000000042e-02
8.333333333333332871e-02
1.150000000000000133e+00
1.323333333333333472e+00
0.000000000000000000e+00
1.333333333333333419e-02
0.000000000000000000e+00
3.233333333333333615e-01
1.300000000000000044e-01
1.766666666666666663e-01
5.333333333333333676e-02
4.033333333333333215e-01
6.733333333333333393e-01
