2.220000000000000195e+00
6.600000000000000311e-01
3.099999999999999978e-01
9.999999999999999167e-02
4.666666666666666879e-02
1.899999999999999745e-01
0.000000000000000000e+00
0.000000000000000000e+00
0.000000000000000000e+00
4.633333333333333748e-01
6.666666666666667095e-03
0.000000000000000000e+00
1.369999999999999885e+00
1.700000000000000122e-01
6.333333333333333870e-02
7.966666666666667451e-01
1.666666666666666644e-02
7.333333333333333925e-01
5.766666666666666607e-01
1.333333333333333315e-01
2.666666666666666630e-01
1.766666666666666663e-01
0.000000000000000000e+00
4.333333333333333481e-02
9.899999999999998801e-01
8.466666666666666785e-01
0.000000000000000000e+00
7.366666666666666918e-01
7.633333333333333082e-01
1.000000000000000021e-02
1.333333333333333419e-02
3.333333333333333547e-03
3.000000000000000236e-02
3.666666666666667379e-02
6.999999999999999278e-02
0.000000000000000000e+00
6.333333333333333870e-02
1.333333333333333315e-01
0.000000000000000000e+00
6.666666666666666574e-02
2.999999999999999889e-02
9.933333333333332904e-01
1.566666666666666652e+00
4.966666666666666452e-01
1.133333333333333304e+00
0.000000000000000000e+00
6.666666666666667095e-03
2.833333333333333814e-01
2.500000000000000000e-01
1.333333333333333419e-02
2.333333333333333440e-02
1.036666666666666847e+00
1.066666666666666735e-01
6.666666666666667095e-03
8.333333333333333703e-01
9.033333333333333215e-01
8.666666666666666963e-02
1.633333333333333304e-01
1.300000000000000044e-01
7.333333333333333925e-01
5.000000000000000971e-02
3.666666666666666685e-02
2.333333333333333440e-02
3.333333333333333547e-03
0.000000000000000000e+00
1.933333333333333570e-01
5.999999999999999778e-02
8.000000000000000167e-02
2.666666666666666838e-02
1.043333333333333224e+00
8.033333333333333437e-01
1.000000000000000021e-02
2.000000000000000042e-02
1.266666666666666774e-01
1.700000000000000122e-01
1.133333333333333276e-01
3.333333333333333287e-02
0.000000000000000000e+00
3.333333333333333287e-02
0.000000000000000000e+00
2.299999999999999822e-01
0.000000000000000000e+00
1.000000000000000021e-02
1.199999999999999956e-01
9.000000000000001055e-02
3.866666666666666585e-01
3.366666666666666696e-01
5.033333333333332993e-01
2.166666666666666519e+00
1.400000000000000133e-01
4.000000000000000083e-02
0.000000000000000000e+00
8.333333333333332871e-02
1.000000000000000021e-02
4.633333333333333748e-01
2.333333333333333093e-01
0.000000000000000000e+00
6.999999999999998446e-01
0.000000000000000000e+00
6.566666666666666208e-01
3.666666666666667379e-02
0.000000000000000000e+00
1.666666666666666644e-02
0.000000000000000000e+00
2.666666666666666838e-02
0.000000000000000000e+00
1.066666666666666735e-01
0.000000000000000000e+00
0.000000000000000000e+00
1.733333333333333393e-01
6.000000000000000472e-02
2.099999999999999922e-01
1.233333333333333365e-01
2.999999999999999889e-02
1.986666666666666581e+00
3.500000000000000333e-01
1.316666666666666652e+00
6.099999999999999867e-01
2.100000000000000089e+00
6.266666666666665941e-01
4.000000000000000083e-02
1.733333333333333393e-01
0.000000000000000000e+00
0.000000000000000000e+00
1.333333333333333419e-02
3.666666666666666685e-02
0.000000000000000000e+00
1.333333333333333419e-02
2.999999999999999889e-02
4.000000000000000083e-02
0.000000000000000000e+00
2.666666666666666838e-02
0.000000000000000000e+00
2.999999999999999889e-02
0.000000000000000000e+00
1.333333333333333419e-02
6.099999999999999867e-01
4.666666666666666879e-02
7.666666666666667462e-02
1.633333333333333304e-01
2.800000000000000266e-01
1.306666666666666643e+00
0.000000000000000000e+00
1.833333333333333481e-01
6.433333333333334236e-01
6.066666666666667984e-01
2.666666666666666838e-02
1.099999999999999867e-01
2.366666666666666641e-01
1.333333333333333419e-02
3.666666666666667379e-02
2.000000000000000042e-02
1.000000000000000021e-02
0.000000000000000000e+00
0.000000000000000000e+00
6.666666666666667095e-03
0.000000000000000000e+00
3.333333333333333547e-03
2.333333333333333093e-02
6.666666666666667095e-03
0.000000000000000000e+00
0.000000000000000000e+00
3.000000000000000236e-02
0.000000000000000000e+00
1.199999999999999956e-01
1.099999999999999867e-01
7.933333333333333348e-01
1.576666666666666883e+00
1.333333333333333419e-02
4.266666666666666941e-01
2.066666666666666652e-01
1.203333333333333366e+00
3.566666666666666319e-01
0.000000000000000000e+00
1.033333333333333326e-01
4.166666666666666852e-01
0.000000000000000000e+00
0.000000000000000000e+00
1.666666666666666644e-02
0.000000000000000000e+00
0.000000000000000000e+00
1.000000000000000021e-02
1.000000000000000021e-02
2.833333333333333814e-01
2.600000000000000089e-01
9.000000000000001055e-02
5.999999999999999778e-02
1.300000000000000044e-01
1.096666666666666679e+00
1.600000000000000033e-01
5.000000000000000971e-02
8.033333333333333437e-01
2.633333333333333637e-01
1.533333333333333215e-01
2.466666666666666730e-01
0.000000000000000000e+00
1.500000000000000000e+00
2.733333333333333171e-01
0.000000000000000000e+00
5.333333333333333676e-02
5.000000000000000971e-02
0.000000000000000000e+00
9.666666666666666463e-02
1.000000000000000021e-02
0.000000000000000000e+00
1.133333333333333276e-01
2.999999999999999889e-02
6.666666666666667095e-03
2.666666666666666838e-02
5.666666666666666380e-02
0.000000000000000000e+00
3.333333333333333547e-03
3.066666666666666430e-01
2.999999999999999889e-02
0.000000000000000000e+00
8.066666666666666430e-01
1.833333333333333204e-01
1.590000000000000080e+00
1.000000000000000021e-02
4.666666666666666879e-02
1.333333333333333419e-02
2.133333333333333470e-01
1.553333333333333455e+00
3.733333333333332948e-01
3.333333333333333547e-03
0.000000000000000000e+00
3.366666666666666696e-01
9.333333333333333759e-02
1.820000000000000062e+00
2.933333333333333903e-01
6.666666666666667095e-03
1.000000000000000021e-02
3.333333333333333547e-03
3.233333333333333059e-01
2.166666666666666741e-01
2.633333333333333637e-01
1.800000000000000211e-01
1.379999999999999893e+00
5.666666666666666380e-02
9.433333333333333570e-01
1.593333333333333490e+00
2.333333333333333440e-02
1.299999999999999767e-01
4.166666666666666852e-01
8.000000000000000167e-02
6.666666666666667095e-03
7.333333333333331983e-02
3.600000000000000422e-01
9.733333333333332726e-01
7.666666666666666075e-02
4.999999999999999584e-02
1.300000000000000044e-01
2.533333333333333548e-01
2.999999999999999889e-01
7.799999999999999156e-01
4.000000000000000083e-02
4.000000000000000083e-02
2.766666666666666718e-01
6.966666666666666563e-01
3.333333333333333287e-02
4.000000000000000083e-02
8.000000000000000167e-02
1.333333333333333315e-01
1.466666666666666952e-01
2.566666666666666541e-01
7.666666666666666075e-02
1.066666666666666735e-01
5.333333333333333676e-02
7.666666666666666075e-02
4.866666666666666363e-01
1.700000000000000122e-01
1.000000000000000021e-02
8.000000000000000167e-02
4.000000000000000083e-02
1.000000000000000021e-02
0.000000000000000000e+00
2.666666666666666838e-02
0.000000000000000000e+00
0.000000000000000000e+00
8.933333333333332016e-01
3.400000000000000244e-01
0.000000000000000000e+00
5.000000000000000971e-02
1.499999999999999944e-01
1.966666666666666785e+00
1.186666666666666758e+00
3.533333333333333326e-01
1.499999999999999944e-01
1.133333333333333276e-01
4.333333333333333481e-02
6.333333333333333870e-02
8.666666666666666963e-02
8.000000000000000167e-02
1.023333333333333206e+00
6.733333333333333393e-01
2.666666666666666838e-02
7.000000000000000666e-02
0.000000000000000000e+00
0.000000000000000000e+00
6.666666666666667095e-03
2.333333333333333440e-02
4.666666666666666879e-02
1.600000000000000033e-01
2.999999999999999889e-02
1.666666666666666574e-01
1.499999999999999944e-01
1.933333333333333293e-01
3.333333333333333547e-03
2.533333333333333548e-01
3.100000000000000533e-01
1.229999999999999982e+00
5.499999999999999334e-01
1.333333333333333419e-02
1.209999999999999964e+00
1.100000000000000006e-01
0.000000000000000000e+00
5.566666666666667540e-01
5.999999999999999778e-01
0.000000000000000000e+00
5.433333333333333348e-01
3.700000000000000511e-01
0.000000000000000000e+00
0.000000000000000000e+00
5.666666666666667074e-02
1.000000000000000021e-02
0.000000000000000000e+00
0.000000000000000000e+00
0.000000000000000000e+00
2.000000000000000042e-02
2.333333333333333440e-02
2.999999999999999889e-02
1.466666666666666397e-01
4.333333333333333481e-02
3.300000000000000155e-01
8.000000000000000167e-02
1.233333333333333365e-01
2.333333333333333093e-01
1.033333333333333326e-01
9.266666666666667496e-01
2.700000000000000178e-01
6.666666666666667095e-03
3.333333333333333287e-02
2.833333333333333259e-01
1.766666666666666663e-01
2.500000000000000000e-01
6.333333333333333870e-02
2.933333333333332793e-01
1.500000000000000222e-01
7.000000000000000666e-02
1.333333333333333419e-02
1.533333333333333215e-01
4.333333333333333481e-02
6.666666666666667095e-03
2.333333333333333093e-02
1.333333333333333315e-01
3.366666666666666696e-01
3.333333333333333287e-02
8.066666666666666430e-01
1.533333333333333215e-01
5.999999999999999778e-02
1.666666666666666574e-01
3.033333333333333437e-01
1.499999999999999944e-01
9.666666666666667851e-02
2.833333333333333814e-01
1.166666666666666546e-01
4.999999999999999584e-02
1.000000000000000021e-02
4.333333333333333481e-02
2.166666666666666741e-01
0.000000000000000000e+00
1.666666666666666644e-02
1.333333333333333315e-01
1.050000000000000044e+00
1.133333333333333415e-01
6.633333333333332194e-01
1.000000000000000021e-02
1.000000000000000021e-02
7.666666666666666075e-02
0.000000000000000000e+00
5.166666666666667185e-01
2.666666666666666838e-02
2.433333333333333182e-01
5.999999999999999778e-02
2.066666666666666374e-01
1.176666666666666528e+00
1.866666666666666752e-01
1.276666666666666616e+00
3.066666666666666430e-01
5.333333333333333676e-02
1.639999999999999902e+00
1.333333333333333419e-02
6.099999999999999867e-01
7.000000000000000666e-02
1.266666666666666774e-01
1.000000000000000021e-02
0.000000000000000000e+00
6.099999999999999867e-01
6.666666666666667095e-03
0.000000000000000000e+00
2.133333333333333470e-01
1.400000000000000133e-01
8.333333333333332871e-02
6.666666666666666297e-01
2.066666666666666652e-01
5.699999999999999512e-01
1.356666666666666687e+00
1.709999999999999964e+00
4.400000000000000022e-01
0.000000000000000000e+00
6.666666666666667095e-03
1.506666666666666821e+00
1.000000000000000194e-01
0.000000000000000000e+00
1.300000000000000044e-01
3.833333333333333037e-01
8.000000000000000167e-02
1.666666666666666644e-02
4.000000000000000777e-01
3.833333333333333592e-01
8.266666666666666607e-01
4.400000000000000022e-01
0.000000000000000000e+00
7.533333333333332993e-01
1.403333333333333321e+00
0.000000000000000000e+00
6.666666666666666574e-02
3.699999999999999400e-01
0.000000000000000000e+00
4.333333333333333481e-02
1.836666666666666670e+00
9.433333333333333570e-01
1.633333333333333304e-01
4.433333333333333570e-01
7.666666666666667462e-02
9.566666666666666652e-01
7.999999999999999334e-01
4.666666666666666879e-02
4.333333333333333481e-02
1.566666666666666763e-01
2.366666666666666641e-01
7.000000000000000666e-02
4.099999999999999756e-01
5.733333333333333615e-01
4.586666666666666892e+00
3.279999999999999805e+00
1.030000000000000027e+00
2.466666666666666730e-01
4.333333333333333481e-02
1.666666666666666644e-02
2.866666666666666807e-01
6.666666666666667095e-03
0.000000000000000000e+00
4.000000000000000083e-02
1.099999999999999867e+00
4.333333333333333481e-02
1.366666666666666863e-01
1.766666666666666607e+00
2.033333333333333381e-01
1.433333333333333404e-01
6.533333333333333215e-01
0.000000000000000000e+00
1.263333333333333419e+00
3.566666666666666874e-01
1.333333333333333419e-02
1.066666666666666735e-01
3.733333333333333504e-01
0.000000000000000000e+00
5.666666666666667074e-02
9.833333333333332815e-01
1.233333333333333365e-01
0.000000000000000000e+00
3.666666666666666963e-01
6.833333333333332371e-01
0.000000000000000000e+00
0.000000000000000000e+00
0.000000000000000000e+00
6.999999999999999278e-02
3.500000000000000333e-01
7.333333333333333370e-02
0.000000000000000000e+00
6.333333333333333870e-02
3.333333333333333287e-02
0.000000000000000000e+00
5.333333333333333676e-02
8.000000000000000167e-02
1.330000000000000071e+00
2.036666666666666625e+00
6.733333333333333393e-01
1.169999999999999929e+00
2.666666666666666838e-02
1.000000000000000021e-02
3.733333333333333504e-01
2.866666666666666807e-01
2.666666666666666838e-02
7.666666666666666075e-02
1.780000000000000027e+00
1.366666666666666585e-01
4.333333333333333481e-02
7.933333333333333348e-01
6.633333333333332194e-01
2.700000000000000178e-01
9.333333333333332371e-02
4.333333333333333481e-02
8.466666666666666785e-01
1.899999999999999745e-01
1.399999999999999856e-01
0.000000000000000000e+00
6.666666666666667095e-03
0.000000000000000000e+00
1.166666666666666546e-01
0.000000000000000000e+00
1.199999999999999956e-01
2.000000000000000042e-02
1.116666666666666696e+00
1.169999999999999929e+00
3.333333333333333547e-03
2.000000000000000042e-02
1.133333333333333415e-01
1.133333333333333415e-01
4.433333333333333570e-01
4.000000000000000083e-02
2.000000000000000042e-02
1.000000000000000021e-02
0.000000000000000000e+00
0.000000000000000000e+00
0.000000000000000000e+00
6.666666666666667095e-03
9.666666666666666463e-02
1.333333333333333315e-01
2.500000000000000000e-01
1.733333333333333393e-01
4.066666666666666763e-01
4.500000000000000111e-01
5.666666666666667074e-02
1.433333333333333404e-01
4.000000000000000083e-02
1.666666666666666644e-02
1.399999999999999856e-01
4.133333333333333859e-01
8.100000000000000533e-01
6.666666666666667095e-03
9.033333333333333215e-01
2.999999999999999889e-02
5.499999999999999334e-01
5.000000000000000971e-02
2.333333333333333440e-02
2.666666666666666838e-02
1.666666666666666644e-02
5.666666666666667074e-02
0.000000000000000000e+00
4.000000000000000083e-02
1.766666666666666663e-01
2.333333333333333440e-02
0.000000000000000000e+00
9.333333333333333759e-02
3.433333333333333237e-01
4.999999999999999584e-02
7.333333333333333370e-02
1.669999999999999929e+00
3.633333333333333415e-01
7.400000000000001021e-01
3.066666666666666430e-01
1.916666666666666741e+00
1.213333333333333375e+00
2.000000000000000042e-02
2.999999999999999889e-02
0.000000000000000000e+00
0.000000000000000000e+00
0.000000000000000000e+00
0.000000000000000000e+00
1.000000000000000021e-02
0.000000000000000000e+00
1.333333333333333419e-02
0.000000000000000000e+00
0.000000000000000000e+00
4.666666666666666879e-02
5.666666666666666380e-02
9.666666666666667851e-02
0.000000000000000000e+00
6.666666666666667095e-03
2.163333333333333552e+00
0.000000000000000000e+00
1.133333333333333276e-01
4.599999999999999645e-01
8.900000000000000133e-01
1.493333333333333401e+00
3.133333333333332971e-01
1.533333333333333215e-01
6.666666666666666297e-01
1.913333333333333330e+00
0.000000000000000000e+00
5.233333333333333171e-01
3.000000000000000236e-02
1.666666666666666644e-02
2.666666666666666838e-02
0.000000000000000000e+00
1.066666666666666735e-01
0.000000000000000000e+00
0.000000000000000000e+00
0.000000000000000000e+00
0.000000000000000000e+00
3.333333333333333547e-03
9.999999999999999167e-02
2.666666666666666838e-02
1.166666666666666546e-01
1.000000000000000021e-02
6.666666666666666574e-02
0.000000000000000000e+00
1.200000000000000094e-01
8.000000000000000167e-02
5.799999999999999600e-01
1.203333333333333366e+00
1.033333333333333465e-01
2.899999999999999800e-01
2.399999999999999911e-01
3.299999999999999600e-01
5.566666666666667540e-01
1.800000000000000211e-01
6.333333333333333870e-02
4.799999999999999822e-01
2.000000000000000042e-02
5.000000000000000971e-02
2.999999999999999889e-02
2.000000000000000042e-02
0.000000000000000000e+00
2.999999999999999889e-02
1.000000000000000021e-02
1.100000000000000006e-01
8.333333333333332871e-02
2.166666666666666463e-01
2.666666666666666838e-02
1.666666666666666644e-02
4.433333333333333570e-01
2.566666666666666541e-01
2.333333333333333440e-02
7.366666666666666918e-01
1.666666666666666574e-01
9.333333333333333759e-02
2.500000000000000000e-01
0.000000000000000000e+00
9.966666666666667007e-01
1.166666666666666546e-01
6.666666666666667095e-03
2.666666666666666838e-02
3.333333333333333547e-03
0.000000000000000000e+00
7.000000000000000666e-02
2.000000000000000042e-02
0.000000000000000000e+00
1.499999999999999944e-01
5.000000000000000971e-02
2.000000000000000042e-02
9.000000000000001055e-02
3.666666666666666685e-02
0.000000000000000000e+00
0.000000000000000000e+00
4.233333333333333393e-01
6.666666666666667095e-03
5.333333333333333676e-02
7.933333333333333348e-01
6.666666666666666574e-02
1.416666666666666741e+00
3.333333333333333547e-03
5.999999999999999778e-02
8.000000000000000167e-02
1.333333333333333315e-01
7.399999999999998801e-01
1.766666666666666663e-01
0.000000000000000000e+00
4.000000000000000083e-02
1.300000000000000044e-01
3.099999999999999978e-01
2.246666666666666590e+00
4.833333333333333370e-01
3.333333333333333287e-02
5.666666666666667074e-02
4.666666666666666879e-02
1.766666666666666663e-01
1.566666666666666485e-01
7.300000000000000933e-01
5.333333333333333676e-02
4.766666666666667385e-01
2.233333333333333004e-01
1.946666666666666545e+00
8.099999999999999423e-01
0.000000000000000000e+00
1.059999999999999831e+00
7.966666666666665231e-01
1.700000000000000122e-01
3.333333333333333547e-03
1.533333333333333215e-01
5.366666666666666252e-01
1.450000000000000178e+00
2.399999999999999911e-01
2.999999999999999889e-02
1.666666666666666574e-01
2.899999999999999800e-01
4.000000000000000083e-02
9.799999999999999822e-01
0.000000000000000000e+00
7.333333333333333370e-02
3.433333333333333237e-01
2.433333333333333182e-01
1.000000000000000021e-02
4.000000000000000083e-02
1.000000000000000021e-02
9.000000000000001055e-02
2.666666666666666630e-01
4.266666666666666941e-01
3.666666666666667379e-02
3.333333333333333547e-03
4.000000000000000083e-02
8.000000000000000167e-02
6.333333333333333870e-02
8.333333333333332871e-02
0.000000000000000000e+00
0.000000000000000000e+00
0.000000000000000000e+00
0.000000000000000000e+00
0.000000000000000000e+00
1.000000000000000194e-01
0.000000000000000000e+00
0.000000000000000000e+00
7.700000000000000178e-01
3.833333333333333037e-01
0.000000000000000000e+00
5.333333333333333676e-02
1.033333333333333326e-01
1.426666666666666750e+00
2.200000000000000011e-01
1.100000000000000006e-01
3.333333333333333547e-03
2.000000000000000042e-02
8.000000000000000167e-02
4.666666666666666186e-02
9.666666666666666463e-02
1.333333333333333419e-02
1.206666666666666776e+00
5.433333333333333348e-01
3.333333333333333547e-03
5.666666666666666380e-02
0.000000000000000000e+00
3.333333333333333547e-03
3.333333333333333287e-02
2.666666666666666838e-02
8.000000000000000167e-02
1.633333333333333304e-01
1.333333333333333419e-02
1.100000000000000006e-01
2.600000000000000089e-01
2.399999999999999911e-01
6.666666666666667095e-03
1.233333333333333365e-01
1.499999999999999944e-01
1.250000000000000000e+00
3.366666666666666696e-01
1.000000000000000021e-02
6.133333333333333970e-01
7.333333333333334758e-02
0.000000000000000000e+00
5.366666666666667362e-01
3.233333333333333059e-01
0.000000000000000000e+00
1.400000000000000133e-01
5.666666666666665408e-01
4.000000000000000083e-02
0.000000000000000000e+00
0.000000000000000000e+00
0.000000000000000000e+00
2.333333333333333440e-02
0.000000000000000000e+00
0.000000000000000000e+00
6.666666666666667095e-03
1.666666666666666644e-02
0.000000000000000000e+00
1.666666666666666574e-01
4.000000000000000083e-02
6.033333333333333881e-01
4.333333333333333481e-02
2.000000000000000042e-02
2.333333333333333648e-01
3.000000000000000236e-02
8.199999999999999512e-01
3.766666666666666496e-01
1.000000000000000021e-02
4.000000000000000083e-02
5.633333333333333526e-01
2.233333333333333004e-01
4.666666666666666879e-02
0.000000000000000000e+00
1.766666666666666663e-01
8.000000000000000167e-02
4.666666666666666879e-02
4.000000000000000083e-02
7.666666666666667462e-02
8.000000000000000167e-02
3.666666666666667379e-02
1.666666666666666644e-02
5.666666666666667074e-02
4.366666666666667029e-01
1.333333333333333419e-02
3.233333333333333059e-01
1.866666666666666752e-01
6.666666666666666574e-02
2.366666666666666641e-01
1.600000000000000033e-01
2.033333333333333381e-01
1.066666666666666735e-01
3.833333333333333037e-01
1.700000000000000122e-01
1.166666666666666546e-01
5.000000000000000971e-02
1.133333333333333276e-01
2.600000000000000089e-01
6.000000000000000472e-02
6.333333333333333870e-02
1.366666666666666863e-01
1.313333333333333242e+00
1.333333333333333315e-01
4.299999999999999933e-01
1.000000000000000021e-02
0.000000000000000000e+00
3.666666666666666685e-02
0.000000000000000000e+00
2.666666666666666630e-01
0.000000000000000000e+00
1.500000000000000222e-01
6.999999999999999278e-02
2.399999999999999911e-01
1.266666666666666607e+00
1.833333333333333481e-01
1.239999999999999991e+00
3.166666666666666519e-01
3.666666666666666685e-02
6.766666666666666385e-01
6.666666666666667095e-03
5.166666666666666075e-01
6.000000000000000472e-02
7.666666666666667462e-02
4.333333333333333481e-02
3.333333333333333547e-03
8.599999999999999867e-01
6.666666666666667095e-03
0.000000000000000000e+00
1.833333333333333204e-01
1.800000000000000211e-01
1.600000000000000033e-01
4.199999999999999845e-01
2.933333333333333348e-01
3.466666666666666785e-01
1.580000000000000071e+00
1.203333333333333366e+00
1.133333333333333276e-01
1.633333333333333304e-01
2.099999999999999922e-01
1.433333333333333348e+00
5.666666666666667074e-02
0.000000000000000000e+00
6.666666666666666574e-02
2.199999999999999734e-01
7.333333333333334758e-02
1.000000000000000021e-02
2.999999999999999889e-01
5.066666666666667096e-01
7.733333333333333171e-01
1.236666666666666581e+00
0.000000000000000000e+00
6.366666666666667140e-01
1.196666666666666545e+00
0.000000000000000000e+00
6.666666666666667095e-03
2.099999999999999922e-01
6.666666666666667095e-03
0.000000000000000000e+00
7.399999999999998801e-01
1.123333333333333295e+00
1.999999999999999833e-01
3.866666666666667140e-01
6.666666666666666574e-02
8.333333333333333703e-01
9.399999999999999467e-01
3.000000000000000236e-02
1.333333333333333419e-02
2.299999999999999822e-01
6.666666666666666297e-01
1.333333333333333419e-02
1.099999999999999867e-01
4.066666666666666763e-01
4.193333333333332469e+00
