7.166666666666667851e-01
7.633333333333333082e-01
1.553333333333333455e+00
1.600000000000000033e-01
1.800000000000000211e-01
8.100000000000000533e-01
1.413333333333333330e+00
6.099999999999999867e-01
1.533333333333333215e-01
1.000000000000000194e-01
7.666666666666666075e-02
4.666666666666666186e-01
1.966666666666666563e-01
1.203333333333333366e+00
1.199999999999999956e-01
7.000000000000000666e-01
2.820000000000000284e+00
3.099999999999999978e-01
2.400000000000000189e-01
1.466666666666666674e-01
5.666666666666667074e-02
2.333333333333333440e-02
1.000000000000000021e-02
1.233333333333333365e-01
3.000000000000000236e-02
8.000000000000000167e-02
2.166666666666666741e-01
1.016666666666666607e+00
1.000000000000000000e+00
2.200000000000000011e-01
3.133333333333333526e-01
4.099999999999999756e-01
1.150000000000000133e+00
1.400000000000000133e-01
5.000000000000000971e-02
7.600000000000001199e-01
8.833333333333333037e-01
5.000000000000000971e-02
3.666666666666666685e-02
2.999999999999999889e-02
1.600000000000000033e-01
2.333333333333333093e-01
7.666666666666667462e-02
2.850000000000000089e+00
