1.236666666666666581e+00
3.833333333333333037e-01
2.999999999999999889e-01
2.633333333333333637e-01
2.566666666666666541e-01
4.666666666666666186e-02
4.099999999999999756e-01
9.333333333333334592e-01
3.300000000000000155e-01
1.626666666666666705e+00
1.193333333333333357e+00
6.800000000000000488e-01
3.566666666666666874e-01
8.666666666666666963e-02
0.000000000000000000e+00
1.966666666666666841e-01
9.799999999999999822e-01
1.729999999999999760e+00
2.600000000000000089e-01
1.346666666666666679e+00
5.000000000000000971e-02
1.183333333333333348e+00
3.500000000000000333e-01
2.000000000000000042e-02
6.666666666666667095e-03
0.000000000000000000e+00
5.666666666666667074e-02
4.333333333333333481e-02
4.000000000000000083e-02
5.333333333333333676e-02
3.666666666666667379e-02
3.366666666666666696e-01
5.366666666666667362e-01
1.433333333333333404e-01
2.366666666666666641e-01
4.333333333333333481e-02
6.400000000000000133e-01
5.000000000000000971e-02
1.766666666666666663e-01
1.400000000000000133e-01
3.333333333333333547e-03
1.199999999999999956e-01
3.333333333333333547e-03
3.333333333333333547e-03
1.233333333333333365e-01
4.199999999999999845e-01
9.000000000000001055e-02
0.000000000000000000e+00
1.156666666666666510e+00
1.100000000000000006e-01
4.000000000000000083e-02
2.333333333333333440e-02
6.666666666666667095e-03
8.666666666666666963e-02
2.333333333333333440e-02
1.666666666666666644e-02
2.500000000000000000e-01
6.666666666666666574e-02
6.666666666666666574e-02
2.399999999999999911e-01
2.600000000000000089e-01
0.000000000000000000e+00
1.533333333333333215e-01
2.700000000000000178e-01
1.899999999999999745e-01
6.666666666666667095e-03
6.533333333333333215e-01
1.566666666666666485e-01
2.233333333333333559e-01
4.533333333333333104e-01
1.833333333333333481e-01
1.573333333333333250e+00
6.666666666666666574e-02
1.766666666666666663e-01
1.333333333333333419e-02
4.999999999999999584e-02
2.266666666666666607e+00
2.800000000000000266e-01
3.033333333333332882e-01
1.353333333333333499e+00
2.266666666666666552e-01
1.600000000000000033e-01
4.666666666666666879e-02
8.000000000000000167e-02
2.666666666666666838e-02
1.066666666666666735e-01
2.633333333333333637e-01
1.223333333333333384e+00
1.099999999999999867e-01
4.666666666666666879e-02
2.206666666666666554e+00
5.999999999999999778e-02
3.333333333333333287e-02
1.600000000000000033e-01
0.000000000000000000e+00
1.266666666666666774e-01
0.000000000000000000e+00
0.000000000000000000e+00
6.666666666666667095e-03
5.999999999999999778e-02
2.666666666666666838e-02
0.000000000000000000e+00
0.000000000000000000e+00
2.666666666666666144e-02
1.333333333333333419e-02
4.000000000000000083e-02
3.333333333333333287e-02
3.666666666666666685e-02
1.000000000000000021e-02
0.000000000000000000e+00
1.133333333333333276e-01
2.333333333333333440e-02
7.833333333333332149e-01
1.966666666666666841e-01
1.446666666666666545e+00
5.433333333333333348e-01
9.000000000000001055e-02
1.666666666666666644e-02
0.000000000000000000e+00
0.000000000000000000e+00
0.000000000000000000e+00
0.000000000000000000e+00
2.333333333333333440e-02
8.666666666666666963e-02
1.433333333333333404e-01
6.666666666666666574e-02
1.400000000000000133e-01
1.700000000000000122e-01
5.333333333333333676e-02
6.333333333333333870e-02
1.666666666666666644e-02
5.499999999999999334e-01
2.566666666666666541e-01
1.133333333333333276e-01
4.666666666666666186e-01
1.566666666666666485e-01
9.333333333333333759e-02
3.800000000000000600e-01
2.133333333333333470e-01
8.933333333333334236e-01
1.999999999999999833e-01
7.666666666666667462e-02
4.866666666666666363e-01
3.933333333333333681e-01
1.666666666666666644e-02
1.733333333333333393e-01
7.000000000000000666e-02
8.300000000000000711e-01
6.666666666666667095e-03
6.366666666666667140e-01
1.700000000000000122e-01
4.733333333333333282e-01
6.666666666666667095e-03
2.099999999999999922e-01
2.500000000000000000e-01
7.600000000000001199e-01
1.666666666666666644e-02
6.333333333333333870e-02
8.900000000000000133e-01
3.333333333333333148e-01
4.333333333333333481e-02
2.266666666666666552e-01
1.566666666666666485e-01
1.846666666666666679e+00
1.666666666666666644e-02
1.366666666666666863e-01
3.600000000000000422e-01
2.066666666666666652e-01
7.333333333333333370e-02
3.000000000000000236e-02
5.133333333333333082e-01
1.433333333333333404e-01
3.333333333333333547e-03
2.466666666666666730e-01
5.666666666666667629e-01
3.833333333333333037e-01
1.633333333333333304e-01
1.433333333333333404e-01
4.700000000000000289e-01
6.033333333333333881e-01
8.666666666666666963e-02
7.666666666666667462e-02
2.666666666666666838e-02
8.333333333333332871e-02
1.333333333333333419e-02
8.000000000000000167e-02
2.333333333333333440e-02
2.666666666666666838e-02
0.000000000000000000e+00
2.999999999999999889e-01
4.999999999999999584e-02
6.666666666666667095e-03
1.133333333333333415e-01
0.000000000000000000e+00
3.266666666666666607e-01
7.733333333333334281e-01
2.233333333333333559e-01
1.286666666666666847e+00
7.000000000000000666e-02
3.200000000000000067e-01
1.300000000000000044e-01
2.600000000000000089e-01
2.066666666666666652e-01
7.099999999999999645e-01
1.333333333333333419e-02
1.399999999999999856e-01
4.599999999999999645e-01
1.666666666666666644e-02
2.666666666666666838e-02
1.653333333333333321e+00
1.270000000000000018e+00
1.000000000000000021e-02
3.333333333333333287e-02
1.000000000000000021e-02
1.066666666666666735e-01
2.700000000000000178e-01
4.000000000000000083e-02
4.866666666666666363e-01
2.466666666666666730e-01
2.533333333333333548e-01
6.433333333333334236e-01
1.946666666666666545e+00
1.559999999999999831e+00
4.799999999999999822e-01
3.666666666666667379e-02
6.633333333333333304e-01
2.900000000000000355e-01
8.666666666666666963e-01
2.033333333333333381e-01
9.866666666666666918e-01
1.866666666666666474e+00
1.593333333333333490e+00
2.566666666666666541e-01
4.333333333333333481e-01
5.000000000000000971e-02
9.733333333333332726e-01
1.266666666666666774e-01
5.333333333333333676e-02
1.666666666666666574e-01
1.600000000000000033e-01
0.000000000000000000e+00
3.333333333333333547e-03
4.733333333333333282e-01
2.733333333333333726e-01
2.666666666666666838e-02
2.999999999999999889e-02
1.063333333333333242e+00
1.159999999999999920e+00
9.333333333333333759e-02
1.596666666666666679e+00
