1.179999999999999938e+00
5.000000000000000000e-01
2.833333333333333814e-01
1.166666666666666546e-01
6.333333333333333870e-02
1.000000000000000194e-01
1.000000000000000021e-02
1.566666666666666485e-01
2.533333333333333548e-01
5.366666666666667362e-01
5.999999999999999778e-02
1.969999999999999973e+00
2.233333333333333004e-01
1.730000000000000204e+00
2.566666666666666541e-01
1.916666666666666741e+00
1.766666666666666663e-01
2.666666666666666838e-02
4.666666666666666879e-02
2.966666666666666341e-01
2.333333333333333440e-02
1.199999999999999956e+00
1.939999999999999725e+00
7.666666666666667462e-02
2.500000000000000000e-01
5.233333333333333171e-01
0.000000000000000000e+00
1.700000000000000122e-01
1.000000000000000021e-02
5.000000000000000971e-02
1.233333333333333365e-01
1.966666666666666841e-01
3.166666666666667074e-01
1.163333333333333330e+00
2.600000000000000089e-01
8.666666666666666963e-01
1.633333333333333304e-01
1.399999999999999856e-01
6.666666666666666574e-02
0.000000000000000000e+00
2.999999999999999889e-02
1.333333333333333419e-02
1.133333333333333276e-01
1.933333333333333570e-01
1.566666666666666485e-01
2.333333333333333440e-02
2.666666666666666630e-01
1.566666666666666485e-01
3.333333333333333547e-03
2.366666666666666641e-01
0.000000000000000000e+00
0.000000000000000000e+00
2.000000000000000042e-02
1.633333333333333304e-01
1.333333333333333419e-02
1.000000000000000021e-02
6.666666666666667095e-03
1.199999999999999956e-01
1.133333333333333276e-01
6.066666666666665764e-01
1.666666666666666574e-01
3.300000000000000155e-01
1.199999999999999956e-01
1.499999999999999944e-01
5.999999999999999778e-02
9.000000000000001055e-02
1.366666666666666585e-01
1.000000000000000194e-01
1.066666666666666735e-01
2.366666666666666641e-01
2.500000000000000000e-01
3.800000000000000600e-01
2.733333333333333726e-01
2.066666666666666874e+00
7.666666666666666075e-01
8.666666666666666963e-02
2.266666666666666829e-01
2.266666666666666552e-01
2.999999999999999889e-02
5.666666666666667074e-02
0.000000000000000000e+00
1.399999999999999856e-01
3.533333333333333326e-01
1.700000000000000122e-01
1.400000000000000133e-01
1.739999999999999991e+00
2.866666666666666807e-01
6.033333333333333881e-01
3.566666666666666874e-01
1.759999999999999787e+00
1.100000000000000006e-01
9.333333333333333759e-02
1.199999999999999956e-01
3.033333333333333437e-01
2.000000000000000389e-01
1.380000000000000115e+00
9.133333333333334414e-01
2.333333333333333093e-02
3.666666666666666963e-01
6.166666666666666963e-01
0.000000000000000000e+00
9.000000000000001055e-02
0.000000000000000000e+00
8.000000000000000167e-02
9.466666666666666563e-01
1.833333333333333481e-01
2.766666666666666718e-01
1.196666666666666545e+00
2.500000000000000000e-01
7.099999999999999645e-01
1.566666666666666485e-01
3.400000000000000244e-01
4.666666666666666879e-02
0.000000000000000000e+00
5.666666666666667074e-02
5.000000000000000971e-02
2.666666666666666630e-01
6.566666666666667318e-01
1.199999999999999956e-01
3.666666666666666685e-02
3.033333333333332882e-01
9.000000000000001055e-02
0.000000000000000000e+00
1.533333333333333215e-01
2.000000000000000042e-02
0.000000000000000000e+00
5.666666666666667074e-02
1.133333333333333415e-01
0.000000000000000000e+00
2.666666666666666838e-02
6.666666666666667095e-03
1.466666666666666397e-01
2.233333333333333559e-01
5.999999999999999778e-01
1.066666666666666735e-01
3.600000000000000422e-01
2.099999999999999922e-01
2.066666666666666374e-01
1.566666666666666485e-01
6.666666666666666574e-02
1.700000000000000122e-01
8.333333333333332871e-02
9.000000000000001055e-02
1.333333333333333315e-01
2.333333333333333093e-01
1.066666666666666735e-01
1.899999999999999745e-01
2.009999999999999787e+00
