7.799999999999999156e-01
3.166666666666666519e-01
9.666666666666666463e-02
1.536666666666666847e+00
1.139999999999999902e+00
8.333333333333332871e-02
2.666666666666666630e-01
2.833333333333333259e-01
4.666666666666666879e-02
1.290000000000000036e+00
1.600000000000000033e-01
2.366666666666666641e-01
8.000000000000000167e-02
7.700000000000000178e-01
1.666666666666666574e-01
1.800000000000000211e-01
1.386666666666666714e+00
3.166666666666666519e-01
8.666666666666666963e-01
1.000000000000000021e-02
3.766666666666666496e-01
2.533333333333333548e-01
2.233333333333333004e-01
5.333333333333333676e-02
1.199999999999999956e+00
2.503333333333333410e+00
3.666666666666667379e-02
2.833333333333333814e-01
1.166666666666666546e-01
5.799999999999999600e-01
8.666666666666666963e-02
6.000000000000000472e-02
3.333333333333333547e-03
0.000000000000000000e+00
1.300000000000000044e-01
3.999999999999999667e-01
8.666666666666666963e-02
2.000000000000000042e-02
7.500000000000000000e-01
6.666666666666666574e-02
1.000000000000000021e-02
1.333333333333333419e-02
6.099999999999999867e-01
1.203333333333333366e+00
2.633333333333333637e-01
5.533333333333333437e-01
1.900000000000000300e-01
3.333333333333333547e-03
2.999999999999999889e-02
2.133333333333333470e-01
2.200000000000000011e-01
7.299999999999999822e-01
2.266666666666666829e-01
7.099999999999999645e-01
3.000000000000000236e-02
1.003333333333333188e+00
