7.933333333333333348e-01
5.999999999999999778e-02
3.500000000000000333e-01
8.333333333333332871e-02
2.333333333333333093e-01
2.033333333333333381e-01
5.599999999999999423e-01
1.333333333333333315e-01
3.333333333333333148e-01
7.733333333333333171e-01
8.900000000000000133e-01
4.333333333333332926e-01
3.666666666666666963e-01
7.666666666666666075e-02
3.833333333333333037e-01
3.366666666666666696e-01
6.633333333333334414e-01
6.666666666666666574e-02
4.666666666666666186e-01
5.333333333333333259e-01
1.566666666666666485e-01
3.066666666666666430e-01
8.433333333333332682e-01
6.666666666666666574e-02
1.700000000000000122e-01
3.733333333333333504e-01
9.866666666666666918e-01
1.833333333333333481e-01
1.900000000000000300e-01
3.533333333333333326e-01
2.433333333333333182e-01
1.866666666666666752e-01
3.133333333333332971e-01
1.066666666666666458e-01
1.339999999999999858e+00
1.563333333333333464e+00
3.866666666666667140e-01
1.133333333333333415e-01
7.000000000000000666e-02
1.166666666666666546e-01
1.533333333333333215e-01
4.066666666666666763e-01
1.000000000000000021e-02
8.333333333333332871e-02
3.333333333333333547e-03
1.400000000000000133e-01
4.099999999999999756e-01
1.253333333333333188e+00
4.833333333333333370e-01
2.133333333333333470e-01
8.333333333333332871e-02
1.500000000000000000e+00
5.933333333333333792e-01
9.333333333333333759e-02
9.666666666666667851e-02
2.066666666666666652e-01
2.000000000000000042e-02
2.533333333333333548e-01
3.333333333333333148e-01
1.133333333333333415e-01
1.469999999999999973e+00
6.800000000000000488e-01
5.000000000000000000e-01
1.333333333333333315e-01
2.166666666666666741e-01
9.833333333333333925e-01
2.033333333333333381e-01
2.399999999999999911e-01
9.666666666666666741e-01
1.933333333333333293e-01
9.333333333333332371e-01
9.033333333333333215e-01
1.010000000000000009e+00
3.666666666666666685e-02
6.066666666666665764e-01
7.666666666666667462e-02
1.199999999999999956e-01
0.000000000000000000e+00
4.566666666666667207e-01
0.000000000000000000e+00
2.500000000000000000e-01
2.086666666666666892e+00
