8.566666666666667984e-01
6.733333333333333393e-01
1.600000000000000033e-01
1.000000000000000021e-02
1.536666666666666847e+00
9.200000000000000400e-01
1.300000000000000044e-01
2.533333333333333548e-01
9.900000000000001021e-01
2.166666666666666741e-01
2.999999999999999889e-02
1.999999999999999833e-01
3.333333333333333547e-03
7.000000000000000666e-02
1.333333333333333419e-02
3.233333333333333059e-01
3.033333333333332882e-01
7.666666666666667462e-02
1.466666666666666952e-01
9.666666666666667851e-02
6.333333333333333870e-02
2.999999999999999889e-01
5.466666666666667451e-01
2.333333333333333440e-02
1.863333333333333286e+00
6.666666666666667095e-03
1.199999999999999956e-01
6.666666666666667095e-03
6.333333333333333870e-02
2.366666666666666641e-01
3.000000000000000236e-02
0.000000000000000000e+00
4.299999999999999933e-01
5.666666666666667074e-02
2.099999999999999922e-01
3.166666666666666519e-01
8.000000000000000167e-02
5.333333333333334370e-02
9.000000000000001055e-02
8.666666666666666963e-02
1.433333333333333404e-01
1.800000000000000211e-01
3.633333333333332860e-01
2.533333333333333548e-01
4.066666666666667318e-01
4.433333333333333570e-01
6.233333333333331838e-01
1.933333333333333293e-01
1.533333333333333492e-01
0.000000000000000000e+00
5.999999999999999778e-02
0.000000000000000000e+00
0.000000000000000000e+00
0.000000000000000000e+00
1.433333333333333404e-01
4.000000000000000083e-02
7.399999999999998801e-01
2.533333333333333548e-01
1.666666666666666644e-02
9.666666666666666463e-02
3.333333333333333287e-02
6.466666666666666119e-01
4.333333333333333481e-02
1.003333333333333188e+00
3.433333333333333237e-01
2.033333333333333381e-01
1.733333333333333393e-01
3.699999999999999400e-01
9.466666666666666563e-01
9.000000000000001055e-02
6.333333333333333870e-02
1.233333333333333365e-01
1.700000000000000122e-01
8.333333333333332871e-02
3.899999999999999578e-01
3.266666666666666607e-01
2.033333333333333381e-01
4.133333333333332749e-01
0.000000000000000000e+00
6.900000000000000577e-01
3.899999999999999578e-01
7.333333333333333370e-02
1.166666666666666546e-01
6.666666666666667095e-03
0.000000000000000000e+00
0.000000000000000000e+00
1.433333333333333404e-01
0.000000000000000000e+00
5.333333333333333676e-02
2.833333333333333259e-01
1.133333333333333276e-01
1.033333333333333326e-01
8.666666666666666963e-02
4.666666666666666879e-02
5.633333333333333526e-01
8.333333333333332871e-02
6.333333333333332482e-02
6.666666666666666574e-02
2.366666666666666641e-01
6.366666666666667140e-01
1.333333333333333315e-01
6.999999999999999278e-02
2.900000000000000355e-01
0.000000000000000000e+00
3.166666666666666519e-01
2.033333333333333381e-01
7.666666666666666075e-02
9.133333333333334414e-01
2.666666666666666630e-01
7.200000000000000844e-01
2.600000000000000089e-01
4.700000000000000289e-01
9.333333333333333759e-02
2.000000000000000042e-02
5.999999999999999778e-02
0.000000000000000000e+00
5.333333333333333676e-02
4.199999999999999845e-01
3.666666666666666963e-01
2.000000000000000042e-02
1.666666666666666644e-02
6.666666666666667095e-03
1.133333333333333276e-01
3.166666666666666519e-01
8.333333333333332871e-02
5.999999999999999778e-02
1.000000000000000194e-01
2.166666666666666741e-01
2.866666666666666807e-01
9.000000000000001055e-02
1.733333333333333393e-01
3.666666666666667379e-02
1.199999999999999956e-01
0.000000000000000000e+00
0.000000000000000000e+00
0.000000000000000000e+00
9.333333333333333759e-02
1.106666666666666687e+00
1.410000000000000142e+00
5.666666666666666380e-02
5.866666666666665586e-01
1.600000000000000033e-01
3.333333333333333287e-02
8.566666666666667984e-01
4.500000000000000111e-01
0.000000000000000000e+00
1.966666666666666563e-01
2.033333333333333381e-01
2.099999999999999922e-01
2.233333333333333004e-01
1.066666666666666735e-01
3.966666666666666674e-01
1.866666666666666752e-01
4.933333333333333459e-01
3.366666666666666696e-01
1.700000000000000122e-01
2.433333333333333182e-01
1.733333333333333393e-01
8.666666666666666963e-02
5.066666666666667096e-01
2.566666666666666541e-01
2.533333333333333548e-01
3.966666666666666674e-01
7.500000000000000000e-01
3.333333333333333287e-02
9.666666666666666463e-02
2.666666666666666630e-01
0.000000000000000000e+00
6.666666666666666574e-02
1.666666666666666644e-02
9.333333333333333759e-02
4.599999999999999645e-01
7.666666666666667462e-02
2.433333333333333182e-01
0.000000000000000000e+00
3.333333333333333547e-03
0.000000000000000000e+00
8.566666666666665764e-01
6.666666666666667095e-03
4.433333333333333570e-01
2.033333333333333381e-01
1.666666666666666644e-02
3.233333333333333059e-01
1.266666666666666774e-01
3.666666666666667379e-02
1.033333333333333326e-01
8.699999999999999956e-01
3.000000000000000236e-02
2.033333333333333381e-01
8.333333333333332871e-02
1.100000000000000006e-01
1.666666666666666644e-02
1.166666666666666546e-01
1.000000000000000021e-02
2.433333333333333182e-01
6.066666666666665764e-01
5.333333333333333676e-02
6.333333333333333870e-02
8.666666666666666963e-02
0.000000000000000000e+00
2.766666666666666718e-01
1.513333333333333419e+00
1.133333333333333415e-01
3.666666666666666685e-02
1.170000000000000151e+00
0.000000000000000000e+00
7.000000000000000666e-02
1.013333333333333419e+00
3.533333333333333326e-01
2.966666666666666896e-01
1.333333333333333419e-02
7.666666666666667462e-02
3.699999999999999400e-01
9.333333333333333759e-02
4.466666666666667118e-01
1.300000000000000044e-01
7.500000000000000000e-01
2.433333333333333182e-01
7.999999999999999334e-01
0.000000000000000000e+00
1.440000000000000169e+00
3.433333333333333237e-01
1.233333333333333365e-01
1.000000000000000021e-02
1.266666666666666774e-01
2.066666666666666652e-01
9.000000000000001055e-02
6.666666666666666574e-02
6.333333333333333870e-02
6.666666666666667095e-03
1.633333333333333304e-01
3.333333333333333287e-02
3.266666666666666607e-01
8.499999999999999778e-01
5.333333333333333676e-02
5.999999999999999778e-02
4.666666666666666879e-02
9.666666666666667851e-02
1.733333333333333393e-01
1.400000000000000133e-01
0.000000000000000000e+00
6.666666666666667095e-03
3.766666666666666496e-01
2.933333333333333348e-01
1.333333333333333315e-01
1.233333333333333365e-01
1.000000000000000021e-02
2.000000000000000042e-02
1.633333333333333304e-01
2.833333333333333814e-01
7.933333333333333348e-01
6.566666666666666208e-01
9.999999999999999167e-02
3.333333333333333547e-03
1.333333333333333315e-01
1.100000000000000006e-01
0.000000000000000000e+00
0.000000000000000000e+00
0.000000000000000000e+00
0.000000000000000000e+00
4.999999999999999584e-02
1.966666666666666841e-01
7.000000000000000666e-02
4.000000000000000083e-02
6.333333333333333870e-02
0.000000000000000000e+00
1.000000000000000021e-02
1.510000000000000009e+00
1.666666666666666644e-02
6.666666666666667095e-03
0.000000000000000000e+00
1.666666666666666644e-02
3.533333333333333326e-01
2.333333333333333093e-01
0.000000000000000000e+00
0.000000000000000000e+00
4.000000000000000083e-02
0.000000000000000000e+00
1.333333333333333315e-01
4.000000000000000083e-02
3.566666666666666319e-01
5.333333333333333676e-02
2.866666666666666807e-01
1.199999999999999956e-01
1.199999999999999956e-01
2.866666666666666807e-01
2.600000000000000089e-01
1.133333333333333276e-01
3.333333333333333287e-02
0.000000000000000000e+00
1.000000000000000021e-02
0.000000000000000000e+00
7.433333333333332904e-01
4.633333333333333193e-01
2.200000000000000011e-01
1.400000000000000133e-01
3.133333333333333526e-01
7.099999999999999645e-01
3.933333333333333681e-01
2.133333333333333470e-01
5.333333333333333259e-01
1.266666666666666774e-01
6.033333333333333881e-01
0.000000000000000000e+00
3.333333333333333547e-03
3.033333333333332882e-01
4.000000000000000083e-02
2.533333333333333548e-01
1.266666666666666774e-01
2.000000000000000042e-02
3.700000000000000511e-01
4.166666666666666852e-01
7.133333333333332638e-01
6.099999999999999867e-01
1.333333333333333419e-02
1.330000000000000071e+00
8.566666666666667984e-01
4.500000000000000111e-01
4.333333333333333481e-02
8.033333333333333437e-01
2.333333333333333093e-01
0.000000000000000000e+00
9.000000000000001055e-02
3.533333333333333326e-01
2.099999999999999922e-01
4.000000000000000083e-02
1.333333333333333419e-02
1.333333333333333419e-02
5.100000000000001199e-01
2.033333333333333215e+00
2.119999999999999662e+00
1.066666666666666735e-01
4.199999999999999845e-01
1.700000000000000122e-01
5.333333333333333259e-01
5.099999999999998979e-01
0.000000000000000000e+00
7.333333333333334758e-02
0.000000000000000000e+00
1.266666666666666774e-01
5.599999999999999423e-01
9.000000000000001055e-02
8.300000000000000711e-01
2.666666666666666630e-01
2.933333333333333903e-01
2.433333333333333182e-01
1.499999999999999944e-01
9.333333333333333759e-02
0.000000000000000000e+00
2.299999999999999822e-01
1.533333333333333492e-01
8.333333333333332871e-02
2.333333333333333440e-02
0.000000000000000000e+00
3.333333333333333287e-02
1.300000000000000044e-01
9.333333333333333759e-02
5.333333333333334370e-02
4.366666666666665919e-01
3.033333333333332882e-01
8.333333333333332871e-02
0.000000000000000000e+00
0.000000000000000000e+00
2.500000000000000555e-01
4.666666666666666879e-02
7.333333333333334758e-02
1.333333333333333419e-02
1.300000000000000044e-01
0.000000000000000000e+00
0.000000000000000000e+00
4.000000000000000083e-02
0.000000000000000000e+00
0.000000000000000000e+00
6.666666666666667095e-03
2.000000000000000042e-02
1.666666666666666574e-01
2.000000000000000042e-02
8.066666666666666430e-01
1.800000000000000211e-01
1.466666666666666397e-01
2.700000000000000178e-01
9.333333333333333759e-02
1.166666666666666824e-01
0.000000000000000000e+00
2.089999999999999858e+00
1.600000000000000033e-01
1.333333333333333419e-02
0.000000000000000000e+00
4.000000000000000083e-02
0.000000000000000000e+00
1.066666666666666735e-01
1.933333333333333293e-01
0.000000000000000000e+00
0.000000000000000000e+00
0.000000000000000000e+00
1.000000000000000021e-02
1.000000000000000194e-01
2.233333333333333559e-01
3.666666666666667379e-02
1.203333333333333366e+00
4.566666666666667207e-01
5.666666666666666380e-02
6.500000000000000222e-01
1.086666666666666670e+00
5.966666666666666785e-01
7.000000000000000666e-02
6.333333333333333870e-02
9.333333333333333759e-02
1.833333333333333481e-01
5.566666666666666430e-01
0.000000000000000000e+00
1.666666666666666644e-02
4.333333333333333481e-02
3.433333333333332682e-01
3.333333333333333547e-03
4.000000000000000083e-02
1.199999999999999956e-01
7.000000000000000666e-02
7.000000000000000666e-02
2.566666666666666541e-01
2.666666666666666630e-01
5.600000000000000533e-01
4.799999999999999822e-01
5.566666666666666430e-01
1.063333333333333242e+00
9.333333333333333759e-02
2.333333333333333440e-02
6.333333333333333870e-02
1.766666666666666663e-01
0.000000000000000000e+00
0.000000000000000000e+00
2.333333333333333440e-02
1.566666666666666763e-01
7.000000000000000666e-02
9.333333333333333759e-02
1.013333333333333419e+00
1.103333333333333277e+00
2.133333333333333470e-01
5.133333333333333082e-01
5.366666666666666252e-01
6.666666666666666574e-02
3.133333333333332971e-01
5.699999999999999512e-01
8.333333333333332871e-02
3.533333333333333326e-01
1.666666666666666644e-02
1.923333333333333117e+00
1.966666666666666563e-01
1.600000000000000033e-01
4.799999999999999822e-01
1.000000000000000021e-02
4.333333333333333481e-02
6.566666666666666208e-01
1.793333333333333224e+00
4.400000000000000022e-01
1.566666666666666485e-01
1.563333333333333464e+00
4.500000000000000111e-01
1.399999999999999856e-01
1.000000000000000021e-02
5.833333333333333703e-01
0.000000000000000000e+00
4.333333333333333481e-02
0.000000000000000000e+00
0.000000000000000000e+00
0.000000000000000000e+00
0.000000000000000000e+00
5.666666666666667074e-02
1.000000000000000021e-02
6.666666666666666574e-02
0.000000000000000000e+00
1.100000000000000006e-01
1.600000000000000033e-01
0.000000000000000000e+00
0.000000000000000000e+00
2.033333333333333381e-01
3.933333333333333681e-01
1.333333333333333419e-02
9.999999999999999167e-02
0.000000000000000000e+00
0.000000000000000000e+00
2.666666666666666838e-02
0.000000000000000000e+00
0.000000000000000000e+00
1.000000000000000021e-02
0.000000000000000000e+00
6.666666666666667095e-03
6.666666666666666574e-02
5.099999999999998979e-01
1.333333333333333315e-01
7.333333333333333925e-01
1.413333333333333330e+00
4.500000000000000111e-01
7.700000000000000178e-01
6.733333333333333393e-01
8.666666666666666963e-01
8.066666666666666430e-01
0.000000000000000000e+00
3.333333333333333287e-02
3.333333333333333287e-02
3.333333333333333547e-03
2.999999999999999889e-02
2.333333333333333093e-01
3.333333333333333547e-03
6.666666666666667095e-03
6.666666666666667095e-03
1.166666666666666546e-01
2.000000000000000389e-01
9.999999999999999167e-02
1.566666666666666485e-01
0.000000000000000000e+00
4.000000000000000083e-02
1.266666666666666774e-01
1.633333333333333304e-01
9.999999999999999167e-02
0.000000000000000000e+00
7.433333333333332904e-01
9.000000000000001055e-02
0.000000000000000000e+00
2.399999999999999911e-01
1.066666666666666458e-01
9.000000000000001055e-02
1.466666666666666674e-01
4.699999999999999734e-01
4.166666666666666852e-01
4.933333333333333459e-01
1.766666666666666663e-01
4.733333333333333282e-01
1.709999999999999964e+00
5.799999999999999600e-01
1.673333333333333117e+00
5.333333333333333676e-02
4.566666666666667207e-01
4.000000000000000083e-02
1.900000000000000300e-01
4.199999999999999845e-01
2.399999999999999911e-01
6.099999999999999867e-01
1.666666666666666574e-01
1.206666666666666776e+00
1.499999999999999944e-01
0.000000000000000000e+00
1.666666666666666644e-02
0.000000000000000000e+00
1.900000000000000300e-01
1.566666666666666763e-01
1.366666666666666863e-01
3.666666666666667379e-02
0.000000000000000000e+00
1.550000000000000044e+00
2.466666666666666730e-01
9.000000000000001055e-02
5.833333333333333703e-01
1.133333333333333304e+00
0.000000000000000000e+00
9.033333333333333215e-01
1.733333333333333393e-01
7.500000000000000000e-01
1.033333333333333326e-01
1.449999999999999956e+00
2.466666666666666730e-01
1.336666666666666670e+00
4.566666666666667207e-01
6.933333333333333570e-01
7.666666666666667462e-02
9.333333333333332371e-02
8.066666666666666430e-01
1.866666666666666752e-01
4.333333333333333481e-01
2.299999999999999822e-01
0.000000000000000000e+00
2.233333333333333559e-01
1.099999999999999867e-01
7.333333333333334758e-02
1.793333333333333224e+00
1.833333333333333481e-01
2.766666666666666718e-01
4.333333333333333481e-02
7.666666666666667462e-02
1.133333333333333276e-01
1.966666666666666563e-01
1.466666666666666674e-01
8.999999999999998279e-02
0.000000000000000000e+00
0.000000000000000000e+00
0.000000000000000000e+00
0.000000000000000000e+00
0.000000000000000000e+00
1.266666666666666774e-01
1.066666666666666735e-01
8.666666666666666963e-02
6.666666666666667095e-03
2.666666666666666838e-02
3.966666666666666674e-01
0.000000000000000000e+00
6.666666666666667095e-03
1.600000000000000033e-01
5.233333333333333171e-01
1.499999999999999944e-01
6.366666666666667140e-01
2.466666666666666730e-01
3.366666666666666696e-01
2.399999999999999911e-01
3.733333333333333504e-01
1.966666666666666841e-01
1.216666666666666563e+00
1.099999999999999867e+00
1.433333333333333404e-01
2.633333333333333637e-01
9.666666666666667851e-02
0.000000000000000000e+00
0.000000000000000000e+00
0.000000000000000000e+00
0.000000000000000000e+00
8.666666666666666963e-02
0.000000000000000000e+00
3.666666666666667379e-02
9.333333333333332371e-02
0.000000000000000000e+00
0.000000000000000000e+00
0.000000000000000000e+00
1.266666666666666774e-01
0.000000000000000000e+00
1.666666666666666644e-02
2.333333333333333440e-02
1.433333333333333404e-01
2.666666666666666630e-01
2.133333333333332915e-01
5.033333333333332993e-01
3.533333333333333326e-01
2.466666666666666730e-01
4.099999999999999756e-01
2.299999999999999822e-01
5.266666666666667274e-01
4.133333333333333304e-01
5.733333333333333615e-01
5.899999999999999689e-01
6.433333333333334236e-01
6.266666666666667052e-01
5.699999999999999512e-01
1.466666666666666674e-01
3.233333333333333059e-01
2.000000000000000042e-02
0.000000000000000000e+00
1.466666666666666674e-01
7.666666666666666075e-02
4.133333333333333304e-01
1.300000000000000044e-01
4.199999999999999845e-01
3.666666666666666963e-01
3.533333333333333326e-01
4.999999999999999584e-02
1.300000000000000044e-01
2.533333333333333548e-01
4.000000000000000083e-02
6.666666666666666574e-02
1.366666666666666863e-01
4.000000000000000083e-02
3.300000000000000155e-01
2.466666666666666730e-01
6.666666666666667095e-03
3.500000000000000333e-01
8.300000000000000711e-01
4.333333333333333481e-01
5.333333333333333676e-02
8.333333333333332871e-02
8.666666666666666963e-02
3.966666666666666674e-01
3.233333333333333059e-01
1.283333333333333437e+00
2.233333333333333559e-01
6.666666666666667095e-03
1.233333333333333087e-01
0.000000000000000000e+00
4.000000000000000083e-02
2.000000000000000042e-02
2.000000000000000042e-02
9.999999999999999167e-02
5.000000000000000971e-02
1.099999999999999867e-01
2.600000000000000089e-01
4.166666666666666852e-01
7.900000000000000355e-01
1.166666666666666546e-01
2.566666666666666541e-01
6.666666666666666574e-02
2.833333333333333814e-01
1.000000000000000021e-02
7.500000000000000000e-01
1.333333333333333419e-02
2.466666666666666730e-01
6.333333333333333870e-02
2.066666666666666652e-01
2.399999999999999911e-01
6.933333333333333570e-01
3.433333333333333237e-01
3.433333333333332682e-01
6.666666666666667095e-03
1.199999999999999956e-01
2.333333333333333093e-02
3.000000000000000236e-02
6.666666666666667095e-03
3.333333333333333547e-03
0.000000000000000000e+00
6.333333333333333870e-02
2.366666666666666641e-01
1.266666666666666774e-01
1.833333333333333204e-01
1.833333333333333481e-01
3.966666666666666674e-01
1.000000000000000021e-02
1.266666666666666774e-01
2.766666666666666718e-01
7.666666666666666075e-01
4.433333333333333570e-01
1.566666666666666485e-01
1.000000000000000021e-02
1.700000000000000122e-01
7.433333333333332904e-01
1.600000000000000033e-01
1.206666666666666776e+00
2.500000000000000000e-01
1.666666666666666644e-02
7.666666666666666075e-02
9.666666666666667851e-02
0.000000000000000000e+00
8.333333333333332871e-02
8.666666666666666963e-02
4.000000000000000083e-02
7.333333333333333370e-02
3.333333333333333547e-03
6.999999999999999278e-02
1.333333333333333419e-02
3.033333333333332882e-01
1.633333333333333304e-01
3.800000000000000600e-01
2.099999999999999922e-01
2.800000000000000266e-01
4.299999999999999933e-01
1.566666666666666485e-01
1.033333333333333326e-01
2.333333333333333440e-02
2.666666666666666838e-02
8.333333333333332871e-02
4.666666666666666879e-02
2.433333333333333182e-01
4.400000000000000022e-01
1.230000000000000204e+00
1.173333333333333339e+00
3.266666666666666607e-01
2.999999999999999889e-02
0.000000000000000000e+00
6.666666666666667095e-03
0.000000000000000000e+00
0.000000000000000000e+00
5.333333333333333259e-01
7.200000000000000844e-01
3.066666666666666430e-01
1.349999999999999867e+00
9.400000000000000577e-01
7.333333333333333370e-02
8.366666666666665586e-01
1.366666666666666863e-01
3.500000000000000333e-01
1.233333333333333365e-01
9.000000000000001055e-02
7.866666666666666252e-01
1.966666666666666563e-01
3.133333333333332971e-01
3.300000000000000155e-01
3.333333333333333547e-03
6.333333333333333870e-02
3.533333333333333326e-01
1.026666666666666616e+00
3.266666666666666607e-01
1.113333333333333286e+00
1.709999999999999964e+00
