1.776666666666666616e+00
1.900000000000000300e-01
1.443333333333333357e+00
5.800000000000000711e-01
2.766666666666666718e-01
5.466666666666667451e-01
4.633333333333333748e-01
2.999999999999999889e-02
5.666666666666667074e-02
7.333333333333334758e-02
2.216666666666666785e+00
8.166666666666667629e-01
6.666666666666667095e-03
8.333333333333332871e-02
3.866666666666666585e-01
2.733333333333333726e-01
5.999999999999999778e-02
1.956666666666666776e+00
4.966666666666666452e-01
1.296666666666666634e+00
3.033333333333333437e-01
7.233333333333332726e-01
2.033333333333333215e+00
8.033333333333333437e-01
1.576666666666666883e+00
4.833333333333333370e-01
3.466666666666666785e-01
2.800000000000000266e-01
1.903333333333333321e+00
2.666666666666666630e-01
1.333333333333333419e-02
1.200000000000000094e-01
2.233333333333332948e+00
9.666666666666667851e-02
1.666666666666666644e-02
1.333333333333333419e-02
1.133333333333333276e-01
1.066666666666666735e-01
3.333333333333333287e-02
1.666666666666666574e-01
1.656666666666666510e+00
1.466666666666666952e-01
9.199999999999999289e-01
3.366666666666666696e-01
1.573333333333333472e+00
2.399999999999999911e-01
7.166666666666666741e-01
3.633333333333332860e-01
7.400000000000001021e-01
1.783333333333333215e+00
1.416666666666666741e+00
1.566666666666666652e+00
2.366666666666666641e-01
3.233333333333333059e-01
1.933333333333333570e+00
1.133333333333333276e-01
4.366666666666667029e-01
9.933333333333332904e-01
2.733333333333333726e-01
1.633333333333333304e-01
1.566666666666666485e-01
1.133333333333333415e-01
1.023333333333333206e+00
1.066666666666666735e-01
1.173333333333333339e+00
9.000000000000001055e-02
7.666666666666667462e-02
1.666666666666666574e-01
6.333333333333333870e-02
1.129999999999999893e+00
2.099999999999999645e-01
1.133333333333333276e-01
1.100000000000000006e-01
1.196666666666666545e+00
3.433333333333332682e-01
1.026666666666666838e+00
2.133333333333333470e-01
6.400000000000000133e-01
1.099999999999999867e-01
7.666666666666666075e-02
1.766666666666666663e-01
1.286666666666666625e+00
1.600000000000000033e-01
1.996666666666666812e+00
5.566666666666666430e-01
1.910000000000000142e+00
3.666666666666666963e-01
1.033333333333333465e-01
8.866666666666667140e-01
1.500000000000000222e-01
1.233333333333333365e-01
2.399999999999999911e-01
2.999999999999999889e-01
1.666666666666666644e-02
7.333333333333333370e-02
2.166666666666666741e-01
3.933333333333333126e-01
6.133333333333333970e-01
8.666666666666666963e-01
1.610000000000000098e+00
8.566666666666665764e-01
1.950000000000000178e+00
2.500000000000000000e-01
1.033333333333333326e-01
1.006666666666666599e+00
1.899999999999999745e-01
0.000000000000000000e+00
4.333333333333333481e-02
2.666666666666666838e-02
9.000000000000001055e-02
9.333333333333333759e-02
2.166666666666666741e-01
1.733333333333333393e-01
7.533333333333334103e-01
2.933333333333333903e-01
2.066666666666666652e-01
2.700000000000000178e-01
2.099999999999999922e-01
2.366666666666666641e-01
3.066666666666666430e-01
2.133333333333333470e-01
4.066666666666666763e-01
2.166666666666666741e-01
1.899999999999999745e-01
1.966666666666666841e-01
2.099999999999999922e-01
7.333333333333331983e-02
3.666666666666666963e-01
1.866666666666666474e-01
2.299999999999999822e-01
1.849999999999999867e+00
1.639999999999999902e+00
2.999999999999999889e-01
2.600000000000000089e-01
1.426666666666666750e+00
2.700000000000000178e-01
2.399999999999999911e-01
3.566666666666666874e-01
4.199999999999999289e-01
6.633333333333332194e-01
1.550000000000000044e+00
