1.193333333333333357e+00
1.966666666666666841e-01
5.366666666666666252e-01
9.000000000000000222e-01
3.433333333333333237e-01
2.533333333333333548e-01
1.410000000000000142e+00
4.599999999999999645e-01
4.133333333333333304e-01
2.433333333333333182e-01
1.099999999999999867e+00
2.633333333333333637e-01
1.033333333333333326e-01
5.666666666666666380e-02
3.666666666666666685e-02
6.099999999999999867e-01
3.333333333333333547e-03
2.999999999999999889e-02
5.000000000000000971e-02
7.000000000000000666e-02
6.666666666666667095e-03
1.666666666666666644e-02
5.333333333333333259e-01
2.666666666666666838e-02
1.300000000000000044e-01
1.133333333333333276e-01
2.833333333333333259e-01
1.166666666666666546e-01
1.363333333333333286e+00
2.773333333333333428e+00
