9.766666666666665719e-01
4.333333333333333481e-01
5.866666666666666696e-01
7.700000000000000178e-01
1.533333333333333215e-01
4.433333333333333015e-01
1.533333333333333215e-01
3.333333333333333287e-02
1.236666666666666581e+00
3.333333333333333148e-01
1.633333333333333304e-01
5.999999999999999778e-02
3.899999999999999578e-01
1.526666666666666616e+00
5.000000000000000971e-02
3.799999999999999489e-01
1.266666666666666774e-01
7.900000000000000355e-01
3.433333333333333237e-01
1.940000000000000169e+00
2.066666666666666652e-01
2.333333333333333440e-02
8.000000000000000167e-02
4.333333333333333481e-02
3.500000000000000333e-01
8.666666666666666963e-02
8.000000000000000167e-02
2.666666666666666838e-02
1.666666666666666644e-02
7.333333333333333370e-02
5.000000000000000971e-02
1.000000000000000021e-02
2.000000000000000042e-02
2.000000000000000042e-02
0.000000000000000000e+00
1.000000000000000021e-02
6.666666666666667095e-03
3.666666666666667379e-02
2.999999999999999889e-02
8.333333333333332871e-02
2.999999999999999889e-02
2.999999999999999889e-02
1.300000000000000044e-01
4.066666666666666763e-01
6.333333333333333037e-01
2.999999999999999889e-01
