9.100000000000000311e-01
7.633333333333333082e-01
0.000000000000000000e+00
5.000000000000000971e-02
2.533333333333333548e-01
1.000000000000000000e+00
1.133333333333333415e-01
1.333333333333333419e-02
6.333333333333333870e-02
1.433333333333333404e-01
1.933333333333333570e-01
5.333333333333334370e-02
1.376666666666666705e+00
7.399999999999998801e-01
2.066666666666666652e-01
3.999999999999999667e-01
2.120000000000000107e+00
1.266666666666666774e-01
8.900000000000000133e-01
2.233333333333333004e-01
8.333333333333332871e-02
0.000000000000000000e+00
7.333333333333334758e-02
3.566666666666666319e-01
1.000000000000000021e-02
1.333333333333333419e-02
1.000000000000000021e-02
1.233333333333333365e-01
1.156666666666666732e+00
1.666666666666666644e-02
8.333333333333332871e-02
7.866666666666666252e-01
1.000000000000000021e-02
2.000000000000000042e-02
3.333333333333333547e-03
4.633333333333333748e-01
1.233333333333333365e-01
1.000000000000000021e-02
1.566666666666666485e-01
1.400000000000000133e-01
3.666666666666666963e-01
2.233333333333333559e-01
2.666666666666666838e-02
1.199999999999999956e-01
1.266666666666666607e+00
8.666666666666666963e-02
1.499999999999999944e-01
1.300000000000000044e-01
1.066666666666666735e-01
6.666666666666667095e-03
4.499999999999999556e-01
2.666666666666666838e-02
2.000000000000000042e-02
0.000000000000000000e+00
3.333333333333333547e-03
4.333333333333333481e-02
7.533333333333332993e-01
2.066666666666666652e-01
6.133333333333333970e-01
4.000000000000000083e-02
5.666666666666667074e-02
9.566666666666666652e-01
7.633333333333333082e-01
1.333333333333333419e-02
2.699999999999999623e-01
3.099999999999999978e-01
1.036666666666666847e+00
7.666666666666666075e-02
6.333333333333333870e-02
2.666666666666666838e-02
1.700000000000000122e-01
2.466666666666666730e-01
1.133333333333333276e-01
1.663333333333333330e+00
1.036666666666666625e+00
8.333333333333332871e-02
1.733333333333333393e-01
1.666666666666666741e+00
1.600000000000000033e-01
5.633333333333333526e-01
1.133333333333333276e-01
1.000000000000000021e-02
1.000000000000000021e-02
1.266666666666666774e-01
4.633333333333333748e-01
2.000000000000000042e-02
4.666666666666666879e-02
1.666666666666666644e-02
1.266666666666666496e-01
8.133333333333333526e-01
8.000000000000000167e-02
5.333333333333333676e-02
9.700000000000000844e-01
1.166666666666666546e-01
4.000000000000000083e-02
1.199999999999999956e-01
8.966666666666666119e-01
4.066666666666666763e-01
0.000000000000000000e+00
2.666666666666666838e-02
1.433333333333333404e-01
3.733333333333332948e-01
1.166666666666666546e-01
5.999999999999999778e-02
1.366666666666666863e-01
1.580000000000000071e+00
4.666666666666666879e-02
8.666666666666666963e-02
9.333333333333333759e-02
3.000000000000000236e-02
3.333333333333333547e-03
5.133333333333333082e-01
2.000000000000000042e-02
3.666666666666666685e-02
1.000000000000000021e-02
2.000000000000000042e-02
7.333333333333333370e-02
1.183333333333333348e+00
1.533333333333333215e-01
9.966666666666667007e-01
1.099999999999999867e-01
2.266666666666666552e-01
