8.100000000000000533e-01
7.733333333333333171e-01
6.633333333333334414e-01
2.000000000000000389e-01
3.233333333333333059e-01
9.333333333333332371e-01
5.833333333333333703e-01
1.333333333333333419e-02
2.333333333333333440e-02
1.469999999999999973e+00
1.250000000000000000e+00
4.333333333333333481e-02
5.466666666666667451e-01
5.999999999999999778e-02
6.666666666666667095e-03
9.266666666666667496e-01
2.066666666666666652e-01
1.233333333333333365e-01
1.166666666666666546e-01
2.266666666666666552e-01
1.043333333333333224e+00
1.833333333333333481e-01
1.766666666666666663e-01
5.933333333333333792e-01
6.466666666666666119e-01
8.866666666666667140e-01
3.933333333333333681e-01
1.583333333333333259e+00
4.266666666666666941e-01
3.333333333333333547e-03
6.000000000000000472e-02
2.333333333333333440e-02
3.333333333333333547e-03
4.999999999999999584e-02
0.000000000000000000e+00
3.799999999999999489e-01
9.999999999999999167e-02
6.000000000000000472e-02
5.733333333333333615e-01
9.066666666666667318e-01
1.426666666666666750e+00
7.733333333333334281e-01
2.299999999999999822e-01
4.000000000000000083e-02
4.333333333333333481e-02
2.133333333333332915e-01
0.000000000000000000e+00
6.333333333333333870e-02
1.900000000000000300e-01
2.833333333333333259e-01
2.566666666666666541e-01
8.599999999999999867e-01
5.400000000000000355e-01
5.999999999999999778e-02
4.133333333333333304e-01
1.253333333333333410e+00
1.750000000000000000e+00
1.800000000000000211e-01
2.000000000000000042e-02
5.133333333333333082e-01
2.333333333333333440e-02
1.233333333333333365e-01
1.456666666666666776e+00
1.333333333333333315e-01
1.066666666666666735e-01
8.333333333333332871e-02
2.966666666666666896e-01
2.299999999999999822e-01
2.699999999999999623e-01
8.000000000000000167e-02
1.166666666666666546e-01
6.866666666666666474e-01
1.830000000000000071e+00
1.169999999999999929e+00
4.333333333333333481e-02
3.166666666666667074e-01
6.566666666666666208e-01
1.233333333333333365e-01
7.000000000000000666e-01
3.233333333333333615e-01
5.999999999999999778e-02
1.666666666666666644e-02
4.500000000000000111e-01
4.333333333333333481e-02
0.000000000000000000e+00
1.166666666666666824e-01
1.169999999999999929e+00
1.666666666666666644e-02
0.000000000000000000e+00
4.933333333333333459e-01
6.333333333333333870e-02
2.333333333333333440e-02
1.666666666666666574e-01
3.933333333333333126e-01
9.033333333333333215e-01
1.999999999999999833e-01
4.666666666666666186e-01
7.133333333333333748e-01
3.066666666666666430e-01
5.999999999999999778e-02
7.000000000000000666e-02
5.566666666666666430e-01
6.666666666666667095e-03
0.000000000000000000e+00
2.000000000000000389e-01
9.233333333333333393e-01
0.000000000000000000e+00
3.266666666666666607e-01
9.666666666666667851e-02
6.333333333333333870e-02
1.000000000000000021e-02
7.666666666666666075e-01
2.433333333333333182e-01
8.866666666666667140e-01
3.266666666666666607e-01
2.783333333333333215e+00
2.973333333333333162e+00
2.943333333333333357e+00
6.866666666666665364e-01
6.666666666666666297e-01
2.033333333333333381e-01
2.766666666666666718e-01
2.999999999999999889e-01
3.166666666666666519e-01
2.700000000000000178e-01
3.866666666666667140e-01
1.133333333333333415e-01
4.333333333333333481e-02
6.733333333333333393e-01
1.566666666666666652e+00
1.900000000000000300e-01
2.633333333333333637e-01
1.286666666666666625e+00
8.000000000000000167e-02
1.266666666666666774e-01
1.633333333333333304e-01
1.733333333333333393e-01
1.233333333333333365e-01
7.799999999999999156e-01
1.600000000000000033e-01
5.866666666666667806e-01
1.300000000000000044e-01
6.899999999999999467e-01
1.353333333333333499e+00
3.333333333333333287e-02
7.000000000000000666e-02
0.000000000000000000e+00
2.200000000000000011e-01
1.199999999999999956e-01
2.300000000000000100e-01
5.999999999999999778e-02
6.666666666666667095e-03
6.666666666666667095e-03
2.166666666666666741e-01
7.333333333333334758e-02
7.666666666666666075e-02
1.866666666666666752e-01
7.299999999999999822e-01
1.423333333333333561e+00
7.666666666666667462e-02
0.000000000000000000e+00
3.666666666666666963e-01
3.333333333333333547e-03
2.666666666666666838e-02
0.000000000000000000e+00
6.833333333333332371e-01
7.000000000000000666e-02
0.000000000000000000e+00
5.999999999999999778e-01
3.366666666666666696e-01
1.000000000000000021e-02
1.766666666666666663e-01
4.633333333333333193e-01
1.666666666666666644e-02
9.333333333333334592e-01
1.013333333333333419e+00
2.666666666666666838e-02
1.899999999999999745e-01
8.033333333333333437e-01
2.166666666666666741e-01
1.666666666666666574e-01
1.333333333333333419e-02
1.666666666666666644e-02
6.666666666666666574e-02
1.900000000000000300e-01
5.666666666666666380e-02
4.166666666666666852e-01
3.233333333333333059e-01
9.900000000000001021e-01
2.033333333333333381e-01
2.066666666666666652e-01
9.333333333333333759e-02
1.466666666666666674e-01
1.066666666666666735e-01
9.300000000000000488e-01
3.066666666666666430e-01
8.900000000000000133e-01
3.200000000000000067e-01
1.433333333333333404e-01
1.949999999999999956e+00
1.013333333333333419e+00
2.200000000000000011e-01
1.566666666666666652e+00
4.133333333333333304e-01
5.333333333333333676e-02
2.000000000000000042e-02
2.666666666666666838e-02
2.333333333333333440e-02
5.833333333333333703e-01
2.000000000000000042e-02
4.000000000000000083e-02
1.433333333333333404e-01
2.666666666666666838e-02
2.333333333333333440e-02
1.400000000000000133e-01
2.866666666666666252e-01
1.000000000000000194e-01
1.219999999999999973e+00
1.100000000000000006e-01
7.433333333333332904e-01
5.666666666666667074e-02
6.666666666666666574e-02
0.000000000000000000e+00
2.333333333333333440e-02
0.000000000000000000e+00
5.666666666666667074e-02
6.666666666666667095e-03
3.666666666666666408e-01
2.999999999999999889e-02
3.533333333333333326e-01
1.666666666666666644e-02
4.000000000000000083e-02
2.099999999999999922e-01
1.603333333333333499e+00
2.833333333333333814e-01
1.800000000000000211e-01
1.700000000000000122e-01
1.199999999999999956e+00
1.559999999999999831e+00
8.666666666666666963e-02
6.233333333333334059e-01
2.433333333333333182e-01
5.000000000000000971e-02
8.000000000000000167e-02
9.000000000000001055e-02
2.099999999999999922e-01
6.666666666666666574e-02
6.833333333333332371e-01
4.666666666666666186e-01
7.333333333333331983e-02
9.999999999999999167e-02
7.333333333333334758e-02
6.666666666666666297e-01
1.333333333333333419e-02
8.333333333333332871e-02
2.733333333333333726e-01
3.366666666666666696e-01
2.176666666666666750e+00
