9.533333333333334769e-01
1.639999999999999902e+00
5.033333333333332993e-01
4.799999999999999822e-01
1.000000000000000021e-02
1.476666666666666794e+00
5.000000000000000971e-02
1.600000000000000033e-01
1.003333333333333188e+00
1.433333333333333404e-01
1.110000000000000098e+00
1.000000000000000021e-02
1.400000000000000133e-01
3.333333333333333547e-03
1.063333333333333464e+00
2.299999999999999822e-01
1.083333333333333259e+00
1.133333333333333276e-01
2.033333333333333381e-01
6.333333333333333870e-02
5.999999999999999778e-02
7.733333333333333171e-01
4.233333333333333393e-01
9.999999999999999167e-02
4.900000000000000466e-01
1.466666666666666674e-01
1.026666666666666616e+00
3.333333333333333287e-02
9.000000000000001055e-02
1.846666666666666679e+00
1.633333333333333304e-01
9.233333333333333393e-01
3.200000000000000067e-01
8.533333333333333881e-01
9.033333333333333215e-01
1.000000000000000021e-02
3.033333333333333437e-01
1.040000000000000036e+00
5.933333333333333792e-01
5.666666666666665408e-01
2.666666666666666838e-02
8.533333333333333881e-01
6.666666666666667095e-03
1.000000000000000194e-01
1.000000000000000021e-02
1.966666666666666563e-01
4.199999999999999845e-01
6.500000000000000222e-01
2.366666666666666641e-01
1.933333333333333570e-01
3.633333333333333415e-01
1.866666666666666752e-01
1.533333333333333215e+00
1.166666666666666824e-01
1.669999999999999929e+00
