4.466666666666666008e-01
6.766666666666667496e-01
1.260000000000000009e+00
3.733333333333332948e-01
3.566666666666666874e-01
6.066666666666665764e-01
4.366666666666667029e-01
1.066666666666666458e-01
7.333333333333334758e-02
1.040000000000000036e+00
3.333333333333333148e-01
1.533333333333333492e-01
9.666666666666667851e-02
2.333333333333333440e-02
2.000000000000000042e-02
1.233333333333333393e+00
2.500000000000000000e-01
0.000000000000000000e+00
3.466666666666666785e-01
1.000000000000000021e-02
9.000000000000000222e-01
5.999999999999999778e-02
7.733333333333333171e-01
0.000000000000000000e+00
5.666666666666666380e-02
1.866666666666666752e-01
2.799999999999999711e-01
1.666666666666666644e-02
1.966666666666666841e-01
2.766666666666666718e-01
9.833333333333333925e-01
9.999999999999999167e-02
2.533333333333333548e-01
0.000000000000000000e+00
1.316666666666666652e+00
0.000000000000000000e+00
4.000000000000000083e-02
0.000000000000000000e+00
5.333333333333333676e-02
3.333333333333333547e-03
3.333333333333333547e-03
2.333333333333333440e-02
1.166666666666666546e-01
5.800000000000000711e-01
4.000000000000000083e-02
2.399999999999999911e-01
1.766666666666666663e-01
3.300000000000000155e-01
1.433333333333333404e-01
4.566666666666667207e-01
4.000000000000000083e-02
6.999999999999999278e-02
1.766666666666666663e-01
4.166666666666666852e-01
2.000000000000000042e-02
1.436666666666666758e+00
2.333333333333333440e-02
5.000000000000000971e-02
3.333333333333333547e-03
9.000000000000001055e-02
6.666666666666667095e-03
5.666666666666666380e-02
1.070000000000000062e+00
2.333333333333333440e-02
1.000000000000000021e-02
1.033333333333333465e-01
9.000000000000001055e-02
1.383333333333333526e+00
1.000000000000000021e-02
9.466666666666666563e-01
2.700000000000000178e-01
2.500000000000000000e-01
2.500000000000000000e-01
1.866666666666666752e-01
1.600000000000000033e-01
4.833333333333333370e-01
3.666666666666667379e-02
2.333333333333333093e-02
8.666666666666666963e-02
4.000000000000000083e-02
6.666666666666667095e-03
1.466666666666666674e-01
2.333333333333333440e-02
8.433333333333332682e-01
0.000000000000000000e+00
2.133333333333333470e-01
1.600000000000000033e-01
9.599999999999999645e-01
1.000000000000000021e-02
5.666666666666667629e-01
1.000000000000000021e-02
1.600000000000000033e-01
0.000000000000000000e+00
1.666666666666666644e-02
0.000000000000000000e+00
8.000000000000000167e-02
1.000000000000000021e-02
1.626666666666666705e+00
1.266666666666666774e-01
1.233333333333333365e-01
9.333333333333333759e-02
0.000000000000000000e+00
9.566666666666666652e-01
4.833333333333333370e-01
9.999999999999999167e-02
1.133333333333333415e-01
1.066666666666666735e-01
1.110000000000000098e+00
1.000000000000000021e-02
1.083333333333333259e+00
1.133333333333333276e-01
1.133333333333333276e-01
2.229999999999999982e+00
2.033333333333333215e+00
