7.133333333333333748e-01
5.399999999999999245e-01
3.033333333333333437e-01
2.033333333333333381e-01
2.200000000000000011e-01
2.033333333333333381e-01
2.800000000000000266e-01
1.133333333333333276e-01
1.626666666666666705e+00
1.800000000000000044e+00
1.666666666666666574e-01
2.166666666666666741e-01
1.199999999999999956e+00
1.099999999999999867e-01
5.666666666666666380e-02
1.233333333333333393e+00
6.933333333333333570e-01
1.333333333333333419e-02
4.333333333333333481e-02
1.026666666666666616e+00
2.566666666666666541e-01
7.666666666666667462e-02
2.399999999999999911e-01
1.600000000000000033e-01
6.833333333333332371e-01
8.933333333333334236e-01
1.066666666666666652e+00
4.633333333333333193e-01
7.000000000000000666e-02
2.153333333333332877e+00
1.860000000000000098e+00
1.500000000000000222e-01
1.653333333333333321e+00
6.666666666666666574e-02
3.333333333333333547e-03
0.000000000000000000e+00
1.333333333333333419e-02
0.000000000000000000e+00
0.000000000000000000e+00
0.000000000000000000e+00
1.293333333333333224e+00
1.266666666666666774e-01
6.666666666666666574e-02
1.536666666666666847e+00
4.166666666666666852e-01
2.000000000000000042e-02
1.120000000000000107e+00
1.419999999999999929e+00
2.333333333333333440e-02
2.999999999999999889e-02
1.309999999999999831e+00
1.566666666666666485e-01
6.666666666666667095e-03
8.133333333333334636e-01
7.500000000000000000e-01
2.199999999999999734e-01
1.766666666666666663e-01
1.733333333333333393e-01
8.333333333333333703e-01
7.766666666666667274e-01
1.499999999999999944e-01
1.499999999999999944e-01
1.030000000000000027e+00
7.333333333333333370e-02
1.633333333333333304e-01
1.333333333333333315e-01
1.060000000000000053e+00
1.750000000000000000e+00
9.666666666666667851e-02
2.900000000000000355e-01
6.466666666666666119e-01
1.766666666666666663e-01
3.333333333333333547e-03
2.999999999999999889e-01
6.133333333333332860e-01
0.000000000000000000e+00
0.000000000000000000e+00
1.073333333333333250e+00
9.000000000000001055e-02
1.333333333333333419e-02
7.000000000000000666e-02
6.666666666666666574e-02
8.666666666666666963e-02
9.333333333333332371e-01
8.233333333333332504e-01
1.600000000000000033e-01
1.333333333333333419e-02
2.883333333333333304e+00
1.413333333333333330e+00
9.333333333333332371e-02
4.400000000000000022e-01
2.033333333333333381e-01
0.000000000000000000e+00
0.000000000000000000e+00
0.000000000000000000e+00
0.000000000000000000e+00
8.000000000000000167e-02
2.333333333333333440e-02
7.200000000000000844e-01
3.600000000000000422e-01
1.290000000000000036e+00
5.666666666666666519e-01
8.466666666666666785e-01
3.333333333333333547e-03
1.449999999999999956e+00
1.303333333333333455e+00
4.000000000000000083e-02
2.333333333333333093e-02
4.400000000000000022e-01
2.666666666666666838e-02
5.333333333333333676e-02
8.966666666666666119e-01
6.899999999999999467e-01
5.100000000000000089e-01
1.300000000000000044e-01
3.066666666666666430e-01
3.300000000000000155e-01
1.266666666666666774e-01
1.933333333333333293e-01
2.166666666666666741e-01
2.466666666666666730e-01
1.900000000000000300e-01
5.666666666666666519e-01
1.113333333333333286e+00
