1.010000000000000009e+00
1.006666666666666599e+00
1.090000000000000080e+00
1.193333333333333357e+00
6.666666666666667095e-03
3.433333333333333237e-01
6.466666666666667229e-01
1.333333333333333419e-02
0.000000000000000000e+00
1.233333333333333365e-01
9.100000000000000311e-01
1.000000000000000021e-02
2.999999999999999889e-02
2.733333333333333726e-01
1.313333333333333242e+00
1.290000000000000036e+00
9.000000000000001055e-02
2.666666666666666630e-01
5.366666666666667362e-01
1.066666666666666735e-01
0.000000000000000000e+00
2.733333333333333726e-01
5.066666666666667096e-01
3.333333333333333547e-03
4.000000000000000083e-02
5.466666666666667451e-01
3.166666666666666519e-01
6.699999999999999289e-01
