2.810000000000000053e+00
6.866666666666666474e-01
6.866666666666666474e-01
7.200000000000000844e-01
8.666666666666666963e-01
2.300000000000000100e-01
3.600000000000000422e-01
2.933333333333332793e-01
6.666666666666666574e-02
4.199999999999999845e-01
1.933333333333333570e-01
0.000000000000000000e+00
8.666666666666666963e-02
7.333333333333333370e-02
1.033333333333333326e-01
1.260000000000000009e+00
3.966666666666666674e-01
1.333333333333333419e-02
3.666666666666666685e-02
6.666666666666667095e-03
6.199999999999999956e-01
8.666666666666666963e-02
4.000000000000000083e-02
1.000000000000000021e-02
2.533333333333333548e-01
2.800000000000000266e-01
2.199999999999999734e-01
1.266666666666666774e-01
1.440000000000000169e+00
1.300000000000000044e-01
1.133333333333333276e-01
7.666666666666667462e-02
1.300000000000000044e-01
1.666666666666666574e-01
3.333333333333333287e-02
3.099999999999999978e-01
1.866666666666666474e-01
1.000000000000000021e-02
3.333333333333333287e-02
0.000000000000000000e+00
2.333333333333333440e-02
3.333333333333333547e-03
2.333333333333333440e-02
9.666666666666666741e-01
1.916666666666666741e+00
0.000000000000000000e+00
6.899999999999999467e-01
1.233333333333333365e-01
2.899999999999999800e-01
1.666666666666666644e-02
1.066666666666666458e-01
1.800000000000000211e-01
4.333333333333333481e-02
1.666666666666666644e-02
1.566666666666666485e-01
7.333333333333333370e-02
1.199999999999999956e-01
1.100000000000000006e-01
1.266666666666666774e-01
1.456666666666666776e+00
1.199999999999999956e-01
1.100000000000000006e-01
4.666666666666666879e-02
8.666666666666666963e-02
1.033333333333333326e-01
5.666666666666667629e-01
2.423333333333333339e+00
1.666666666666666574e-01
4.666666666666666879e-02
1.866666666666666474e-01
2.466666666666666730e-01
2.700000000000000178e-01
1.303333333333333455e+00
1.600000000000000033e-01
2.366666666666666641e-01
1.166666666666666741e+00
