6.333333333333333037e-01
2.466666666666666730e-01
2.533333333333333548e-01
1.433333333333333404e-01
7.866666666666666252e-01
7.133333333333332638e-01
2.033333333333333381e-01
1.966666666666666841e-01
6.566666666666666208e-01
5.999999999999999778e-01
0.000000000000000000e+00
2.433333333333333182e-01
1.410000000000000142e+00
1.066666666666666735e-01
1.666666666666666644e-02
6.899999999999999467e-01
2.966666666666666341e-01
4.000000000000000083e-02
6.999999999999999278e-02
3.099999999999999978e-01
2.460000000000000409e+00
1.026666666666666616e+00
2.999999999999999889e-02
8.666666666666666963e-02
0.000000000000000000e+00
9.133333333333334414e-01
1.033333333333333326e-01
5.566666666666667540e-01
1.173333333333333339e+00
0.000000000000000000e+00
7.333333333333333370e-02
7.333333333333333370e-02
8.533333333333333881e-01
4.666666666666666879e-02
2.000000000000000389e-01
1.133333333333333276e-01
1.900000000000000300e-01
0.000000000000000000e+00
9.500000000000000666e-01
2.163333333333333552e+00
1.933333333333333293e-01
8.866666666666667140e-01
4.266666666666666941e-01
4.866666666666666363e-01
3.533333333333333326e-01
1.000000000000000021e-02
5.366666666666667362e-01
1.000000000000000021e-02
1.000000000000000021e-02
4.666666666666666879e-02
0.000000000000000000e+00
1.499999999999999944e-01
1.666666666666666644e-02
3.000000000000000236e-02
7.000000000000000666e-02
2.600000000000000089e-01
0.000000000000000000e+00
1.176666666666666750e+00
1.000000000000000194e-01
1.066666666666666735e-01
1.036666666666666847e+00
6.666666666666667095e-03
6.666666666666667095e-03
1.033333333333333326e-01
9.433333333333333570e-01
4.666666666666666186e-02
5.000000000000000971e-02
7.299999999999999822e-01
3.366666666666666696e-01
9.666666666666667851e-02
0.000000000000000000e+00
1.333333333333333419e-02
1.376666666666666705e+00
4.999999999999999584e-02
0.000000000000000000e+00
7.333333333333333370e-02
9.999999999999999167e-02
4.000000000000000083e-02
0.000000000000000000e+00
8.333333333333332871e-02
5.000000000000000000e-01
0.000000000000000000e+00
7.299999999999999822e-01
1.200000000000000094e-01
5.699999999999999512e-01
4.366666666666667029e-01
2.833333333333333814e-01
2.066666666666666652e-01
3.200000000000000067e-01
3.333333333333333547e-03
0.000000000000000000e+00
1.966666666666666563e-01
1.666666666666666644e-02
0.000000000000000000e+00
2.333333333333333440e-02
6.666666666666666574e-02
0.000000000000000000e+00
3.333333333333333547e-03
4.633333333333333748e-01
2.333333333333333648e-01
1.333333333333333419e-02
1.366666666666666863e-01
3.666666666666666685e-02
1.633333333333333304e-01
3.333333333333333287e-02
3.966666666666666674e-01
3.066666666666666985e-01
3.333333333333333287e-02
3.166666666666666519e-01
8.633333333333332860e-01
2.299999999999999822e-01
2.399999999999999911e-01
0.000000000000000000e+00
3.666666666666667379e-02
7.333333333333333925e-01
3.333333333333333287e-02
0.000000000000000000e+00
5.366666666666666252e-01
3.466666666666666785e-01
3.333333333333333547e-03
9.999999999999999167e-02
1.520000000000000240e+00
2.633333333333333637e-01
1.400000000000000133e-01
2.880000000000000338e+00
7.666666666666666075e-01
8.266666666666666607e-01
1.543333333333333224e+00
2.666666666666666838e-02
1.110000000000000098e+00
1.260000000000000009e+00
9.666666666666666463e-02
1.000000000000000021e-02
3.466666666666666785e-01
6.333333333333333037e-01
4.666666666666666879e-02
1.333333333333333419e-02
3.533333333333333326e-01
9.100000000000000311e-01
3.666666666666666685e-02
1.666666666666666644e-02
1.766666666666666663e-01
1.666666666666666574e-01
0.000000000000000000e+00
2.933333333333333903e-01
1.166666666666666546e-01
2.300000000000000100e-01
2.333333333333333440e-02
8.333333333333332871e-02
8.333333333333332871e-02
7.333333333333333370e-02
1.333333333333333315e-01
1.033333333333333326e-01
2.366666666666666641e-01
1.700000000000000122e-01
2.799999999999999711e-01
8.533333333333333881e-01
1.433333333333333404e-01
8.933333333333332016e-01
1.106666666666666687e+00
1.450000000000000178e+00
1.866666666666666752e-01
0.000000000000000000e+00
2.433333333333333182e-01
3.333333333333333287e-02
1.566666666666666485e-01
2.133333333333332915e-01
5.100000000000000089e-01
2.166666666666666463e-01
1.123333333333333295e+00
2.033333333333333215e+00
1.756666666666666599e+00
1.653333333333333321e+00
1.830000000000000071e+00
