6.266666666666665941e-01
2.366666666666666641e-01
1.513333333333333419e+00
3.666666666666666963e-01
6.633333333333333304e-01
2.999999999999999889e-01
5.433333333333333348e-01
4.566666666666667207e-01
1.900000000000000300e-01
1.383333333333333526e+00
2.566666666666666541e-01
1.449999999999999956e+00
6.766666666666667496e-01
1.366666666666666863e-01
1.466666666666666952e-01
2.069999999999999840e+00
1.633333333333333304e-01
1.666666666666666574e-01
4.766666666666666274e-01
3.200000000000000067e-01
1.833333333333333481e-01
7.333333333333333370e-02
1.266666666666666774e-01
1.223333333333333384e+00
3.266666666666666607e-01
1.086666666666666670e+00
6.166666666666666963e-01
1.113333333333333286e+00
4.666666666666666879e-02
1.366666666666666863e-01
3.333333333333333287e-02
7.299999999999999822e-01
3.166666666666666519e-01
1.433333333333333404e-01
5.066666666666667096e-01
6.333333333333333870e-02
9.333333333333333759e-02
2.000000000000000042e-02
1.000000000000000021e-02
1.733333333333333393e-01
2.666666666666666838e-02
2.533333333333333548e-01
2.166666666666666463e-01
7.299999999999999822e-01
7.000000000000000666e-02
1.053333333333333455e+00
1.330000000000000071e+00
1.433333333333333404e-01
9.599999999999999645e-01
1.119999999999999885e+00
6.666666666666667095e-03
4.599999999999999645e-01
1.499999999999999944e-01
1.166666666666666546e-01
5.333333333333333676e-02
9.333333333333333759e-02
1.186666666666666758e+00
5.000000000000000971e-02
2.200000000000000011e-01
1.066666666666666735e-01
7.000000000000000666e-02
1.300000000000000044e-01
5.333333333333333676e-02
4.333333333333333481e-02
1.433333333333333404e-01
2.466666666666666730e-01
1.866666666666666752e-01
8.666666666666666963e-02
2.099999999999999922e-01
2.999999999999999889e-01
3.333333333333333547e-03
2.299999999999999822e-01
6.666666666666667095e-03
2.666666666666666838e-02
9.666666666666666463e-02
3.466666666666666785e-01
3.433333333333333237e-01
2.633333333333333637e-01
4.199999999999999845e-01
8.333333333333333703e-01
1.766666666666666663e-01
8.666666666666666963e-02
1.639999999999999902e+00
2.900000000000000355e-01
3.600000000000000422e-01
1.233333333333333365e-01
1.833333333333333481e-01
5.666666666666665408e-01
3.333333333333333547e-03
3.433333333333332682e-01
5.733333333333332504e-01
2.266666666666666829e-01
8.233333333333332504e-01
2.653333333333333766e+00
