9.400000000000000577e-01
1.966666666666666563e-01
1.226666666666666572e+00
5.599999999999999423e-01
1.666666666666666574e-01
3.666666666666666685e-02
1.733333333333333393e-01
3.000000000000000236e-02
5.666666666666667074e-02
1.800000000000000211e-01
8.000000000000000167e-02
1.733333333333333393e-01
8.700000000000001066e-01
1.003333333333333410e+00
1.499999999999999944e-01
3.666666666666667379e-02
8.900000000000000133e-01
4.000000000000000083e-02
3.166666666666666519e-01
1.273333333333333428e+00
4.066666666666667318e-01
