6.433333333333334236e-01
4.666666666666666186e-01
2.999999999999999889e-02
1.633333333333333304e-01
1.533333333333333437e+00
8.000000000000000167e-02
7.666666666666666075e-02
4.866666666666666363e-01
1.499999999999999944e-01
1.366666666666666863e-01
3.333333333333333547e-03
4.999999999999999584e-02
2.999999999999999889e-02
1.266666666666666774e-01
3.666666666666666685e-02
1.566666666666666485e-01
8.833333333333333037e-01
6.666666666666667095e-03
3.499999999999999223e-01
1.206666666666666554e+00
1.073333333333333250e+00
0.000000000000000000e+00
3.666666666666667379e-02
3.333333333333333547e-03
2.666666666666666838e-02
8.000000000000000167e-02
6.333333333333333870e-02
7.000000000000000666e-02
2.033333333333333381e-01
9.999999999999999167e-02
5.399999999999999245e-01
1.300000000000000044e-01
1.073333333333333472e+00
6.800000000000000488e-01
4.000000000000000083e-02
6.666666666666666574e-02
3.233333333333333059e-01
2.999999999999999889e-02
6.666666666666666574e-02
3.666666666666666685e-02
6.666666666666667095e-03
3.333333333333333547e-03
2.666666666666666838e-02
8.000000000000000167e-02
0.000000000000000000e+00
0.000000000000000000e+00
1.666666666666666574e-01
5.666666666666666380e-02
6.666666666666666574e-02
7.366666666666666918e-01
4.733333333333333282e-01
5.999999999999999778e-02
6.499999999999999112e-01
2.366666666666666641e-01
5.299999999999999156e-01
4.000000000000000083e-02
1.800000000000000211e-01
1.366666666666666863e-01
4.666666666666666186e-01
1.116666666666666696e+00
2.133333333333332915e-01
6.099999999999999867e-01
1.666666666666666574e-01
6.666666666666666574e-02
5.233333333333333171e-01
1.566666666666666485e-01
1.833333333333333481e-01
1.033333333333333326e-01
1.733333333333333393e-01
2.833333333333332704e-01
4.000000000000000083e-02
2.503333333333333410e+00
7.366666666666666918e-01
1.233333333333333365e-01
1.166666666666666546e-01
1.333333333333333419e-02
4.666666666666666879e-02
2.000000000000000042e-02
3.333333333333333547e-03
2.333333333333333440e-02
3.499999999999999223e-01
2.366666666666666641e-01
1.733333333333333393e-01
4.000000000000000083e-02
3.166666666666666519e-01
7.966666666666665231e-01
1.133333333333333415e-01
6.666666666666667095e-03
0.000000000000000000e+00
1.066666666666666735e-01
2.999999999999999889e-02
0.000000000000000000e+00
1.333333333333333419e-02
1.233333333333333365e-01
6.666666666666666574e-02
3.133333333333333526e-01
3.066666666666666430e-01
3.166666666666667074e-01
4.733333333333333282e-01
5.666666666666667074e-02
3.899999999999999578e-01
2.666666666666666838e-02
1.000000000000000021e-02
8.666666666666666963e-02
1.033333333333333465e-01
2.000000000000000042e-02
1.000000000000000021e-02
1.966666666666666563e-01
1.766666666666666663e-01
1.400000000000000133e-01
6.666666666666667095e-03
1.199999999999999956e-01
3.133333333333333304e+00
1.033333333333333326e-01
2.933333333333333348e-01
2.166666666666666741e-01
6.999999999999999278e-02
4.199999999999999845e-01
1.133333333333333276e-01
4.333333333333333481e-02
1.333333333333333419e-02
1.199999999999999956e-01
8.333333333333333703e-01
9.000000000000001055e-02
0.000000000000000000e+00
3.766666666666666496e-01
1.266666666666666774e-01
4.000000000000000083e-02
1.766666666666666663e-01
1.559999999999999831e+00
1.043333333333333224e+00
2.133333333333333304e+00
6.666666666666667095e-03
4.899999999999999911e-01
8.000000000000000167e-02
3.666666666666666685e-02
2.333333333333333440e-02
1.933333333333333570e-01
1.143333333333333313e+00
1.933333333333333293e-01
7.333333333333333370e-02
4.366666666666667029e-01
2.066666666666666652e-01
5.333333333333334370e-02
1.499999999999999944e-01
6.800000000000000488e-01
6.999999999999999278e-02
1.000000000000000021e-02
1.333333333333333419e-02
3.666666666666666685e-02
0.000000000000000000e+00
2.666666666666666838e-02
3.433333333333333237e-01
0.000000000000000000e+00
0.000000000000000000e+00
3.066666666666666430e-01
2.833333333333333814e-01
1.000000000000000021e-02
5.466666666666667451e-01
3.966666666666666674e-01
1.333333333333333419e-02
9.000000000000001055e-02
0.000000000000000000e+00
0.000000000000000000e+00
6.666666666666667095e-03
0.000000000000000000e+00
1.066666666666666735e-01
1.333333333333333419e-02
5.533333333333333437e-01
1.233333333333333365e-01
1.466666666666666674e-01
4.699999999999999734e-01
1.330000000000000071e+00
3.633333333333333415e-01
8.333333333333333703e-01
1.479999999999999760e+00
1.123333333333333295e+00
8.833333333333333037e-01
1.443333333333333357e+00
3.333333333333333287e-02
3.600000000000000422e-01
2.366666666666666641e-01
9.000000000000001055e-02
1.499999999999999944e-01
9.000000000000001055e-02
9.333333333333333759e-02
8.666666666666666963e-02
6.666666666666667095e-03
8.399999999999999689e-01
4.266666666666666941e-01
1.306666666666666643e+00
5.099999999999998979e-01
8.000000000000000167e-02
1.800000000000000211e-01
3.300000000000000155e-01
1.266666666666666774e-01
4.033333333333333215e-01
8.566666666666667984e-01
1.933333333333333293e-01
2.333333333333333093e-02
9.000000000000001055e-02
2.633333333333333637e-01
0.000000000000000000e+00
1.000000000000000021e-02
1.729999999999999760e+00
8.333333333333332871e-02
2.333333333333333440e-02
6.933333333333333570e-01
