8.900000000000000133e-01
1.066666666666666458e-01
1.466666666666666397e-01
1.293333333333333224e+00
5.333333333333333676e-02
1.733333333333333393e-01
1.433333333333333404e-01
3.500000000000000333e-01
1.366666666666666863e-01
4.000000000000000083e-02
1.499999999999999944e-01
3.066666666666666985e-01
2.999999999999999889e-02
3.666666666666666685e-02
1.633333333333333304e-01
5.699999999999999512e-01
1.666666666666666644e-02
3.833333333333333037e-01
1.100000000000000006e-01
4.633333333333333193e-01
7.666666666666666075e-02
7.666666666666666075e-02
2.700000000000000178e-01
1.000000000000000021e-02
0.000000000000000000e+00
1.533333333333333215e-01
2.399999999999999911e-01
6.666666666666666574e-02
0.000000000000000000e+00
2.333333333333333093e-02
7.533333333333332993e-01
1.333333333333333419e-02
1.000000000000000021e-02
7.200000000000000844e-01
1.733333333333333393e-01
2.666666666666666630e-01
8.333333333333332871e-02
1.173333333333333339e+00
2.000000000000000042e-02
0.000000000000000000e+00
2.700000000000000178e-01
1.246666666666666812e+00
1.900000000000000300e-01
1.110000000000000098e+00
9.000000000000000222e-01
0.000000000000000000e+00
4.866666666666666363e-01
4.066666666666667318e-01
6.666666666666667095e-03
3.466666666666666785e-01
1.000000000000000194e-01
2.966666666666666896e-01
2.666666666666666838e-02
2.966666666666666896e-01
6.666666666666667095e-03
8.900000000000000133e-01
9.666666666666667851e-02
9.666666666666666463e-02
1.013333333333333419e+00
7.999999999999999334e-01
0.000000000000000000e+00
7.399999999999998801e-01
9.433333333333333570e-01
1.466666666666666674e-01
0.000000000000000000e+00
1.333333333333333419e-02
1.499999999999999944e-01
5.000000000000000971e-02
1.000000000000000021e-02
1.099999999999999867e-01
3.333333333333333287e-02
3.333333333333333547e-03
3.333333333333333547e-03
1.233333333333333365e-01
5.666666666666667074e-02
0.000000000000000000e+00
5.899999999999999689e-01
9.466666666666666563e-01
9.933333333333332904e-01
1.666666666666666644e-02
1.190000000000000169e+00
2.833333333333333814e-01
9.400000000000000577e-01
8.000000000000000167e-02
4.299999999999999933e-01
2.000000000000000042e-02
5.066666666666667096e-01
1.700000000000000122e-01
8.333333333333332871e-02
0.000000000000000000e+00
1.166666666666666546e-01
1.266666666666666774e-01
2.333333333333333440e-02
1.666666666666666644e-02
2.733333333333333726e-01
1.176666666666666750e+00
4.266666666666666941e-01
1.816666666666666430e+00
3.333333333333333287e-02
1.266666666666666774e-01
3.300000000000000155e-01
9.033333333333333215e-01
1.266666666666666774e-01
6.666666666666667095e-03
5.533333333333333437e-01
4.933333333333333459e-01
1.666666666666666644e-02
0.000000000000000000e+00
1.656666666666666510e+00
1.000000000000000021e-02
3.666666666666667379e-02
6.666666666666667095e-03
2.200000000000000011e-01
3.333333333333333287e-02
2.333333333333333440e-02
2.066666666666666652e-01
1.833333333333333204e-01
4.533333333333333104e-01
1.666666666666666574e-01
2.333333333333333648e-01
1.666666666666666574e-01
3.600000000000000422e-01
1.666666666666666644e-02
9.999999999999999167e-02
1.200000000000000094e-01
1.370000000000000107e+00
4.000000000000000083e-02
1.466666666666666397e-01
4.333333333333333481e-02
2.333333333333333440e-02
2.999999999999999889e-02
3.600000000000000422e-01
7.233333333333332726e-01
0.000000000000000000e+00
0.000000000000000000e+00
6.000000000000000888e-01
5.133333333333333082e-01
1.666666666666666644e-02
2.200000000000000011e-01
1.570000000000000062e+00
8.099999999999999423e-01
0.000000000000000000e+00
4.000000000000000083e-02
1.499999999999999944e-01
2.933333333333333348e-01
7.666666666666667462e-02
1.016666666666666607e+00
5.766666666666666607e-01
1.099999999999999867e-01
4.000000000000000083e-02
4.400000000000000022e-01
1.663333333333333330e+00
