9.366666666666666474e-01
5.966666666666665675e-01
1.086666666666666670e+00
9.000000000000001055e-02
1.333333333333333315e-01
1.043333333333333224e+00
4.633333333333333748e-01
2.003333333333333410e+00
2.009999999999999787e+00
8.133333333333333526e-01
1.133333333333333304e+00
7.099999999999999645e-01
2.999999999999999889e-02
1.309999999999999831e+00
1.033333333333333465e-01
8.000000000000000167e-02
1.133333333333333276e-01
7.799999999999999156e-01
1.419999999999999929e+00
1.233333333333333365e-01
8.333333333333332871e-02
3.166666666666666519e-01
4.999999999999999584e-02
5.000000000000000971e-02
6.666666666666667095e-03
1.070000000000000062e+00
8.366666666666665586e-01
5.666666666666667074e-02
3.300000000000000155e-01
1.353333333333333499e+00
9.000000000000001055e-02
1.176666666666666750e+00
4.000000000000000083e-02
1.066666666666666735e-01
2.033333333333333381e-01
2.286666666666667069e+00
2.833333333333333814e-01
1.033333333333333326e-01
3.400000000000000244e-01
5.166666666666667185e-01
1.686666666666666536e+00
6.666666666666667095e-03
1.106666666666666687e+00
1.693333333333333357e+00
7.599999999999998979e-01
4.266666666666666941e-01
1.799999999999999656e-01
6.099999999999999867e-01
1.700000000000000122e-01
3.300000000000000155e-01
2.866666666666666807e-01
1.900000000000000300e-01
1.866666666666666752e-01
1.210000000000000187e+00
8.666666666666666963e-02
4.333333333333333481e-02
1.600000000000000033e-01
3.933333333333333681e-01
1.966666666666666563e-01
2.666666666666666838e-02
3.933333333333333681e-01
3.799999999999999489e-01
3.933333333333333681e-01
1.333333333333333315e-01
8.833333333333333037e-01
5.000000000000000000e-01
1.333333333333333419e-02
5.333333333333333676e-02
3.133333333333333526e-01
1.100000000000000006e-01
6.666666666666667095e-03
2.000000000000000042e-02
4.599999999999999645e-01
6.366666666666667140e-01
2.333333333333333093e-02
6.133333333333332860e-01
2.426666666666666750e+00
5.933333333333333792e-01
2.450000000000000178e+00
2.833333333333333259e-01
4.833333333333333925e-01
3.033333333333333437e-01
1.433333333333333404e-01
1.700000000000000122e-01
1.426666666666666528e+00
9.166666666666666297e-01
5.000000000000000000e-01
1.850000000000000311e+00
2.766666666666666718e-01
2.533333333333333548e-01
8.566666666666667984e-01
1.596666666666666679e+00
5.266666666666667274e-01
7.966666666666667451e-01
1.083333333333333259e+00
5.966666666666666785e-01
9.333333333333332371e-02
8.333333333333332871e-02
1.450000000000000178e+00
2.533333333333333548e-01
3.933333333333333126e-01
1.166666666666666546e-01
7.533333333333332993e-01
5.000000000000000000e-01
2.933333333333333348e-01
2.000000000000000042e-02
2.333333333333333093e-01
9.666666666666667851e-02
6.333333333333333870e-02
0.000000000000000000e+00
1.610000000000000098e+00
1.153333333333333321e+00
4.000000000000000083e-02
1.366666666666666863e-01
1.256666666666666599e+00
1.700000000000000122e-01
1.476666666666666572e+00
1.000000000000000021e-02
1.333333333333333315e-01
6.033333333333333881e-01
1.440000000000000169e+00
2.533333333333333548e-01
6.366666666666666030e-01
3.666666666666665991e-02
2.500000000000000000e-01
4.666666666666666186e-01
3.299999999999999600e-01
2.396666666666666501e+00
1.693333333333333357e+00
3.499999999999999223e-01
6.566666666666666208e-01
2.399999999999999911e-01
2.999999999999999889e-02
2.666666666666666630e-01
1.400000000000000133e-01
4.899999999999999911e-01
5.566666666666666430e-01
3.333333333333333547e-03
1.786666666666666403e+00
1.000000000000000021e-02
5.666666666666667074e-02
6.500000000000000222e-01
1.446666666666666545e+00
5.666666666666667074e-02
8.333333333333332871e-02
9.400000000000000577e-01
2.133333333333332915e-01
1.226666666666666572e+00
2.399999999999999911e-01
1.366666666666666863e-01
2.999999999999999889e-01
1.333333333333333419e-02
2.999999999999999889e-02
8.666666666666666963e-02
1.999999999999999833e-01
9.666666666666667851e-02
1.866666666666666474e-01
3.466666666666666785e-01
4.500000000000000111e-01
2.899999999999999800e-01
3.333333333333333148e-01
1.669999999999999929e+00
4.299999999999999933e-01
1.743333333333333401e+00
3.600000000000000422e-01
9.666666666666666741e-01
4.599999999999999645e-01
3.500000000000000333e-01
2.933333333333333903e-01
2.626666666666666927e+00
1.300000000000000044e+00
1.030000000000000027e+00
1.683333333333333348e+00
4.299999999999999933e-01
6.066666666666666874e-01
6.199999999999999956e-01
1.020000000000000018e+00
1.726666666666666572e+00
1.403333333333333321e+00
1.556666666666666643e+00
1.899999999999999745e-01
7.533333333333334103e-01
1.366666666666666863e-01
2.099999999999999645e-01
7.333333333333334758e-02
1.366666666666666585e-01
1.966666666666666563e-01
1.596666666666666679e+00
9.799999999999999822e-01
2.999999999999999889e-01
1.666666666666666644e-02
5.933333333333333792e-01
5.666666666666666380e-02
0.000000000000000000e+00
6.666666666666666574e-02
9.833333333333332815e-01
8.466666666666666785e-01
0.000000000000000000e+00
5.666666666666667629e-01
6.500000000000000222e-01
5.666666666666666380e-02
1.636666666666666714e+00
1.000000000000000021e-02
3.266666666666666607e-01
3.933333333333333681e-01
2.296666666666666856e+00
6.699999999999999289e-01
4.166666666666666852e-01
0.000000000000000000e+00
5.899999999999999689e-01
8.900000000000000133e-01
6.666666666666667095e-03
1.059999999999999831e+00
9.733333333333332726e-01
4.233333333333333393e-01
3.333333333333333547e-03
7.333333333333333370e-02
1.666666666666666644e-02
2.299999999999999822e-01
2.233333333333333559e-01
1.333333333333333315e-01
2.099999999999999922e-01
0.000000000000000000e+00
7.466666666666667007e-01
2.333333333333333440e-02
1.000000000000000021e-02
1.766666666666666663e-01
9.600000000000000755e-01
2.733333333333333726e-01
2.000000000000000042e-02
4.866666666666666363e-01
4.666666666666666879e-02
2.586666666666666448e+00
2.000000000000000042e-02
2.333333333333333093e-01
3.666666666666666408e-01
6.666666666666666574e-02
6.666666666666667095e-03
2.433333333333333182e-01
1.466666666666666674e-01
6.666666666666667095e-03
3.033333333333332882e-01
5.799999999999999600e-01
6.233333333333332948e-01
4.500000000000000111e-01
8.433333333333333792e-01
2.600000000000000089e+00
1.463333333333333153e+00
2.180000000000000160e+00
1.136666666666666714e+00
8.199999999999999512e-01
6.133333333333332860e-01
7.833333333333333259e-01
5.833333333333333703e-01
8.233333333333332504e-01
1.096666666666666679e+00
1.526666666666666616e+00
5.833333333333333703e-01
3.233333333333333059e-01
2.600000000000000089e-01
3.166666666666666519e-01
1.493333333333333401e+00
1.330000000000000071e+00
3.666666666666666963e-01
3.866666666666667140e-01
1.016666666666666607e+00
1.566666666666666485e-01
6.666666666666666574e-02
1.370000000000000107e+00
4.899999999999999911e-01
2.766666666666666718e-01
2.466666666666666730e-01
1.949999999999999956e+00
1.363333333333333286e+00
3.933333333333333126e-01
9.999999999999999167e-02
5.366666666666667362e-01
7.333333333333333370e-02
1.000000000000000021e-02
3.333333333333333287e-02
4.033333333333333215e-01
7.500000000000000000e-01
2.666666666666666838e-02
3.733333333333333504e-01
1.753333333333333188e+00
2.699999999999999623e-01
1.676666666666666750e+00
3.266666666666666607e-01
1.133333333333333415e-01
5.299999999999999156e-01
1.370000000000000107e+00
4.366666666666667029e-01
6.733333333333332282e-01
7.000000000000000666e-02
1.276666666666666616e+00
1.086666666666666670e+00
5.000000000000000971e-02
1.166666666666666741e+00
1.076666666666666661e+00
6.833333333333334592e-01
5.800000000000000711e-01
1.700000000000000122e-01
1.389999999999999902e+00
4.799999999999999822e-01
8.633333333333332860e-01
4.566666666666667207e-01
2.700000000000000178e-01
5.000000000000000971e-02
1.033333333333333215e+00
1.000000000000000021e-02
4.666666666666666879e-02
2.066666666666666652e-01
2.966666666666666341e-01
1.499999999999999944e-01
1.700000000000000122e-01
5.466666666666666341e-01
6.566666666666666208e-01
2.273333333333333428e+00
3.800000000000000600e-01
2.666666666666666630e-01
9.566666666666666652e-01
7.666666666666666075e-02
5.333333333333334370e-02
5.866666666666667806e-01
1.333333333333333419e-02
1.000000000000000021e-02
1.199999999999999956e-01
3.533333333333333326e-01
6.833333333333332371e-01
7.333333333333333370e-02
5.566666666666667540e-01
2.330000000000000071e+00
1.449999999999999956e+00
1.046666666666666634e+00
3.466666666666666785e-01
5.833333333333333703e-01
0.000000000000000000e+00
3.133333333333332971e-01
1.233333333333333365e-01
1.366666666666666863e-01
7.733333333333333171e-01
2.700000000000000178e-01
1.900000000000000300e-01
3.400000000000000244e-01
3.066666666666666430e-01
1.433333333333333404e-01
7.699999999999999067e-01
9.666666666666667851e-02
3.333333333333333287e-02
2.000000000000000042e-02
1.433333333333333404e-01
1.000000000000000194e-01
1.236666666666666581e+00
2.000000000000000042e-02
9.899999999999998801e-01
7.233333333333332726e-01
1.266666666666666774e-01
1.703333333333333144e+00
5.766666666666666607e-01
1.000000000000000021e-02
1.666666666666666644e-02
6.366666666666667140e-01
1.100000000000000006e-01
1.666666666666666644e-02
6.366666666666667140e-01
2.966666666666666341e-01
1.023333333333333428e+00
1.266666666666666774e-01
1.566666666666666485e-01
4.666666666666666186e-01
9.399999999999999467e-01
1.270000000000000018e+00
2.099999999999999922e-01
1.499999999999999944e-01
2.933333333333332793e-01
6.333333333333333870e-02
1.000000000000000021e-02
1.266666666666666607e+00
2.133333333333333470e-01
5.733333333333333615e-01
2.233333333333333004e-01
0.000000000000000000e+00
1.466666666666666952e-01
1.933333333333333293e-01
4.000000000000000083e-02
1.533333333333333492e-01
1.333333333333333419e-02
1.653333333333333321e+00
5.766666666666666607e-01
1.333333333333333419e-02
7.333333333333334758e-02
2.099999999999999922e-01
2.666666666666666630e-01
2.099999999999999922e-01
4.700000000000000289e-01
2.233333333333333004e-01
8.666666666666666963e-02
1.900000000000000300e-01
4.466666666666666008e-01
2.133333333333332915e-01
4.333333333333333481e-02
3.300000000000000155e-01
6.433333333333334236e-01
1.033333333333333326e-01
2.999999999999999889e-02
1.333333333333333315e-01
6.833333333333332371e-01
2.000000000000000042e-02
1.666666666666666644e-02
1.133333333333333526e+00
1.363333333333333286e+00
5.999999999999999778e-02
1.366666666666666585e-01
1.400000000000000133e-01
7.900000000000000355e-01
6.666666666666667095e-03
5.333333333333333676e-02
7.933333333333333348e-01
8.566666666666665764e-01
1.700000000000000122e-01
8.566666666666665764e-01
3.250000000000000000e+00
1.110000000000000098e+00
6.066666666666667984e-01
2.666666666666666838e-02
1.666666666666666574e-01
9.433333333333333570e-01
3.933333333333333681e-01
7.766666666666667274e-01
2.333333333333333093e-01
4.000000000000000083e-02
6.666666666666667095e-03
5.333333333333333676e-02
2.633333333333333637e-01
6.566666666666666208e-01
4.666666666666666879e-02
5.966666666666666785e-01
2.999999999999999889e-01
0.000000000000000000e+00
9.666666666666666741e-01
3.599999999999999312e-01
1.000000000000000021e-02
8.333333333333332871e-02
5.133333333333333082e-01
5.333333333333333676e-02
1.333333333333333419e-02
5.766666666666666607e-01
2.200000000000000011e-01
2.343333333333333268e+00
7.000000000000000666e-02
1.066666666666666735e-01
3.033333333333332882e-01
7.466666666666667007e-01
7.699999999999999067e-01
2.999999999999999889e-02
4.233333333333333393e-01
2.399999999999999911e-01
1.666666666666666644e-02
0.000000000000000000e+00
1.146666666666666723e+00
2.633333333333333637e-01
3.966666666666666674e-01
6.999999999999998446e-01
2.833333333333333814e-01
3.500000000000000333e-01
1.333333333333333419e-02
2.999999999999999889e-02
5.133333333333333082e-01
0.000000000000000000e+00
8.333333333333333703e-01
5.500000000000000444e-01
0.000000000000000000e+00
8.666666666666666963e-02
1.233333333333333365e-01
5.666666666666667074e-02
1.133333333333333415e-01
3.466666666666666785e-01
2.233333333333333559e-01
1.100000000000000006e-01
2.266666666666666552e-01
7.433333333333332904e-01
1.666666666666666574e-01
1.000000000000000021e-02
1.999999999999999833e-01
4.133333333333333859e-01
2.299999999999999822e-01
0.000000000000000000e+00
2.000000000000000042e-02
5.533333333333333437e-01
1.000000000000000021e-02
3.333333333333333547e-03
1.243333333333333401e+00
9.700000000000000844e-01
7.666666666666666075e-02
5.500000000000000444e-01
2.533333333333333548e-01
4.666666666666666186e-01
5.666666666666667074e-02
0.000000000000000000e+00
1.153333333333333321e+00
3.166666666666666519e-01
1.066666666666666735e-01
1.236666666666666581e+00
4.526666666666666394e+00
7.566666666666667096e-01
3.066666666666666430e-01
0.000000000000000000e+00
2.999999999999999889e-02
7.366666666666666918e-01
2.933333333333332793e-01
6.699999999999999289e-01
1.833333333333333481e-01
5.666666666666666380e-02
0.000000000000000000e+00
2.733333333333333726e-01
3.966666666666666674e-01
6.500000000000000222e-01
7.333333333333333370e-02
1.026666666666666616e+00
3.500000000000000333e-01
4.000000000000000083e-02
8.433333333333332682e-01
8.133333333333333526e-01
0.000000000000000000e+00
4.333333333333333481e-02
1.266666666666666774e-01
1.099999999999999867e-01
2.333333333333333440e-02
1.056666666666666643e+00
1.433333333333333404e-01
1.719999999999999973e+00
1.499999999999999944e-01
1.666666666666666644e-02
2.200000000000000011e-01
4.200000000000000955e-01
6.733333333333333393e-01
1.066666666666666458e-01
1.000000000000000194e-01
4.066666666666667318e-01
1.533333333333333492e-01
0.000000000000000000e+00
1.203333333333333366e+00
4.166666666666666852e-01
4.099999999999999756e-01
7.200000000000000844e-01
9.333333333333333759e-02
5.866666666666666696e-01
1.199999999999999956e-01
1.333333333333333315e-01
5.533333333333333437e-01
3.333333333333333547e-03
1.466666666666666785e+00
6.866666666666666474e-01
1.666666666666666644e-02
1.300000000000000044e-01
2.700000000000000178e-01
6.666666666666666574e-02
2.999999999999999889e-02
2.833333333333333259e-01
4.600000000000000200e-01
9.000000000000001055e-02
2.366666666666666641e-01
1.180000000000000160e+00
3.433333333333333237e-01
0.000000000000000000e+00
1.666666666666666574e-01
5.733333333333333615e-01
1.800000000000000211e-01
0.000000000000000000e+00
5.000000000000000971e-02
7.200000000000000844e-01
6.666666666666667095e-03
0.000000000000000000e+00
1.293333333333333224e+00
1.026666666666666616e+00
1.433333333333333404e-01
8.699999999999999956e-01
3.899999999999999578e-01
1.113333333333333286e+00
1.233333333333333365e-01
1.066666666666666735e-01
1.333333333333333259e+00
2.800000000000000266e-01
2.000000000000000042e-02
9.233333333333333393e-01
3.866666666666667140e+00
1.546666666666666856e+00
4.633333333333333193e-01
2.000000000000000042e-02
2.999999999999999889e-01
9.100000000000000311e-01
6.400000000000000133e-01
4.900000000000000466e-01
2.133333333333333470e-01
4.399999999999999467e-01
1.266666666666666774e-01
3.566666666666666319e-01
3.733333333333332948e-01
1.616666666666666474e+00
3.333333333333333287e-02
2.233333333333333004e-01
6.333333333333333870e-02
1.666666666666666644e-02
7.933333333333333348e-01
6.866666666666666474e-01
3.333333333333333287e-02
4.000000000000000083e-02
4.733333333333333282e-01
1.233333333333333365e-01
1.333333333333333419e-02
1.079999999999999849e+00
1.099999999999999867e-01
6.933333333333333570e-01
6.666666666666666574e-02
0.000000000000000000e+00
2.600000000000000089e-01
9.566666666666666652e-01
4.899999999999999911e-01
7.666666666666666075e-02
3.233333333333333059e-01
3.166666666666666519e-01
2.000000000000000042e-02
0.000000000000000000e+00
1.693333333333333357e+00
2.166666666666666741e-01
2.800000000000000266e-01
3.466666666666666785e-01
2.666666666666666838e-02
4.666666666666666186e-01
2.099999999999999922e-01
1.066666666666666735e-01
1.633333333333333304e-01
4.666666666666666186e-02
6.533333333333333215e-01
3.566666666666666319e-01
3.333333333333333547e-03
3.133333333333332971e-01
3.066666666666666430e-01
2.566666666666666541e-01
3.666666666666667379e-02
2.866666666666666807e-01
5.466666666666666341e-01
1.333333333333333315e-01
9.999999999999999167e-02
6.466666666666666119e-01
1.700000000000000122e-01
6.666666666666667095e-03
2.000000000000000042e-02
5.366666666666666252e-01
3.666666666666666685e-02
1.666666666666666644e-02
3.333333333333333287e-02
2.700000000000000178e-01
1.333333333333333419e-02
3.333333333333333287e-02
1.186666666666666758e+00
1.966666666666666785e+00
5.333333333333333676e-02
9.666666666666667851e-02
1.600000000000000033e-01
5.666666666666667629e-01
6.000000000000000472e-02
2.999999999999999889e-02
1.316666666666666652e+00
1.016666666666666829e+00
5.533333333333333437e-01
2.183333333333333126e+00
5.986666666666667247e+00
