9.433333333333333570e-01
3.366666666666666696e-01
2.566666666666666541e-01
7.033333333333334769e-01
4.333333333333333481e-02
1.766666666666666663e-01
3.766666666666666496e-01
1.033333333333333465e-01
3.133333333333333526e-01
8.466666666666666785e-01
1.496666666666666812e+00
7.266666666666665719e-01
2.033333333333333381e-01
5.066666666666667096e-01
4.599999999999999645e-01
4.333333333333333481e-02
4.233333333333333393e-01
2.666666666666666838e-02
6.000000000000000888e-01
8.033333333333333437e-01
1.466666666666666952e-01
5.333333333333333676e-02
1.080000000000000071e+00
5.333333333333333676e-02
0.000000000000000000e+00
1.333333333333333315e-01
5.766666666666666607e-01
3.600000000000000422e-01
1.046666666666666634e+00
2.299999999999999822e-01
4.266666666666665830e-01
3.433333333333332682e-01
1.933333333333333293e-01
1.999999999999999833e-01
3.666666666666667379e-02
2.133333333333333470e-01
2.566666666666666541e-01
1.533333333333333215e-01
2.099999999999999922e-01
1.666666666666666644e-02
7.333333333333333370e-02
4.766666666666666274e-01
3.499999999999999223e-01
3.333333333333333287e-02
1.999999999999999833e-01
5.200000000000000178e-01
1.399999999999999856e-01
2.433333333333333182e-01
5.200000000000000178e-01
1.966666666666666841e-01
6.966666666666666563e-01
1.913333333333333330e+00
1.400000000000000133e-01
5.133333333333333082e-01
7.666666666666666075e-02
4.666666666666666879e-02
4.733333333333333282e-01
6.000000000000000472e-02
2.066666666666666929e-01
8.766666666666665941e-01
0.000000000000000000e+00
0.000000000000000000e+00
6.333333333333333870e-02
1.000000000000000021e-02
2.666666666666666838e-02
2.699999999999999623e-01
0.000000000000000000e+00
0.000000000000000000e+00
3.333333333333333287e-02
4.266666666666666941e-01
0.000000000000000000e+00
2.333333333333333440e-02
3.666666666666667379e-02
8.333333333333332871e-02
2.633333333333333637e-01
0.000000000000000000e+00
1.800000000000000211e-01
6.333333333333333870e-02
0.000000000000000000e+00
5.000000000000000971e-02
2.033333333333333381e-01
4.033333333333333215e-01
0.000000000000000000e+00
1.000000000000000021e-02
1.050000000000000044e+00
3.333333333333333287e-02
6.666666666666666574e-02
9.333333333333332371e-02
1.666666666666666574e-01
1.266666666666666774e-01
6.333333333333333870e-02
7.933333333333333348e-01
7.933333333333333348e-01
1.596666666666666679e+00
4.533333333333333659e-01
6.833333333333332371e-01
9.099999999999998090e-01
1.026666666666666616e+00
1.523333333333333428e+00
1.190000000000000169e+00
1.696666666666666989e+00
7.933333333333333348e-01
1.606666666666666687e+00
7.000000000000000666e-02
1.300000000000000044e-01
1.133333333333333276e-01
5.666666666666666380e-02
1.533333333333333215e-01
2.866666666666666807e-01
6.233333333333334059e-01
5.566666666666666430e-01
1.376666666666666927e+00
1.776666666666666616e+00
1.566666666666666652e+00
1.733333333333333393e-01
1.700000000000000122e-01
8.000000000000000167e-02
8.100000000000000533e-01
1.100000000000000006e-01
9.333333333333333759e-02
3.733333333333333504e-01
2.266666666666666552e-01
2.999999999999999889e-01
6.133333333333333970e-01
4.000000000000000083e-02
3.700000000000000511e-01
9.666666666666667851e-01
5.266666666666666163e-01
1.209999999999999964e+00
2.866666666666666807e-01
7.666666666666666075e-02
4.666666666666666879e-02
3.333333333333333547e-03
7.366666666666666918e-01
4.033333333333333215e-01
1.666666666666666644e-02
2.000000000000000042e-02
1.283333333333333215e+00
2.166666666666666463e-01
0.000000000000000000e+00
1.233333333333333365e-01
1.350000000000000311e+00
5.333333333333333676e-02
6.433333333333334236e-01
4.066666666666666763e-01
9.000000000000000222e-01
2.999999999999999889e-02
4.766666666666666274e-01
4.299999999999999933e-01
0.000000000000000000e+00
6.333333333333333870e-02
9.000000000000001055e-02
5.333333333333333676e-02
0.000000000000000000e+00
3.733333333333332948e-01
2.433333333333333182e-01
2.233333333333333004e-01
3.099999999999999978e-01
1.776666666666666616e+00
7.533333333333332993e-01
1.633333333333333304e-01
2.066666666666666652e-01
1.033333333333333326e-01
2.033333333333333381e-01
3.933333333333333126e-01
2.166666666666666741e-01
9.666666666666667851e-02
9.999999999999999167e-02
5.400000000000000355e-01
1.600000000000000033e-01
1.666666666666666644e-02
9.333333333333333759e-02
9.100000000000000311e-01
5.266666666666667274e-01
1.566666666666666485e-01
4.933333333333333459e-01
5.200000000000000178e-01
1.000000000000000021e-02
3.433333333333333237e-01
8.366666666666667806e-01
1.533333333333333492e-01
2.333333333333333440e-02
2.166666666666666463e-01
1.076666666666666661e+00
3.500000000000000333e-01
2.200000000000000011e-01
5.233333333333333171e-01
1.463333333333333597e+00
5.666666666666667074e-02
5.666666666666665408e-01
9.799999999999999822e-01
6.666666666666667095e-03
2.666666666666666630e-01
1.263333333333333419e+00
1.666666666666666574e-01
6.666666666666667095e-03
9.766666666666665719e-01
1.340000000000000080e+00
5.699999999999999512e-01
2.999999999999999889e-02
3.233333333333333059e-01
2.399999999999999911e-01
9.000000000000000222e-01
1.236666666666666581e+00
1.323333333333333472e+00
1.139999999999999902e+00
1.533333333333333215e-01
1.146666666666666723e+00
1.433333333333333404e-01
4.199999999999999289e-01
2.466666666666666730e-01
3.966666666666666674e-01
1.833333333333333481e-01
2.233333333333333004e-01
1.000000000000000194e-01
1.166666666666666546e-01
1.966666666666666841e-01
2.766666666666666718e-01
4.033333333333333215e-01
1.166666666666666546e-01
9.466666666666666563e-01
