1.199999999999999956e+00
1.940000000000000169e+00
7.600000000000001199e-01
5.366666666666666252e-01
7.266666666666665719e-01
2.200000000000000011e-01
3.666666666666666685e-02
4.899999999999999911e-01
6.999999999999999278e-02
3.666666666666667379e-02
9.999999999999999167e-02
8.933333333333334236e-01
3.333333333333333287e-02
2.666666666666666838e-02
1.003333333333333188e+00
6.333333333333333870e-02
1.000000000000000021e-02
1.150000000000000133e+00
3.299999999999999600e-01
2.333333333333333440e-02
5.666666666666666380e-02
5.833333333333333703e-01
3.966666666666666674e-01
2.999999999999999889e-02
2.666666666666666630e-01
1.013333333333333419e+00
4.266666666666666941e-01
1.673333333333333117e+00
