6.633333333333333304e-01
3.066666666666666985e-01
2.266666666666666829e-01
1.800000000000000211e-01
2.166666666666666741e-01
2.666666666666666838e-02
2.633333333333333637e-01
1.823333333333333250e+00
1.499999999999999944e-01
4.233333333333333393e-01
4.666666666666666186e-01
2.666666666666666630e-01
1.250000000000000000e+00
1.533333333333333492e-01
5.333333333333333259e-01
8.300000000000000711e-01
4.699999999999999734e-01
7.933333333333333348e-01
1.566666666666666485e-01
1.263333333333333419e+00
2.433333333333333182e-01
1.410000000000000142e+00
2.233333333333333004e-01
4.099999999999999756e-01
7.399999999999998801e-01
1.233333333333333365e-01
1.566666666666666763e-01
2.099999999999999922e-01
1.000000000000000021e-02
1.063333333333333242e+00
1.933333333333333293e-01
1.639999999999999902e+00
2.200000000000000011e-01
1.063333333333333464e+00
7.666666666666667462e-02
1.253333333333333188e+00
4.666666666666666879e-02
9.733333333333332726e-01
4.666666666666666879e-02
6.666666666666667095e-03
2.053333333333333233e+00
1.526666666666666616e+00
1.493333333333333401e+00
4.299999999999999933e-01
1.433333333333333404e-01
4.366666666666667029e-01
1.499999999999999944e-01
1.800000000000000211e-01
4.799999999999999822e-01
5.133333333333333082e-01
1.133333333333333276e-01
1.410000000000000142e+00
9.599999999999999645e-01
4.199999999999999289e-01
2.633333333333333637e-01
2.189999999999999947e+00
3.883333333333333304e+00
