1.356666666666666687e+00
1.266666666666666774e-01
2.099999999999999922e-01
5.666666666666666380e-02
8.333333333333332871e-02
7.300000000000000933e-01
4.333333333333333481e-02
4.166666666666666852e-01
1.933333333333333293e-01
5.999999999999999778e-02
2.766666666666666718e-01
4.666666666666666879e-02
2.633333333333333637e-01
0.000000000000000000e+00
8.666666666666666963e-02
7.000000000000000666e-02
4.666666666666666879e-02
4.333333333333333481e-02
1.000000000000000021e-02
1.600000000000000033e-01
8.333333333333333703e-01
7.933333333333333348e-01
5.766666666666666607e-01
1.763333333333333419e+00
6.866666666666666474e-01
7.000000000000000666e-01
3.200000000000000067e-01
1.566666666666666485e-01
1.466666666666666397e-01
9.666666666666667851e-02
1.700000000000000122e-01
1.866666666666666752e-01
1.183333333333333348e+00
1.466666666666666674e-01
6.199999999999999956e-01
1.100000000000000006e-01
1.046666666666666634e+00
1.429999999999999938e+00
2.966666666666666896e-01
2.333333333333333093e-02
3.333333333333333287e-02
3.966666666666666674e-01
3.733333333333333504e-01
0.000000000000000000e+00
6.933333333333333570e-01
1.453333333333333144e+00
1.766666666666666663e-01
9.333333333333333759e-02
1.000000000000000021e-02
1.033333333333333326e-01
1.733333333333333393e-01
1.100000000000000006e-01
1.633333333333333304e-01
1.083333333333333259e+00
1.800000000000000211e-01
5.233333333333333171e-01
6.033333333333333881e-01
2.900000000000000355e-01
2.166666666666666741e-01
1.099999999999999867e-01
7.000000000000000666e-02
7.700000000000000178e-01
4.000000000000000083e-02
2.666666666666666838e-02
4.333333333333333481e-02
2.799999999999999711e-01
0.000000000000000000e+00
2.999999999999999889e-02
2.000000000000000042e-02
1.366666666666666863e-01
6.466666666666666119e-01
2.500000000000000000e-01
5.899999999999999689e-01
1.303333333333333455e+00
2.000000000000000042e-02
3.333333333333333287e-02
4.000000000000000083e-02
3.233333333333333059e-01
2.366666666666666641e-01
9.999999999999999167e-02
1.040000000000000036e+00
8.333333333333332871e-02
7.033333333333332549e-01
9.933333333333335124e-01
2.566666666666666541e-01
2.666666666666666838e-02
9.633333333333333748e-01
5.299999999999999156e-01
1.066666666666666735e-01
2.000000000000000042e-02
1.533333333333333215e-01
7.799999999999999156e-01
1.266666666666666774e-01
4.866666666666666363e-01
3.800000000000000600e-01
1.700000000000000122e-01
2.000000000000000389e-01
2.999999999999999889e-02
3.666666666666666963e-01
0.000000000000000000e+00
1.036666666666666847e+00
2.833333333333333814e-01
6.000000000000000472e-02
9.399999999999999467e-01
1.433333333333333404e-01
2.999999999999999889e-02
2.000000000000000042e-02
0.000000000000000000e+00
8.333333333333332871e-02
4.000000000000000083e-02
4.000000000000000083e-02
4.333333333333333481e-02
5.666666666666667074e-02
0.000000000000000000e+00
6.666666666666667095e-03
0.000000000000000000e+00
7.333333333333334758e-02
2.399999999999999911e-01
1.066666666666666735e-01
6.800000000000000488e-01
8.766666666666665941e-01
7.200000000000000844e-01
3.333333333333333547e-03
8.000000000000000167e-02
5.866666666666666696e-01
4.466666666666667118e-01
1.033333333333333326e-01
7.233333333333332726e-01
1.013333333333333419e+00
6.666666666666667095e-03
6.999999999999999278e-02
1.466666666666666952e-01
4.033333333333333215e-01
9.999999999999999167e-02
2.233333333333333004e-01
3.366666666666666696e-01
6.199999999999999956e-01
1.203333333333333366e+00
3.933333333333333681e-01
2.333333333333333093e-02
4.666666666666666879e-02
2.999999999999999889e-02
6.666666666666666574e-02
4.799999999999999822e-01
3.666666666666667379e-02
4.666666666666666879e-02
3.333333333333333547e-03
1.333333333333333419e-02
0.000000000000000000e+00
0.000000000000000000e+00
4.000000000000000083e-02
1.666666666666666644e-02
0.000000000000000000e+00
0.000000000000000000e+00
0.000000000000000000e+00
3.333333333333333547e-03
2.000000000000000042e-02
2.000000000000000042e-02
6.666666666666667095e-03
1.133333333333333276e-01
9.433333333333333570e-01
3.333333333333333287e-02
6.666666666666666574e-02
9.666666666666666463e-02
1.300000000000000044e-01
2.999999999999999889e-02
2.833333333333333259e-01
4.000000000000000083e-02
3.699999999999999400e-01
4.000000000000000083e-02
5.999999999999999778e-02
1.666666666666666644e-02
0.000000000000000000e+00
0.000000000000000000e+00
3.466666666666666785e-01
0.000000000000000000e+00
0.000000000000000000e+00
4.000000000000000083e-02
1.633333333333333304e-01
1.066666666666666735e-01
0.000000000000000000e+00
0.000000000000000000e+00
1.223333333333333384e+00
2.033333333333333381e-01
0.000000000000000000e+00
1.899999999999999745e-01
1.233333333333333365e-01
2.966666666666666896e-01
5.000000000000000971e-02
1.700000000000000122e-01
1.333333333333333419e-02
1.366666666666666863e-01
5.633333333333333526e-01
5.999999999999999778e-02
1.000000000000000021e-02
0.000000000000000000e+00
8.666666666666666963e-02
7.033333333333332549e-01
0.000000000000000000e+00
0.000000000000000000e+00
0.000000000000000000e+00
0.000000000000000000e+00
1.033333333333333326e-01
4.333333333333333481e-02
7.333333333333334758e-02
1.133333333333333276e-01
2.799999999999999711e-01
4.999999999999999584e-02
1.966666666666666563e-01
2.266666666666666552e-01
2.900000000000000355e-01
9.666666666666666463e-02
8.333333333333332871e-02
2.999999999999999889e-02
2.399999999999999911e-01
1.933333333333333570e-01
1.633333333333333304e-01
5.666666666666666380e-02
6.666666666666666574e-02
1.333333333333333419e-02
5.333333333333333676e-02
1.666666666666666644e-02
3.200000000000000067e-01
2.800000000000000266e-01
4.266666666666666941e-01
3.366666666666666141e-01
5.633333333333333526e-01
1.299999999999999767e-01
1.400000000000000133e-01
1.666666666666666644e-02
4.400000000000000022e-01
4.166666666666666852e-01
1.333333333333333419e-02
7.533333333333332993e-01
3.600000000000000422e-01
5.000000000000000971e-02
8.033333333333333437e-01
2.033333333333333659e-01
5.299999999999999156e-01
3.666666666666666963e-01
1.100000000000000006e-01
9.000000000000001055e-02
4.999999999999999584e-02
5.000000000000000971e-02
2.999999999999999889e-02
1.900000000000000300e-01
3.333333333333333287e-02
1.166666666666666546e-01
2.666666666666666838e-02
1.399999999999999856e-01
4.666666666666666879e-02
1.900000000000000300e-01
1.166666666666666824e-01
1.653333333333333321e+00
8.266666666666666607e-01
2.233333333333333559e-01
9.633333333333332638e-01
1.333333333333333419e-02
4.000000000000000083e-02
6.766666666666667496e-01
4.000000000000000777e-01
3.333333333333333547e-03
2.566666666666666541e-01
1.566666666666666485e-01
5.733333333333332504e-01
7.333333333333334758e-02
4.099999999999999756e-01
1.233333333333333365e-01
2.533333333333333548e-01
4.116666666666666252e+00
