9.733333333333332726e-01
1.433333333333333404e-01
4.099999999999999756e-01
4.000000000000000083e-02
3.666666666666666685e-02
1.093333333333333268e+00
4.866666666666666363e-01
5.100000000000000089e-01
2.600000000000000089e-01
2.199999999999999734e-01
4.333333333333333481e-02
8.666666666666666963e-02
3.099999999999999978e-01
6.666666666666667095e-03
8.633333333333333970e-01
3.666666666666666685e-02
3.266666666666666607e-01
1.010000000000000009e+00
3.333333333333333287e-02
1.023333333333333428e+00
1.136666666666666714e+00
6.033333333333333881e-01
5.666666666666667074e-02
3.500000000000000333e-01
0.000000000000000000e+00
3.566666666666666319e-01
1.086666666666666670e+00
2.200000000000000011e-01
1.066666666666666735e-01
9.899999999999998801e-01
1.643333333333333313e+00
1.066666666666666735e-01
1.243333333333333401e+00
1.143333333333333313e+00
1.199999999999999956e-01
8.666666666666666963e-01
1.033333333333333326e-01
1.666666666666666644e-02
3.900000000000000688e-01
9.666666666666667851e-02
8.766666666666665941e-01
1.733333333333333393e-01
5.299999999999999156e-01
2.833333333333333814e-01
1.366666666666666863e-01
8.399999999999999689e-01
8.000000000000000167e-02
4.099999999999999756e-01
2.333333333333333440e-02
3.666666666666666963e-01
7.700000000000000178e-01
8.000000000000000167e-02
9.000000000000000222e-01
1.209999999999999964e+00
8.166666666666667629e-01
1.466666666666666952e-01
6.866666666666665364e-01
2.666666666666666838e-02
2.399999999999999911e-01
1.550000000000000044e+00
1.999999999999999833e-01
5.999999999999999778e-02
1.233333333333333365e-01
4.966666666666666452e-01
3.366666666666666696e-01
2.409999999999999698e+00
