6.233333333333334059e-01
4.833333333333333925e-01
1.000000000000000021e-02
3.066666666666666985e-01
9.033333333333333215e-01
1.200000000000000094e-01
2.999999999999999889e-02
4.666666666666666186e-01
8.666666666666666963e-02
6.666666666666667095e-03
1.833333333333333204e-01
9.133333333333334414e-01
1.766666666666666663e-01
1.800000000000000211e-01
4.000000000000000083e-02
4.266666666666666941e-01
1.000000000000000021e-02
4.433333333333333015e-01
7.666666666666667462e-02
3.699999999999999400e-01
6.033333333333333881e-01
0.000000000000000000e+00
1.133333333333333276e-01
1.233333333333333365e-01
2.099999999999999922e-01
5.366666666666666252e-01
6.666666666666666574e-02
5.000000000000000971e-02
5.633333333333333526e-01
9.133333333333332194e-01
1.000000000000000021e-02
1.266666666666666774e-01
8.666666666666665853e-01
1.209999999999999964e+00
7.666666666666666075e-02
6.766666666666667496e-01
1.073333333333333250e+00
3.933333333333333126e-01
6.666666666666667095e-03
7.333333333333333370e-02
2.166666666666666741e-01
2.000000000000000042e-02
2.333333333333333440e-02
2.000000000000000042e-02
0.000000000000000000e+00
1.099999999999999867e-01
3.466666666666666785e-01
6.333333333333333870e-02
3.099999999999999978e-01
1.633333333333333304e-01
4.000000000000000083e-02
5.666666666666666380e-02
0.000000000000000000e+00
1.333333333333333419e-02
1.633333333333333304e-01
2.766666666666666718e-01
2.333333333333333440e-02
9.333333333333333759e-02
1.236666666666666581e+00
4.066666666666666763e-01
1.866666666666666474e-01
1.533333333333333215e-01
1.666666666666666574e-01
0.000000000000000000e+00
4.333333333333333481e-01
1.366666666666666585e-01
5.666666666666667074e-02
7.666666666666667462e-02
4.766666666666666274e-01
3.600000000000000422e-01
0.000000000000000000e+00
5.266666666666667274e-01
7.333333333333333925e-01
5.266666666666667274e-01
2.800000000000000266e-01
7.000000000000000666e-02
2.766666666666666718e-01
2.299999999999999822e-01
6.133333333333332860e-01
1.666666666666666574e-01
4.999999999999999584e-02
6.566666666666667318e-01
1.000000000000000021e-02
4.599999999999999645e-01
5.000000000000000971e-02
7.000000000000000666e-02
4.633333333333333193e-01
2.600000000000000089e-01
8.333333333333333703e-01
6.633333333333332194e-01
4.666666666666666879e-02
8.566666666666665764e-01
9.333333333333332371e-01
2.133333333333333470e-01
6.666666666666667095e-03
1.433333333333333404e-01
5.400000000000000355e-01
1.333333333333333419e-02
2.999999999999999889e-02
6.066666666666666874e-01
1.233333333333333365e-01
1.300000000000000044e-01
1.133333333333333415e-01
2.060000000000000053e+00
4.333333333333333481e-02
3.600000000000000422e-01
8.900000000000000133e-01
7.500000000000000000e-01
6.866666666666666474e-01
2.363333333333333286e+00
