2.746666666666666590e+00
5.833333333333333703e-01
8.366666666666665586e-01
2.033333333333333381e-01
2.566666666666666541e-01
5.200000000000000178e-01
3.233333333333333059e-01
5.333333333333333676e-02
5.000000000000000971e-02
6.999999999999999278e-02
0.000000000000000000e+00
2.999999999999999889e-02
8.566666666666667984e-01
3.066666666666666985e-01
1.666666666666666644e-02
7.666666666666667462e-02
1.666666666666666574e-01
7.500000000000000000e-01
1.383333333333333526e+00
4.333333333333333481e-01
3.700000000000000511e-01
1.333333333333333419e-02
4.333333333333333481e-02
1.366666666666666863e-01
4.199999999999999845e-01
4.566666666666667207e-01
0.000000000000000000e+00
5.666666666666667629e-01
1.843333333333333490e+00
7.233333333333332726e-01
2.333333333333333093e-02
5.333333333333333676e-02
2.666666666666666630e-01
7.733333333333334281e-01
2.633333333333333637e-01
0.000000000000000000e+00
3.433333333333333237e-01
3.166666666666666519e-01
0.000000000000000000e+00
1.066666666666666458e-01
2.600000000000000089e-01
1.046666666666666634e+00
7.666666666666667462e-02
5.666666666666667074e-02
1.066666666666666735e-01
5.066666666666667096e-01
2.433333333333333182e-01
1.600000000000000033e-01
9.333333333333333759e-02
6.600000000000000311e-01
2.066666666666666652e-01
2.799999999999999711e-01
1.999999999999999833e-01
3.333333333333333287e-02
3.333333333333333547e-03
1.000000000000000021e-02
3.966666666666666674e-01
5.333333333333333676e-02
3.533333333333332771e-01
4.599999999999999645e-01
7.000000000000000666e-02
0.000000000000000000e+00
3.066666666666666430e-01
3.266666666666666607e-01
2.000000000000000042e-02
2.333333333333333093e-01
2.199999999999999734e-01
1.146666666666666723e+00
3.499999999999999223e-01
1.776666666666666616e+00
1.726666666666666572e+00
5.733333333333332504e-01
9.199999999999999289e-01
3.700000000000000511e-01
6.366666666666667140e-01
0.000000000000000000e+00
3.333333333333333287e-02
9.333333333333333759e-02
5.666666666666666380e-02
1.666666666666666644e-02
7.000000000000000666e-02
1.633333333333333304e-01
2.366666666666666641e-01
4.333333333333333481e-02
9.166666666666666297e-01
3.133333333333332971e-01
1.999999999999999833e-01
8.466666666666666785e-01
1.189999999999999947e+00
1.273333333333333428e+00
2.083333333333333481e+00
1.639999999999999902e+00
8.266666666666666607e-01
1.366666666666666474e+00
