1.263333333333333419e+00
3.700000000000000511e-01
2.899999999999999800e-01
5.633333333333333526e-01
2.600000000000000089e-01
3.333333333333333547e-03
1.083333333333333259e+00
3.333333333333333148e-01
1.000000000000000021e-02
2.133333333333333470e-01
7.399999999999998801e-01
1.333333333333333315e-01
1.000000000000000021e-02
2.666666666666666630e-01
3.533333333333333326e-01
1.566666666666666763e-01
7.799999999999999156e-01
6.333333333333333870e-02
2.066666666666666374e-01
3.400000000000000244e-01
3.633333333333332860e-01
1.033333333333333326e-01
0.000000000000000000e+00
2.533333333333333548e-01
1.399999999999999856e-01
2.999999999999999889e-02
0.000000000000000000e+00
8.333333333333332871e-02
1.366666666666666585e-01
1.300000000000000044e-01
4.499999999999999556e-01
1.253333333333333410e+00
1.639999999999999902e+00
