6.500000000000000222e-01
1.066666666666666735e-01
3.899999999999999578e-01
0.000000000000000000e+00
1.000000000000000021e-02
1.540000000000000036e+00
1.700000000000000122e-01
2.000000000000000042e-02
9.000000000000001055e-02
1.566666666666666763e-01
7.200000000000000844e-01
9.000000000000001055e-02
1.333333333333333315e-01
1.733333333333333393e-01
1.253333333333333410e+00
1.300000000000000044e-01
1.066666666666666735e-01
6.666666666666666574e-02
1.046666666666666856e+00
1.000000000000000021e-02
4.000000000000000083e-02
7.699999999999999067e-01
1.000000000000000021e-02
1.700000000000000122e-01
1.933333333333333570e-01
1.633333333333333304e-01
8.000000000000000167e-02
2.333333333333333440e-02
9.666666666666667851e-02
1.300000000000000044e-01
2.000000000000000042e-02
4.666666666666666879e-02
0.000000000000000000e+00
0.000000000000000000e+00
4.333333333333333481e-02
4.999999999999999584e-02
1.566666666666666485e-01
1.266666666666666774e-01
5.000000000000000971e-02
8.666666666666666963e-02
1.033333333333333326e-01
1.666666666666666644e-02
2.333333333333333093e-02
2.999999999999999889e-02
5.000000000000000971e-02
0.000000000000000000e+00
2.000000000000000042e-02
1.000000000000000021e-02
1.000000000000000021e-02
1.666666666666666644e-02
3.666666666666667379e-02
5.666666666666667074e-02
3.733333333333332948e-01
2.166666666666666741e-01
4.466666666666666008e-01
1.600000000000000033e-01
1.333333333333333315e-01
3.433333333333333237e-01
2.733333333333333171e-01
1.033333333333333326e-01
1.066666666666666735e-01
1.333333333333333419e-02
2.666666666666666838e-02
1.596666666666666679e+00
1.933333333333333293e-01
3.666666666666666685e-02
1.566666666666666485e-01
5.666666666666667074e-02
3.733333333333333504e-01
9.333333333333333759e-02
2.600000000000000089e-01
2.666666666666666630e-01
1.089999999999999858e+00
1.833333333333333481e-01
3.333333333333333287e-02
2.133333333333333470e-01
1.059999999999999831e+00
0.000000000000000000e+00
4.333333333333333481e-02
8.033333333333333437e-01
4.333333333333333481e-02
3.066666666666666430e-01
3.433333333333333237e-01
1.833333333333333481e-01
1.066666666666666735e-01
4.333333333333333481e-02
2.199999999999999734e-01
1.333333333333333315e-01
3.333333333333333287e-02
5.999999999999999778e-02
3.333333333333333547e-03
0.000000000000000000e+00
2.000000000000000042e-02
2.099999999999999922e-01
3.000000000000000236e-02
7.666666666666667462e-02
4.666666666666666879e-02
7.666666666666667462e-02
1.633333333333333304e-01
5.666666666666667074e-02
3.666666666666667379e-02
2.000000000000000042e-02
1.066666666666666735e-01
0.000000000000000000e+00
1.100000000000000006e-01
2.666666666666666838e-02
6.666666666666667095e-03
1.000000000000000021e-02
6.666666666666666574e-02
1.166666666666666546e-01
4.500000000000000111e-01
4.000000000000000083e-02
3.533333333333333326e-01
3.666666666666666963e-01
1.333333333333333419e-02
3.666666666666667379e-02
