9.833333333333333925e-01
2.566666666666666541e-01
1.099999999999999867e-01
4.700000000000000289e-01
8.333333333333332871e-02
0.000000000000000000e+00
1.333333333333333419e-02
6.466666666666666119e-01
9.566666666666666652e-01
3.666666666666666685e-02
0.000000000000000000e+00
1.133333333333333276e-01
3.333333333333333287e-02
7.233333333333332726e-01
1.066666666666666735e-01
3.333333333333333287e-02
1.459999999999999964e+00
2.933333333333333348e-01
3.133333333333332971e-01
2.433333333333333182e-01
1.300000000000000044e-01
9.599999999999999645e-01
1.186666666666666758e+00
5.666666666666666519e-01
1.933333333333333570e-01
4.333333333333333481e-02
9.733333333333332726e-01
3.333333333333333547e-03
1.233333333333333365e-01
1.400000000000000133e-01
1.166666666666666546e-01
2.999999999999999889e-02
2.666666666666666838e-02
0.000000000000000000e+00
0.000000000000000000e+00
1.800000000000000211e-01
2.736666666666666803e+00
