3.133333333333332971e-01
2.099999999999999922e-01
1.533333333333333215e-01
6.000000000000000472e-02
5.333333333333333676e-02
3.333333333333333287e-02
4.333333333333333481e-02
9.333333333333333759e-02
7.666666666666667462e-02
7.000000000000000666e-02
4.333333333333333481e-01
4.233333333333333393e-01
0.000000000000000000e+00
1.666666666666666574e-01
1.073333333333333250e+00
2.000000000000000042e-02
3.666666666666667379e-02
9.999999999999999167e-02
1.333333333333333315e-01
1.233333333333333504e-01
9.999999999999999167e-02
1.800000000000000211e-01
4.899999999999999911e-01
1.466666666666666952e-01
6.333333333333333037e-01
5.033333333333334103e-01
2.000000000000000042e-02
1.003333333333333188e+00
1.099999999999999867e-01
2.333333333333333093e-02
9.000000000000001055e-02
6.666666666666667095e-03
2.166666666666666741e-01
3.333333333333333287e-02
5.599999999999999423e-01
5.666666666666666380e-02
1.963333333333333153e+00
3.099999999999999978e-01
2.000000000000000042e-02
2.966666666666666896e-01
8.333333333333332871e-02
9.000000000000001055e-02
1.283333333333333437e+00
8.333333333333332871e-02
0.000000000000000000e+00
3.333333333333333287e-02
1.000000000000000021e-02
1.333333333333333419e-02
3.300000000000000155e-01
4.000000000000000083e-02
2.366666666666666641e-01
1.243333333333333179e+00
3.300000000000000155e-01
2.266666666666666829e-01
6.666666666666666574e-02
1.333333333333333419e-02
5.999999999999999778e-02
3.333333333333333547e-03
1.800000000000000211e-01
3.666666666666665991e-02
4.333333333333333481e-02
1.099999999999999867e-01
6.333333333333333870e-02
1.333333333333333315e-01
1.033333333333333326e-01
2.833333333333333814e-01
1.063333333333333242e+00
1.666666666666666644e-02
1.533333333333333215e-01
4.666666666666666879e-02
5.999999999999999778e-02
1.400000000000000133e-01
1.800000000000000211e-01
1.199999999999999956e-01
4.000000000000000083e-02
5.066666666666667096e-01
3.799999999999999489e-01
2.000000000000000042e-02
1.256666666666666599e+00
1.333333333333333419e-02
8.000000000000000167e-02
0.000000000000000000e+00
1.000000000000000021e-02
1.000000000000000021e-02
4.866666666666666363e-01
1.100000000000000006e-01
1.966666666666666841e-01
7.666666666666666075e-02
2.666666666666666838e-02
6.999999999999999278e-02
0.000000000000000000e+00
3.333333333333333287e-02
1.666666666666666644e-02
6.666666666666667095e-03
9.999999999999999167e-02
1.266666666666666774e-01
4.333333333333333481e-02
4.333333333333333481e-02
1.000000000000000021e-02
2.466666666666666730e-01
5.200000000000000178e-01
1.209999999999999964e+00
2.899999999999999800e-01
1.833333333333333481e-01
7.666666666666666075e-02
5.999999999999999778e-01
4.933333333333333459e-01
1.333333333333333419e-02
8.000000000000000167e-02
8.666666666666666963e-02
7.333333333333333370e-02
1.733333333333333393e-01
4.400000000000000022e-01
2.166666666666666741e-01
7.000000000000000666e-02
1.466666666666666674e-01
4.299999999999999933e-01
7.299999999999999822e-01
4.000000000000000083e-02
1.333333333333333315e-01
3.666666666666666963e-01
5.333333333333333676e-02
1.000000000000000021e-02
8.666666666666666963e-02
8.900000000000000133e-01
7.333333333333333370e-02
2.000000000000000042e-02
7.599999999999998979e-01
1.333333333333333315e-01
1.666666666666666644e-02
2.766666666666666718e-01
2.200000000000000011e-01
2.166666666666666741e-01
0.000000000000000000e+00
3.000000000000000444e-01
6.199999999999999956e-01
2.233333333333333559e-01
3.899999999999999578e-01
1.433333333333333404e-01
2.200000000000000011e-01
1.403333333333333321e+00
2.133333333333333470e-01
1.700000000000000122e-01
5.766666666666667718e-01
1.133333333333333415e-01
3.466666666666666785e-01
3.466666666666666785e-01
5.999999999999999778e-02
1.166666666666666546e-01
1.949999999999999956e+00
8.999999999999998279e-02
1.143333333333333313e+00
9.000000000000001055e-02
2.999999999999999889e-02
5.100000000000000089e-01
1.266666666666666607e+00
1.700000000000000122e-01
1.533333333333333492e-01
4.633333333333333193e-01
2.066666666666666652e-01
2.433333333333333182e-01
0.000000000000000000e+00
2.133333333333333470e-01
1.333333333333333315e-01
2.133333333333333470e-01
1.976666666666666572e+00
1.066666666666666735e-01
4.166666666666666852e-01
5.633333333333333526e-01
9.366666666666666474e-01
6.333333333333333870e-02
2.833333333333333814e-01
0.000000000000000000e+00
2.666666666666666630e-01
2.000000000000000042e-02
3.333333333333333287e-02
7.666666666666666075e-01
4.966666666666666452e-01
1.700000000000000122e-01
9.133333333333332194e-01
1.733333333333333393e-01
3.766666666666667052e-01
1.366666666666666863e-01
2.999999999999999889e-02
6.566666666666667318e-01
5.566666666666666430e-01
3.233333333333333059e-01
4.099999999999999756e-01
8.333333333333332871e-02
1.200000000000000094e-01
6.000000000000000472e-02
1.533333333333333215e-01
1.400000000000000133e-01
0.000000000000000000e+00
4.333333333333332926e-01
5.799999999999999600e-01
5.999999999999999778e-01
1.000000000000000021e-02
5.099999999999998979e-01
5.999999999999999778e-02
1.166666666666666546e-01
1.516666666666666607e+00
4.799999999999999822e-01
8.666666666666666963e-02
1.033333333333333326e-01
1.433333333333333404e-01
5.033333333333332993e-01
9.333333333333333759e-02
1.666666666666666644e-02
7.000000000000000666e-02
1.000000000000000021e-02
1.066666666666666735e-01
1.233333333333333365e-01
2.000000000000000042e-02
0.000000000000000000e+00
1.000000000000000021e-02
6.333333333333333870e-02
6.999999999999999278e-02
3.466666666666666785e-01
5.666666666666667074e-02
5.999999999999999778e-02
0.000000000000000000e+00
2.299999999999999822e-01
2.033333333333333381e-01
9.333333333333333759e-02
4.000000000000000083e-02
1.066666666666666735e-01
7.666666666666667462e-02
3.333333333333333287e-02
0.000000000000000000e+00
1.000000000000000021e-02
6.099999999999999867e-01
