7.933333333333333348e-01
1.316666666666666652e+00
7.700000000000000178e-01
3.899999999999999578e-01
1.316666666666666652e+00
1.733333333333333393e+00
3.000000000000000236e-02
1.033333333333333326e-01
1.433333333333333404e-01
1.266666666666666774e-01
6.966666666666666563e-01
1.469999999999999973e+00
6.666666666666667095e-03
5.566666666666666430e-01
9.333333333333333759e-02
2.733333333333333726e-01
1.033333333333333326e-01
1.666666666666666644e-02
6.666666666666666574e-02
2.399999999999999911e-01
1.266666666666666774e-01
4.833333333333333370e-01
2.133333333333332915e-01
1.300000000000000044e-01
6.699999999999999289e-01
9.333333333333333759e-02
5.400000000000000355e-01
2.133333333333333470e-01
3.333333333333333287e-02
2.999999999999999889e-01
6.666666666666666574e-02
3.533333333333333326e-01
3.533333333333333326e-01
1.666666666666666644e-02
3.099999999999999978e-01
2.533333333333333548e-01
3.333333333333333547e-03
2.466666666666666730e-01
2.533333333333333548e-01
3.333333333333333287e-02
9.266666666666667496e-01
1.766666666666666663e-01
3.333333333333333547e-03
9.000000000000001055e-02
0.000000000000000000e+00
1.633333333333333304e-01
1.033333333333333326e-01
4.966666666666666452e-01
2.899999999999999800e-01
1.063333333333333464e+00
1.133333333333333415e-01
1.000000000000000021e-02
4.666666666666666879e-02
4.366666666666667029e-01
6.766666666666667496e-01
1.040000000000000036e+00
2.999999999999999889e-02
1.213333333333333153e+00
2.300000000000000100e-01
9.233333333333333393e-01
8.099999999999999423e-01
3.166666666666666519e-01
5.366666666666667362e-01
1.003333333333333188e+00
1.046666666666666634e+00
1.576666666666666883e+00
8.966666666666665009e-01
3.273333333333333428e+00
