9.733333333333332726e-01
9.999999999999999167e-02
2.199999999999999734e-01
3.166666666666666519e-01
7.333333333333333370e-02
4.000000000000000083e-02
1.333333333333333419e-02
2.666666666666666838e-02
7.333333333333333370e-02
1.000000000000000021e-02
5.666666666666667074e-02
2.000000000000000042e-02
1.666666666666666644e-02
2.666666666666666838e-02
3.333333333333333547e-03
0.000000000000000000e+00
1.666666666666666644e-02
8.000000000000000167e-02
1.700000000000000122e-01
6.666666666666666574e-02
1.199999999999999956e-01
1.933333333333333293e-01
1.666666666666666644e-02
1.033333333333333326e-01
3.333333333333333287e-02
6.666666666666666574e-02
8.900000000000000133e-01
7.666666666666666075e-02
2.333333333333333093e-01
1.066666666666666735e-01
6.133333333333332860e-01
1.133333333333333304e+00
1.353333333333333499e+00
2.099999999999999922e-01
2.700000000000000178e-01
9.933333333333331794e-01
1.246666666666666812e+00
3.499999999999999223e-01
2.166666666666666741e-01
1.800000000000000211e-01
5.000000000000000971e-02
4.333333333333333481e-02
3.666666666666665991e-02
2.000000000000000042e-02
1.666666666666666644e-02
0.000000000000000000e+00
8.000000000000000167e-02
1.666666666666666644e-02
2.999999999999999889e-02
2.000000000000000042e-02
6.666666666666667095e-03
3.333333333333333547e-03
0.000000000000000000e+00
2.666666666666666838e-02
6.333333333333333870e-02
7.666666666666667462e-02
1.333333333333333419e-02
6.333333333333333870e-02
1.666666666666666644e-02
1.166666666666666546e-01
2.666666666666666838e-02
1.666666666666666644e-02
9.466666666666666563e-01
6.333333333333333870e-02
6.000000000000000472e-02
1.233333333333333365e-01
7.500000000000000000e-01
1.229999999999999982e+00
8.900000000000000133e-01
5.000000000000000971e-02
2.366666666666666918e-01
6.566666666666666208e-01
1.030000000000000027e+00
1.300000000000000044e-01
7.333333333333333370e-02
3.000000000000000444e-01
7.000000000000000666e-02
7.333333333333334758e-02
1.333333333333333419e-02
2.333333333333333440e-02
4.666666666666666879e-02
3.666666666666666685e-02
3.000000000000000236e-02
2.333333333333333440e-02
5.000000000000000971e-02
1.000000000000000021e-02
1.000000000000000021e-02
0.000000000000000000e+00
8.333333333333332871e-02
4.666666666666666879e-02
6.999999999999999278e-02
4.666666666666666879e-02
0.000000000000000000e+00
1.300000000000000044e-01
0.000000000000000000e+00
1.333333333333333419e-02
5.333333333333333676e-02
1.133333333333333415e-01
6.099999999999999867e-01
2.333333333333333440e-02
2.099999999999999922e-01
3.066666666666666985e-01
3.066666666666666985e-01
7.366666666666666918e-01
1.473333333333333384e+00
4.633333333333333193e-01
4.500000000000000111e-01
1.166666666666666741e+00
