1.533333333333333437e+00
2.863333333333333286e+00
4.699999999999999734e-01
3.133333333333332971e-01
4.866666666666666363e-01
2.199999999999999734e-01
6.333333333333332482e-02
1.633333333333333304e-01
3.300000000000000155e-01
1.066666666666666735e-01
2.033333333333333215e+00
1.923333333333333117e+00
5.133333333333333082e-01
2.999999999999999889e-02
1.400000000000000133e-01
0.000000000000000000e+00
4.666666666666666879e-02
4.333333333333333481e-02
1.566666666666666485e-01
9.233333333333332282e-01
6.000000000000000472e-02
1.633333333333333304e-01
2.033333333333333381e-01
1.166666666666666546e-01
6.333333333333333870e-02
1.186666666666666758e+00
2.333333333333333440e-02
1.643333333333333313e+00
5.766666666666666607e-01
8.833333333333333037e-01
8.466666666666666785e-01
2.833333333333332704e-01
1.166666666666666546e-01
9.333333333333333759e-02
1.086666666666666670e+00
1.199999999999999956e-01
1.066666666666666735e-01
5.233333333333333171e-01
1.823333333333333472e+00
5.366666666666666252e-01
2.600000000000000089e-01
1.030000000000000027e+00
2.399999999999999911e-01
1.199999999999999956e-01
1.133333333333333276e-01
1.766666666666666663e-01
2.766666666666666718e-01
7.000000000000000666e-02
2.600000000000000089e-01
1.316666666666666652e+00
