4.933333333333333459e-01
1.700000000000000122e-01
1.800000000000000211e-01
6.666666666666667095e-03
1.566666666666666485e-01
8.000000000000000167e-02
3.000000000000000236e-02
4.500000000000000111e-01
9.033333333333333215e-01
3.300000000000000155e-01
3.466666666666666785e-01
8.000000000000000167e-02
1.066666666666666735e-01
8.433333333333332682e-01
7.900000000000000355e-01
1.300000000000000044e-01
1.999999999999999833e-01
1.906666666666666510e+00
2.633333333333333637e-01
2.099999999999999922e-01
1.303333333333333455e+00
0.000000000000000000e+00
9.999999999999999167e-02
1.113333333333333286e+00
3.099999999999999978e-01
0.000000000000000000e+00
1.533333333333333215e-01
8.166666666666667629e-01
2.900000000000000355e-01
9.533333333333332549e-01
1.333333333333333419e-02
8.566666666666665764e-01
2.000000000000000042e-02
3.333333333333333547e-03
1.366666666666666863e-01
0.000000000000000000e+00
1.533333333333333215e-01
1.700000000000000122e-01
5.333333333333333676e-02
1.666666666666666644e-02
1.199999999999999956e-01
2.999999999999999889e-01
3.333333333333333287e-02
5.333333333333333676e-02
5.000000000000000971e-02
4.000000000000000083e-02
0.000000000000000000e+00
0.000000000000000000e+00
2.666666666666666630e-01
8.599999999999999867e-01
0.000000000000000000e+00
1.666666666666666644e-02
3.466666666666666785e-01
1.400000000000000133e-01
4.333333333333333481e-02
1.113333333333333286e+00
1.333333333333333419e-02
4.199999999999999845e-01
1.266666666666666774e-01
1.499999999999999944e-01
5.999999999999999778e-02
2.206666666666666998e+00
9.500000000000000666e-01
2.676666666666666305e+00
