8.233333333333332504e-01
3.300000000000000155e-01
1.140000000000000124e+00
1.330000000000000071e+00
7.099999999999999645e-01
3.600000000000000422e-01
3.233333333333333615e-01
2.236666666666666803e+00
1.750000000000000000e+00
4.266666666666665830e-01
3.999999999999999667e-01
4.566666666666667207e-01
6.466666666666666119e-01
3.833333333333333037e-01
7.999999999999999334e-01
1.839999999999999858e+00
1.266666666666666774e-01
1.000000000000000021e-02
6.933333333333333570e-01
6.766666666666667496e-01
8.666666666666666963e-02
1.199999999999999956e-01
9.666666666666667851e-01
1.199999999999999956e-01
2.600000000000000089e-01
5.066666666666667096e-01
3.766666666666666496e-01
8.166666666666665408e-01
1.083333333333333259e+00
4.333333333333333481e-02
3.999999999999999667e-01
2.299999999999999822e-01
1.063333333333333242e+00
1.433333333333333404e-01
9.666666666666666463e-02
9.199999999999999289e-01
6.366666666666666030e-01
5.333333333333333676e-02
1.533333333333333492e-01
4.866666666666666363e-01
3.666666666666666685e-02
5.166666666666666075e-01
1.100000000000000006e-01
1.933333333333333293e-01
1.466666666666666397e-01
4.099999999999999756e-01
6.666666666666667095e-03
6.533333333333333215e-01
9.466666666666666563e-01
1.966666666666666841e-01
2.099999999999999645e-01
3.733333333333333504e-01
2.166666666666666741e-01
1.333333333333333315e-01
6.666666666666666574e-02
2.933333333333333903e-01
4.333333333333333481e-02
3.433333333333333237e-01
1.053333333333333455e+00
