8.366666666666665586e-01
1.366666666666666863e-01
1.343333333333333490e+00
2.066666666666666652e-01
6.266666666666665941e-01
7.666666666666667462e-02
7.333333333333334758e-02
1.300000000000000044e-01
2.066666666666666652e-01
7.333333333333333370e-02
5.299999999999999156e-01
6.333333333333333870e-02
1.150000000000000133e+00
1.666666666666666574e-01
3.433333333333332682e-01
2.333333333333333440e-02
1.690000000000000169e+00
1.993333333333333401e+00
2.133333333333333470e-01
6.833333333333332371e-01
1.700000000000000122e-01
0.000000000000000000e+00
1.666666666666666644e-02
4.999999999999999584e-02
1.966666666666666563e-01
8.333333333333332871e-02
2.333333333333333440e-02
0.000000000000000000e+00
1.666666666666666574e-01
4.000000000000000083e-02
5.633333333333333526e-01
3.300000000000000155e-01
1.499999999999999944e-01
9.899999999999998801e-01
1.669999999999999929e+00
1.633333333333333304e-01
2.266666666666666829e-01
4.666666666666666186e-02
0.000000000000000000e+00
2.766666666666666718e-01
9.466666666666666563e-01
6.666666666666666297e-01
3.366666666666666696e-01
8.166666666666667629e-01
1.900000000000000300e-01
2.533333333333333548e-01
1.036666666666666625e+00
1.266666666666666774e-01
1.173333333333333561e+00
1.233333333333333365e-01
2.700000000000000178e-01
1.250000000000000000e+00
7.066666666666666652e-01
4.466666666666667118e-01
1.100000000000000006e-01
2.299999999999999822e-01
8.166666666666667629e-01
3.333333333333333547e-03
5.666666666666666380e-02
3.666666666666667379e-02
5.666666666666667629e-01
2.000000000000000042e-02
1.033333333333333326e-01
2.999999999999999889e-02
2.833333333333333814e-01
1.600000000000000033e-01
0.000000000000000000e+00
9.000000000000001055e-02
1.733333333333333393e-01
9.000000000000001055e-02
7.400000000000001021e-01
0.000000000000000000e+00
6.333333333333333037e-01
1.199999999999999956e-01
2.700000000000000178e-01
6.333333333333333870e-02
5.999999999999999778e-01
2.333333333333333440e-02
5.633333333333333526e-01
2.766666666666666718e-01
1.066666666666666735e-01
3.433333333333332682e-01
8.000000000000000167e-02
7.000000000000000666e-02
2.233333333333333004e-01
4.333333333333333481e-02
2.366666666666666641e-01
1.466666666666666397e-01
1.199999999999999956e-01
2.866666666666666807e-01
2.000000000000000042e-02
8.333333333333332871e-02
1.433333333333333404e-01
2.266666666666666552e-01
1.666666666666666644e-02
7.333333333333333370e-02
0.000000000000000000e+00
2.333333333333333440e-02
1.666666666666666644e-02
7.666666666666667462e-02
1.133333333333333276e-01
4.766666666666666274e-01
3.000000000000000236e-02
1.533333333333333215e-01
4.000000000000000083e-02
4.999999999999999584e-02
1.669999999999999929e+00
