8.233333333333333615e-01
1.533333333333333215e-01
1.866666666666666752e-01
1.199999999999999956e-01
7.666666666666667462e-02
4.000000000000000083e-02
5.733333333333332504e-01
2.526666666666666838e+00
4.033333333333333215e-01
1.633333333333333304e-01
6.099999999999999867e-01
5.533333333333333437e-01
1.020000000000000018e+00
8.666666666666666963e-02
6.500000000000000222e-01
1.066666666666666735e-01
7.666666666666667462e-02
1.549999999999999822e+00
7.533333333333332993e-01
4.766666666666666274e-01
4.699999999999999734e-01
4.900000000000000466e-01
1.623333333333333295e+00
6.566666666666666208e-01
8.499999999999999778e-01
8.666666666666666963e-02
1.666666666666666574e-01
9.999999999999999167e-02
5.333333333333333259e-01
3.600000000000000422e-01
2.566666666666666541e-01
2.666666666666666838e-02
3.066666666666666985e-01
1.633333333333333304e-01
8.000000000000000167e-02
3.766666666666666496e-01
3.066666666666666985e-01
0.000000000000000000e+00
5.333333333333333676e-02
9.000000000000001055e-02
6.666666666666667095e-03
8.666666666666666963e-01
8.000000000000000167e-02
7.666666666666666075e-01
1.166666666666666546e-01
5.333333333333333676e-02
1.333333333333333419e-02
1.739999999999999991e+00
2.333333333333333648e-01
2.600000000000000089e-01
1.266666666666666774e-01
1.833333333333333259e+00
1.433333333333333404e-01
2.633333333333333637e-01
3.800000000000000600e-01
4.433333333333333570e-01
1.033333333333333326e-01
1.666666666666666644e-02
5.766666666666666607e-01
1.433333333333333126e-01
1.666666666666666644e-02
0.000000000000000000e+00
1.666666666666666574e-01
3.766666666666666496e-01
4.666666666666666879e-02
1.480000000000000204e+00
5.299999999999999156e-01
1.266666666666666774e-01
2.999999999999999889e-02
1.043333333333333224e+00
1.400000000000000133e-01
2.333333333333333093e-02
2.233333333333333559e-01
3.266666666666666607e-01
1.100000000000000006e-01
1.386666666666666714e+00
2.799999999999999711e-01
8.900000000000000133e-01
4.333333333333332926e-01
1.400000000000000133e-01
4.333333333333333481e-02
6.333333333333333870e-02
1.996666666666666812e+00
1.833333333333333481e-01
1.333333333333333419e-02
2.000000000000000042e-02
1.966666666666666563e-01
6.666666666666666574e-02
7.600000000000001199e-01
2.700000000000000178e-01
1.006666666666666599e+00
6.966666666666666563e-01
2.066666666666666929e-01
6.833333333333334592e-01
3.699999999999999400e-01
1.000000000000000021e-02
8.333333333333332871e-02
0.000000000000000000e+00
1.166666666666666546e-01
8.666666666666666963e-02
2.899999999999999800e-01
1.033333333333333326e-01
1.866666666666666752e-01
8.800000000000000044e-01
5.566666666666666430e-01
1.300000000000000044e-01
1.666666666666666644e-02
1.433333333333333404e-01
1.276666666666666616e+00
6.333333333333333870e-02
4.066666666666666763e-01
3.200000000000000067e-01
2.666666666666666630e-01
3.366666666666666696e-01
4.000000000000000083e-02
7.866666666666667362e-01
4.333333333333333481e-02
1.233333333333333365e-01
1.166666666666666546e-01
1.499999999999999944e-01
1.000000000000000021e-02
1.700000000000000122e-01
7.666666666666666075e-01
3.366666666666666696e-01
5.666666666666666519e-01
3.396666666666666501e+00
1.186666666666666758e+00
6.333333333333333870e-02
2.999999999999999889e-02
2.333333333333333093e-02
4.000000000000000777e-01
4.033333333333333215e-01
5.400000000000000355e-01
4.333333333333333481e-01
1.313333333333333464e+00
2.666666666666666838e-02
1.423333333333333561e+00
3.899999999999999578e-01
5.599999999999999423e-01
2.933333333333332793e-01
8.000000000000000167e-02
9.100000000000000311e-01
1.666666666666666644e-02
1.520000000000000240e+00
2.866666666666666807e-01
0.000000000000000000e+00
0.000000000000000000e+00
1.666666666666666741e+00
9.100000000000000311e-01
0.000000000000000000e+00
1.666666666666666644e-02
1.700000000000000122e-01
6.966666666666666563e-01
2.356666666666666909e+00
2.220000000000000195e+00
2.999999999999999889e-01
3.966666666666666674e-01
4.133333333333333304e-01
0.000000000000000000e+00
6.266666666666667052e-01
4.366666666666667029e-01
3.200000000000000067e-01
8.333333333333332871e-02
6.666666666666667095e-03
1.333333333333333419e-02
1.333333333333333419e-02
1.333333333333333419e-02
0.000000000000000000e+00
0.000000000000000000e+00
5.666666666666666380e-02
0.000000000000000000e+00
1.533333333333333215e-01
1.266666666666666774e-01
1.166666666666666546e-01
1.666666666666666644e-02
2.899999999999999800e-01
2.366666666666666641e-01
1.000000000000000194e-01
2.199999999999999734e-01
9.133333333333334414e-01
1.050000000000000044e+00
3.099999999999999978e-01
5.500000000000000444e-01
1.619999999999999885e+00
5.499999999999999334e-01
1.300000000000000044e-01
3.200000000000000067e-01
6.666666666666666574e-02
1.566666666666666485e-01
1.000000000000000021e-02
2.013333333333333197e+00
2.033333333333333381e-01
1.596666666666666679e+00
7.733333333333333171e-01
2.099999999999999645e-01
1.033333333333333326e-01
4.333333333333333481e-02
2.966666666666666341e-01
4.666666666666666879e-02
1.300000000000000044e-01
2.533333333333333548e-01
6.666666666666666574e-02
0.000000000000000000e+00
8.000000000000000167e-02
1.669999999999999929e+00
9.000000000000000222e-01
4.833333333333333925e-01
1.120000000000000107e+00
9.999999999999999167e-02
1.000000000000000194e-01
4.433333333333333570e-01
1.433333333333333404e-01
4.000000000000000083e-02
5.233333333333333171e-01
3.600000000000000422e-01
6.566666666666667318e-01
2.010000000000000231e+00
1.099999999999999867e-01
0.000000000000000000e+00
3.099999999999999978e-01
0.000000000000000000e+00
3.800000000000000600e-01
3.533333333333333326e-01
2.899999999999999800e-01
2.699999999999999623e-01
2.533333333333333548e-01
4.899999999999999911e-01
5.333333333333333676e-02
3.366666666666666696e-01
1.266666666666666774e-01
1.033333333333333326e-01
0.000000000000000000e+00
2.333333333333333440e-02
1.066666666666666735e-01
9.333333333333333759e-02
2.276666666666666394e+00
1.406666666666666510e+00
0.000000000000000000e+00
1.933333333333333570e-01
5.000000000000000971e-02
3.666666666666666408e-01
4.000000000000000083e-02
5.599999999999999423e-01
8.666666666666666963e-02
1.066666666666666735e-01
2.183333333333333126e+00
1.099999999999999867e-01
1.600000000000000033e-01
4.333333333333333481e-02
2.333333333333333648e-01
3.766666666666666496e-01
1.199999999999999956e-01
1.333333333333333315e-01
0.000000000000000000e+00
0.000000000000000000e+00
6.333333333333333870e-02
7.000000000000000666e-02
6.400000000000000133e-01
5.633333333333333526e-01
1.700000000000000122e-01
3.666666666666667379e-02
0.000000000000000000e+00
3.333333333333333287e-02
1.333333333333333419e-02
9.666666666666666463e-02
0.000000000000000000e+00
0.000000000000000000e+00
5.000000000000000971e-02
3.333333333333333547e-03
0.000000000000000000e+00
0.000000000000000000e+00
3.333333333333333547e-03
1.000000000000000021e-02
1.266666666666666774e-01
2.666666666666666838e-02
2.233333333333333004e-01
0.000000000000000000e+00
0.000000000000000000e+00
1.666666666666666644e-02
7.233333333333332726e-01
0.000000000000000000e+00
0.000000000000000000e+00
5.066666666666667096e-01
2.666666666666666838e-02
0.000000000000000000e+00
7.099999999999999645e-01
1.566666666666666485e-01
1.323333333333333250e+00
1.400000000000000133e-01
1.666666666666666574e-01
5.233333333333333171e-01
3.766666666666666496e-01
1.733333333333333393e-01
1.233333333333333365e-01
8.900000000000000133e-01
2.300000000000000100e-01
0.000000000000000000e+00
6.666666666666666574e-02
2.933333333333333903e-01
1.000000000000000021e-02
0.000000000000000000e+00
3.300000000000000155e-01
3.333333333333333287e-02
0.000000000000000000e+00
0.000000000000000000e+00
0.000000000000000000e+00
0.000000000000000000e+00
1.300000000000000044e-01
2.999999999999999889e-01
0.000000000000000000e+00
2.166666666666666741e-01
0.000000000000000000e+00
0.000000000000000000e+00
2.999999999999999889e-02
9.333333333333333759e-02
8.333333333333332871e-02
0.000000000000000000e+00
5.666666666666667074e-02
1.600000000000000033e-01
8.533333333333333881e-01
1.666666666666666574e-01
2.999999999999999889e-02
1.266666666666666774e-01
1.700000000000000122e-01
4.533333333333333104e-01
6.666666666666667095e-03
5.833333333333333703e-01
1.033333333333333326e-01
1.623333333333333295e+00
8.999999999999998279e-02
7.299999999999999822e-01
0.000000000000000000e+00
1.219999999999999973e+00
3.066666666666666430e-01
2.333333333333333440e-02
1.126666666666666705e+00
1.899999999999999745e-01
8.666666666666666963e-02
3.799999999999999489e-01
5.999999999999999778e-02
1.866666666666666752e-01
8.666666666666666963e-02
8.800000000000000044e-01
6.133333333333333970e-01
1.076666666666666661e+00
6.666666666666666574e-02
3.333333333333333547e-03
0.000000000000000000e+00
4.333333333333333481e-02
3.333333333333333547e-03
9.000000000000001055e-02
2.066666666666666652e-01
3.333333333333333547e-03
1.133333333333333276e-01
4.133333333333333304e-01
1.066666666666666735e-01
1.300000000000000044e-01
1.800000000000000211e-01
5.333333333333333676e-02
1.166666666666666546e-01
6.666666666666667095e-03
8.066666666666666430e-01
1.499999999999999944e-01
9.666666666666666463e-02
1.226666666666666572e+00
1.199999999999999956e-01
1.233333333333333365e-01
2.166666666666666741e-01
2.200000000000000011e-01
1.369999999999999885e+00
3.533333333333333326e-01
3.300000000000000155e-01
9.333333333333333759e-02
2.413333333333333552e+00
3.500000000000000333e-01
3.000000000000000236e-02
1.166666666666666546e-01
1.166666666666666824e-01
2.866666666666666807e-01
1.400000000000000133e-01
3.066666666666666985e-01
8.333333333333332871e-02
2.999999999999999889e-02
1.966666666666666563e-01
1.169999999999999929e+00
3.400000000000000244e-01
3.666666666666666685e-02
4.000000000000000083e-02
1.066666666666666735e-01
5.333333333333333676e-02
2.999999999999999889e-02
0.000000000000000000e+00
3.166666666666666519e-01
1.600000000000000033e-01
9.333333333333333759e-02
8.333333333333332871e-02
1.373333333333333295e+00
9.333333333333333759e-02
8.000000000000000167e-02
0.000000000000000000e+00
1.000000000000000021e-02
7.133333333333333748e-01
9.000000000000001055e-02
3.333333333333333287e-02
1.766666666666666663e-01
1.399999999999999856e-01
1.233333333333333393e+00
4.000000000000000083e-02
7.333333333333334758e-02
2.200000000000000011e-01
1.406666666666666954e+00
9.100000000000000311e-01
2.333333333333333440e-02
5.333333333333333676e-02
4.233333333333333393e-01
1.333333333333333315e-01
8.333333333333332871e-02
2.333333333333333093e-02
8.433333333333333792e-01
1.133333333333333415e-01
4.333333333333333481e-02
1.503333333333333188e+00
1.116666666666666474e+00
1.666666666666666574e-01
9.700000000000000844e-01
3.333333333333333148e-01
4.666666666666666879e-02
1.370000000000000107e+00
1.833333333333333481e-01
1.833333333333333481e-01
1.666666666666666574e-01
3.333333333333333547e-03
3.666666666666666685e-02
6.099999999999999867e-01
0.000000000000000000e+00
4.000000000000000083e-02
1.206666666666666776e+00
1.386666666666666714e+00
1.466666666666666674e-01
2.266666666666666552e-01
1.100000000000000006e-01
1.633333333333333526e+00
2.866666666666666807e-01
3.833333333333333037e-01
6.099999999999999867e-01
1.800000000000000211e-01
9.333333333333333759e-02
3.133333333333332971e-01
5.733333333333333615e-01
0.000000000000000000e+00
2.333333333333333093e-02
8.000000000000000167e-02
1.540000000000000036e+00
1.023333333333333206e+00
1.466666666666666785e+00
8.000000000000000167e-02
6.666666666666667095e-03
5.999999999999999778e-02
2.733333333333333171e-01
0.000000000000000000e+00
1.376666666666666705e+00
1.213333333333333153e+00
3.333333333333333287e-02
1.333333333333333419e-02
8.333333333333332871e-02
4.566666666666667207e-01
2.566666666666666541e-01
2.933333333333333903e-01
4.000000000000000083e-02
3.000000000000000236e-02
2.033333333333333381e-01
1.433333333333333404e-01
3.099999999999999978e-01
6.666666666666667095e-03
0.000000000000000000e+00
0.000000000000000000e+00
1.666666666666666644e-02
0.000000000000000000e+00
1.333333333333333419e-02
1.206666666666666776e+00
1.999999999999999833e-01
8.333333333333333703e-01
4.266666666666665830e-01
7.733333333333333171e-01
1.933333333333333570e-01
3.666666666666667379e-02
7.666666666666667462e-02
2.666666666666666838e-02
5.533333333333333437e-01
0.000000000000000000e+00
0.000000000000000000e+00
1.666666666666666574e-01
5.433333333333333348e-01
0.000000000000000000e+00
0.000000000000000000e+00
2.666666666666666838e-02
1.000000000000000021e-02
9.000000000000001055e-02
1.000000000000000021e-02
1.233333333333333365e-01
1.099999999999999867e-01
3.666666666666666685e-02
1.333333333333333419e-02
1.000000000000000021e-02
1.333333333333333419e-02
1.333333333333333419e-02
5.000000000000000971e-02
0.000000000000000000e+00
0.000000000000000000e+00
1.000000000000000021e-02
1.333333333333333315e-01
1.380000000000000115e+00
6.666666666666666574e-02
3.733333333333333504e-01
9.333333333333332371e-01
4.666666666666666879e-02
1.499999999999999944e-01
1.333333333333333419e-02
0.000000000000000000e+00
1.666666666666666644e-02
0.000000000000000000e+00
5.899999999999999689e-01
1.066666666666666735e-01
0.000000000000000000e+00
1.366666666666666863e-01
2.533333333333333548e-01
1.866666666666666752e-01
0.000000000000000000e+00
1.063333333333333242e+00
2.133333333333333470e-01
2.000000000000000042e-02
7.333333333333331983e-02
2.333333333333333440e-02
7.600000000000001199e-01
4.966666666666666452e-01
2.333333333333333440e-02
3.333333333333333547e-03
2.999999999999999889e-02
2.666666666666666630e-01
1.000000000000000021e-02
7.666666666666667462e-02
9.599999999999999645e-01
1.100000000000000006e-01
6.666666666666666574e-02
5.999999999999999778e-02
1.593333333333333490e+00
9.000000000000001055e-02
3.966666666666666674e-01
3.733333333333332948e-01
1.716666666666666563e+00
3.966666666666666674e-01
7.133333333333332638e-01
5.160000000000000142e+00
7.700000000000000178e-01
1.766666666666666663e-01
1.833333333333333481e-01
3.333333333333333547e-03
3.333333333333333287e-02
0.000000000000000000e+00
1.333333333333333315e-01
6.866666666666665364e-01
2.333333333333333093e-02
7.666666666666667462e-02
5.633333333333333526e-01
8.833333333333333037e-01
1.146666666666666723e+00
1.066666666666666735e-01
6.133333333333333970e-01
9.000000000000001055e-02
1.166666666666666546e-01
1.166666666666666741e+00
6.666666666666666297e-01
5.133333333333333082e-01
3.566666666666666319e-01
5.066666666666667096e-01
1.756666666666666821e+00
1.800000000000000211e-01
2.899999999999999800e-01
1.266666666666666774e-01
7.666666666666667462e-02
2.566666666666666541e-01
7.133333333333333748e-01
2.830000000000000071e+00
6.166666666666666963e-01
4.000000000000000083e-02
4.199999999999999845e-01
9.666666666666667851e-02
9.000000000000001055e-02
2.999999999999999889e-01
5.333333333333333676e-02
3.666666666666667379e-02
5.666666666666667074e-02
4.333333333333333481e-02
2.000000000000000042e-02
6.433333333333332016e-01
9.000000000000001055e-02
4.766666666666667385e-01
3.400000000000000244e-01
4.000000000000000083e-02
1.000000000000000021e-02
1.336666666666666670e+00
1.633333333333333304e-01
1.166666666666666546e-01
7.666666666666666075e-02
2.086666666666666448e+00
3.566666666666666319e-01
3.033333333333332882e-01
2.500000000000000000e-01
3.766666666666666496e-01
4.999999999999999584e-02
0.000000000000000000e+00
1.066666666666666735e-01
1.666666666666666574e-01
1.333333333333333419e-02
0.000000000000000000e+00
8.000000000000000167e-02
2.866666666666666807e-01
5.333333333333333676e-02
1.683333333333333348e+00
5.433333333333333348e-01
4.333333333333333481e-02
1.666666666666666644e-02
1.040000000000000036e+00
4.333333333333333481e-02
0.000000000000000000e+00
9.333333333333333759e-02
1.066666666666666458e-01
7.000000000000000666e-02
2.533333333333333548e-01
2.000000000000000042e-02
2.233333333333333004e-01
2.866666666666666807e-01
2.333333333333333093e-02
6.666666666666667095e-03
0.000000000000000000e+00
8.900000000000000133e-01
1.333333333333333419e-02
1.333333333333333419e-02
6.666666666666667095e-03
3.333333333333333547e-03
1.199999999999999956e-01
3.766666666666667052e-01
3.333333333333333547e-03
2.333333333333333093e-01
3.800000000000000600e-01
9.999999999999999167e-02
7.533333333333332993e-01
6.833333333333332371e-01
1.333333333333333419e-02
3.099999999999999978e-01
2.399999999999999911e-01
1.150000000000000133e+00
2.099999999999999922e-01
3.233333333333333059e-01
3.533333333333333326e-01
2.233333333333333559e-01
9.599999999999999645e-01
5.599999999999999423e-01
4.599999999999999645e-01
1.333333333333333419e-02
8.666666666666666963e-02
5.066666666666667096e-01
8.666666666666666963e-02
3.533333333333333326e-01
4.466666666666667118e-01
2.433333333333333182e-01
6.566666666666666208e-01
2.666666666666666838e-02
3.566666666666666874e-01
2.133333333333333470e-01
2.066666666666666652e-01
1.499999999999999944e-01
5.000000000000000971e-02
1.566666666666666485e-01
1.366666666666666585e-01
4.166666666666666852e-01
2.999999999999999889e-02
9.100000000000000311e-01
2.239999999999999769e+00
1.763333333333332975e+00
1.266666666666666774e-01
1.300000000000000044e-01
2.666666666666666838e-02
3.366666666666666696e-01
1.933333333333333293e-01
3.833333333333333592e-01
3.033333333333333437e-01
1.356666666666666687e+00
2.600000000000000089e-01
1.739999999999999991e+00
8.633333333333332860e-01
7.200000000000000844e-01
5.499999999999999334e-01
1.000000000000000021e-02
1.526666666666666616e+00
5.666666666666666380e-02
1.040000000000000036e+00
3.333333333333333148e-01
0.000000000000000000e+00
0.000000000000000000e+00
1.566666666666666652e+00
1.330000000000000071e+00
0.000000000000000000e+00
3.333333333333333547e-03
3.433333333333333237e-01
9.000000000000001055e-02
2.373333333333333517e+00
2.066666666666666874e+00
4.899999999999999911e-01
3.700000000000000511e-01
5.166666666666667185e-01
9.000000000000001055e-02
5.733333333333333615e-01
2.333333333333333093e-01
2.933333333333333903e-01
9.666666666666667851e-02
0.000000000000000000e+00
0.000000000000000000e+00
0.000000000000000000e+00
1.333333333333333419e-02
0.000000000000000000e+00
0.000000000000000000e+00
1.700000000000000122e-01
0.000000000000000000e+00
5.999999999999999778e-02
1.100000000000000006e-01
1.600000000000000033e-01
0.000000000000000000e+00
1.600000000000000033e-01
9.999999999999999167e-02
8.333333333333332871e-02
4.666666666666666879e-02
7.566666666666667096e-01
3.300000000000000155e-01
3.333333333333333287e-02
3.166666666666666519e-01
1.636666666666666714e+00
3.066666666666666430e-01
1.333333333333333419e-02
3.033333333333333437e-01
4.000000000000000083e-02
6.333333333333333870e-02
1.333333333333333419e-02
2.363333333333333286e+00
2.099999999999999922e-01
1.110000000000000098e+00
4.066666666666666763e-01
0.000000000000000000e+00
2.666666666666666838e-02
0.000000000000000000e+00
5.966666666666666785e-01
1.333333333333333419e-02
1.666666666666666644e-02
2.633333333333333637e-01
2.699999999999999623e-01
1.666666666666666644e-02
4.000000000000000083e-02
1.186666666666666758e+00
8.699999999999999956e-01
5.466666666666667451e-01
8.399999999999999689e-01
1.366666666666666863e-01
2.133333333333333470e-01
5.833333333333333703e-01
2.966666666666666896e-01
4.000000000000000083e-02
4.199999999999999845e-01
1.499999999999999944e-01
5.433333333333333348e-01
1.023333333333333206e+00
2.933333333333332793e-01
0.000000000000000000e+00
3.166666666666666519e-01
8.000000000000000167e-02
3.400000000000000244e-01
4.133333333333333304e-01
3.166666666666666519e-01
1.700000000000000122e-01
1.099999999999999867e-01
5.000000000000000000e-01
2.333333333333333440e-02
4.066666666666666763e-01
1.133333333333333276e-01
1.333333333333333419e-02
0.000000000000000000e+00
2.999999999999999889e-02
1.733333333333333393e-01
8.000000000000000167e-02
1.480000000000000204e+00
4.166666666666666852e-01
0.000000000000000000e+00
2.800000000000000266e-01
6.333333333333333870e-02
3.666666666666666963e-01
3.000000000000000236e-02
6.233333333333334059e-01
1.033333333333333326e-01
3.433333333333332682e-01
2.146666666666666945e+00
7.000000000000000666e-02
5.999999999999999778e-02
9.666666666666667851e-02
2.433333333333333182e-01
6.099999999999999867e-01
1.566666666666666485e-01
2.133333333333333470e-01
1.000000000000000021e-02
0.000000000000000000e+00
3.333333333333333287e-02
1.000000000000000021e-02
1.833333333333333481e-01
3.966666666666666674e-01
2.266666666666666552e-01
3.666666666666666685e-02
1.666666666666666644e-02
1.166666666666666546e-01
1.733333333333333393e-01
1.033333333333333326e-01
3.333333333333333547e-03
0.000000000000000000e+00
2.333333333333333440e-02
3.333333333333333547e-03
8.000000000000000167e-02
8.666666666666666963e-02
0.000000000000000000e+00
1.133333333333333276e-01
8.666666666666665853e-01
1.400000000000000133e-01
5.033333333333332993e-01
0.000000000000000000e+00
3.333333333333333547e-03
7.333333333333333370e-02
4.866666666666666363e-01
2.999999999999999889e-02
0.000000000000000000e+00
2.433333333333333182e-01
1.033333333333333326e-01
1.000000000000000021e-02
2.133333333333332915e-01
1.233333333333333365e-01
9.233333333333333393e-01
1.000000000000000194e-01
1.033333333333333326e-01
4.066666666666666763e-01
4.233333333333333393e-01
1.933333333333333293e-01
1.833333333333333481e-01
1.683333333333333348e+00
3.366666666666666141e-01
0.000000000000000000e+00
1.366666666666666863e-01
1.633333333333333304e-01
2.666666666666666838e-02
1.000000000000000021e-02
4.533333333333333659e-01
3.666666666666667379e-02
0.000000000000000000e+00
2.000000000000000042e-02
0.000000000000000000e+00
3.333333333333333547e-03
2.299999999999999822e-01
2.333333333333333093e-01
6.666666666666667095e-03
4.433333333333333570e-01
6.333333333333333870e-02
0.000000000000000000e+00
0.000000000000000000e+00
2.933333333333333348e-01
5.333333333333333259e-01
0.000000000000000000e+00
1.000000000000000021e-02
1.200000000000000094e-01
2.899999999999999800e-01
2.999999999999999889e-01
2.999999999999999889e-02
1.099999999999999867e-01
3.300000000000000155e-01
3.333333333333333148e-01
0.000000000000000000e+00
3.833333333333333592e-01
1.666666666666666644e-02
8.133333333333334636e-01
1.333333333333333315e-01
7.500000000000000000e-01
3.666666666666667379e-02
1.786666666666666403e+00
3.666666666666666963e-01
2.999999999999999889e-02
4.500000000000000111e-01
3.666666666666666963e-01
1.966666666666666563e-01
4.266666666666666941e-01
2.466666666666666730e-01
1.866666666666666474e-01
4.000000000000000083e-02
1.366666666666666474e+00
7.366666666666666918e-01
6.300000000000000044e-01
6.666666666666667095e-03
3.333333333333333547e-03
7.666666666666667462e-02
0.000000000000000000e+00
0.000000000000000000e+00
4.000000000000000083e-02
7.333333333333334758e-02
0.000000000000000000e+00
7.000000000000000666e-02
6.133333333333332860e-01
1.033333333333333326e-01
3.333333333333333287e-02
2.000000000000000042e-02
2.333333333333333440e-02
0.000000000000000000e+00
3.333333333333333547e-03
1.133333333333333526e+00
1.999999999999999833e-01
0.000000000000000000e+00
1.746666666666666812e+00
1.000000000000000021e-02
6.333333333333333870e-02
1.399999999999999856e-01
4.166666666666666852e-01
6.733333333333333393e-01
1.466666666666666674e-01
1.833333333333333204e-01
2.333333333333333440e-02
2.036666666666666625e+00
2.266666666666666552e-01
1.000000000000000021e-02
1.600000000000000033e-01
4.766666666666666274e-01
8.000000000000000167e-02
2.666666666666666630e-01
6.933333333333333570e-01
2.333333333333333440e-02
2.000000000000000042e-02
1.600000000000000033e-01
8.266666666666666607e-01
8.666666666666666963e-02
2.000000000000000042e-02
9.000000000000001055e-02
6.466666666666666119e-01
1.266666666666666774e-01
0.000000000000000000e+00
1.333333333333333419e-02
3.800000000000000600e-01
2.666666666666666838e-02
0.000000000000000000e+00
6.666666666666667095e-03
1.673333333333333117e+00
5.333333333333333676e-02
2.766666666666666718e-01
2.000000000000000042e-02
3.333333333333333547e-03
1.096666666666666679e+00
5.666666666666667074e-02
9.666666666666667851e-02
8.333333333333332871e-02
1.300000000000000044e-01
9.199999999999999289e-01
8.000000000000000167e-02
1.000000000000000021e-02
2.666666666666666838e-02
1.429999999999999938e+00
3.433333333333332682e-01
0.000000000000000000e+00
4.666666666666666879e-02
4.566666666666666097e-01
2.233333333333333559e-01
0.000000000000000000e+00
4.333333333333333481e-02
6.366666666666667140e-01
1.333333333333333419e-02
6.666666666666667095e-03
8.266666666666666607e-01
1.146666666666666723e+00
5.666666666666667074e-02
3.800000000000000600e-01
2.466666666666666730e-01
4.000000000000000083e-02
1.583333333333333259e+00
2.166666666666666463e-01
1.333333333333333315e-01
0.000000000000000000e+00
0.000000000000000000e+00
6.999999999999999278e-02
5.466666666666666341e-01
0.000000000000000000e+00
1.733333333333333393e-01
1.506666666666666821e+00
5.999999999999999778e-01
4.000000000000000083e-02
1.533333333333333215e-01
6.333333333333333870e-02
2.166666666666666519e+00
5.433333333333333348e-01
2.099999999999999645e-01
5.133333333333333082e-01
1.366666666666666863e-01
4.666666666666666186e-02
4.033333333333333215e-01
6.233333333333334059e-01
0.000000000000000000e+00
9.333333333333333759e-02
1.300000000000000044e-01
2.033333333333333215e+00
1.710000000000000187e+00
1.679999999999999938e+00
3.333333333333333287e-02
0.000000000000000000e+00
7.333333333333333370e-02
2.166666666666666741e-01
0.000000000000000000e+00
1.090000000000000080e+00
1.290000000000000036e+00
7.000000000000000666e-02
3.333333333333333547e-03
1.300000000000000044e-01
1.900000000000000300e-01
1.266666666666666774e-01
4.600000000000000200e-01
3.333333333333333547e-03
0.000000000000000000e+00
1.833333333333333204e-01
5.999999999999999778e-02
2.000000000000000042e-02
6.666666666666666574e-02
0.000000000000000000e+00
4.000000000000000083e-02
3.666666666666666685e-02
6.666666666666667095e-03
0.000000000000000000e+00
3.266666666666666607e-01
1.033333333333333326e-01
3.499999999999999223e-01
2.500000000000000000e-01
4.133333333333333859e-01
2.199999999999999734e-01
2.433333333333333182e-01
1.800000000000000211e-01
1.133333333333333415e-01
4.299999999999999933e-01
1.333333333333333419e-02
8.666666666666666963e-02
2.333333333333333093e-01
7.333333333333334758e-02
1.666666666666666644e-02
3.333333333333333547e-03
1.200000000000000094e-01
2.000000000000000042e-02
1.000000000000000021e-02
6.666666666666667095e-03
3.333333333333333287e-02
3.300000000000000155e-01
1.000000000000000021e-02
3.333333333333333547e-03
1.000000000000000021e-02
2.000000000000000042e-02
0.000000000000000000e+00
3.333333333333333547e-03
5.333333333333333676e-02
0.000000000000000000e+00
1.666666666666666644e-02
2.433333333333333182e-01
1.410000000000000142e+00
6.333333333333333870e-02
2.199999999999999734e-01
2.099999999999999922e-01
2.999999999999999889e-02
1.233333333333333365e-01
7.666666666666666075e-02
4.999999999999999584e-02
1.666666666666666644e-02
1.666666666666666644e-02
1.456666666666666776e+00
4.366666666666665919e-01
0.000000000000000000e+00
1.133333333333333276e-01
2.033333333333333659e-01
2.700000000000000178e-01
0.000000000000000000e+00
7.966666666666667451e-01
2.299999999999999822e-01
5.000000000000000971e-02
1.833333333333333481e-01
8.333333333333332871e-02
1.110000000000000098e+00
4.133333333333333304e-01
9.999999999999999167e-02
1.333333333333333419e-02
2.000000000000000042e-02
1.499999999999999944e-01
1.333333333333333419e-02
1.233333333333333365e-01
1.719999999999999973e+00
3.633333333333332860e-01
7.333333333333331983e-02
6.333333333333333870e-02
1.066666666666666652e+00
4.999999999999999584e-02
2.166666666666666741e-01
1.333333333333333419e-02
7.799999999999999156e-01
3.266666666666666607e-01
1.070000000000000062e+00
2.450000000000000178e+00
