1.510000000000000009e+00
1.190000000000000169e+00
3.666666666666666963e-01
1.213333333333333375e+00
1.233333333333333365e-01
9.000000000000001055e-02
2.000000000000000042e-02
1.000000000000000021e-02
5.333333333333333259e-01
4.666666666666666879e-02
2.033333333333333381e-01
2.333333333333333093e-02
9.166666666666666297e-01
2.733333333333333726e-01
7.666666666666667462e-02
6.900000000000000577e-01
1.263333333333333419e+00
1.283333333333333437e+00
3.000000000000000236e-02
0.000000000000000000e+00
9.766666666666666829e-01
6.466666666666666119e-01
1.499999999999999944e-01
0.000000000000000000e+00
1.413333333333333330e+00
1.556666666666666643e+00
2.700000000000000178e-01
3.400000000000000244e-01
1.289999999999999813e+00
8.033333333333333437e-01
3.333333333333333547e-03
1.199999999999999956e-01
6.900000000000000577e-01
0.000000000000000000e+00
9.900000000000001021e-01
8.333333333333332871e-02
7.033333333333332549e-01
6.899999999999999467e-01
8.133333333333333526e-01
3.366666666666666696e-01
1.346666666666666679e+00
9.766666666666665719e-01
1.933333333333333570e-01
2.766666666666666718e-01
1.000000000000000021e-02
2.000000000000000042e-02
0.000000000000000000e+00
1.633333333333333304e-01
0.000000000000000000e+00
6.800000000000000488e-01
5.933333333333332682e-01
1.933333333333333348e+00
