1.326666666666666883e+00
6.666666666666666297e-01
2.700000000000000178e-01
5.000000000000000000e-01
5.166666666666666075e-01
1.000000000000000021e-02
6.099999999999999867e-01
3.500000000000000333e-01
2.399999999999999911e-01
1.473333333333333384e+00
3.533333333333333326e-01
1.166666666666666546e-01
2.999999999999999889e-02
5.800000000000000711e-01
1.366666666666666863e-01
1.466666666666666952e-01
9.333333333333333759e-02
4.999999999999999584e-02
1.300000000000000044e-01
9.000000000000001055e-02
2.700000000000000178e-01
6.666666666666666574e-02
4.766666666666666274e-01
2.183333333333333570e+00
9.666666666666667851e-02
4.000000000000000083e-02
1.333333333333333419e-02
2.533333333333333548e-01
1.000000000000000021e-02
5.333333333333333676e-02
0.000000000000000000e+00
1.166666666666666546e-01
8.333333333333333703e-01
7.666666666666667462e-02
5.333333333333333676e-02
8.000000000000000167e-02
2.099999999999999922e-01
0.000000000000000000e+00
6.933333333333333570e-01
3.266666666666666607e-01
0.000000000000000000e+00
1.166666666666666546e-01
0.000000000000000000e+00
2.600000000000000089e-01
0.000000000000000000e+00
6.833333333333332371e-01
3.333333333333333547e-03
2.000000000000000042e-02
9.666666666666666463e-02
4.999999999999999584e-02
1.500000000000000000e+00
1.566666666666666485e-01
2.200000000000000011e-01
1.000000000000000021e-02
9.000000000000001055e-02
1.133333333333333276e-01
0.000000000000000000e+00
9.333333333333332371e-02
1.000000000000000021e-02
5.999999999999999778e-01
9.666666666666666463e-02
2.299999999999999822e-01
2.999999999999999889e-02
7.033333333333334769e-01
2.333333333333333440e-02
2.999999999999999889e-02
5.133333333333333082e-01
1.546666666666666856e+00
1.499999999999999944e-01
3.333333333333333287e-02
1.366666666666666863e-01
3.799999999999999489e-01
2.999999999999999889e-02
4.633333333333333193e-01
2.999999999999999889e-02
0.000000000000000000e+00
1.000000000000000021e-02
0.000000000000000000e+00
1.133333333333333276e-01
2.333333333333333093e-02
1.333333333333333315e-01
3.233333333333333059e-01
1.766666666666666663e-01
1.166666666666666546e-01
2.800000000000000266e-01
0.000000000000000000e+00
1.300000000000000044e-01
5.066666666666667096e-01
7.666666666666667462e-02
2.333333333333333093e-01
2.333333333333333440e-02
0.000000000000000000e+00
4.999999999999999584e-02
2.266666666666666552e-01
1.000000000000000021e-02
0.000000000000000000e+00
1.333333333333333315e-01
9.233333333333333393e-01
3.333333333333333287e-02
8.000000000000000167e-02
1.199999999999999956e-01
4.000000000000000083e-02
1.143333333333333313e+00
1.570000000000000062e+00
2.266666666666666552e-01
3.833333333333333037e-01
1.466666666666666674e-01
7.099999999999999645e-01
4.166666666666666852e-01
4.666666666666666879e-02
5.100000000000000089e-01
9.666666666666667851e-01
1.400000000000000133e-01
3.333333333333333547e-03
2.333333333333333440e-02
5.999999999999999778e-02
6.933333333333333570e-01
6.666666666666666574e-02
1.333333333333333419e-02
3.099999999999999978e-01
1.380000000000000115e+00
3.099999999999999978e-01
1.333333333333333419e-02
4.566666666666667207e-01
1.750000000000000000e+00
1.333333333333333419e-02
5.333333333333333676e-02
1.133333333333333276e-01
8.666666666666666963e-02
1.000000000000000021e-02
2.666666666666666838e-02
1.499999999999999944e-01
5.666666666666667074e-02
1.733333333333333393e-01
1.426666666666666528e+00
1.033333333333333326e-01
6.400000000000000133e-01
4.099999999999999756e-01
1.550000000000000044e+00
1.293333333333333224e+00
4.666666666666666186e-01
2.966666666666666896e-01
1.366666666666666863e-01
4.999999999999999584e-02
8.333333333333332871e-02
2.233333333333333004e-01
2.533333333333333548e-01
1.320000000000000062e+00
0.000000000000000000e+00
3.700000000000000511e-01
9.866666666666666918e-01
2.666666666666666630e-01
0.000000000000000000e+00
6.333333333333333870e-02
7.900000000000000355e-01
0.000000000000000000e+00
1.933333333333333293e-01
9.233333333333333393e-01
1.633333333333333304e-01
0.000000000000000000e+00
1.966666666666666563e-01
6.233333333333334059e-01
1.393333333333333535e+00
2.023333333333333428e+00
3.933333333333333126e-01
1.666666666666666574e-01
1.666666666666666644e-02
1.333333333333333419e-02
6.333333333333333870e-02
4.000000000000000083e-02
3.166666666666666519e-01
2.066666666666666652e-01
2.733333333333333726e-01
1.333333333333333419e-02
3.066666666666666430e-01
0.000000000000000000e+00
0.000000000000000000e+00
1.499999999999999944e-01
1.700000000000000122e-01
0.000000000000000000e+00
2.999999999999999889e-02
9.000000000000001055e-02
2.666666666666666838e-02
2.000000000000000042e-02
4.266666666666666941e-01
6.733333333333333393e-01
1.000000000000000021e-02
1.423333333333333561e+00
1.833333333333333481e-01
4.000000000000000083e-02
1.510000000000000009e+00
0.000000000000000000e+00
2.600000000000000089e-01
4.666666666666666186e-01
0.000000000000000000e+00
1.666666666666666644e-02
1.373333333333333295e+00
2.466666666666666730e-01
1.666666666666666644e-02
4.833333333333333370e-01
1.090000000000000080e+00
0.000000000000000000e+00
8.233333333333332504e-01
3.233333333333333615e-01
3.333333333333333547e-03
3.333333333333333287e-02
2.666666666666666630e-01
5.333333333333333676e-02
0.000000000000000000e+00
8.033333333333333437e-01
1.610000000000000098e+00
4.033333333333333215e-01
4.199999999999999845e-01
7.666666666666667462e-02
0.000000000000000000e+00
2.133333333333333470e-01
2.966666666666666341e-01
3.933333333333333681e-01
7.366666666666666918e-01
6.666666666666666297e-01
4.833333333333333925e-01
5.366666666666667362e-01
1.110000000000000098e+00
4.366666666666667029e-01
3.333333333333333287e-02
3.033333333333333437e-01
1.666666666666666644e-02
2.666666666666666838e-02
4.333333333333333481e-02
1.193333333333333357e+00
7.000000000000000666e-02
2.299999999999999822e-01
3.166666666666666519e-01
4.699999999999999734e-01
1.300000000000000044e-01
4.666666666666666879e-02
1.866666666666666752e-01
9.566666666666666652e-01
0.000000000000000000e+00
9.333333333333333759e-02
1.266666666666666774e-01
2.299999999999999822e-01
2.866666666666666807e-01
1.040000000000000036e+00
1.413333333333333330e+00
3.499999999999999223e-01
9.266666666666667496e-01
5.733333333333333615e-01
5.099999999999998979e-01
2.000000000000000042e-02
1.553333333333333455e+00
4.566666666666666097e-01
9.333333333333333759e-02
1.889999999999999902e+00
1.266666666666666774e-01
6.000000000000000472e-02
5.666666666666667074e-02
2.023333333333333428e+00
1.866666666666666752e-01
7.333333333333334758e-02
5.000000000000000971e-02
1.366666666666666863e-01
1.433333333333333404e-01
7.666666666666667462e-02
3.533333333333333326e-01
1.499999999999999944e-01
4.666666666666666186e-01
2.323333333333333695e+00
1.633333333333333304e-01
1.899999999999999745e-01
1.100000000000000006e-01
3.133333333333332971e-01
3.666666666666667379e-02
0.000000000000000000e+00
0.000000000000000000e+00
3.666666666666666685e-02
4.333333333333333481e-01
1.800000000000000211e-01
1.033333333333333326e-01
1.166666666666666546e-01
4.199999999999999845e-01
3.333333333333333547e-03
8.566666666666665764e-01
1.900000000000000300e-01
0.000000000000000000e+00
2.066666666666666652e-01
1.333333333333333419e-02
2.666666666666666838e-02
3.666666666666667379e-02
6.833333333333332371e-01
6.666666666666667095e-03
9.000000000000001055e-02
6.333333333333333870e-02
8.000000000000000167e-02
1.483333333333333393e+00
4.000000000000000777e-01
2.633333333333333637e-01
1.333333333333333419e-02
5.000000000000000971e-02
2.333333333333333440e-02
0.000000000000000000e+00
3.333333333333333287e-02
0.000000000000000000e+00
9.266666666666667496e-01
3.033333333333333437e-01
8.266666666666666607e-01
6.666666666666667095e-03
2.113333333333333730e+00
5.333333333333333676e-02
0.000000000000000000e+00
5.233333333333333171e-01
1.353333333333333499e+00
3.200000000000000067e-01
6.666666666666666574e-02
2.233333333333333004e-01
1.013333333333333419e+00
0.000000000000000000e+00
9.666666666666666741e-01
4.000000000000000083e-02
4.000000000000000083e-02
0.000000000000000000e+00
1.666666666666666644e-02
5.333333333333334370e-02
1.133333333333333276e-01
3.400000000000000244e-01
5.233333333333333171e-01
2.233333333333333559e-01
1.199999999999999956e-01
1.199999999999999956e-01
0.000000000000000000e+00
2.533333333333333548e-01
1.133333333333333304e+00
8.333333333333332871e-02
1.399999999999999856e-01
4.000000000000000083e-02
0.000000000000000000e+00
0.000000000000000000e+00
1.166666666666666546e-01
1.633333333333333304e-01
6.666666666666667095e-03
2.000000000000000042e-02
1.400000000000000133e-01
4.333333333333333481e-02
3.833333333333333037e-01
1.966666666666666563e-01
9.000000000000001055e-02
1.423333333333333561e+00
1.699999999999999956e+00
1.333333333333333315e-01
5.999999999999999778e-02
2.999999999999999889e-01
1.636666666666666714e+00
9.433333333333333570e-01
2.299999999999999822e-01
5.366666666666666252e-01
8.066666666666666430e-01
5.133333333333333082e-01
0.000000000000000000e+00
6.333333333333333870e-02
2.333333333333333440e-02
3.966666666666666674e-01
2.000000000000000042e-02
6.666666666666667095e-03
2.899999999999999800e-01
3.233333333333333059e-01
1.766666666666666663e-01
7.666666666666667462e-02
3.600000000000000422e-01
9.133333333333334414e-01
2.333333333333333440e-02
1.133333333333333276e-01
1.666666666666666574e-01
6.666666666666667095e-03
2.333333333333333440e-02
1.333333333333333315e-01
1.633333333333333304e-01
0.000000000000000000e+00
1.433333333333333404e-01
2.199999999999999734e+00
1.933333333333333570e-01
9.833333333333333925e-01
7.433333333333332904e-01
1.479999999999999760e+00
2.053333333333333233e+00
1.133333333333333304e+00
2.433333333333333182e-01
5.666666666666666380e-02
3.666666666666666685e-02
2.000000000000000042e-02
2.333333333333333093e-01
8.966666666666666119e-01
3.499999999999999223e-01
0.000000000000000000e+00
6.500000000000000222e-01
8.233333333333332504e-01
1.066666666666666735e-01
6.666666666666666574e-02
1.733333333333333393e-01
2.566666666666666541e-01
3.333333333333333547e-03
3.966666666666666674e-01
1.120000000000000107e+00
1.333333333333333419e-02
4.333333333333333481e-02
2.033333333333333381e-01
5.833333333333333703e-01
1.150000000000000133e+00
1.563333333333333242e+00
1.600000000000000033e-01
2.533333333333333548e-01
1.000000000000000021e-02
3.333333333333333547e-03
1.266666666666666774e-01
4.000000000000000083e-02
5.266666666666667274e-01
4.733333333333333282e-01
2.566666666666666541e-01
6.666666666666667095e-03
3.333333333333333547e-03
0.000000000000000000e+00
0.000000000000000000e+00
1.100000000000000006e-01
1.333333333333333419e-02
0.000000000000000000e+00
2.999999999999999889e-02
2.999999999999999889e-02
4.666666666666666879e-02
2.000000000000000042e-02
5.133333333333333082e-01
9.766666666666666829e-01
3.666666666666666685e-02
4.266666666666666941e-01
8.333333333333332871e-02
3.666666666666667379e-02
8.700000000000001066e-01
0.000000000000000000e+00
3.566666666666666874e-01
3.233333333333333059e-01
1.333333333333333419e-02
0.000000000000000000e+00
3.600000000000000422e-01
2.300000000000000100e-01
9.333333333333333759e-02
1.800000000000000211e-01
9.466666666666666563e-01
0.000000000000000000e+00
4.133333333333333304e-01
1.733333333333333393e-01
0.000000000000000000e+00
9.000000000000001055e-02
7.333333333333333370e-02
1.666666666666666644e-02
0.000000000000000000e+00
5.166666666666667185e-01
1.276666666666666616e+00
1.333333333333333315e-01
4.166666666666666852e-01
3.933333333333333126e-01
1.000000000000000021e-02
2.666666666666666838e-02
4.933333333333333459e-01
5.733333333333333615e-01
4.899999999999999911e-01
1.206666666666666776e+00
2.533333333333333548e-01
1.436666666666666536e+00
8.066666666666666430e-01
6.733333333333333393e-01
5.666666666666667074e-02
1.966666666666666563e-01
2.000000000000000042e-02
1.000000000000000021e-02
2.999999999999999889e-02
1.219999999999999973e+00
7.333333333333333370e-02
2.433333333333333182e-01
3.699999999999999400e-01
4.333333333333332926e-01
2.600000000000000089e-01
8.000000000000000167e-02
3.733333333333333504e-01
1.453333333333333366e+00
3.333333333333333547e-03
1.333333333333333419e-02
2.199999999999999734e-01
1.533333333333333215e-01
3.233333333333333059e-01
1.886666666666666714e+00
