6.733333333333333393e-01
6.099999999999999867e-01
1.233333333333333365e-01
2.733333333333333726e-01
7.333333333333333370e-02
1.833333333333333481e-01
1.183333333333333348e+00
1.766666666666666663e-01
2.033333333333333381e-01
6.333333333333333870e-02
1.066666666666666735e-01
0.000000000000000000e+00
3.433333333333332682e-01
1.000000000000000021e-02
4.000000000000000083e-02
1.233333333333333365e-01
4.566666666666667207e-01
4.633333333333333748e-01
2.800000000000000266e-01
9.033333333333333215e-01
3.533333333333333326e-01
5.666666666666666519e-01
5.933333333333333792e-01
6.000000000000000472e-02
2.133333333333332915e-01
3.666666666666666685e-02
1.366666666666666863e-01
2.399999999999999911e-01
5.066666666666667096e-01
1.366666666666666863e-01
1.933333333333333570e-01
1.233333333333333365e-01
1.600000000000000033e-01
3.333333333333333547e-03
0.000000000000000000e+00
3.333333333333333287e-02
2.666666666666666838e-02
0.000000000000000000e+00
0.000000000000000000e+00
6.099999999999999867e-01
4.099999999999999756e-01
6.333333333333333870e-02
2.700000000000000178e-01
1.000000000000000021e-02
3.000000000000000236e-02
2.833333333333333814e-01
0.000000000000000000e+00
1.300000000000000044e-01
2.999999999999999889e-02
3.333333333333333287e-02
6.333333333333333870e-02
5.100000000000000089e-01
1.533333333333333215e-01
4.666666666666666186e-01
3.366666666666666696e-01
2.333333333333333093e-01
1.199999999999999956e-01
9.500000000000000666e-01
1.333333333333333315e-01
4.566666666666667207e-01
3.166666666666667074e-01
3.966666666666666674e-01
5.666666666666667074e-02
4.499999999999999556e-01
7.299999999999999822e-01
7.166666666666666741e-01
9.000000000000001055e-02
2.166666666666666741e-01
1.700000000000000122e-01
1.000000000000000021e-02
6.533333333333333215e-01
9.000000000000001055e-02
2.433333333333333182e-01
1.000000000000000194e-01
8.999999999999998279e-02
1.833333333333333481e-01
6.666666666666666574e-02
3.800000000000000600e-01
1.033333333333333465e-01
6.666666666666667095e-03
1.600000000000000033e-01
1.333333333333333315e-01
4.000000000000000083e-02
3.233333333333333059e-01
4.433333333333333015e-01
2.799999999999999711e-01
1.563333333333333464e+00
2.100000000000000089e+00
4.699999999999999734e-01
8.000000000000000167e-02
6.366666666666667140e-01
3.699999999999999400e-01
7.333333333333333370e-02
9.033333333333333215e-01
4.000000000000000083e-02
3.333333333333333547e-03
0.000000000000000000e+00
0.000000000000000000e+00
1.666666666666666644e-02
1.333333333333333419e-02
1.666666666666666574e-01
1.326666666666666883e+00
5.433333333333333348e-01
7.200000000000000844e-01
5.333333333333333676e-02
2.399999999999999911e-01
9.999999999999999167e-02
1.499999999999999944e-01
1.716666666666666785e+00
2.133333333333333470e-01
3.366666666666666696e-01
4.333333333333333481e-02
2.333333333333333440e-02
0.000000000000000000e+00
2.699999999999999623e-01
0.000000000000000000e+00
2.299999999999999822e-01
1.333333333333333419e-02
5.233333333333333171e-01
9.199999999999999289e-01
1.333333333333333315e-01
4.833333333333333925e-01
1.466666666666666674e-01
5.666666666666667629e-01
7.233333333333332726e-01
1.600000000000000033e-01
0.000000000000000000e+00
2.333333333333333440e-02
6.666666666666666574e-02
1.366666666666666863e-01
3.233333333333333059e-01
9.000000000000001055e-02
2.033333333333333381e-01
1.133333333333333276e-01
2.633333333333333637e-01
0.000000000000000000e+00
4.000000000000000083e-02
1.166666666666666546e-01
3.333333333333333547e-03
3.333333333333333287e-02
1.666666666666666644e-02
1.016666666666666607e+00
4.066666666666667318e-01
4.666666666666666186e-01
3.600000000000000422e-01
3.000000000000000236e-02
0.000000000000000000e+00
2.900000000000000355e-01
1.199999999999999956e-01
1.866666666666666474e-01
2.233333333333333559e-01
1.499999999999999944e-01
5.999999999999999778e-02
2.466666666666666730e-01
6.666666666666666574e-02
5.633333333333333526e-01
6.133333333333333970e-01
2.866666666666666807e-01
6.333333333333333870e-02
6.600000000000000311e-01
1.499999999999999944e-01
1.169999999999999929e+00
3.700000000000000511e-01
7.200000000000000844e-01
3.233333333333333059e-01
6.466666666666666119e-01
5.833333333333333703e-01
7.500000000000000000e-01
2.033333333333333381e-01
5.666666666666667074e-02
3.133333333333332971e-01
1.000000000000000021e-02
1.966666666666666785e+00
2.000000000000000042e-02
1.666666666666666574e-01
6.666666666666666574e-02
1.199999999999999956e-01
1.733333333333333393e-01
1.000000000000000021e-02
2.333333333333333093e-01
1.633333333333333304e-01
1.000000000000000021e-02
1.733333333333333393e-01
4.133333333333333304e-01
5.333333333333333676e-02
2.133333333333333470e-01
4.466666666666667118e-01
2.500000000000000000e-01
2.256666666666666377e+00
1.896666666666666501e+00
5.233333333333333171e-01
1.833333333333333204e-01
6.366666666666667140e-01
5.633333333333333526e-01
6.666666666666666574e-02
1.966666666666666841e-01
2.000000000000000389e-01
0.000000000000000000e+00
0.000000000000000000e+00
1.300000000000000044e-01
4.133333333333333304e-01
1.300000000000000044e-01
2.933333333333333348e-01
1.896666666666666723e+00
