3.733333333333332948e-01
1.433333333333333404e-01
0.000000000000000000e+00
9.666666666666667851e-02
1.000000000000000021e-02
3.300000000000000155e-01
2.133333333333333470e-01
2.166666666666666463e-01
2.333333333333333648e-01
5.000000000000000971e-02
8.699999999999999956e-01
1.366666666666666863e-01
2.433333333333333182e-01
1.866666666666666752e-01
2.000000000000000042e-02
1.530000000000000027e+00
8.666666666666666963e-02
1.966666666666666785e+00
1.666666666666666574e-01
1.600000000000000033e-01
2.333333333333333093e-01
6.333333333333333870e-02
1.166666666666666546e-01
7.333333333333333925e-01
2.633333333333333637e-01
0.000000000000000000e+00
3.366666666666666696e-01
1.033333333333333326e-01
1.060000000000000053e+00
1.333333333333333419e-02
1.499999999999999944e-01
8.199999999999999512e-01
1.276666666666666616e+00
4.399999999999999467e-01
5.999999999999999778e-02
1.000000000000000021e-02
1.133333333333333276e-01
1.199999999999999956e-01
1.169999999999999929e+00
1.266666666666666774e-01
0.000000000000000000e+00
1.476666666666666572e+00
3.333333333333333287e-02
2.000000000000000042e-02
1.333333333333333315e-01
1.499999999999999944e-01
3.000000000000000236e-02
1.063333333333333464e+00
3.533333333333333326e-01
1.433333333333333404e-01
1.540000000000000036e+00
8.366666666666665586e-01
1.266666666666666774e-01
1.013333333333333419e+00
1.866666666666666752e-01
4.666666666666666879e-02
1.266666666666666774e-01
6.099999999999999867e-01
7.066666666666666652e-01
2.566666666666666541e-01
6.666666666666667095e-03
2.366666666666666918e-01
7.833333333333333259e-01
8.033333333333333437e-01
2.000000000000000042e-02
8.000000000000000167e-02
0.000000000000000000e+00
2.266666666666666829e-01
6.666666666666667095e-03
3.666666666666667379e-02
4.000000000000000083e-02
1.283333333333333215e+00
2.033333333333333381e-01
1.276666666666666616e+00
3.333333333333333287e-02
2.133333333333333470e-01
