2.966666666666666896e-01
9.999999999999999167e-02
8.666666666666666963e-02
8.433333333333333792e-01
1.089999999999999858e+00
7.900000000000000355e-01
4.000000000000000777e-01
2.099999999999999922e-01
2.333333333333333440e-02
3.333333333333333547e-03
3.333333333333333287e-02
0.000000000000000000e+00
2.333333333333333440e-02
0.000000000000000000e+00
4.000000000000000083e-02
0.000000000000000000e+00
1.633333333333333304e-01
3.333333333333333287e-02
4.000000000000000083e-02
3.666666666666666685e-02
4.000000000000000083e-02
2.666666666666666838e-02
4.000000000000000083e-02
9.999999999999999167e-02
4.266666666666666941e-01
9.000000000000001055e-02
0.000000000000000000e+00
0.000000000000000000e+00
0.000000000000000000e+00
0.000000000000000000e+00
3.333333333333333287e-02
1.170000000000000151e+00
2.666666666666666838e-02
0.000000000000000000e+00
3.333333333333333547e-03
4.000000000000000083e-02
0.000000000000000000e+00
7.666666666666667462e-02
6.633333333333333304e-01
8.000000000000000167e-02
1.793333333333333224e+00
7.266666666666666829e-01
6.000000000000000472e-02
0.000000000000000000e+00
1.000000000000000021e-02
3.333333333333333287e-02
1.666666666666666644e-02
0.000000000000000000e+00
0.000000000000000000e+00
0.000000000000000000e+00
9.999999999999999167e-02
1.666666666666666644e-02
9.533333333333334769e-01
2.700000000000000178e-01
8.299999999999999600e-01
6.333333333333333870e-02
3.566666666666666319e-01
6.666666666666667095e-03
2.600000000000000089e-01
1.199999999999999956e-01
4.033333333333333215e-01
3.333333333333333547e-03
2.466666666666666730e-01
5.666666666666667074e-02
5.000000000000000971e-02
1.010000000000000009e+00
2.033333333333333381e-01
6.666666666666667095e-03
1.236666666666666581e+00
9.666666666666667851e-02
6.533333333333333215e-01
1.290000000000000036e+00
4.666666666666666879e-02
2.766666666666666718e-01
3.000000000000000444e-01
6.199999999999999956e-01
1.033333333333333437e+00
2.466666666666666730e-01
5.666666666666667074e-02
1.133333333333333276e-01
1.166666666666666824e-01
3.333333333333333547e-03
2.666666666666666838e-02
0.000000000000000000e+00
0.000000000000000000e+00
0.000000000000000000e+00
1.133333333333333415e-01
1.266666666666666774e-01
3.233333333333333059e-01
1.476666666666666572e+00
1.400000000000000133e-01
2.666666666666666838e-02
0.000000000000000000e+00
2.333333333333333440e-02
0.000000000000000000e+00
0.000000000000000000e+00
2.666666666666666838e-02
9.000000000000001055e-02
1.833333333333333204e-01
1.449999999999999956e+00
4.466666666666666008e-01
7.933333333333333348e-01
7.666666666666667462e-02
5.200000000000000178e-01
2.500000000000000000e-01
1.666666666666666644e-02
7.933333333333333348e-01
5.333333333333333676e-02
8.466666666666666785e-01
7.133333333333333748e-01
4.933333333333333459e-01
8.000000000000000167e-02
0.000000000000000000e+00
0.000000000000000000e+00
0.000000000000000000e+00
1.000000000000000021e-02
1.000000000000000021e-02
0.000000000000000000e+00
0.000000000000000000e+00
2.133333333333333470e-01
2.000000000000000042e-02
3.000000000000000236e-02
3.966666666666666674e-01
3.933333333333333681e-01
3.700000000000000511e-01
1.633333333333333304e-01
5.866666666666667806e-01
3.333333333333333547e-03
9.000000000000001055e-02
2.333333333333333440e-02
1.000000000000000021e-02
0.000000000000000000e+00
0.000000000000000000e+00
1.000000000000000021e-02
5.133333333333333082e-01
4.333333333333333481e-02
1.433333333333333404e-01
1.123333333333333295e+00
1.466666666666666397e-01
8.000000000000000167e-02
3.333333333333333547e-03
2.333333333333333440e-02
0.000000000000000000e+00
3.666666666666667379e-02
6.666666666666667095e-03
2.333333333333333440e-02
2.333333333333333093e-02
0.000000000000000000e+00
6.333333333333333870e-02
6.333333333333333870e-02
2.000000000000000042e-02
1.276666666666666616e+00
1.666666666666666644e-02
8.466666666666666785e-01
0.000000000000000000e+00
1.366666666666666863e-01
4.000000000000000083e-02
1.633333333333333304e-01
1.333333333333333419e-02
0.000000000000000000e+00
1.666666666666666644e-02
3.333333333333333547e-03
2.333333333333333093e-02
2.166666666666666741e-01
4.333333333333333481e-02
0.000000000000000000e+00
0.000000000000000000e+00
1.000000000000000021e-02
8.000000000000000167e-02
0.000000000000000000e+00
1.166666666666666824e-01
3.266666666666666607e-01
7.000000000000000666e-02
7.666666666666666075e-02
7.666666666666666075e-02
1.666666666666666644e-02
2.966666666666666896e-01
1.099999999999999867e-01
2.033333333333333381e-01
3.400000000000000244e-01
0.000000000000000000e+00
5.333333333333333676e-02
1.666666666666666644e-02
3.333333333333333547e-03
0.000000000000000000e+00
2.333333333333333440e-02
7.000000000000000666e-02
1.000000000000000021e-02
3.666666666666666963e-01
1.733333333333333393e-01
4.500000000000000111e-01
1.070000000000000062e+00
1.466666666666666952e-01
2.666666666666666630e-01
1.066666666666666735e-01
9.833333333333333925e-01
3.333333333333333547e-03
6.666666666666667095e-03
9.266666666666666385e-01
4.999999999999999584e-02
3.366666666666666696e-01
8.666666666666666963e-02
4.799999999999999822e-01
2.233333333333333559e-01
1.533333333333333492e-01
4.666666666666666879e-02
1.199999999999999956e-01
3.333333333333333287e-02
2.233333333333333559e-01
2.000000000000000042e-02
0.000000000000000000e+00
0.000000000000000000e+00
1.666666666666666644e-02
1.400000000000000133e-01
3.333333333333333547e-03
6.366666666666667140e-01
1.133333333333333415e-01
5.633333333333333526e-01
3.400000000000000355e+00
1.033333333333333326e-01
9.666666666666666463e-02
4.766666666666667385e-01
6.666666666666667095e-03
0.000000000000000000e+00
3.333333333333333547e-03
4.000000000000000083e-02
1.533333333333333215e-01
1.656666666666666510e+00
2.166666666666666463e-01
7.099999999999999645e-01
2.600000000000000089e-01
1.739999999999999991e+00
1.000000000000000194e-01
7.199999999999998623e-01
5.000000000000000971e-02
1.066666666666666652e+00
9.333333333333333759e-02
2.700000000000000178e-01
2.999999999999999889e-02
6.300000000000000044e-01
2.333333333333333440e-02
1.410000000000000142e+00
2.666666666666666838e-02
2.733333333333333726e-01
1.586666666666666670e+00
6.000000000000000472e-02
2.333333333333333093e-02
2.066666666666666652e-01
7.233333333333332726e-01
3.966666666666666674e-01
2.099999999999999922e-01
1.633333333333333304e-01
1.566666666666666485e-01
1.833333333333333481e-01
4.333333333333333481e-02
1.766666666666666663e-01
3.333333333333333547e-03
3.333333333333333547e-03
5.000000000000000971e-02
1.933333333333333293e-01
9.000000000000001055e-02
2.133333333333333470e-01
1.333333333333333315e-01
4.000000000000000083e-02
6.666666666666667095e-03
3.666666666666666963e-01
2.333333333333333440e-02
4.199999999999999845e-01
9.999999999999999167e-02
1.633333333333333304e-01
1.400000000000000133e-01
6.666666666666667095e-03
2.933333333333332793e-01
3.999999999999999667e-01
9.333333333333333759e-02
1.766666666666666663e-01
3.333333333333333547e-03
0.000000000000000000e+00
0.000000000000000000e+00
2.333333333333333440e-02
1.000000000000000021e-02
4.633333333333333193e-01
1.066666666666666735e-01
5.233333333333333171e-01
4.000000000000000777e-01
4.633333333333333748e-01
3.599999999999999312e-01
3.333333333333333547e-03
1.000000000000000021e-02
2.666666666666666838e-02
1.333333333333333419e-02
6.333333333333333870e-02
1.666666666666666644e-02
9.333333333333333759e-02
3.466666666666666785e-01
7.333333333333334758e-02
2.000000000000000042e-02
2.666666666666666838e-02
2.466666666666666730e-01
5.899999999999999689e-01
1.066666666666666735e-01
3.666666666666666963e-01
3.300000000000000155e-01
9.000000000000001055e-02
5.133333333333333082e-01
3.333333333333333547e-03
1.500000000000000222e-01
3.333333333333333547e-03
1.066666666666666735e-01
1.633333333333333304e-01
1.766666666666666663e-01
1.356666666666666687e+00
5.200000000000000178e-01
0.000000000000000000e+00
1.066666666666666735e-01
4.299999999999999933e-01
5.466666666666666341e-01
6.333333333333333037e-01
8.333333333333332871e-02
3.333333333333333287e-02
1.700000000000000122e-01
1.360000000000000098e+00
3.800000000000000600e-01
2.200000000000000011e-01
4.433333333333333570e-01
5.399999999999999245e-01
3.333333333333333287e-02
0.000000000000000000e+00
1.000000000000000021e-02
0.000000000000000000e+00
6.666666666666667095e-03
4.000000000000000083e-02
6.666666666666666574e-02
8.366666666666665586e-01
2.999999999999999889e-01
1.160000000000000142e+00
1.416666666666666741e+00
2.866666666666666807e-01
3.533333333333333326e-01
2.233333333333333559e-01
3.666666666666667379e-02
2.033333333333333381e-01
2.666666666666666838e-02
0.000000000000000000e+00
1.000000000000000021e-02
0.000000000000000000e+00
1.566666666666666485e-01
1.433333333333333404e-01
8.366666666666665586e-01
2.666666666666666838e-02
2.000000000000000042e-02
2.800000000000000266e-01
2.999999999999999889e-02
2.099999999999999922e-01
6.666666666666666297e-01
2.566666666666666541e-01
1.423333333333333561e+00
2.500000000000000000e-01
2.000000000000000042e-02
7.333333333333333370e-02
3.033333333333333437e-01
1.366666666666666863e-01
1.533333333333333215e-01
1.300000000000000044e-01
2.099999999999999922e-01
9.533333333333332549e-01
3.000000000000000236e-02
1.433333333333333404e-01
1.666666666666666644e-02
0.000000000000000000e+00
1.000000000000000021e-02
0.000000000000000000e+00
0.000000000000000000e+00
1.866666666666666752e-01
7.333333333333334758e-02
4.333333333333333481e-02
8.666666666666666963e-02
3.633333333333333415e-01
6.533333333333333215e-01
5.666666666666667629e-01
6.666666666666667095e-03
9.000000000000001055e-02
0.000000000000000000e+00
5.333333333333333676e-02
0.000000000000000000e+00
1.333333333333333419e-02
6.999999999999999278e-02
4.666666666666666879e-02
6.666666666666666574e-02
6.666666666666667095e-03
1.866666666666666752e-01
3.666666666666666685e-02
4.433333333333333015e-01
5.133333333333333082e-01
1.966666666666666563e-01
1.500000000000000000e+00
2.666666666666666838e-02
6.433333333333333126e-01
4.199999999999999289e-01
3.066666666666666430e-01
2.133333333333333470e-01
1.666666666666666644e-02
6.300000000000000044e-01
0.000000000000000000e+00
7.666666666666666075e-01
2.333333333333333440e-02
1.183333333333333348e+00
0.000000000000000000e+00
7.033333333333332549e-01
1.333333333333333419e-02
4.733333333333333282e-01
8.000000000000000167e-02
7.666666666666667462e-02
0.000000000000000000e+00
0.000000000000000000e+00
6.666666666666666574e-02
6.333333333333333870e-02
1.133333333333333276e-01
2.533333333333333548e-01
0.000000000000000000e+00
9.533333333333334769e-01
2.233333333333333004e-01
1.100000000000000006e-01
6.333333333333333870e-02
5.066666666666667096e-01
8.333333333333333703e-01
9.366666666666665364e-01
4.599999999999999645e-01
1.066666666666666735e-01
1.333333333333333419e-02
4.333333333333333481e-02
1.366666666666666863e-01
0.000000000000000000e+00
0.000000000000000000e+00
0.000000000000000000e+00
0.000000000000000000e+00
6.666666666666667095e-03
6.333333333333333870e-02
0.000000000000000000e+00
0.000000000000000000e+00
7.666666666666667462e-02
5.333333333333333676e-02
0.000000000000000000e+00
1.833333333333333481e-01
1.099999999999999867e-01
1.183333333333333348e+00
3.933333333333333126e-01
0.000000000000000000e+00
0.000000000000000000e+00
4.999999999999999584e-02
0.000000000000000000e+00
8.666666666666666963e-02
3.099999999999999978e-01
3.333333333333333547e-03
0.000000000000000000e+00
0.000000000000000000e+00
6.666666666666667095e-03
0.000000000000000000e+00
2.333333333333333440e-02
3.733333333333333504e-01
2.333333333333333093e-01
1.083333333333333259e+00
1.839999999999999858e+00
2.433333333333333182e-01
1.966666666666666563e-01
4.999999999999999584e-02
3.333333333333333287e-02
3.333333333333333547e-03
0.000000000000000000e+00
2.333333333333333440e-02
5.333333333333333676e-02
1.066666666666666735e-01
8.333333333333332871e-02
3.233333333333333059e-01
2.300000000000000100e-01
2.800000000000000266e-01
7.333333333333333370e-02
7.933333333333333348e-01
3.666666666666666685e-02
3.533333333333333326e-01
9.000000000000001055e-02
2.966666666666666896e-01
1.000000000000000021e-02
2.600000000000000089e-01
1.166666666666666546e-01
6.666666666666666574e-02
8.166666666666667629e-01
3.066666666666666430e-01
1.000000000000000021e-02
1.383333333333333526e+00
7.333333333333333370e-02
7.233333333333332726e-01
5.699999999999999512e-01
3.666666666666666685e-02
7.666666666666667462e-02
3.433333333333333237e-01
4.833333333333333370e-01
1.386666666666666714e+00
5.100000000000000089e-01
1.533333333333333215e-01
9.000000000000001055e-02
1.499999999999999944e-01
3.333333333333333547e-03
0.000000000000000000e+00
1.666666666666666644e-02
2.999999999999999889e-02
3.333333333333333547e-03
1.600000000000000033e-01
9.000000000000001055e-02
4.099999999999999756e-01
1.466666666666666785e+00
1.833333333333333481e-01
6.666666666666666574e-02
0.000000000000000000e+00
5.000000000000000971e-02
0.000000000000000000e+00
0.000000000000000000e+00
6.666666666666667095e-03
6.333333333333333870e-02
1.666666666666666574e-01
1.413333333333333330e+00
3.433333333333333237e-01
3.066666666666666430e-01
4.666666666666666186e-02
2.533333333333333548e-01
1.633333333333333304e-01
3.333333333333333287e-02
8.399999999999998579e-01
1.199999999999999956e-01
9.400000000000000577e-01
2.333333333333333093e-01
4.033333333333333215e-01
1.600000000000000033e-01
1.099999999999999867e-01
0.000000000000000000e+00
0.000000000000000000e+00
1.100000000000000006e-01
9.000000000000001055e-02
1.666666666666666644e-02
1.000000000000000021e-02
1.766666666666666663e-01
1.099999999999999867e-01
1.499999999999999944e-01
1.333333333333333315e-01
9.133333333333334414e-01
6.999999999999999278e-02
1.033333333333333326e-01
8.666666666666666963e-02
2.000000000000000042e-02
3.000000000000000236e-02
4.000000000000000083e-02
3.333333333333333547e-03
6.666666666666667095e-03
0.000000000000000000e+00
3.333333333333333287e-02
2.933333333333333348e-01
5.666666666666667074e-02
9.000000000000001055e-02
4.866666666666666363e-01
3.000000000000000236e-02
1.666666666666666644e-02
0.000000000000000000e+00
1.000000000000000021e-02
0.000000000000000000e+00
4.666666666666666879e-02
0.000000000000000000e+00
2.000000000000000042e-02
2.999999999999999889e-02
0.000000000000000000e+00
5.333333333333334370e-02
1.600000000000000033e-01
7.333333333333333370e-02
1.873333333333333295e+00
6.999999999999999278e-02
1.646666666666666723e+00
6.333333333333333870e-02
2.000000000000000389e-01
7.866666666666667362e-01
1.433333333333333404e-01
4.000000000000000083e-02
4.000000000000000083e-02
0.000000000000000000e+00
1.133333333333333276e-01
2.000000000000000042e-02
1.533333333333333492e-01
6.666666666666666574e-02
1.000000000000000021e-02
0.000000000000000000e+00
2.666666666666666838e-02
4.066666666666666763e-01
3.666666666666667379e-02
1.033333333333333326e-01
4.500000000000000111e-01
1.433333333333333404e-01
2.933333333333333348e-01
8.000000000000000167e-02
3.333333333333333547e-03
3.833333333333333037e-01
2.399999999999999911e-01
1.966666666666666841e-01
1.166666666666666546e-01
1.666666666666666644e-02
1.100000000000000006e-01
3.333333333333333547e-03
6.666666666666667095e-03
1.333333333333333419e-02
1.666666666666666644e-02
6.666666666666666574e-02
0.000000000000000000e+00
1.499999999999999944e-01
1.533333333333333215e-01
2.466666666666666730e-01
1.300000000000000044e+00
1.499999999999999944e-01
2.466666666666666730e-01
9.000000000000001055e-02
8.566666666666665764e-01
2.000000000000000042e-02
0.000000000000000000e+00
3.933333333333333126e-01
7.333333333333333370e-02
4.966666666666666452e-01
5.999999999999999778e-02
4.500000000000000111e-01
6.400000000000000133e-01
2.966666666666666896e-01
1.000000000000000194e-01
1.933333333333333570e-01
1.000000000000000021e-02
1.499999999999999944e-01
5.666666666666666380e-02
0.000000000000000000e+00
0.000000000000000000e+00
1.000000000000000021e-02
0.000000000000000000e+00
2.333333333333333440e-02
8.000000000000000167e-02
1.400000000000000133e-01
4.366666666666667029e-01
2.039999999999999591e+00
3.533333333333333326e-01
6.333333333333333870e-02
1.966666666666666563e-01
1.000000000000000021e-02
0.000000000000000000e+00
1.000000000000000021e-02
2.333333333333333440e-02
2.233333333333333004e-01
1.336666666666666892e+00
2.433333333333333182e-01
8.233333333333332504e-01
1.300000000000000044e-01
1.300000000000000044e+00
6.666666666666666574e-02
1.243333333333333401e+00
1.300000000000000044e-01
2.220000000000000195e+00
4.333333333333333481e-02
2.699999999999999623e-01
0.000000000000000000e+00
6.333333333333333870e-02
6.666666666666667095e-03
5.800000000000000711e-01
5.333333333333334370e-02
3.566666666666666319e-01
7.833333333333333259e-01
8.000000000000000167e-02
2.000000000000000042e-02
5.100000000000000089e-01
5.699999999999999512e-01
5.233333333333333171e-01
1.633333333333333304e-01
2.133333333333333470e-01
3.666666666666666963e-01
2.099999999999999922e-01
9.000000000000001055e-02
3.566666666666666319e-01
1.666666666666666644e-02
5.999999999999999778e-02
1.199999999999999956e-01
2.333333333333333093e-01
1.399999999999999856e-01
3.200000000000000067e-01
3.300000000000000155e-01
1.566666666666666485e-01
1.000000000000000021e-02
1.243333333333333401e+00
1.533333333333333215e-01
6.733333333333332282e-01
3.333333333333333547e-03
5.999999999999999778e-02
2.666666666666666838e-02
9.000000000000001055e-02
6.166666666666666963e-01
4.000000000000000083e-02
9.999999999999999167e-02
3.666666666666667379e-02
3.333333333333333547e-03
0.000000000000000000e+00
0.000000000000000000e+00
1.000000000000000021e-02
1.333333333333333419e-02
4.433333333333333570e-01
4.533333333333333104e-01
7.799999999999999156e-01
2.800000000000000266e-01
1.866666666666666752e-01
2.799999999999999711e-01
3.333333333333333547e-03
2.333333333333333440e-02
0.000000000000000000e+00
1.000000000000000021e-02
2.666666666666666838e-02
3.333333333333333287e-02
8.666666666666666963e-02
2.333333333333333093e-01
1.333333333333333419e-02
3.666666666666666685e-02
8.666666666666666963e-02
9.000000000000001055e-02
2.053333333333333233e+00
4.000000000000000083e-02
2.299999999999999822e-01
4.299999999999999933e-01
1.100000000000000006e-01
8.266666666666666607e-01
1.000000000000000021e-02
1.833333333333333204e-01
3.666666666666667379e-02
3.200000000000000067e-01
3.566666666666666319e-01
1.600000000000000033e-01
1.263333333333333419e+00
3.400000000000000244e-01
1.199999999999999956e-01
1.066666666666666735e-01
3.999999999999999667e-01
1.453333333333333366e+00
7.466666666666667007e-01
1.166666666666666546e-01
5.999999999999999778e-02
6.333333333333333870e-02
8.800000000000000044e-01
1.766666666666666663e-01
1.000000000000000194e-01
1.966666666666666563e-01
8.399999999999999689e-01
3.666666666666666685e-02
3.333333333333333547e-03
1.333333333333333419e-02
0.000000000000000000e+00
3.333333333333333547e-03
3.666666666666667379e-02
1.000000000000000021e-02
6.199999999999999956e-01
1.800000000000000211e-01
1.426666666666666750e+00
1.956666666666666776e+00
1.300000000000000044e-01
2.000000000000000389e-01
7.666666666666667462e-02
1.000000000000000021e-02
1.966666666666666841e-01
2.333333333333333440e-02
6.666666666666667095e-03
2.000000000000000042e-02
0.000000000000000000e+00
7.666666666666667462e-02
0.000000000000000000e+00
4.266666666666666941e-01
1.433333333333333404e-01
2.000000000000000042e-02
1.999999999999999833e-01
9.999999999999999167e-02
2.099999999999999922e-01
5.299999999999999156e-01
4.499999999999999556e-01
1.209999999999999964e+00
1.033333333333333326e-01
3.333333333333333287e-02
1.800000000000000211e-01
1.133333333333333276e-01
1.800000000000000211e-01
2.466666666666666730e-01
4.099999999999999756e-01
7.433333333333332904e-01
8.133333333333333526e-01
5.333333333333334370e-02
7.666666666666666075e-02
2.999999999999999889e-02
0.000000000000000000e+00
0.000000000000000000e+00
0.000000000000000000e+00
1.000000000000000021e-02
4.333333333333333481e-02
5.999999999999999778e-02
1.333333333333333419e-02
6.666666666666666574e-02
1.533333333333333492e-01
6.366666666666667140e-01
8.099999999999999423e-01
0.000000000000000000e+00
8.333333333333332871e-02
1.000000000000000021e-02
1.166666666666666546e-01
1.666666666666666644e-02
0.000000000000000000e+00
0.000000000000000000e+00
1.666666666666666644e-02
6.333333333333333870e-02
6.333333333333333870e-02
7.533333333333332993e-01
8.000000000000000167e-02
1.033333333333333437e+00
3.099999999999999978e-01
2.433333333333333182e-01
1.733333333333333393e+00
1.466666666666666674e-01
3.933333333333333126e-01
8.599999999999999867e-01
1.999999999999999833e-01
1.633333333333333304e-01
2.999999999999999889e-02
4.233333333333333393e-01
1.333333333333333419e-02
9.133333333333334414e-01
9.999999999999999167e-02
1.389999999999999902e+00
5.333333333333333676e-02
1.143333333333333313e+00
0.000000000000000000e+00
3.700000000000000511e-01
2.299999999999999822e-01
3.666666666666666685e-02
0.000000000000000000e+00
2.666666666666666838e-02
6.999999999999999278e-02
2.000000000000000042e-02
1.466666666666666952e-01
2.433333333333333182e-01
1.633333333333333304e-01
9.633333333333333748e-01
