1.453333333333333366e+00
1.303333333333333455e+00
2.933333333333333348e-01
3.133333333333332971e-01
1.333333333333333419e-02
2.666666666666666838e-02
4.199999999999999845e-01
2.666666666666666838e-02
7.266666666666665719e-01
3.533333333333333326e-01
8.000000000000000167e-02
3.200000000000000067e-01
3.066666666666666985e-01
3.899999999999999578e-01
3.666666666666666685e-02
5.466666666666667451e-01
3.533333333333333326e-01
1.186666666666666536e+00
3.766666666666666496e-01
0.000000000000000000e+00
0.000000000000000000e+00
9.766666666666665719e-01
9.333333333333333759e-02
0.000000000000000000e+00
8.333333333333332871e-02
7.466666666666665897e-01
1.733333333333333393e-01
2.000000000000000042e-02
4.066666666666667318e-01
6.333333333333333870e-02
3.333333333333333287e-02
4.666666666666666879e-02
3.333333333333333287e-02
5.533333333333333437e-01
5.766666666666666607e-01
2.276666666666666838e+00
7.733333333333333171e-01
3.300000000000000155e-01
3.633333333333332860e-01
5.000000000000000971e-02
9.133333333333334414e-01
2.013333333333333197e+00
1.293333333333333224e+00
9.000000000000001055e-02
7.000000000000000666e-02
2.300000000000000100e-01
1.506666666666666599e+00
3.300000000000000155e-01
1.030000000000000027e+00
3.733333333333332948e-01
1.643333333333333313e+00
9.666666666666666463e-02
1.199999999999999956e-01
0.000000000000000000e+00
7.333333333333333370e-02
0.000000000000000000e+00
6.666666666666667095e-03
4.000000000000000083e-02
2.333333333333333093e-01
3.200000000000000067e-01
4.333333333333333481e-02
1.410000000000000142e+00
4.666666666666666186e-01
0.000000000000000000e+00
7.633333333333333082e-01
6.333333333333333870e-02
2.333333333333333440e-02
4.733333333333333282e-01
6.833333333333332371e-01
4.999999999999999584e-02
3.133333333333332971e-01
9.333333333333332371e-02
3.466666666666666785e-01
3.366666666666666696e-01
1.076666666666666883e+00
1.466666666666666785e+00
3.666666666666666685e-02
1.489999999999999991e+00
8.666666666666666963e-02
4.333333333333332926e-01
7.333333333333334758e-02
4.266666666666666941e-01
4.399999999999999467e-01
8.766666666666665941e-01
3.200000000000000067e-01
3.666666666666666963e-01
6.166666666666666963e-01
2.700000000000000178e-01
1.336666666666666670e+00
1.356666666666666687e+00
7.333333333333333925e-01
9.999999999999999167e-02
1.326666666666666883e+00
5.433333333333333348e-01
1.966666666666666563e-01
6.666666666666666574e-02
1.333333333333333315e-01
1.026666666666666616e+00
2.776666666666666838e+00
