8.333333333333333703e-01
1.600000000000000033e-01
2.933333333333333348e-01
1.633333333333333304e-01
3.966666666666666674e-01
1.170000000000000151e+00
1.556666666666666643e+00
9.700000000000000844e-01
7.599999999999998979e-01
5.099999999999998979e-01
6.600000000000000311e-01
4.599999999999999645e-01
1.090000000000000080e+00
6.666666666666666574e-02
7.799999999999999156e-01
9.666666666666667851e-02
6.666666666666666574e-02
8.533333333333331661e-01
2.666666666666666838e-02
5.999999999999999778e-02
3.200000000000000067e-01
1.000000000000000021e-02
2.000000000000000042e-02
4.666666666666666879e-02
4.666666666666666879e-02
7.333333333333334758e-02
5.833333333333333703e-01
1.136666666666666714e+00
9.999999999999999167e-02
1.300000000000000044e-01
6.266666666666665941e-01
3.166666666666666519e-01
1.333333333333333419e-02
5.933333333333333792e-01
6.199999999999999956e-01
3.300000000000000155e-01
9.666666666666667851e-02
1.233333333333333365e-01
6.866666666666666474e-01
9.233333333333333393e-01
8.333333333333332871e-02
6.666666666666666574e-02
1.666666666666666644e-02
1.433333333333333404e-01
0.000000000000000000e+00
5.433333333333333348e-01
1.666666666666666644e-02
1.533333333333333215e-01
0.000000000000000000e+00
3.200000000000000067e-01
7.666666666666667185e-01
1.866666666666666752e-01
1.266666666666666774e-01
2.200000000000000011e-01
1.520000000000000240e+00
2.433333333333333182e-01
2.866666666666666807e-01
7.366666666666666918e-01
1.186666666666666758e+00
1.139999999999999902e+00
