7.566666666666667096e-01
3.366666666666666696e-01
7.099999999999999645e-01
3.733333333333332948e-01
5.433333333333333348e-01
1.096666666666666679e+00
1.333333333333333419e-02
0.000000000000000000e+00
1.466666666666666674e-01
1.206666666666666776e+00
6.099999999999999867e-01
0.000000000000000000e+00
1.133333333333333415e-01
2.233333333333333004e-01
4.333333333333333481e-02
0.000000000000000000e+00
8.433333333333333792e-01
2.300000000000000100e-01
1.466666666666666952e-01
1.713333333333333597e+00
1.290000000000000036e+00
5.666666666666667074e-02
4.866666666666666363e-01
1.399999999999999856e-01
1.343333333333333490e+00
7.233333333333332726e-01
6.333333333333333870e-02
2.066666666666666652e-01
7.333333333333333370e-02
2.233333333333333004e-01
8.000000000000000167e-02
7.133333333333332638e-01
1.333333333333333419e-02
2.433333333333333182e-01
1.503333333333333188e+00
6.433333333333333126e-01
2.733333333333333726e-01
1.600000000000000033e-01
7.333333333333334758e-02
4.099999999999999756e-01
2.366666666666666641e-01
4.000000000000000083e-02
5.000000000000000971e-02
1.066666666666666735e-01
3.333333333333333287e-02
8.333333333333332871e-02
3.333333333333333547e-03
9.999999999999999167e-02
1.633333333333333304e-01
1.400000000000000133e-01
0.000000000000000000e+00
2.800000000000000266e-01
1.566666666666666652e+00
4.033333333333333215e-01
9.999999999999999167e-02
2.500000000000000000e-01
3.233333333333333059e-01
1.026666666666666616e+00
1.966666666666666563e-01
2.833333333333333814e-01
7.500000000000000000e-01
4.733333333333333282e-01
2.000000000000000042e-02
7.000000000000000666e-02
2.373333333333333517e+00
1.383333333333333526e+00
8.666666666666666963e-02
4.466666666666667118e-01
6.000000000000000472e-02
1.333333333333333419e-02
3.333333333333333148e-01
7.133333333333333748e-01
2.333333333333333440e-02
1.000000000000000021e-02
1.356666666666666687e+00
2.566666666666666541e-01
2.000000000000000042e-02
3.333333333333333547e-03
1.199999999999999956e+00
1.106666666666666687e+00
1.023333333333333428e+00
1.270000000000000240e+00
1.133333333333333276e-01
9.833333333333333925e-01
3.419999999999999929e+00
4.466666666666667118e-01
1.796666666666666634e+00
7.933333333333333348e-01
3.633333333333332860e-01
0.000000000000000000e+00
7.666666666666667462e-02
3.633333333333332860e-01
4.666666666666666879e-02
6.666666666666667095e-03
7.833333333333332149e-01
4.333333333333333481e-02
3.333333333333333547e-03
6.666666666666667095e-03
1.593333333333333490e+00
1.800000000000000211e-01
0.000000000000000000e+00
1.449999999999999956e+00
1.036666666666666625e+00
4.333333333333333481e-02
3.466666666666666785e-01
7.333333333333333370e-02
6.033333333333332771e-01
8.333333333333332871e-02
1.600000000000000033e-01
6.999999999999998446e-01
1.433333333333333404e-01
1.366666666666666863e-01
3.333333333333333547e-03
4.666666666666666879e-02
1.150000000000000133e+00
7.966666666666667451e-01
1.333333333333333419e-02
8.133333333333333526e-01
2.233333333333333004e-01
2.800000000000000266e-01
3.666666666666666685e-02
1.440000000000000169e+00
8.499999999999999778e-01
1.266666666666666774e-01
1.090000000000000080e+00
2.266666666666666552e-01
3.666666666666666963e-01
1.196666666666666545e+00
2.133333333333333470e-01
8.000000000000000167e-02
1.366666666666666863e-01
5.533333333333333437e-01
0.000000000000000000e+00
1.066666666666666735e-01
4.199999999999999845e-01
4.000000000000000083e-02
1.000000000000000021e-02
1.233333333333333365e-01
7.000000000000000666e-01
0.000000000000000000e+00
9.900000000000001021e-01
1.139999999999999902e+00
1.966666666666666841e-01
3.000000000000000236e-02
4.666666666666666879e-02
2.633333333333333637e-01
3.333333333333333287e-02
1.196666666666666545e+00
6.800000000000000488e-01
2.700000000000000178e-01
5.333333333333333676e-02
3.366666666666666696e-01
3.000000000000000236e-02
2.333333333333333440e-02
5.533333333333333437e-01
2.166666666666666741e-01
3.600000000000000422e-01
3.266666666666666607e-01
1.303333333333333455e+00
