7.166666666666666741e-01
2.333333333333333440e-02
0.000000000000000000e+00
2.033333333333333381e-01
0.000000000000000000e+00
1.033333333333333326e-01
0.000000000000000000e+00
3.333333333333333547e-03
6.266666666666665941e-01
1.666666666666666574e-01
4.699999999999999734e-01
3.233333333333333059e-01
1.166666666666666546e-01
1.666666666666666644e-02
1.333333333333333419e-02
5.866666666666667806e-01
1.700000000000000122e-01
1.000000000000000021e-02
1.400000000000000133e-01
9.833333333333333925e-01
4.866666666666666363e-01
8.000000000000000167e-02
3.333333333333333287e-02
3.266666666666666607e-01
2.333333333333333440e-02
7.000000000000000666e-02
7.233333333333332726e-01
1.333333333333333419e-02
6.666666666666667095e-03
7.399999999999998801e-01
3.300000000000000155e-01
5.000000000000000971e-02
1.733333333333333393e-01
8.000000000000000167e-02
1.333333333333333419e-02
1.999999999999999833e-01
2.000000000000000042e-02
1.133333333333333276e-01
1.533333333333333215e-01
0.000000000000000000e+00
0.000000000000000000e+00
7.833333333333333259e-01
2.399999999999999911e-01
6.833333333333332371e-01
1.366666666666666918e+00
1.266666666666666774e-01
2.900000000000000355e-01
1.906666666666666510e+00
8.366666666666665586e-01
3.666666666666666685e-02
3.333333333333333547e-03
2.333333333333333440e-02
1.333333333333333419e-02
4.333333333333333481e-02
1.133333333333333415e-01
3.333333333333333547e-03
1.073333333333333472e+00
2.099999999999999922e-01
3.133333333333333526e-01
1.380000000000000115e+00
2.333333333333333440e-02
8.666666666666666963e-02
2.133333333333333470e-01
5.000000000000000971e-02
2.333333333333333093e-01
2.333333333333333093e-02
5.666666666666667074e-02
0.000000000000000000e+00
3.666666666666666685e-02
1.000000000000000021e-02
2.333333333333333440e-02
1.000000000000000021e-02
2.666666666666666838e-02
1.966666666666666563e-01
5.000000000000000971e-02
7.333333333333333370e-02
5.499999999999999334e-01
1.226666666666666572e+00
2.733333333333333171e-01
1.133333333333333276e-01
2.600000000000000089e-01
3.666666666666667379e-02
9.333333333333333759e-02
1.400000000000000133e-01
3.333333333333333287e-02
1.099999999999999867e-01
1.733333333333333393e-01
1.333333333333333315e-01
1.533333333333333215e-01
2.700000000000000178e-01
1.666666666666666644e-02
4.500000000000000111e-01
1.233333333333333504e-01
1.366666666666666863e-01
4.666666666666666879e-02
3.699999999999999400e-01
1.800000000000000211e-01
3.266666666666666607e-01
7.700000000000000178e-01
5.633333333333333526e-01
1.833333333333333204e-01
1.000000000000000021e-02
3.433333333333333237e-01
0.000000000000000000e+00
3.666666666666666685e-02
0.000000000000000000e+00
3.333333333333333547e-03
8.566666666666665764e-01
1.333333333333333315e-01
2.066666666666666652e-01
2.500000000000000000e-01
1.999999999999999833e-01
1.333333333333333419e-02
1.333333333333333419e-02
4.400000000000000022e-01
3.299999999999999600e-01
1.000000000000000021e-02
1.366666666666666863e-01
9.300000000000000488e-01
1.379999999999999893e+00
1.066666666666666735e-01
1.066666666666666735e-01
6.766666666666666385e-01
1.700000000000000122e-01
4.999999999999999584e-02
6.600000000000000311e-01
3.333333333333333287e-02
0.000000000000000000e+00
7.833333333333333259e-01
5.833333333333333703e-01
7.333333333333334758e-02
3.500000000000000333e-01
8.666666666666666963e-02
2.000000000000000042e-02
3.099999999999999978e-01
0.000000000000000000e+00
2.333333333333333440e-02
1.533333333333333492e-01
0.000000000000000000e+00
0.000000000000000000e+00
6.633333333333333304e-01
9.333333333333333759e-02
5.400000000000000355e-01
1.253333333333333188e+00
1.033333333333333326e-01
7.999999999999999334e-01
1.209999999999999964e+00
7.733333333333333171e-01
2.000000000000000042e-02
3.333333333333333547e-03
2.333333333333333440e-02
0.000000000000000000e+00
3.333333333333333287e-02
1.000000000000000021e-02
3.333333333333333547e-03
1.053333333333333455e+00
1.566666666666666763e-01
6.266666666666667052e-01
1.356666666666666687e+00
3.666666666666667379e-02
1.466666666666666952e-01
1.466666666666666952e-01
1.499999999999999944e-01
8.666666666666666963e-02
1.666666666666666644e-02
1.066666666666666735e-01
1.666666666666666644e-02
1.199999999999999956e-01
0.000000000000000000e+00
1.166666666666666824e-01
8.666666666666666963e-02
4.999999999999999584e-02
7.099999999999999645e-01
3.366666666666666696e-01
1.499999999999999944e-01
1.316666666666666652e+00
1.166666666666666741e+00
4.566666666666666097e-01
4.299999999999999933e-01
5.033333333333332993e-01
9.666666666666667851e-02
3.333333333333333287e-02
2.933333333333333903e-01
8.000000000000000167e-02
1.033333333333333326e-01
2.500000000000000000e-01
3.366666666666666696e-01
5.999999999999999778e-02
4.433333333333333570e-01
1.066666666666666735e-01
4.199999999999999845e-01
1.800000000000000211e-01
1.399999999999999856e-01
1.066666666666666735e-01
1.186666666666666758e+00
1.333333333333333315e-01
1.700000000000000122e-01
1.353333333333333499e+00
