8.966666666666666119e-01
6.466666666666666119e-01
7.000000000000000666e-02
5.999999999999999778e-01
6.733333333333333393e-01
5.166666666666666075e-01
1.333333333333333419e-02
7.933333333333333348e-01
1.099999999999999867e+00
6.000000000000000472e-02
5.999999999999999778e-02
1.463333333333333153e+00
5.466666666666667451e-01
0.000000000000000000e+00
7.099999999999999645e-01
1.433333333333333404e-01
3.333333333333333287e-02
7.666666666666667462e-02
8.599999999999999867e-01
4.533333333333333104e-01
8.666666666666666963e-02
8.233333333333332504e-01
3.999999999999999667e-01
2.666666666666666630e-01
6.999999999999999278e-02
6.666666666666666297e-01
3.300000000000000155e-01
9.000000000000000222e-01
2.666666666666666630e-01
2.333333333333333440e-02
3.400000000000000244e-01
6.000000000000000472e-02
9.333333333333333759e-02
5.066666666666667096e-01
2.766666666666666718e-01
1.199999999999999956e-01
1.333333333333333315e-01
1.100000000000000006e-01
1.900000000000000300e-01
5.666666666666667074e-02
6.300000000000000044e-01
2.299999999999999822e-01
1.333333333333333419e-02
6.733333333333333393e-01
7.633333333333333082e-01
1.333333333333333419e-02
1.966666666666666563e-01
1.253333333333333410e+00
7.599999999999998979e-01
4.000000000000000083e-02
9.566666666666665542e-01
7.333333333333331983e-02
1.366666666666666863e-01
1.230000000000000204e+00
0.000000000000000000e+00
9.999999999999999167e-02
6.733333333333333393e-01
2.533333333333333548e-01
3.333333333333333547e-03
9.666666666666667851e-02
2.933333333333333348e-01
6.333333333333333870e-02
1.233333333333333365e-01
3.333333333333333287e-02
9.333333333333332371e-02
2.266666666666666552e-01
8.100000000000000533e-01
1.133333333333333276e-01
9.333333333333333759e-02
5.100000000000000089e-01
2.266666666666666829e-01
3.499999999999999223e-01
9.300000000000000488e-01
1.683333333333333348e+00
4.199999999999999845e-01
2.533333333333333548e-01
1.433333333333333404e-01
1.999999999999999833e-01
4.333333333333333481e-02
1.706666666666666776e+00
5.333333333333333676e-02
2.333333333333333093e-02
2.999999999999999889e-02
5.933333333333332682e-01
2.266666666666666552e-01
8.666666666666666963e-02
5.566666666666666430e-01
2.466666666666666730e-01
8.000000000000000167e-02
1.533333333333333215e-01
9.000000000000001055e-02
4.666666666666666879e-02
6.266666666666665941e-01
2.600000000000000089e-01
0.000000000000000000e+00
4.566666666666667207e-01
3.166666666666666519e-01
7.500000000000000000e-01
2.999999999999999889e-02
7.500000000000000000e-01
