1.489999999999999991e+00
1.633333333333333304e-01
0.000000000000000000e+00
4.000000000000000083e-02
7.533333333333334103e-01
5.333333333333333676e-02
7.000000000000000666e-02
1.966666666666666841e-01
7.966666666666667451e-01
9.000000000000001055e-02
4.999999999999999584e-02
7.133333333333333748e-01
1.000000000000000021e-02
1.300000000000000044e-01
1.200000000000000094e-01
2.133333333333332915e-01
1.733333333333333393e-01
9.400000000000000577e-01
0.000000000000000000e+00
1.533333333333333215e-01
5.999999999999999778e-02
1.366666666666666863e-01
1.333333333333333419e-02
2.666666666666666630e-01
8.666666666666666963e-02
1.076666666666666661e+00
2.000000000000000042e-02
0.000000000000000000e+00
5.333333333333333676e-02
4.366666666666667029e-01
6.666666666666667095e-03
2.633333333333333637e-01
1.866666666666666474e-01
2.600000000000000089e-01
3.666666666666667379e-02
1.300000000000000044e+00
7.833333333333332149e-01
4.566666666666667207e-01
3.333333333333333287e-02
1.133333333333333415e-01
1.266666666666666774e-01
9.333333333333333759e-02
1.333333333333333419e-02
0.000000000000000000e+00
6.666666666666667095e-03
1.800000000000000211e-01
3.000000000000000236e-02
6.999999999999999278e-02
0.000000000000000000e+00
1.700000000000000122e-01
1.823333333333333472e+00
1.233333333333333365e-01
0.000000000000000000e+00
2.133333333333333470e-01
2.600000000000000089e-01
2.466666666666666730e-01
2.000000000000000042e-02
1.199999999999999956e-01
1.666666666666666644e-02
1.000000000000000021e-02
1.366666666666666863e-01
1.216666666666666785e+00
3.233333333333333059e-01
1.563333333333333464e+00
8.666666666666666963e-02
1.263333333333333419e+00
1.086666666666666670e+00
3.799999999999999489e-01
1.363333333333333286e+00
9.999999999999999167e-02
2.533333333333333548e-01
6.033333333333333881e-01
1.136666666666666714e+00
2.033333333333333381e-01
9.000000000000001055e-02
1.159999999999999920e+00
3.333333333333333287e-02
3.333333333333333547e-03
1.133333333333333415e-01
8.333333333333332871e-02
5.999999999999999778e-02
7.333333333333333370e-02
1.099999999999999867e-01
0.000000000000000000e+00
6.000000000000000472e-02
1.666666666666666644e-02
8.933333333333332016e-01
2.666666666666666838e-02
1.766666666666666663e-01
6.633333333333334414e-01
4.566666666666667207e-01
1.996666666666666368e+00
4.400000000000000022e-01
6.800000000000000488e-01
5.200000000000000178e-01
1.046666666666666634e+00
7.333333333333334758e-02
2.540000000000000036e+00
9.133333333333334414e-01
5.999999999999999778e-01
4.000000000000000083e-02
0.000000000000000000e+00
6.666666666666667095e-03
1.333333333333333419e-02
0.000000000000000000e+00
0.000000000000000000e+00
0.000000000000000000e+00
1.333333333333333419e-02
0.000000000000000000e+00
2.000000000000000042e-02
2.099999999999999645e-01
1.499999999999999944e-01
4.000000000000000083e-02
9.666666666666667851e-02
1.199999999999999956e-01
1.333333333333333419e-02
0.000000000000000000e+00
3.566666666666666319e-01
5.866666666666666696e-01
1.066666666666666735e-01
5.833333333333333703e-01
1.399999999999999856e-01
8.333333333333332871e-02
8.000000000000000167e-02
2.299999999999999822e-01
1.333333333333333315e-01
2.433333333333333737e-01
1.823333333333333250e+00
1.000000000000000021e-02
1.000000000000000021e-02
6.666666666666666574e-02
1.133333333333333304e+00
3.333333333333333547e-03
5.566666666666666430e-01
2.183333333333333570e+00
4.699999999999999734e-01
1.333333333333333315e-01
9.000000000000001055e-02
2.266666666666666829e-01
3.500000000000000333e-01
2.833333333333333259e-01
7.000000000000000666e-01
2.466666666666666730e-01
1.353333333333333499e+00
1.323333333333333250e+00
5.799999999999999600e-01
0.000000000000000000e+00
0.000000000000000000e+00
1.333333333333333419e-02
3.333333333333333547e-03
5.333333333333333676e-02
1.886666666666666714e+00
1.643333333333333535e+00
1.536666666666666847e+00
1.233333333333333365e-01
7.666666666666667462e-02
1.656666666666666510e+00
4.099999999999999756e-01
7.200000000000000844e-01
1.333333333333333419e-02
1.066666666666666735e-01
6.666666666666667095e-03
1.199999999999999956e-01
7.633333333333333082e-01
1.166666666666666824e-01
4.999999999999999584e-02
0.000000000000000000e+00
1.266666666666666829e+00
7.266666666666665719e-01
2.000000000000000042e-02
1.499999999999999944e-01
7.333333333333333370e-02
9.666666666666666463e-02
2.666666666666666838e-02
1.666666666666666644e-02
2.999999999999999889e-02
4.666666666666666879e-02
2.333333333333333093e-01
4.666666666666666879e-02
2.533333333333333548e-01
3.833333333333333037e-01
1.803333333333333455e+00
2.933333333333333348e-01
2.133333333333333470e-01
1.000000000000000194e-01
6.666666666666666574e-02
8.033333333333333437e-01
1.466666666666666674e-01
7.299999999999999822e-01
1.866666666666666474e-01
3.233333333333333059e-01
8.333333333333332871e-02
1.233333333333333365e-01
1.366666666666666863e-01
1.223333333333333384e+00
7.033333333333334769e-01
0.000000000000000000e+00
3.366666666666666696e-01
9.000000000000001055e-02
5.666666666666666380e-02
2.333333333333333440e-02
4.333333333333333481e-02
1.933333333333333293e-01
9.000000000000001055e-02
1.353333333333333499e+00
1.466666666666666674e-01
2.333333333333333093e-02
5.999999999999999778e-02
2.933333333333333348e-01
3.099999999999999978e-01
1.733333333333333393e-01
1.056666666666666643e+00
1.489999999999999991e+00
