5.933333333333333792e-01
9.233333333333333393e-01
0.000000000000000000e+00
0.000000000000000000e+00
2.000000000000000042e-02
0.000000000000000000e+00
7.333333333333333370e-02
1.666666666666666644e-02
2.266666666666666552e-01
2.700000000000000178e-01
2.266666666666666829e-01
2.666666666666666838e-02
3.433333333333333237e-01
7.666666666666666075e-02
1.633333333333333304e-01
2.433333333333333182e-01
0.000000000000000000e+00
0.000000000000000000e+00
6.433333333333334236e-01
1.900000000000000300e-01
0.000000000000000000e+00
1.566666666666666485e-01
6.766666666666667496e-01
4.633333333333333193e-01
6.333333333333333870e-02
3.666666666666666685e-02
2.000000000000000042e-02
2.036666666666666625e+00
1.499999999999999944e-01
1.000000000000000021e-02
2.000000000000000042e-02
1.900000000000000300e-01
2.500000000000000000e-01
1.100000000000000006e-01
6.199999999999999956e-01
1.000000000000000021e-02
5.999999999999999778e-01
5.766666666666666607e-01
2.333333333333333093e-02
7.899999999999999245e-01
6.333333333333333870e-02
2.200000000000000011e-01
2.966666666666666341e-01
6.666666666666667095e-03
1.666666666666666644e-02
3.233333333333333059e-01
1.000000000000000194e-01
6.733333333333333393e-01
2.700000000000000178e-01
2.666666666666666838e-02
0.000000000000000000e+00
2.666666666666666838e-02
1.333333333333333419e-02
1.500000000000000222e-01
6.333333333333332482e-02
3.733333333333333504e-01
1.076666666666666661e+00
5.533333333333333437e-01
2.099999999999999922e-01
1.133333333333333415e-01
1.729999999999999760e+00
7.333333333333333370e-02
1.166666666666666546e-01
3.966666666666666674e-01
4.666666666666666186e-01
0.000000000000000000e+00
1.123333333333333295e+00
9.999999999999999167e-02
1.566666666666666485e-01
4.999999999999999584e-02
1.080000000000000071e+00
7.200000000000000844e-01
1.000000000000000021e-02
5.433333333333333348e-01
1.433333333333333404e-01
0.000000000000000000e+00
7.000000000000000666e-02
0.000000000000000000e+00
1.700000000000000122e-01
1.300000000000000044e-01
8.000000000000000167e-02
4.733333333333333282e-01
0.000000000000000000e+00
0.000000000000000000e+00
3.366666666666666696e-01
6.666666666666666574e-02
5.666666666666666380e-02
8.000000000000000167e-02
1.033333333333333326e-01
5.666666666666666519e-01
2.000000000000000042e-02
3.666666666666666963e-01
4.666666666666666879e-02
2.299999999999999822e-01
6.666666666666666574e-02
8.466666666666666785e-01
1.799999999999999656e-01
2.333333333333333440e-02
2.000000000000000042e-02
6.666666666666667095e-03
1.000000000000000021e-02
1.666666666666666574e-01
3.333333333333333547e-03
4.333333333333333481e-02
6.333333333333333870e-02
2.433333333333333182e-01
6.033333333333333881e-01
1.233333333333333365e-01
0.000000000000000000e+00
1.366666666666666863e-01
5.999999999999999778e-02
3.000000000000000236e-02
5.999999999999999778e-02
3.333333333333333287e-02
2.466666666666666730e-01
1.533333333333333215e-01
2.233333333333333559e-01
9.999999999999999167e-02
3.633333333333333415e-01
2.000000000000000042e-02
1.433333333333333404e-01
8.333333333333332871e-02
7.133333333333333748e-01
6.333333333333333870e-02
0.000000000000000000e+00
7.333333333333333925e-01
1.399999999999999856e-01
3.433333333333333237e-01
1.833333333333333259e+00
3.000000000000000236e-02
7.566666666666667096e-01
0.000000000000000000e+00
8.666666666666666963e-02
1.010000000000000009e+00
2.333333333333333093e-01
2.533333333333333548e-01
1.266666666666666774e-01
0.000000000000000000e+00
9.333333333333333759e-02
4.000000000000000083e-02
3.333333333333333547e-03
2.999999999999999889e-02
9.333333333333333759e-02
1.100000000000000006e-01
9.666666666666666741e-01
7.999999999999999334e-01
2.299999999999999822e-01
1.666666666666666574e-01
3.266666666666666607e-01
1.086666666666666670e+00
3.699999999999999400e-01
1.399999999999999856e-01
1.073333333333333250e+00
9.666666666666667851e-02
2.233333333333333004e-01
1.666666666666666644e-02
8.900000000000000133e-01
6.000000000000000472e-02
2.000000000000000042e-02
0.000000000000000000e+00
1.633333333333333304e-01
4.000000000000000083e-02
0.000000000000000000e+00
4.066666666666666763e-01
4.366666666666667029e-01
4.033333333333333215e-01
1.100000000000000006e-01
7.333333333333333370e-02
1.033333333333333465e-01
1.766666666666666663e-01
1.186666666666666758e+00
