8.999999999999999112e-01
3.833333333333333037e-01
1.563333333333333464e+00
1.250000000000000000e+00
8.000000000000000167e-02
3.166666666666666519e-01
1.733333333333333393e-01
6.666666666666666574e-02
6.666666666666666574e-02
1.300000000000000044e-01
3.333333333333333547e-03
1.273333333333333428e+00
1.633333333333333304e-01
3.666666666666666685e-02
1.300000000000000044e+00
1.033333333333333326e-01
9.666666666666667851e-02
5.333333333333333676e-02
1.966666666666666563e-01
1.166666666666666546e-01
3.500000000000000333e-01
1.533333333333333492e-01
1.469999999999999973e+00
1.330000000000000071e+00
2.433333333333333182e-01
8.666666666666666963e-01
1.953333333333333144e+00
4.199999999999999845e-01
1.133333333333333415e-01
1.700000000000000122e-01
4.833333333333333370e-01
2.366666666666666641e-01
1.633333333333333304e-01
3.899999999999999578e-01
5.766666666666666607e-01
1.483333333333333171e+00
