6.333333333333333037e-01
1.233333333333333365e-01
5.000000000000000971e-02
1.266666666666666774e-01
2.266666666666666552e-01
4.333333333333333481e-02
0.000000000000000000e+00
6.999999999999999278e-02
1.333333333333333419e-02
3.333333333333333547e-03
1.000000000000000021e-02
2.000000000000000042e-02
0.000000000000000000e+00
4.333333333333333481e-02
1.000000000000000021e-02
1.000000000000000021e-02
7.000000000000000666e-02
4.000000000000000083e-02
2.000000000000000042e-02
4.666666666666666879e-02
1.100000000000000006e-01
0.000000000000000000e+00
3.666666666666666685e-02
3.666666666666667379e-02
4.466666666666666008e-01
6.999999999999999278e-02
7.999999999999999334e-01
3.200000000000000067e-01
2.946666666666666767e+00
3.086666666666666448e+00
4.373333333333333961e+00
