7.500000000000000000e-01
3.533333333333333326e-01
1.366666666666666863e-01
1.780000000000000027e+00
4.966666666666666452e-01
1.323333333333333472e+00
9.133333333333334414e-01
1.233333333333333365e-01
1.633333333333333304e-01
8.333333333333332871e-02
1.433333333333333348e+00
1.666666666666666574e-01
5.333333333333333676e-02
1.533333333333333215e-01
7.333333333333333370e-02
2.000000000000000042e-02
6.666666666666666574e-02
6.333333333333333870e-02
6.166666666666666963e-01
1.666666666666666644e-02
0.000000000000000000e+00
2.566666666666666541e-01
8.000000000000000167e-02
9.000000000000001055e-02
0.000000000000000000e+00
7.200000000000000844e-01
1.399999999999999856e-01
1.999999999999999833e-01
1.233333333333333365e-01
1.266666666666666774e-01
6.866666666666666474e-01
2.500000000000000000e-01
3.533333333333333326e-01
3.300000000000000155e-01
6.300000000000000044e-01
9.466666666666666563e-01
0.000000000000000000e+00
1.133333333333333276e-01
1.333333333333333315e-01
2.099999999999999645e-01
3.933333333333333681e-01
0.000000000000000000e+00
1.233333333333333365e-01
2.033333333333333381e-01
1.866666666666666752e-01
5.999999999999999778e-02
1.966666666666666841e-01
6.666666666666667095e-03
7.000000000000000666e-02
6.633333333333333304e-01
1.360000000000000098e+00
1.333333333333333419e-02
0.000000000000000000e+00
3.666666666666667379e-02
1.933333333333333293e-01
3.333333333333333287e-02
6.633333333333333304e-01
6.666666666666667095e-03
2.500000000000000000e-01
5.233333333333333171e-01
1.866666666666666752e-01
9.033333333333333215e-01
4.133333333333333859e-01
4.766666666666666274e-01
2.533333333333333548e-01
9.899999999999998801e-01
2.133333333333333470e-01
7.566666666666667096e-01
3.133333333333332971e-01
2.666666666666666838e-02
3.166666666666666519e-01
2.220000000000000195e+00
