1.396666666666666723e+00
3.266666666666666607e-01
1.429999999999999938e+00
5.399999999999999245e-01
1.833333333333333481e-01
8.033333333333333437e-01
1.000000000000000021e-02
5.333333333333333676e-02
1.666666666666666644e-02
2.833333333333333814e-01
1.166666666666666546e-01
2.233333333333333004e-01
3.800000000000000600e-01
1.163333333333333330e+00
2.933333333333332793e-01
1.400000000000000133e-01
5.999999999999999778e-02
9.033333333333333215e-01
3.833333333333333592e-01
4.799999999999999822e-01
2.333333333333333440e-02
3.233333333333333059e-01
3.333333333333333547e-03
6.833333333333332371e-01
6.466666666666666119e-01
2.666666666666666838e-02
2.166666666666666741e-01
2.066666666666666652e-01
4.166666666666666852e-01
1.999999999999999833e-01
4.433333333333333570e-01
6.300000000000000044e-01
2.633333333333333637e-01
3.033333333333333437e-01
5.866666666666667806e-01
1.066666666666666735e-01
0.000000000000000000e+00
3.066666666666666430e-01
1.133333333333333276e-01
3.633333333333332860e-01
2.300000000000000100e-01
2.866666666666666807e-01
6.833333333333332371e-01
2.533333333333333548e-01
3.333333333333333547e-03
5.633333333333333526e-01
0.000000000000000000e+00
8.333333333333332871e-02
2.500000000000000000e-01
1.033333333333333326e-01
5.233333333333333171e-01
2.933333333333333348e-01
4.499999999999999556e-01
7.900000000000000355e-01
2.766666666666666718e-01
2.099999999999999645e-01
5.666666666666667074e-02
0.000000000000000000e+00
7.666666666666667462e-02
2.299999999999999822e-01
6.333333333333333870e-02
2.333333333333333440e-02
1.033333333333333326e-01
5.333333333333333676e-02
6.666666666666666574e-02
2.633333333333333637e-01
1.316666666666666652e+00
2.333333333333333093e-02
2.899999999999999800e-01
4.666666666666666879e-02
1.533333333333333215e-01
3.333333333333333547e-03
3.566666666666666874e-01
1.133333333333333276e-01
1.500000000000000000e+00
3.666666666666666963e-01
3.066666666666666985e-01
1.666666666666666574e-01
3.533333333333333326e-01
2.033333333333333381e-01
4.000000000000000083e-02
5.933333333333333792e-01
9.333333333333333759e-02
5.933333333333332682e-01
2.000000000000000042e-02
7.399999999999998801e-01
