9.866666666666666918e-01
8.466666666666666785e-01
3.966666666666666674e-01
8.066666666666666430e-01
1.633333333333333304e-01
3.800000000000000600e-01
8.599999999999999867e-01
7.666666666666667462e-02
0.000000000000000000e+00
3.800000000000000600e-01
5.333333333333334370e-02
3.333333333333333547e-03
2.700000000000000178e-01
1.533333333333333215e-01
6.766666666666666385e-01
0.000000000000000000e+00
1.033333333333333326e-01
2.866666666666666807e-01
4.633333333333333748e-01
4.866666666666666363e-01
2.866666666666666807e-01
1.129999999999999893e+00
1.169999999999999929e+00
1.286666666666666847e+00
3.933333333333333126e-01
3.266666666666666607e-01
2.566666666666666541e-01
2.566666666666666541e-01
5.666666666666666380e-02
8.900000000000000133e-01
3.333333333333333287e-02
2.333333333333333440e-02
0.000000000000000000e+00
2.233333333333333004e-01
0.000000000000000000e+00
0.000000000000000000e+00
1.533333333333333492e-01
1.400000000000000133e-01
6.666666666666666574e-02
0.000000000000000000e+00
1.666666666666666574e-01
1.376666666666666705e+00
3.466666666666666785e-01
1.600000000000000033e-01
1.466666666666666674e-01
1.199999999999999956e-01
9.233333333333333393e-01
6.833333333333332371e-01
0.000000000000000000e+00
1.366666666666666585e-01
8.033333333333333437e-01
4.000000000000000083e-02
4.033333333333333215e-01
1.666666666666666644e-02
4.333333333333333481e-02
5.000000000000000971e-02
3.000000000000000236e-02
6.866666666666666474e-01
3.333333333333333547e-03
5.333333333333333676e-02
1.173333333333333339e+00
1.033333333333333326e-01
7.099999999999999645e-01
1.733333333333333393e-01
0.000000000000000000e+00
6.333333333333333870e-02
1.156666666666666510e+00
5.666666666666667074e-02
2.399999999999999911e-01
9.333333333333333759e-02
4.000000000000000083e-02
4.999999999999999584e-02
2.066666666666666652e-01
9.000000000000001055e-02
1.433333333333333404e-01
1.123333333333333295e+00
7.666666666666667462e-02
2.999999999999999889e-02
3.333333333333333547e-03
2.666666666666666630e-01
1.000000000000000021e-02
0.000000000000000000e+00
1.333333333333333419e-02
1.666666666666666644e-02
2.000000000000000042e-02
6.666666666666667095e-03
3.333333333333333547e-03
6.733333333333333393e-01
1.733333333333333393e-01
1.199999999999999956e-01
1.466666666666666674e-01
8.133333333333333526e-01
2.233333333333333559e-01
0.000000000000000000e+00
5.333333333333333676e-02
8.000000000000000167e-02
4.666666666666666879e-02
4.666666666666666879e-02
3.699999999999999400e-01
0.000000000000000000e+00
1.000000000000000021e-02
1.666666666666666644e-02
6.166666666666665853e-01
2.933333333333333348e-01
5.999999999999999778e-02
7.300000000000000933e-01
1.000000000000000021e-02
4.199999999999999845e-01
1.633333333333333304e-01
4.666666666666666879e-02
8.000000000000000167e-02
1.033333333333333215e+00
7.000000000000000666e-02
9.333333333333333759e-02
1.133333333333333526e+00
1.333333333333333315e-01
2.000000000000000042e-02
3.666666666666667379e-02
1.466666666666666674e-01
9.666666666666667851e-02
4.466666666666666008e-01
0.000000000000000000e+00
5.666666666666667074e-02
1.333333333333333315e-01
1.303333333333333455e+00
8.333333333333332871e-02
1.383333333333333526e+00
