1.356666666666666687e+00
4.600000000000000200e-01
3.633333333333332860e-01
5.266666666666667274e-01
4.099999999999999756e-01
5.666666666666666519e-01
4.500000000000000111e-01
6.466666666666666119e-01
4.366666666666667029e-01
1.333333333333333419e-02
1.136666666666666714e+00
2.899999999999999800e-01
2.700000000000000178e-01
3.133333333333332971e-01
9.666666666666667851e-02
2.700000000000000178e-01
7.033333333333332549e-01
1.456666666666666776e+00
2.399999999999999911e-01
2.293333333333333446e+00
1.639999999999999902e+00
3.046666666666666856e+00
1.729999999999999760e+00
1.933333333333333348e+00
1.999999999999999833e-01
1.900000000000000300e-01
3.066666666666666985e-01
5.666666666666667074e-02
1.433333333333333404e-01
1.266666666666666774e-01
5.666666666666667629e-01
3.466666666666666785e-01
2.266666666666666552e-01
6.300000000000000044e-01
3.166666666666666519e-01
2.000000000000000042e-02
2.000000000000000042e-02
1.933333333333333293e-01
1.233333333333333365e-01
8.000000000000000167e-02
3.300000000000000155e-01
1.239999999999999991e+00
8.000000000000000167e-02
2.366666666666666641e-01
8.000000000000000167e-02
9.633333333333332638e-01
5.566666666666666430e-01
1.000000000000000021e-02
0.000000000000000000e+00
1.083333333333333259e+00
6.666666666666667095e-03
3.666666666666667379e-02
3.366666666666666696e-01
8.333333333333332871e-02
1.333333333333333419e-02
4.633333333333333193e-01
2.133333333333333470e-01
1.039999999999999813e+00
8.333333333333332871e-02
2.299999999999999822e-01
1.833333333333333481e-01
7.000000000000000666e-02
1.050000000000000044e+00
5.166666666666667185e-01
4.700000000000000289e-01
3.133333333333333526e-01
6.466666666666666119e-01
1.839999999999999858e+00
5.300000000000000266e-01
4.966666666666666452e-01
5.000000000000000000e-01
2.399999999999999911e-01
6.666666666666666574e-02
8.333333333333332871e-02
2.083333333333333481e+00
1.766666666666666663e-01
1.333333333333333315e-01
5.233333333333333171e-01
2.800000000000000266e-01
3.899999999999999578e-01
5.333333333333333676e-02
3.666666666666666685e-02
5.999999999999999778e-01
1.093333333333333490e+00
9.999999999999999167e-02
2.433333333333333182e-01
2.826666666666666661e+00
3.233333333333333059e-01
7.333333333333333370e-02
1.086666666666666670e+00
1.033333333333333326e-01
8.666666666666666963e-02
4.366666666666667029e-01
1.666666666666666644e-02
2.109999999999999876e+00
2.673333333333333339e+00
1.079999999999999849e+00
1.133333333333333304e+00
1.766666666666666663e-01
4.633333333333333748e-01
8.666666666666666963e-02
9.233333333333333393e-01
2.433333333333333182e-01
8.699999999999999956e-01
1.426666666666666528e+00
2.200000000000000011e-01
5.200000000000000178e-01
2.700000000000000178e-01
1.233333333333333365e-01
6.666666666666666574e-02
8.900000000000000133e-01
2.966666666666666896e-01
1.473333333333333384e+00
3.000000000000000236e-02
4.666666666666666186e-01
1.606666666666666687e+00
6.800000000000000488e-01
2.600000000000000089e-01
1.196666666666666545e+00
