8.300000000000000711e-01
1.100000000000000006e-01
4.533333333333333659e-01
4.333333333333333481e-02
1.000000000000000021e-02
1.666666666666666644e-02
2.666666666666666838e-02
9.700000000000000844e-01
1.066666666666666735e-01
5.666666666666667074e-02
1.213333333333333375e+00
1.233333333333333365e-01
6.333333333333333870e-02
5.999999999999999778e-02
6.500000000000000222e-01
1.333333333333333315e-01
3.666666666666666685e-02
4.666666666666666879e-02
3.666666666666666685e-02
7.166666666666666741e-01
3.666666666666667379e-02
1.666666666666666574e-01
4.199999999999999845e-01
