8.866666666666667140e-01
2.966666666666666896e-01
7.133333333333333748e-01
6.666666666666666574e-02
1.466666666666666952e-01
1.966666666666666563e-01
1.133333333333333415e-01
3.000000000000000236e-02
8.333333333333333703e-01
2.433333333333333182e-01
3.999999999999999667e-01
1.833333333333333481e-01
4.666666666666666879e-02
5.333333333333333676e-02
6.099999999999999867e-01
1.583333333333333259e+00
1.826666666666666439e+00
2.999999999999999889e-01
7.566666666666667096e-01
1.133333333333333304e+00
9.333333333333333759e-02
1.316666666666666652e+00
6.300000000000000044e-01
3.099999999999999978e-01
1.133333333333333415e-01
9.333333333333333759e-02
1.633333333333333304e-01
4.000000000000000083e-02
5.333333333333333676e-02
2.199999999999999734e-01
4.266666666666665830e-01
1.033333333333333326e-01
5.666666666666667074e-02
2.899999999999999800e-01
1.493333333333333401e+00
1.059999999999999831e+00
1.126666666666666705e+00
5.999999999999999778e-02
3.333333333333333547e-03
4.000000000000000083e-02
1.100000000000000006e-01
5.799999999999999600e-01
1.666666666666666644e-02
8.566666666666667984e-01
7.333333333333333370e-02
3.333333333333333287e-02
1.433333333333333404e-01
1.610000000000000098e+00
2.500000000000000000e-01
6.333333333333333870e-02
1.666666666666666644e-02
2.666666666666666838e-02
5.000000000000000971e-02
3.333333333333333287e-02
3.333333333333333547e-03
9.000000000000001055e-02
1.800000000000000211e-01
2.366666666666666641e-01
5.999999999999999778e-02
0.000000000000000000e+00
1.100000000000000006e-01
2.800000000000000266e-01
1.066666666666666652e+00
8.333333333333332871e-02
1.623333333333333295e+00
3.033333333333332882e-01
1.666666666666666644e-02
3.166666666666667074e-01
7.699999999999999067e-01
3.333333333333333547e-03
0.000000000000000000e+00
1.666666666666666644e-02
4.333333333333333481e-01
6.666666666666666574e-02
1.666666666666666644e-02
1.266666666666666774e-01
6.333333333333333870e-02
9.433333333333333570e-01
1.316666666666666652e+00
2.666666666666666630e-01
5.333333333333333676e-02
0.000000000000000000e+00
7.799999999999999156e-01
2.333333333333333440e-02
1.333333333333333419e-02
4.333333333333333481e-02
1.866666666666666752e-01
6.466666666666666119e-01
1.366666666666666863e-01
8.333333333333332871e-02
1.246666666666666812e+00
1.133333333333333276e-01
1.563333333333333242e+00
6.333333333333333870e-02
1.933333333333333570e-01
1.039999999999999813e+00
5.666666666666667074e-02
3.866666666666666585e-01
8.100000000000000533e-01
0.000000000000000000e+00
1.733333333333333393e-01
5.899999999999999689e-01
2.333333333333333093e-02
0.000000000000000000e+00
0.000000000000000000e+00
3.333333333333333287e-02
0.000000000000000000e+00
0.000000000000000000e+00
3.333333333333333287e-02
5.733333333333333615e-01
1.333333333333333419e-02
1.666666666666666644e-02
7.333333333333333370e-02
0.000000000000000000e+00
0.000000000000000000e+00
6.666666666666667095e-03
2.099999999999999645e-01
3.666666666666667379e-02
1.216666666666666563e+00
9.599999999999999645e-01
1.510000000000000009e+00
5.766666666666666607e-01
9.666666666666667851e-02
1.633333333333333304e-01
2.333333333333333093e-01
1.266666666666666774e-01
4.000000000000000083e-02
2.333333333333333440e-02
0.000000000000000000e+00
2.000000000000000042e-02
2.000000000000000042e-02
1.000000000000000021e-02
1.133333333333333276e-01
1.499999999999999944e-01
1.433333333333333348e+00
2.376666666666666927e+00
7.200000000000000844e-01
