8.599999999999999867e-01
9.700000000000000844e-01
1.900000000000000300e-01
5.499999999999999334e-01
2.333333333333333440e-02
2.700000000000000178e-01
2.666666666666666838e-02
1.733333333333333393e-01
9.799999999999999822e-01
2.299999999999999822e-01
0.000000000000000000e+00
2.433333333333333182e-01
5.666666666666667074e-02
9.999999999999999167e-02
3.333333333333333547e-03
1.360000000000000098e+00
7.700000000000000178e-01
1.966666666666666563e-01
2.066666666666666652e-01
1.833333333333333481e-01
5.333333333333333676e-02
5.333333333333333259e-01
6.099999999999999867e-01
4.666666666666666879e-02
7.133333333333333748e-01
4.666666666666666879e-02
5.333333333333333676e-02
2.600000000000000089e-01
5.000000000000000971e-02
2.333333333333333093e-01
4.666666666666666879e-02
9.766666666666665719e-01
1.166666666666666546e-01
2.966666666666666896e-01
3.333333333333333287e-02
1.700000000000000122e-01
1.466666666666666785e+00
