8.533333333333333881e-01
1.333333333333333315e-01
6.600000000000000311e-01
7.666666666666666075e-01
7.866666666666667362e-01
4.199999999999999845e-01
8.133333333333333526e-01
6.800000000000000488e-01
1.260000000000000009e+00
5.000000000000000000e-01
6.033333333333333881e-01
3.266666666666666607e-01
3.133333333333333526e-01
2.033333333333333381e-01
7.333333333333332815e-01
4.033333333333333215e-01
2.199999999999999734e-01
3.333333333333333547e-03
7.033333333333332549e-01
9.199999999999999289e-01
0.000000000000000000e+00
2.999999999999999889e-02
1.610000000000000098e+00
7.700000000000000178e-01
3.333333333333333547e-03
4.133333333333333304e-01
1.433333333333333404e-01
6.666666666666667095e-03
3.333333333333333287e-02
9.000000000000001055e-02
1.339999999999999858e+00
6.666666666666667095e-03
2.999999999999999889e-01
1.443333333333333357e+00
1.686666666666666758e+00
1.333333333333333315e-01
1.133333333333333276e-01
2.533333333333333548e-01
2.666666666666666838e-02
9.666666666666667851e-02
1.000000000000000021e-02
2.166666666666666741e-01
1.333333333333333419e-02
2.433333333333333182e-01
2.166666666666666741e-01
6.833333333333332371e-01
1.800000000000000211e-01
1.686666666666666758e+00
1.480000000000000204e+00
5.133333333333333082e-01
1.933333333333333348e+00
1.066666666666666735e-01
1.360000000000000098e+00
8.000000000000000167e-02
1.540000000000000036e+00
1.169999999999999929e+00
7.000000000000000666e-02
1.066666666666666735e-01
8.366666666666665586e-01
3.333333333333333148e-01
2.099999999999999922e-01
0.000000000000000000e+00
5.733333333333333615e-01
8.466666666666666785e-01
3.666666666666666685e-02
1.066666666666666735e-01
1.056666666666666643e+00
1.363333333333333286e+00
1.099999999999999867e-01
4.333333333333333481e-01
1.330000000000000071e+00
6.933333333333333570e-01
9.333333333333333759e-02
4.899999999999999911e-01
1.480000000000000204e+00
1.266666666666666607e+00
6.000000000000000472e-02
1.966666666666666563e-01
3.133333333333332971e-01
1.209999999999999964e+00
1.133333333333333415e-01
5.200000000000000178e-01
0.000000000000000000e+00
1.166666666666666546e-01
0.000000000000000000e+00
3.200000000000000067e-01
3.333333333333333287e-02
1.266666666666666774e-01
1.300000000000000044e-01
2.733333333333333726e-01
9.000000000000001055e-02
1.266666666666666774e-01
2.600000000000000089e-01
9.666666666666666463e-02
1.566666666666666485e-01
3.633333333333332860e-01
3.876666666666666483e+00
