3.096666666666667123e+00
2.899999999999999800e-01
1.156666666666666732e+00
1.173333333333333339e+00
3.133333333333332971e-01
1.000000000000000021e-02
7.333333333333334758e-02
5.033333333333332993e-01
1.166666666666666824e-01
7.666666666666667462e-02
5.866666666666665586e-01
1.716666666666666785e+00
9.599999999999999645e-01
4.333333333333333481e-01
1.159999999999999920e+00
1.533333333333333492e-01
5.899999999999999689e-01
8.800000000000000044e-01
2.133333333333333470e-01
8.966666666666666119e-01
