8.799999999999998934e-01
7.666666666666667462e-02
1.900000000000000300e-01
1.666666666666666644e-02
8.166666666666667629e-01
1.633333333333333304e-01
1.600000000000000033e-01
5.933333333333333792e-01
2.466666666666667007e-01
0.000000000000000000e+00
2.633333333333333637e-01
3.499999999999999223e-01
1.333333333333333419e-02
7.666666666666667462e-02
1.333333333333333315e-01
1.233333333333333365e-01
8.333333333333332871e-02
7.500000000000000000e-01
6.333333333333333870e-02
2.766666666666666718e-01
3.866666666666667140e-01
7.999999999999999334e-01
0.000000000000000000e+00
0.000000000000000000e+00
0.000000000000000000e+00
0.000000000000000000e+00
1.033333333333333326e-01
6.000000000000000472e-02
9.999999999999999167e-02
1.066666666666666458e-01
6.666666666666666297e-01
1.059999999999999831e+00
3.933333333333333681e-01
1.900000000000000133e+00
1.433333333333333404e-01
6.366666666666666030e-01
2.266666666666666552e-01
1.456666666666666776e+00
9.666666666666667851e-02
1.050000000000000044e+00
3.333333333333333547e-03
1.033333333333333326e-01
2.766666666666666718e-01
1.143333333333333313e+00
7.333333333333333925e-01
8.000000000000000167e-02
0.000000000000000000e+00
4.666666666666666879e-02
0.000000000000000000e+00
5.500000000000000444e-01
6.666666666666667095e-03
1.533333333333333492e-01
5.333333333333333676e-02
1.233333333333333365e-01
5.999999999999999778e-02
8.366666666666665586e-01
0.000000000000000000e+00
9.000000000000001055e-02
1.333333333333333315e-01
1.133333333333333276e-01
8.000000000000000167e-02
4.066666666666667318e-01
1.833333333333333481e-01
3.699999999999999400e-01
4.000000000000000083e-02
7.000000000000000666e-02
1.266666666666666774e-01
2.233333333333333559e-01
2.233333333333333004e-01
6.833333333333332371e-01
3.899999999999999578e-01
2.200000000000000011e-01
6.333333333333333870e-02
0.000000000000000000e+00
1.333333333333333419e-02
1.000000000000000021e-02
2.666666666666666838e-02
4.000000000000000083e-02
1.999999999999999833e-01
6.233333333333334059e-01
6.933333333333333570e-01
1.000000000000000021e-02
4.000000000000000083e-02
7.333333333333334758e-02
1.533333333333333492e-01
3.466666666666666785e-01
1.333333333333333419e-02
4.400000000000000022e-01
8.333333333333332871e-02
1.933333333333333293e-01
1.533333333333333215e-01
3.333333333333333547e-03
6.733333333333333393e-01
1.199999999999999956e-01
3.833333333333333592e-01
3.333333333333333148e-01
1.860000000000000098e+00
7.000000000000000666e-01
1.000000000000000021e-02
1.333333333333333419e-02
2.633333333333333637e-01
4.766666666666666274e-01
9.666666666666667851e-02
8.466666666666666785e-01
2.666666666666666838e-02
3.000000000000000236e-02
3.133333333333332971e-01
2.633333333333333637e-01
1.133333333333333276e-01
5.666666666666667074e-02
1.133333333333333276e-01
4.199999999999999845e-01
3.333333333333333287e-02
2.000000000000000042e-02
1.366666666666666863e-01
1.216666666666666563e+00
1.033333333333333465e-01
9.000000000000001055e-02
3.133333333333332971e-01
1.300000000000000044e-01
4.433333333333333570e-01
3.200000000000000067e-01
9.999999999999999167e-02
6.666666666666667095e-03
1.000000000000000021e-02
0.000000000000000000e+00
0.000000000000000000e+00
1.100000000000000006e-01
0.000000000000000000e+00
6.300000000000000044e-01
2.533333333333333548e-01
0.000000000000000000e+00
9.233333333333333393e-01
1.333333333333333315e-01
2.333333333333333440e-02
7.233333333333332726e-01
7.333333333333333370e-02
1.133333333333333276e-01
6.199999999999999956e-01
4.366666666666667029e-01
7.000000000000000666e-02
2.333333333333333440e-02
1.800000000000000211e-01
0.000000000000000000e+00
5.633333333333333526e-01
6.666666666666667095e-03
4.000000000000000083e-02
3.333333333333333287e-02
1.000000000000000021e-02
1.000000000000000021e-02
1.666666666666666644e-02
1.000000000000000000e+00
0.000000000000000000e+00
3.366666666666666696e-01
7.666666666666667462e-02
1.653333333333333321e+00
2.433333333333333182e-01
0.000000000000000000e+00
4.833333333333333370e-01
1.046666666666666634e+00
0.000000000000000000e+00
3.733333333333333504e-01
0.000000000000000000e+00
3.066666666666666430e-01
7.000000000000000666e-02
5.233333333333333171e-01
2.966666666666666896e-01
1.133333333333333276e-01
1.533333333333333215e-01
2.933333333333333903e-01
2.333333333333333093e-02
1.666666666666666574e-01
2.700000000000000178e-01
1.499999999999999944e-01
6.366666666666667140e-01
2.733333333333333726e-01
2.133333333333333470e-01
1.433333333333333404e-01
4.833333333333333370e-01
1.333333333333333419e-02
7.666666666666667462e-02
2.399999999999999911e-01
0.000000000000000000e+00
3.333333333333333547e-03
8.733333333333334059e-01
1.199999999999999956e-01
2.333333333333333440e-02
8.333333333333332871e-02
2.799999999999999711e-01
4.099999999999999756e-01
9.999999999999999167e-02
4.333333333333333481e-02
1.753333333333333188e+00
3.966666666666666674e-01
2.433333333333333182e-01
0.000000000000000000e+00
2.800000000000000266e-01
5.999999999999999778e-02
1.099999999999999867e-01
6.333333333333333870e-02
2.099999999999999922e-01
1.933333333333333293e-01
2.999999999999999889e-02
0.000000000000000000e+00
0.000000000000000000e+00
9.999999999999999167e-02
9.066666666666666208e-01
2.666666666666666838e-02
1.199999999999999956e-01
9.333333333333332371e-02
8.099999999999999423e-01
1.033333333333333326e-01
3.933333333333333681e-01
0.000000000000000000e+00
6.666666666666666574e-02
2.000000000000000042e-02
1.600000000000000033e-01
3.733333333333333504e-01
1.333333333333333419e-02
1.666666666666666644e-02
5.000000000000000971e-02
2.799999999999999711e-01
1.600000000000000033e-01
1.733333333333333393e-01
8.333333333333332871e-02
5.466666666666667451e-01
0.000000000000000000e+00
0.000000000000000000e+00
1.000000000000000021e-02
1.366666666666666863e-01
1.233333333333333365e-01
2.999999999999999889e-02
9.333333333333333759e-02
0.000000000000000000e+00
0.000000000000000000e+00
1.333333333333333419e-02
1.000000000000000021e-02
0.000000000000000000e+00
3.733333333333332948e-01
1.133333333333333276e-01
1.666666666666666644e-02
9.333333333333333759e-02
3.800000000000000600e-01
1.199999999999999956e-01
7.733333333333333171e-01
2.333333333333333440e-02
9.300000000000000488e-01
1.000000000000000021e-02
0.000000000000000000e+00
7.666666666666667462e-02
6.666666666666667095e-03
4.333333333333333481e-02
0.000000000000000000e+00
7.000000000000000666e-02
6.833333333333332371e-01
8.033333333333333437e-01
1.800000000000000211e-01
1.833333333333333481e-01
0.000000000000000000e+00
0.000000000000000000e+00
0.000000000000000000e+00
0.000000000000000000e+00
0.000000000000000000e+00
5.666666666666666380e-02
0.000000000000000000e+00
3.666666666666666685e-02
4.899999999999999911e-01
1.866666666666666752e-01
0.000000000000000000e+00
8.666666666666666963e-02
4.000000000000000083e-02
3.666666666666667379e-02
1.833333333333333481e-01
0.000000000000000000e+00
6.666666666666667095e-03
3.066666666666666985e-01
5.633333333333333526e-01
3.000000000000000236e-02
3.333333333333333287e-02
1.733333333333333393e-01
2.000000000000000042e-02
7.533333333333332993e-01
3.276666666666666838e+00
7.633333333333333082e-01
1.866666666666666752e-01
1.333333333333333419e-02
0.000000000000000000e+00
1.800000000000000211e-01
3.666666666666666685e-02
1.100000000000000006e-01
1.000000000000000021e-02
8.666666666666666963e-02
0.000000000000000000e+00
2.000000000000000042e-02
6.666666666666666574e-02
4.133333333333333304e-01
9.000000000000001055e-02
2.066666666666666652e-01
2.933333333333333348e-01
2.700000000000000178e-01
1.020000000000000018e+00
5.666666666666667629e-01
2.766666666666666718e-01
2.399999999999999911e-01
5.333333333333333676e-02
3.666666666666666963e-01
8.166666666666667629e-01
1.833333333333333481e-01
2.833333333333333259e-01
1.066666666666666735e-01
5.000000000000000971e-02
1.366666666666666863e-01
1.033333333333333326e-01
3.666666666666667379e-02
1.333333333333333315e-01
2.466666666666666730e-01
7.666666666666666075e-01
3.033333333333332882e-01
8.666666666666666963e-02
5.166666666666667185e-01
2.666666666666666838e-02
4.900000000000000466e-01
2.999999999999999889e-02
6.666666666666667095e-03
1.100000000000000006e-01
4.033333333333333215e-01
3.166666666666666519e-01
6.500000000000000222e-01
8.666666666666666963e-02
6.666666666666666297e-01
7.933333333333333348e-01
2.466666666666666730e-01
1.000000000000000021e-02
1.600000000000000033e-01
1.666666666666666644e-02
8.666666666666666963e-02
2.866666666666666807e-01
3.666666666666667379e-02
6.800000000000000488e-01
6.333333333333333870e-02
7.733333333333334281e-01
6.666666666666667095e-03
1.666666666666666644e-02
1.000000000000000021e-02
8.333333333333332871e-02
2.000000000000000042e-02
1.499999999999999944e-01
1.003333333333333188e+00
2.700000000000000178e-01
4.299999999999999933e-01
8.666666666666666963e-02
1.463333333333333597e+00
9.333333333333333759e-02
2.000000000000000042e-02
2.700000000000000178e-01
1.133333333333333276e-01
9.433333333333333570e-01
8.133333333333333526e-01
1.236666666666666581e+00
3.666666666666667379e-02
6.833333333333332371e-01
5.333333333333333676e-02
1.199999999999999956e-01
3.466666666666666785e-01
2.666666666666666630e-01
7.933333333333333348e-01
7.333333333333333370e-02
6.666666666666667095e-03
2.199999999999999734e-01
8.333333333333332871e-02
3.666666666666667379e-02
8.233333333333332504e-01
8.433333333333333792e-01
1.333333333333333315e-01
4.333333333333332926e-01
1.433333333333333404e-01
4.466666666666667118e-01
1.466666666666666674e-01
1.469999999999999973e+00
3.933333333333333681e-01
5.999999999999999778e-02
1.866666666666666752e-01
8.333333333333332871e-02
1.566666666666666763e-01
5.999999999999999778e-02
1.700000000000000122e-01
7.200000000000000844e-01
1.933333333333333570e-01
3.500000000000000333e-01
1.966666666666666563e-01
7.000000000000000666e-02
5.666666666666666380e-02
2.433333333333333737e-01
6.800000000000000488e-01
2.000000000000000042e-02
5.000000000000000971e-02
5.866666666666667806e-01
0.000000000000000000e+00
1.000000000000000021e-02
5.100000000000000089e-01
1.346666666666666679e+00
1.666666666666666574e-01
1.166666666666666546e-01
2.000000000000000042e-02
4.566666666666667207e-01
1.700000000000000178e+00
1.399999999999999856e-01
2.033333333333333381e-01
2.800000000000000266e-01
2.466666666666666730e-01
9.699999999999998623e-01
1.000000000000000021e-02
1.073333333333333250e+00
1.633333333333333304e-01
3.099999999999999978e-01
0.000000000000000000e+00
3.833333333333333037e-01
9.133333333333334414e-01
1.953333333333333366e+00
1.030000000000000027e+00
3.333333333333333547e-03
4.333333333333333481e-02
2.666666666666666838e-02
1.623333333333333295e+00
6.133333333333332860e-01
3.566666666666666319e-01
3.999999999999999667e-01
7.633333333333333082e-01
6.300000000000000044e-01
7.099999999999999645e-01
4.333333333333333481e-01
5.633333333333333526e-01
2.066666666666666652e-01
8.000000000000000167e-02
1.300000000000000044e-01
5.666666666666667629e-01
1.633333333333333304e-01
3.800000000000000600e-01
1.929999999999999938e+00
1.499999999999999944e-01
1.300000000000000044e-01
3.499999999999999223e-01
4.999999999999999584e-02
8.866666666666667140e-01
1.666666666666666574e-01
6.666666666666666574e-02
6.666666666666666574e-02
4.333333333333333481e-02
3.333333333333333547e-03
4.666666666666666879e-02
3.333333333333333287e-02
5.000000000000000971e-02
3.333333333333333547e-03
2.999999999999999889e-02
1.333333333333333315e-01
1.633333333333333304e-01
8.666666666666666963e-02
1.126666666666666705e+00
2.733333333333333726e-01
3.333333333333333547e-03
4.000000000000000083e-02
0.000000000000000000e+00
0.000000000000000000e+00
1.100000000000000006e-01
5.000000000000000971e-02
8.366666666666667806e-01
2.099999999999999922e-01
7.333333333333334758e-02
5.999999999999999778e-02
9.033333333333333215e-01
0.000000000000000000e+00
2.333333333333333440e-02
1.033333333333333326e-01
3.333333333333333287e-02
1.410000000000000142e+00
1.593333333333333490e+00
1.933333333333333293e-01
1.356666666666666687e+00
0.000000000000000000e+00
4.566666666666667207e-01
3.766666666666666496e-01
8.333333333333332871e-02
0.000000000000000000e+00
0.000000000000000000e+00
1.666666666666666644e-02
2.033333333333333381e-01
4.666666666666666879e-02
1.843333333333333046e+00
6.333333333333333037e-01
8.333333333333332871e-02
1.673333333333333561e+00
5.899999999999999689e-01
3.333333333333333547e-03
7.666666666666667462e-02
1.666666666666666644e-02
8.466666666666666785e-01
6.000000000000000472e-02
3.800000000000000600e-01
7.600000000000001199e-01
7.666666666666667462e-02
2.333333333333333093e-01
3.800000000000000600e-01
5.600000000000000533e-01
2.133333333333333470e-01
1.666666666666666644e-02
5.133333333333333082e-01
4.066666666666666763e-01
1.466666666666666397e-01
6.666666666666667095e-03
1.000000000000000021e-02
2.333333333333333440e-02
1.133333333333333276e-01
1.166666666666666546e-01
6.699999999999999289e-01
4.666666666666666879e-02
6.333333333333333870e-02
2.966666666666666341e-01
1.433333333333333404e-01
4.733333333333333282e-01
1.100000000000000006e-01
5.600000000000000533e-01
1.146666666666666723e+00
2.233333333333333559e-01
1.133333333333333276e-01
1.776666666666666616e+00
3.400000000000000244e-01
1.193333333333333357e+00
1.133333333333333276e-01
5.333333333333333676e-02
2.000000000000000042e-02
3.333333333333333547e-03
1.099999999999999867e-01
2.666666666666666838e-02
2.999999999999999889e-02
2.299999999999999822e-01
1.533333333333333215e-01
7.233333333333332726e-01
9.666666666666667851e-02
0.000000000000000000e+00
5.666666666666667074e-02
1.266666666666666774e-01
4.000000000000000083e-02
5.666666666666666380e-02
1.933333333333333293e-01
2.666666666666666838e-02
8.333333333333332871e-02
0.000000000000000000e+00
1.166666666666666741e+00
4.866666666666666363e-01
3.666666666666666685e-02
6.633333333333333304e-01
5.999999999999999778e-02
3.433333333333333237e-01
6.866666666666666474e-01
5.000000000000000971e-02
1.483333333333333393e+00
2.666666666666666630e-01
6.999999999999998446e-01
2.666666666666666630e-01
4.700000000000000289e-01
1.833333333333333481e-01
6.133333333333332860e-01
2.666666666666666838e-02
6.666666666666667095e-03
7.166666666666666741e-01
8.666666666666666963e-02
4.566666666666667207e-01
2.866666666666666807e-01
2.500000000000000000e-01
3.000000000000000236e-02
1.066666666666666735e-01
0.000000000000000000e+00
3.099999999999999978e-01
1.733333333333333393e-01
0.000000000000000000e+00
6.400000000000000133e-01
0.000000000000000000e+00
2.333333333333333440e-02
1.010000000000000009e+00
3.333333333333333287e-02
1.593333333333333490e+00
2.266666666666666829e-01
2.466666666666666730e-01
2.866666666666666807e-01
4.833333333333333370e-01
4.966666666666666452e-01
3.699999999999999400e-01
1.199999999999999956e-01
2.600000000000000089e-01
2.333333333333333440e-02
1.000000000000000021e-02
7.666666666666666075e-02
1.399999999999999856e-01
1.143333333333333313e+00
1.726666666666666572e+00
4.699999999999999734e-01
1.110000000000000098e+00
1.550000000000000044e+00
1.099999999999999867e-01
1.333333333333333419e-02
3.633333333333333415e-01
3.566666666666666874e-01
3.366666666666666696e-01
6.666666666666667095e-03
1.499999999999999944e-01
2.633333333333333637e-01
3.333333333333333547e-03
4.999999999999999584e-02
1.333333333333333315e-01
3.666666666666666685e-02
6.000000000000000472e-02
2.666666666666666838e-02
3.133333333333332971e-01
4.600000000000000200e-01
9.000000000000001055e-02
4.333333333333333481e-02
1.233333333333333365e-01
1.243333333333333401e+00
5.033333333333332993e-01
2.633333333333333637e-01
1.266666666666666774e-01
1.166666666666666546e-01
2.033333333333333381e-01
6.666666666666666574e-02
5.099999999999998979e-01
3.133333333333333526e-01
0.000000000000000000e+00
1.000000000000000194e-01
3.999999999999999667e-01
6.099999999999999867e-01
1.469999999999999973e+00
3.033333333333333437e-01
3.133333333333332971e-01
1.733333333333333393e-01
1.000000000000000021e-02
3.333333333333333547e-03
4.033333333333333215e-01
1.000000000000000021e-02
1.333333333333333315e-01
9.000000000000001055e-02
0.000000000000000000e+00
3.066666666666666430e-01
1.133333333333333276e-01
1.433333333333333404e-01
2.200000000000000011e-01
7.333333333333334758e-02
7.333333333333333370e-02
0.000000000000000000e+00
0.000000000000000000e+00
1.079999999999999849e+00
9.666666666666667851e-02
3.566666666666666319e-01
3.133333333333332971e-01
2.200000000000000011e-01
2.333333333333333481e+00
1.433333333333333404e-01
1.199999999999999956e-01
0.000000000000000000e+00
0.000000000000000000e+00
1.066666666666666735e-01
3.799999999999999489e-01
4.333333333333333481e-02
5.666666666666666380e-02
1.666666666666666644e-02
4.000000000000000083e-02
5.266666666666667274e-01
5.766666666666666607e-01
0.000000000000000000e+00
1.566666666666666485e-01
0.000000000000000000e+00
7.333333333333334758e-02
1.013333333333333419e+00
4.000000000000000083e-02
7.500000000000000000e-01
2.333333333333333440e-02
3.466666666666666785e-01
1.366666666666666863e-01
0.000000000000000000e+00
0.000000000000000000e+00
1.499999999999999944e-01
2.000000000000000042e-02
2.800000000000000266e-01
1.333333333333333419e-02
1.333333333333333315e-01
2.133333333333332915e-01
1.099999999999999867e-01
5.999999999999999778e-01
1.900000000000000300e-01
2.300000000000000100e-01
2.000000000000000042e-02
5.166666666666666075e-01
3.666666666666667379e-02
1.566666666666666485e-01
1.000000000000000021e-02
6.999999999999998446e-01
5.366666666666666252e-01
1.000000000000000021e-02
7.299999999999999822e-01
8.333333333333332871e-02
9.900000000000001021e-01
9.933333333333332904e-01
9.666666666666667851e-02
8.333333333333333703e-01
1.813333333333333242e+00
2.000000000000000042e-02
1.216666666666666563e+00
5.333333333333333676e-02
9.333333333333333759e-02
3.466666666666666785e-01
1.186666666666666758e+00
1.059999999999999831e+00
5.833333333333333703e-01
1.186666666666666758e+00
2.299999999999999822e-01
2.833333333333333259e-01
4.599999999999999645e-01
3.200000000000000067e-01
5.400000000000000355e-01
1.150000000000000133e+00
2.923333333333333339e+00
