1.099999999999999867e+00
1.223333333333333384e+00
2.199999999999999734e-01
4.266666666666666941e-01
1.199999999999999956e-01
3.866666666666667140e-01
2.433333333333333182e-01
2.533333333333333548e-01
1.933333333333333293e-01
2.733333333333333726e-01
1.050000000000000044e+00
2.399999999999999911e-01
1.999999999999999833e-01
3.400000000000000244e-01
5.999999999999999778e-01
1.826666666666666883e+00
1.766666666666666663e-01
1.900000000000000300e-01
1.636666666666666714e+00
2.366666666666666641e-01
5.566666666666666430e-01
2.833333333333333814e-01
6.333333333333333870e-02
2.800000000000000266e-01
1.643333333333333313e+00
1.199999999999999956e+00
2.133333333333333470e-01
2.333333333333333440e-02
1.833333333333333481e-01
1.000000000000000021e-02
5.400000000000000355e-01
1.026666666666666616e+00
1.620000000000000107e+00
2.323333333333333250e+00
