1.196666666666666545e+00
9.033333333333333215e-01
9.466666666666666563e-01
1.866666666666666474e+00
1.899999999999999745e-01
5.300000000000000266e-01
1.666666666666666644e-02
2.666666666666666838e-02
3.333333333333333547e-03
3.333333333333333287e-02
5.999999999999999778e-02
1.146666666666666723e+00
1.006666666666666599e+00
4.833333333333333370e-01
6.000000000000000472e-02
9.999999999999999167e-02
4.000000000000000083e-02
8.033333333333333437e-01
6.666666666666666574e-02
3.333333333333333287e-02
5.833333333333333703e-01
3.600000000000000422e-01
1.666666666666666644e-02
0.000000000000000000e+00
1.139999999999999902e+00
1.306666666666666643e+00
2.833333333333333259e-01
1.333333333333333315e-01
1.633333333333333304e-01
6.566666666666666208e-01
2.633333333333333637e-01
2.333333333333333440e-02
3.733333333333332948e-01
2.899999999999999800e-01
1.000000000000000021e-02
5.033333333333332993e-01
1.466666666666666952e-01
1.000000000000000021e-02
1.300000000000000044e-01
2.500000000000000000e-01
0.000000000000000000e+00
2.666666666666666838e-02
1.600000000000000033e-01
5.200000000000000178e-01
1.000000000000000021e-02
2.466666666666666730e-01
4.666666666666666879e-02
1.999999999999999833e-01
1.633333333333333304e-01
7.666666666666666075e-02
2.999999999999999889e-02
1.333333333333333419e-02
1.233333333333333365e-01
9.999999999999999167e-02
1.700000000000000122e-01
3.666666666666667379e-02
1.366666666666666863e-01
1.370000000000000107e+00
0.000000000000000000e+00
2.533333333333333548e-01
3.366666666666666696e-01
1.033333333333333326e-01
1.216666666666666785e+00
1.433333333333333404e-01
1.433333333333333404e-01
2.063333333333333020e+00
3.266666666666666607e-01
1.000000000000000021e-02
8.666666666666665853e-01
5.666666666666667074e-02
1.766666666666666663e-01
2.333333333333333093e-01
2.433333333333333182e-01
8.766666666666665941e-01
1.700000000000000122e-01
1.133333333333333276e-01
2.033333333333333381e-01
1.466666666666666952e-01
1.100000000000000006e-01
2.099999999999999645e-01
8.666666666666666963e-02
6.333333333333333870e-02
0.000000000000000000e+00
1.000000000000000021e-02
3.333333333333333287e-02
2.666666666666666838e-02
4.866666666666666363e-01
6.099999999999999867e-01
3.466666666666666785e-01
1.476666666666666572e+00
3.500000000000000333e-01
9.366666666666666474e-01
3.799999999999999489e-01
3.333333333333333547e-03
1.333333333333333419e-02
6.666666666666667095e-03
0.000000000000000000e+00
1.333333333333333419e-02
1.233333333333333365e-01
6.000000000000000472e-02
1.666666666666666644e-02
0.000000000000000000e+00
5.999999999999999778e-02
1.000000000000000021e-02
9.666666666666667851e-02
1.000000000000000021e-02
3.966666666666666674e-01
3.366666666666666141e-01
1.733333333333333393e-01
1.333333333333333315e-01
1.500000000000000222e-01
5.666666666666667074e-02
1.400000000000000133e-01
3.233333333333333059e-01
0.000000000000000000e+00
7.033333333333332549e-01
9.833333333333333925e-01
3.233333333333333059e-01
0.000000000000000000e+00
4.433333333333333015e-01
9.933333333333332904e-01
6.666666666666667095e-03
2.433333333333333182e-01
9.266666666666667496e-01
1.166666666666666741e+00
3.233333333333333059e-01
1.199999999999999956e-01
1.400000000000000133e+00
