1.206666666666666776e+00
7.333333333333334758e-02
4.999999999999999584e-02
9.533333333333334769e-01
4.666666666666666879e-02
6.333333333333333870e-02
9.033333333333333215e-01
1.666666666666666574e-01
2.666666666666666838e-02
3.333333333333333547e-03
1.266666666666666774e-01
1.600000000000000033e-01
5.666666666666667074e-02
1.633333333333333304e-01
5.000000000000000971e-02
3.433333333333333237e-01
1.533333333333333215e-01
4.866666666666666363e-01
4.000000000000000083e-02
3.999999999999999667e-01
4.599999999999999645e-01
3.566666666666666319e-01
7.666666666666666075e-01
4.716666666666665897e+00
