6.099999999999999867e-01
1.623333333333333295e+00
3.666666666666666963e-01
1.300000000000000044e-01
1.666666666666666574e-01
4.500000000000000111e-01
8.666666666666666963e-02
4.299999999999999933e-01
8.866666666666667140e-01
5.333333333333333676e-02
0.000000000000000000e+00
3.066666666666666430e-01
1.100000000000000006e-01
7.333333333333333370e-02
2.466666666666666730e-01
1.866666666666666474e-01
1.073333333333333472e+00
1.100000000000000006e-01
1.433333333333333404e-01
3.899999999999999578e-01
1.266666666666666774e-01
3.066666666666666985e-01
9.666666666666667851e-02
3.866666666666667140e-01
1.053333333333333455e+00
4.699999999999999734e-01
0.000000000000000000e+00
2.299999999999999822e-01
9.633333333333333748e-01
4.333333333333333481e-02
3.000000000000000236e-02
1.233333333333333365e-01
3.066666666666666430e-01
2.000000000000000042e-02
8.333333333333332871e-02
9.333333333333333759e-02
1.133333333333333276e-01
1.613333333333333286e+00
1.466666666666666952e-01
9.333333333333333759e-02
2.566666666666666541e-01
7.433333333333332904e-01
1.833333333333333204e-01
1.856666666666666687e+00
1.096666666666666679e+00
5.333333333333333676e-02
1.133333333333333276e-01
8.333333333333332871e-02
1.000000000000000021e-02
0.000000000000000000e+00
8.000000000000000167e-02
0.000000000000000000e+00
0.000000000000000000e+00
6.666666666666666574e-02
4.666666666666666879e-02
5.333333333333333676e-02
4.999999999999999584e-02
7.033333333333332549e-01
2.566666666666666541e-01
9.666666666666667851e-02
3.333333333333333547e-03
9.899999999999998801e-01
1.633333333333333304e-01
4.299999999999999933e-01
5.600000000000000533e-01
3.066666666666666430e-01
9.100000000000000311e-01
2.633333333333333637e-01
6.533333333333333215e-01
7.233333333333332726e-01
1.400000000000000133e+00
1.776666666666666616e+00
0.000000000000000000e+00
3.666666666666665991e-02
3.200000000000000067e-01
0.000000000000000000e+00
0.000000000000000000e+00
0.000000000000000000e+00
7.333333333333334758e-02
6.666666666666667095e-03
2.833333333333333814e-01
1.466666666666666785e+00
1.133333333333333415e-01
1.566666666666666763e-01
8.000000000000000167e-02
4.099999999999999756e-01
6.099999999999999867e-01
3.333333333333333547e-03
7.233333333333332726e-01
1.203333333333333366e+00
6.900000000000000577e-01
6.666666666666667095e-03
1.766666666666666663e-01
7.000000000000000666e-02
5.999999999999999778e-02
7.966666666666667451e-01
1.833333333333333481e-01
3.333333333333333287e-02
6.900000000000000577e-01
5.999999999999999778e-02
3.866666666666667140e-01
6.000000000000000472e-02
1.033333333333333465e-01
1.800000000000000211e-01
2.700000000000000178e-01
4.666666666666666879e-02
5.000000000000000971e-02
7.500000000000000000e-01
3.333333333333333287e-02
1.666666666666666644e-02
1.000000000000000194e-01
8.333333333333332871e-02
4.333333333333333481e-02
2.333333333333333093e-01
1.066666666666666735e-01
6.666666666666666574e-02
1.266666666666666774e-01
2.999999999999999889e-02
0.000000000000000000e+00
6.666666666666666574e-02
0.000000000000000000e+00
1.000000000000000021e-02
1.600000000000000033e-01
4.366666666666667029e-01
2.800000000000000266e-01
1.933333333333333293e-01
1.063333333333333242e+00
6.766666666666667496e-01
5.333333333333333676e-02
1.223333333333333384e+00
0.000000000000000000e+00
1.199999999999999956e-01
0.000000000000000000e+00
0.000000000000000000e+00
0.000000000000000000e+00
2.999999999999999889e-02
1.366666666666666863e-01
0.000000000000000000e+00
9.999999999999999167e-02
2.000000000000000042e-02
6.766666666666667496e-01
3.633333333333333415e-01
1.100000000000000006e-01
1.100000000000000006e-01
1.366666666666666585e-01
1.113333333333333286e+00
1.533333333333333492e-01
9.999999999999999167e-02
6.466666666666666119e-01
7.033333333333332549e-01
1.266666666666666774e-01
2.633333333333333637e-01
1.453333333333333366e+00
1.000000000000000021e-02
0.000000000000000000e+00
4.033333333333333215e-01
2.333333333333333093e-01
2.333333333333333440e-02
1.100000000000000006e-01
1.666666666666666574e-01
5.333333333333333676e-02
4.333333333333333481e-02
1.800000000000000211e-01
1.766666666666666663e-01
4.733333333333333282e-01
9.999999999999999167e-02
1.863333333333333286e+00
1.493333333333333401e+00
0.000000000000000000e+00
3.666666666666666963e-01
1.236666666666666581e+00
2.500000000000000000e-01
6.666666666666667095e-03
1.310000000000000275e+00
2.933333333333332793e-01
7.000000000000000666e-02
1.156666666666666510e+00
2.233333333333333559e-01
1.366666666666666585e-01
1.800000000000000211e-01
1.073333333333333472e+00
1.063333333333333242e+00
3.066666666666666430e-01
5.766666666666666607e-01
1.266666666666666829e+00
1.610000000000000098e+00
