5.333333333333333259e-01
3.300000000000000155e-01
6.666666666666667095e-03
3.333333333333333547e-03
6.666666666666667095e-03
1.133333333333333276e-01
0.000000000000000000e+00
4.833333333333333370e-01
1.399999999999999856e-01
7.200000000000000844e-01
0.000000000000000000e+00
3.133333333333333526e-01
1.000000000000000021e-02
6.666666666666666574e-02
9.333333333333333759e-02
2.366666666666666641e-01
2.399999999999999911e-01
2.133333333333332915e-01
1.166666666666666824e-01
8.166666666666665408e-01
4.033333333333333215e-01
5.499999999999999334e-01
1.090000000000000080e+00
4.733333333333333282e-01
7.000000000000000666e-02
1.780000000000000027e+00
1.263333333333333419e+00
4.066666666666666763e-01
1.426666666666666750e+00
5.966666666666666785e-01
3.333333333333333287e-02
1.700000000000000122e-01
2.999999999999999889e-02
4.899999999999999911e-01
1.666666666666666644e-02
3.333333333333333547e-03
3.333333333333333287e-02
1.273333333333333206e+00
3.433333333333332682e-01
5.666666666666667074e-02
1.666666666666666644e-02
2.199999999999999734e-01
1.000000000000000021e-02
1.333333333333333419e-02
1.243333333333333401e+00
1.833333333333333481e-01
2.299999999999999822e-01
7.700000000000000178e-01
0.000000000000000000e+00
1.333333333333333315e-01
2.000000000000000042e-02
4.633333333333333748e-01
0.000000000000000000e+00
6.433333333333334236e-01
3.833333333333333037e-01
0.000000000000000000e+00
1.833333333333333481e-01
2.000000000000000042e-02
6.666666666666666574e-02
1.499999999999999944e-01
5.466666666666667451e-01
1.666666666666666644e-02
5.966666666666665675e-01
3.666666666666666685e-02
2.266666666666666552e-01
3.666666666666666685e-02
3.000000000000000444e-01
2.600000000000000089e-01
2.466666666666666730e-01
6.666666666666667095e-03
3.000000000000000444e-01
2.466666666666666730e-01
2.399999999999999911e-01
1.486666666666666581e+00
3.333333333333333547e-03
3.966666666666666674e-01
0.000000000000000000e+00
3.833333333333333037e-01
0.000000000000000000e+00
8.833333333333334147e-01
0.000000000000000000e+00
2.066666666666666652e-01
0.000000000000000000e+00
1.866666666666666752e-01
6.366666666666667140e-01
2.666666666666666838e-02
4.700000000000000289e-01
3.566666666666666874e-01
1.866666666666666474e-01
1.253333333333333188e+00
4.333333333333333481e-02
9.333333333333333759e-02
1.466666666666666674e-01
0.000000000000000000e+00
2.299999999999999822e-01
3.333333333333333547e-03
1.150000000000000133e+00
6.633333333333334414e-01
1.366666666666666585e-01
1.099999999999999867e+00
1.966666666666666563e-01
7.000000000000000666e-02
1.499999999999999944e-01
2.266666666666666552e-01
7.099999999999999645e-01
1.153333333333333321e+00
6.533333333333333215e-01
8.199999999999999512e-01
2.566666666666666541e-01
9.766666666666665719e-01
9.600000000000000755e-01
1.403333333333333321e+00
