1.796666666666666634e+00
1.366666666666666585e-01
3.333333333333333287e-02
8.666666666666666963e-02
1.433333333333333404e-01
1.000000000000000021e-02
3.333333333333333547e-03
3.333333333333333287e-02
7.000000000000000666e-01
7.666666666666667462e-02
1.733333333333333393e-01
1.346666666666666679e+00
1.849999999999999867e+00
8.333333333333332871e-02
6.666666666666666574e-02
1.766666666666666663e-01
1.300000000000000044e-01
5.999999999999999778e-02
5.333333333333333676e-02
8.000000000000000167e-02
7.366666666666666918e-01
9.666666666666666463e-02
1.666666666666666574e-01
1.123333333333333295e+00
3.353333333333333499e+00
1.399999999999999856e-01
1.166666666666666546e-01
3.099999999999999978e-01
1.133333333333333415e-01
1.333333333333333419e-02
5.999999999999999778e-02
6.666666666666667095e-03
7.366666666666666918e-01
2.333333333333333440e-02
6.999999999999999278e-02
1.440000000000000169e+00
2.416666666666666519e+00
1.966666666666666563e-01
5.333333333333333676e-02
2.933333333333333348e-01
8.666666666666666963e-02
2.000000000000000042e-02
2.333333333333333093e-02
1.000000000000000021e-02
4.866666666666666363e-01
1.433333333333333126e-01
1.766666666666666663e-01
2.536666666666666625e+00
