8.333333333333333703e-01
6.133333333333332860e-01
4.966666666666667562e-01
5.666666666666667074e-02
1.499999999999999944e-01
8.900000000000000133e-01
1.283333333333333437e+00
1.433333333333333404e-01
1.333333333333333419e-02
3.333333333333333287e-02
1.059999999999999831e+00
3.333333333333333547e-03
5.633333333333333526e-01
9.666666666666666741e-01
1.000000000000000021e-02
2.666666666666666838e-02
2.199999999999999734e-01
7.333333333333333370e-02
1.700000000000000122e-01
3.433333333333332682e-01
1.873333333333333739e+00
1.499999999999999944e-01
4.733333333333333282e-01
9.133333333333334414e-01
7.333333333333333370e-02
2.166666666666666741e-01
1.333333333333333419e-02
2.433333333333333737e-01
1.666666666666666574e-01
1.233333333333333393e+00
5.066666666666667096e-01
3.333333333333333547e-03
4.666666666666666879e-02
1.133333333333333415e-01
0.000000000000000000e+00
0.000000000000000000e+00
1.333333333333333315e-01
2.333333333333333093e-02
4.000000000000000083e-02
1.400000000000000133e-01
1.333333333333333419e-02
5.499999999999999334e-01
0.000000000000000000e+00
2.099999999999999922e-01
1.566666666666666652e+00
1.300000000000000044e-01
1.766666666666666663e-01
2.666666666666666838e-02
4.866666666666666363e-01
1.083333333333333259e+00
4.666666666666666879e-02
2.666666666666666838e-02
2.666666666666666630e-01
1.986666666666667025e+00
1.533333333333333215e-01
1.300000000000000044e-01
3.333333333333333148e-01
1.653333333333333321e+00
1.166666666666666546e-01
8.266666666666666607e-01
1.700000000000000122e-01
9.999999999999999167e-02
0.000000000000000000e+00
2.133333333333333470e-01
3.333333333333333547e-03
1.033333333333333326e-01
8.166666666666667629e-01
0.000000000000000000e+00
1.000000000000000021e-02
4.666666666666666186e-01
3.333333333333333547e-03
0.000000000000000000e+00
6.666666666666667095e-03
2.303333333333333233e+00
1.133333333333333276e-01
7.333333333333333370e-02
1.559999999999999831e+00
7.166666666666666741e-01
2.366666666666666641e-01
1.260000000000000009e+00
1.966666666666666563e-01
8.233333333333332504e-01
1.510000000000000009e+00
1.096666666666666679e+00
1.333333333333333419e-02
7.166666666666666741e-01
9.899999999999998801e-01
0.000000000000000000e+00
1.666666666666666644e-02
2.003333333333333410e+00
5.800000000000000711e-01
1.666666666666666644e-02
5.299999999999999156e-01
3.313333333333333020e+00
1.773333333333333428e+00
1.533333333333333492e-01
1.633333333333333304e-01
1.066666666666666735e-01
3.233333333333333059e-01
3.666666666666666685e-02
2.233333333333333004e-01
9.333333333333333759e-02
4.000000000000000083e-02
5.599999999999999423e-01
3.333333333333333547e-03
3.833333333333333037e-01
2.033333333333333381e-01
2.666666666666666838e-02
0.000000000000000000e+00
3.600000000000000422e-01
2.766666666666666718e-01
7.333333333333333370e-02
1.266666666666666774e-01
4.866666666666666363e-01
9.033333333333333215e-01
2.733333333333333726e-01
3.166666666666666519e-01
9.066666666666667318e-01
1.480000000000000204e+00
3.300000000000000155e-01
1.000000000000000021e-02
1.999999999999999833e-01
2.146666666666666501e+00
2.000000000000000042e-02
9.999999999999999167e-02
1.790000000000000036e+00
1.143333333333333313e+00
1.666666666666666644e-02
3.966666666666666674e-01
5.833333333333333703e-01
1.786666666666666847e+00
5.066666666666667096e-01
1.836666666666666670e+00
6.666666666666666574e-02
4.299999999999999933e-01
2.999999999999999889e-02
3.300000000000000155e-01
2.066666666666666929e-01
1.196666666666666545e+00
8.566666666666667984e-01
3.000000000000000236e-02
4.333333333333333481e-02
1.380000000000000115e+00
5.333333333333333676e-02
2.000000000000000042e-02
7.000000000000000666e-01
4.899999999999999911e-01
2.263333333333333197e+00
2.720000000000000195e+00
1.050000000000000044e+00
9.000000000000000222e-01
6.466666666666666119e-01
4.633333333333333748e-01
3.233333333333333059e-01
3.666666666666666963e-01
0.000000000000000000e+00
0.000000000000000000e+00
1.199999999999999956e-01
6.999999999999999278e-02
2.000000000000000042e-02
3.333333333333333547e-03
9.166666666666666297e-01
0.000000000000000000e+00
1.700000000000000122e-01
5.266666666666667274e-01
1.213333333333333153e+00
3.966666666666666674e-01
2.866666666666666807e-01
2.833333333333333259e-01
1.239999999999999991e+00
4.633333333333333748e-01
1.449999999999999956e+00
4.133333333333333304e-01
2.020000000000000018e+00
2.529999999999999805e+00
