4.933333333333333459e-01
5.333333333333333676e-02
4.133333333333333304e-01
8.666666666666666963e-02
2.966666666666666896e-01
1.973333333333333384e+00
8.666666666666666963e-02
7.133333333333333748e-01
1.000000000000000021e-02
2.166666666666666463e-01
1.066666666666666735e-01
1.399999999999999856e-01
1.033333333333333326e-01
4.666666666666666879e-02
1.000000000000000021e-02
1.000000000000000021e-02
6.533333333333333215e-01
1.499999999999999944e-01
7.333333333333333370e-02
1.033333333333333326e-01
7.000000000000000666e-02
1.000000000000000021e-02
2.399999999999999911e-01
9.999999999999999167e-02
6.999999999999999278e-02
7.666666666666667462e-02
4.533333333333333104e-01
1.766666666666666663e-01
3.600000000000000422e-01
5.666666666666667629e-01
