1.419999999999999929e+00
1.566666666666666485e-01
2.000000000000000042e-02
2.609999999999999876e+00
4.099999999999999756e-01
1.946666666666666545e+00
2.333333333333333093e-01
4.099999999999999756e-01
2.933333333333333348e-01
2.733333333333333726e-01
5.999999999999999778e-02
1.766666666666666663e-01
6.000000000000000472e-02
1.699999999999999956e+00
4.666666666666666879e-02
1.306666666666666643e+00
1.099999999999999867e+00
1.330000000000000071e+00
1.213333333333333375e+00
6.266666666666665941e-01
2.493333333333333623e+00
1.833333333333333259e+00
2.433333333333333182e-01
1.600000000000000033e-01
8.499999999999999778e-01
6.666666666666666574e-02
9.899999999999998801e-01
1.123333333333333295e+00
4.500000000000000111e-01
5.200000000000000178e-01
2.333333333333333093e-01
0.000000000000000000e+00
4.299999999999999933e-01
6.999999999999999278e-02
3.233333333333333615e-01
0.000000000000000000e+00
3.666666666666666685e-02
3.666666666666666685e-02
0.000000000000000000e+00
2.333333333333333440e-02
1.399999999999999856e-01
8.666666666666666963e-02
1.100000000000000006e-01
9.666666666666667851e-02
2.000000000000000042e-02
4.266666666666666941e-01
7.000000000000000666e-01
8.666666666666666963e-02
8.533333333333333881e-01
2.266666666666666552e-01
7.666666666666667462e-02
1.833333333333333481e-01
7.033333333333334769e-01
8.666666666666666963e-02
3.666666666666666685e-02
3.300000000000000155e-01
9.166666666666666297e-01
5.266666666666667274e-01
2.293333333333333446e+00
5.466666666666667451e-01
1.466666666666666397e-01
9.666666666666667851e-02
5.400000000000000355e-01
1.266666666666666774e-01
1.946666666666666545e+00
4.799999999999999822e-01
0.000000000000000000e+00
1.399999999999999856e-01
1.486666666666666581e+00
5.000000000000000971e-02
1.066666666666666735e-01
1.166666666666666546e-01
2.433333333333333182e-01
5.933333333333333792e-01
2.233333333333333559e-01
6.266666666666665941e-01
1.366666666666666585e-01
6.666666666666667095e-03
7.333333333333333370e-02
3.666666666666667379e-02
2.500000000000000000e-01
5.666666666666666380e-02
3.499999999999999223e-01
3.066666666666666985e-01
1.300000000000000044e-01
3.733333333333333504e-01
9.433333333333333570e-01
3.400000000000000244e-01
3.133333333333333526e-01
7.766666666666667274e-01
1.500000000000000222e-01
2.500000000000000000e-01
1.233333333333333365e-01
4.099999999999999756e-01
1.110000000000000098e+00
5.666666666666666519e-01
4.000000000000000083e-02
8.900000000000000133e-01
0.000000000000000000e+00
1.533333333333333215e-01
1.099999999999999867e-01
9.666666666666666463e-02
0.000000000000000000e+00
1.633333333333333304e-01
2.666666666666666838e-02
4.333333333333333481e-01
1.533333333333333492e-01
3.300000000000000155e-01
5.533333333333333437e-01
1.766666666666666663e-01
2.600000000000000089e-01
2.266666666666666552e-01
1.033333333333333326e-01
2.666666666666666838e-02
5.000000000000000971e-02
2.666666666666666838e-02
1.300000000000000044e-01
1.533333333333333492e-01
3.300000000000000155e-01
6.333333333333333870e-02
1.369999999999999885e+00
8.666666666666666963e-02
1.700000000000000122e-01
1.033333333333333437e+00
3.333333333333333287e-02
1.033333333333333326e-01
6.666666666666667095e-03
1.100000000000000006e-01
1.999999999999999833e-01
6.666666666666666574e-02
1.766666666666666663e-01
2.666666666666666838e-02
5.666666666666667074e-02
3.266666666666666607e-01
4.666666666666666879e-02
5.300000000000000266e-01
3.333333333333333547e-03
2.333333333333333440e-02
0.000000000000000000e+00
3.333333333333333287e-02
5.666666666666667074e-02
6.666666666666666574e-02
3.733333333333333504e-01
1.190000000000000169e+00
3.300000000000000155e-01
3.666666666666666685e-02
0.000000000000000000e+00
8.000000000000000167e-02
0.000000000000000000e+00
3.333333333333333287e-02
0.000000000000000000e+00
7.333333333333333370e-02
1.333333333333333419e-02
5.033333333333332993e-01
1.233333333333333365e-01
5.033333333333334103e-01
1.400000000000000133e+00
1.366666666666666863e-01
1.233333333333333365e-01
1.086666666666666670e+00
1.199999999999999956e-01
1.833333333333333204e-01
4.666666666666666879e-02
1.056666666666666643e+00
5.666666666666666380e-02
2.000000000000000042e-02
2.666666666666666838e-02
5.600000000000000533e-01
5.533333333333333437e-01
1.199999999999999956e-01
5.666666666666666380e-02
2.066666666666666929e-01
2.033333333333333381e-01
4.333333333333333481e-02
2.266666666666666552e-01
9.533333333333332549e-01
3.366666666666666696e-01
2.633333333333333637e-01
0.000000000000000000e+00
4.700000000000000289e-01
7.399999999999998801e-01
1.000000000000000021e-02
1.333333333333333419e-02
2.166666666666666463e-01
4.000000000000000083e-02
1.666666666666666644e-02
6.366666666666667140e-01
8.000000000000000167e-02
1.000000000000000021e-02
9.333333333333333759e-02
0.000000000000000000e+00
2.396666666666666945e+00
9.000000000000001055e-02
1.913333333333333108e+00
2.999999999999999889e-01
1.326666666666666661e+00
1.616666666666666474e+00
6.666666666666667095e-03
1.300000000000000044e-01
3.109999999999999876e+00
6.500000000000000222e-01
5.499999999999999334e-01
7.733333333333334281e-01
1.766666666666666663e-01
2.266666666666666552e-01
1.696666666666666545e+00
5.299999999999999156e-01
1.580000000000000071e+00
1.766666666666666663e-01
4.133333333333333304e-01
5.133333333333333082e-01
3.033333333333332882e-01
1.633333333333333304e-01
5.333333333333333259e-01
1.099999999999999867e-01
2.063333333333333464e+00
9.000000000000001055e-02
1.433333333333333570e+00
4.666666666666666186e-01
1.099999999999999867e+00
1.746666666666666812e+00
1.593333333333333490e+00
2.113333333333333286e+00
2.466666666666666785e+00
4.033333333333333215e-01
4.533333333333333659e-01
5.133333333333333082e-01
2.333333333333333440e-02
1.330000000000000071e+00
1.763333333333333419e+00
6.566666666666666208e-01
7.500000000000000000e-01
4.666666666666666186e-01
5.666666666666666380e-02
3.733333333333333504e-01
2.666666666666666838e-02
2.133333333333333470e-01
0.000000000000000000e+00
2.666666666666666838e-02
4.333333333333333481e-02
3.333333333333333547e-03
1.333333333333333419e-02
2.033333333333333381e-01
2.000000000000000042e-02
1.000000000000000021e-02
1.100000000000000006e-01
1.733333333333333393e-01
4.900000000000000466e-01
5.799999999999999600e-01
3.400000000000000244e-01
8.966666666666666119e-01
2.166666666666666741e-01
7.666666666666667462e-02
2.133333333333333470e-01
8.699999999999999956e-01
3.333333333333333287e-02
6.333333333333333870e-02
2.033333333333333381e-01
1.016666666666666829e+00
4.333333333333333481e-02
1.846666666666666901e+00
1.033333333333333465e-01
5.999999999999999778e-02
3.366666666666666696e-01
6.433333333333333126e-01
1.366666666666666863e-01
2.036666666666666625e+00
5.200000000000000178e-01
1.133333333333333276e-01
4.833333333333333370e-01
1.990000000000000213e+00
9.333333333333333759e-02
1.533333333333333215e-01
4.666666666666666879e-02
1.066666666666666735e-01
2.133333333333333470e-01
1.099999999999999867e-01
1.193333333333333357e+00
1.166666666666666546e-01
0.000000000000000000e+00
1.133333333333333276e-01
9.000000000000001055e-02
1.133333333333333415e-01
1.700000000000000122e-01
9.233333333333332282e-01
1.033333333333333326e-01
2.666666666666666838e-02
3.033333333333332882e-01
7.299999999999999822e-01
2.666666666666666838e-02
3.300000000000000155e-01
2.266666666666666552e-01
3.000000000000000444e-01
1.533333333333333215e-01
6.666666666666666574e-02
2.333333333333333093e-01
5.966666666666666785e-01
4.466666666666667118e-01
2.333333333333333440e-02
1.000000000000000000e+00
3.333333333333333547e-03
1.999999999999999833e-01
2.333333333333333440e-02
2.166666666666666741e-01
2.000000000000000042e-02
1.466666666666666674e-01
2.000000000000000042e-02
1.110000000000000098e+00
2.700000000000000178e-01
1.899999999999999745e-01
1.833333333333333481e-01
6.999999999999999278e-02
4.566666666666667207e-01
7.666666666666667462e-02
1.066666666666666735e-01
3.666666666666666685e-02
2.333333333333333440e-02
6.666666666666667095e-03
6.666666666666666574e-02
2.766666666666666718e-01
2.866666666666666252e-01
1.933333333333333293e-01
9.666666666666666741e-01
9.999999999999999167e-02
1.033333333333333326e-01
5.499999999999999334e-01
1.333333333333333315e-01
4.000000000000000083e-02
1.533333333333333215e-01
1.666666666666666644e-02
1.833333333333333481e-01
4.000000000000000083e-02
9.999999999999999167e-02
8.333333333333332871e-02
1.833333333333333481e-01
2.366666666666666641e-01
6.333333333333333870e-02
5.999999999999999778e-01
2.000000000000000042e-02
6.666666666666667095e-03
0.000000000000000000e+00
0.000000000000000000e+00
0.000000000000000000e+00
1.333333333333333419e-02
7.933333333333333348e-01
1.003333333333333188e+00
8.533333333333333881e-01
1.033333333333333326e-01
1.333333333333333419e-02
1.366666666666666863e-01
8.666666666666666963e-02
1.666666666666666644e-02
6.666666666666667095e-03
1.000000000000000021e-02
4.000000000000000083e-02
1.116666666666666918e+00
1.166666666666666546e-01
1.866666666666666752e-01
2.266666666666666829e-01
1.666666666666666574e-01
9.666666666666667851e-02
1.853333333333333499e+00
7.333333333333333370e-02
1.900000000000000300e-01
4.999999999999999584e-02
1.186666666666666758e+00
1.166666666666666546e-01
4.333333333333333481e-02
2.999999999999999889e-02
6.033333333333333881e-01
8.800000000000000044e-01
2.666666666666666838e-02
5.666666666666667074e-02
2.066666666666666652e-01
2.299999999999999822e-01
2.999999999999999889e-02
5.333333333333333676e-02
4.799999999999999822e-01
7.000000000000000666e-02
4.733333333333333282e-01
4.999999999999999584e-02
7.200000000000000844e-01
2.866666666666666252e-01
5.000000000000000971e-02
8.000000000000000167e-02
5.333333333333333676e-02
1.266666666666666774e-01
1.333333333333333419e-02
8.900000000000000133e-01
4.633333333333333193e-01
1.333333333333333315e-01
1.600000000000000033e-01
2.700000000000000178e-01
1.256666666666666599e+00
1.083333333333333259e+00
