1.126666666666666705e+00
1.766666666666666663e-01
1.766666666666666663e-01
2.800000000000000266e-01
9.999999999999999167e-02
5.000000000000000971e-02
6.666666666666667095e-03
2.333333333333333093e-01
6.666666666666667095e-03
9.400000000000000577e-01
3.300000000000000155e-01
4.266666666666666941e-01
9.599999999999999645e-01
1.800000000000000211e-01
1.330000000000000071e+00
2.166666666666666741e-01
3.366666666666666696e-01
2.766666666666666718e-01
2.286666666666666625e+00
7.333333333333333370e-02
1.533333333333333215e-01
6.466666666666666119e-01
3.666666666666667379e-02
6.400000000000000133e-01
1.000000000000000000e+00
9.999999999999999167e-02
7.833333333333332149e-01
6.833333333333332371e-01
9.100000000000001421e-01
8.000000000000000167e-02
9.033333333333333215e-01
6.666666666666666574e-02
2.033333333333333381e-01
1.333333333333333419e-02
1.133333333333333276e-01
1.026666666666666616e+00
1.066666666666666735e-01
1.466666666666666397e-01
1.033333333333333326e-01
1.809999999999999831e+00
7.333333333333333370e-02
1.410000000000000142e+00
5.133333333333333082e-01
1.966666666666666563e-01
2.500000000000000000e-01
1.050000000000000044e+00
1.356666666666666687e+00
2.066666666666666652e-01
2.233333333333333559e-01
2.039999999999999591e+00
4.433333333333333570e-01
5.999999999999999778e-02
7.666666666666666075e-02
0.000000000000000000e+00
1.566666666666666485e-01
1.000000000000000021e-02
9.400000000000000577e-01
7.966666666666665231e-01
3.600000000000000422e-01
8.100000000000000533e-01
4.000000000000000083e-02
5.400000000000000355e-01
9.933333333333332904e-01
1.000000000000000021e-02
8.566666666666667984e-01
2.933333333333333903e-01
2.333333333333333093e-02
1.333333333333333419e-02
7.033333333333332549e-01
9.599999999999999645e-01
5.333333333333333676e-02
1.480000000000000204e+00
1.040000000000000036e+00
1.876666666666666927e+00
2.500000000000000000e-01
1.650000000000000133e+00
9.400000000000000577e-01
8.900000000000000133e-01
1.096666666666666679e+00
4.666666666666666879e-02
9.066666666666667318e-01
3.533333333333333326e-01
1.366666666666666863e-01
6.266666666666665941e-01
2.666666666666666838e-02
1.566666666666666485e-01
5.833333333333333703e-01
