5.933333333333333792e-01
1.933333333333333293e-01
1.066666666666666735e-01
5.633333333333333526e-01
5.000000000000000971e-02
5.633333333333333526e-01
1.466666666666666674e-01
8.399999999999999689e-01
3.666666666666666685e-02
1.199999999999999956e-01
2.299999999999999822e-01
4.000000000000000083e-02
1.133333333333333415e-01
1.440000000000000169e+00
1.436666666666666758e+00
9.333333333333333759e-02
1.653333333333333321e+00
2.566666666666666541e-01
2.946666666666666767e+00
2.859999999999999876e+00
