1.086666666666666670e+00
4.633333333333333748e-01
2.200000000000000011e-01
8.900000000000000133e-01
2.866666666666666807e-01
2.166666666666666463e-01
3.666666666666666963e-01
1.223333333333333384e+00
3.766666666666666496e-01
1.136666666666666714e+00
3.066666666666666430e-01
1.233333333333333365e-01
2.533333333333333548e-01
1.096666666666666679e+00
3.766666666666666496e-01
9.000000000000001055e-02
9.333333333333333759e-02
9.000000000000000222e-01
3.266666666666666607e-01
5.233333333333333171e-01
2.666666666666666838e-02
1.000000000000000021e-02
2.566666666666666541e-01
2.000000000000000042e-02
2.000000000000000042e-02
1.229999999999999982e+00
2.766666666666666718e-01
4.000000000000000083e-02
8.666666666666666963e-02
4.799999999999999822e-01
1.499999999999999944e-01
1.533333333333333215e-01
6.966666666666667673e-01
3.166666666666666519e-01
7.866666666666667362e-01
2.833333333333333814e-01
5.999999999999999778e-01
9.366666666666666474e-01
1.533333333333333215e-01
6.999999999999999278e-02
9.933333333333332904e-01
9.233333333333333393e-01
1.499999999999999944e-01
6.333333333333333870e-02
4.666666666666666879e-02
1.433333333333333126e-01
1.300000000000000044e-01
1.000000000000000021e-02
8.666666666666666963e-02
1.370000000000000107e+00
1.333333333333333419e-02
3.333333333333333547e-03
1.233333333333333365e-01
1.333333333333333315e-01
3.233333333333333059e-01
4.833333333333333370e-01
1.033333333333333326e-01
4.166666666666666852e-01
1.133333333333333304e+00
1.053333333333333455e+00
1.166666666666666546e-01
2.433333333333333182e-01
2.600000000000000089e-01
6.666666666666667095e-03
8.333333333333332871e-02
1.999999999999999833e-01
5.466666666666667451e-01
2.000000000000000042e-02
6.000000000000000472e-02
5.999999999999999778e-02
6.666666666666667095e-03
5.666666666666667074e-02
2.133333333333332915e-01
6.700000000000000400e-01
1.633333333333333304e-01
3.000000000000000236e-02
1.339999999999999858e+00
2.199999999999999734e-01
3.333333333333333287e-02
2.600000000000000089e-01
3.166666666666666519e-01
1.013333333333333419e+00
9.199999999999999289e-01
4.700000000000000289e-01
5.833333333333333703e-01
1.766666666666666663e-01
4.599999999999999645e-01
9.066666666666667318e-01
8.333333333333333703e-01
5.066666666666667096e-01
2.133333333333333470e-01
8.666666666666666963e-02
1.133333333333333415e-01
3.233333333333333059e-01
5.333333333333333676e-02
5.999999999999999778e-02
8.000000000000000167e-02
2.999999999999999889e-01
7.333333333333334758e-02
1.066666666666666735e-01
8.066666666666666430e-01
1.666666666666666574e-01
1.400000000000000133e-01
1.853333333333333499e+00
1.899999999999999745e-01
2.033333333333333381e-01
7.566666666666667096e-01
1.966666666666666841e-01
1.876666666666666705e+00
5.233333333333333171e-01
1.143333333333333313e+00
7.466666666666667007e-01
2.733333333333333171e-01
2.333333333333333093e-01
1.576666666666666883e+00
1.433333333333333404e-01
1.809999999999999831e+00
1.666666666666666574e-01
2.333333333333333440e-02
1.483333333333333393e+00
2.666666666666666838e-02
2.233333333333333559e-01
0.000000000000000000e+00
2.833333333333332704e-01
5.999999999999999778e-02
8.166666666666667629e-01
1.959999999999999964e+00
7.666666666666666075e-01
1.946666666666666545e+00
6.433333333333334236e-01
8.966666666666665009e-01
1.266666666666666774e-01
1.333333333333333315e-01
2.999999999999999889e-02
3.333333333333333547e-03
4.033333333333333215e-01
2.099999999999999922e-01
0.000000000000000000e+00
0.000000000000000000e+00
3.333333333333333547e-03
1.666666666666666574e-01
2.133333333333333470e-01
4.333333333333333481e-02
2.633333333333333637e-01
1.213333333333333153e+00
4.666666666666666879e-02
0.000000000000000000e+00
4.333333333333333481e-02
1.300000000000000044e+00
1.013333333333333419e+00
3.666666666666666685e-02
1.226666666666666572e+00
0.000000000000000000e+00
3.600000000000000422e-01
2.666666666666666630e-01
1.146666666666666723e+00
2.966666666666666896e-01
0.000000000000000000e+00
1.233333333333333365e-01
6.666666666666667095e-03
0.000000000000000000e+00
1.266666666666666774e-01
9.000000000000001055e-02
0.000000000000000000e+00
7.533333333333332993e-01
1.266666666666666774e-01
5.666666666666666380e-02
1.453333333333333366e+00
3.266666666666667163e-01
1.766666666666666663e-01
2.299999999999999822e-01
1.666666666666666644e-02
0.000000000000000000e+00
3.233333333333333059e-01
4.599999999999999645e-01
1.100000000000000006e-01
1.566666666666666485e-01
0.000000000000000000e+00
5.499999999999999334e-01
3.266666666666666607e-01
2.999999999999999889e-01
8.333333333333332871e-02
2.666666666666666630e-01
6.666666666666667095e-03
1.700000000000000122e-01
0.000000000000000000e+00
4.000000000000000083e-02
3.566666666666666319e-01
2.640000000000000124e+00
8.800000000000000044e-01
2.433333333333333182e-01
6.866666666666666474e-01
1.949999999999999956e+00
3.533333333333333326e-01
1.716666666666666785e+00
2.099999999999999922e-01
3.333333333333333547e-03
1.276666666666666616e+00
0.000000000000000000e+00
8.333333333333332871e-02
1.333333333333333419e-02
1.226666666666666572e+00
1.800000000000000211e-01
5.233333333333333171e-01
1.566666666666666430e+00
1.063333333333333242e+00
2.183333333333333570e+00
6.833333333333332371e-01
1.156666666666666510e+00
1.433333333333333404e-01
1.066666666666666735e-01
3.333333333333333547e-03
2.000000000000000042e-02
2.466666666666666730e-01
2.200000000000000011e-01
0.000000000000000000e+00
4.666666666666666879e-02
0.000000000000000000e+00
4.899999999999999911e-01
1.800000000000000211e-01
0.000000000000000000e+00
4.000000000000000083e-02
4.733333333333333282e-01
4.333333333333333481e-02
1.000000000000000021e-02
4.000000000000000083e-02
7.066666666666666652e-01
1.093333333333333268e+00
1.266666666666666774e-01
8.166666666666667629e-01
2.200000000000000011e-01
3.600000000000000422e-01
2.666666666666666838e-02
9.799999999999999822e-01
5.099999999999998979e-01
5.999999999999999778e-02
6.666666666666666574e-02
1.666666666666666644e-02
3.666666666666666685e-02
7.333333333333334758e-02
1.033333333333333326e-01
5.333333333333334370e-02
1.050000000000000044e+00
2.500000000000000000e-01
0.000000000000000000e+00
1.583333333333333259e+00
5.999999999999999778e-02
4.700000000000000289e-01
2.033333333333333381e-01
1.333333333333333419e-02
0.000000000000000000e+00
9.333333333333333759e-02
3.099999999999999978e-01
2.500000000000000000e-01
1.666666666666666644e-02
0.000000000000000000e+00
1.366666666666666863e-01
6.833333333333332371e-01
2.600000000000000089e-01
9.000000000000001055e-02
3.666666666666666408e-01
0.000000000000000000e+00
3.733333333333332948e-01
8.000000000000000167e-02
1.999999999999999833e-01
4.666666666666666186e-01
2.069999999999999840e+00
