1.580000000000000071e+00
1.073333333333333250e+00
5.333333333333333676e-02
7.799999999999999156e-01
1.756666666666666599e+00
5.133333333333333082e-01
1.600000000000000033e-01
4.833333333333333925e-01
5.100000000000000089e-01
3.666666666666666963e-01
1.033333333333333326e-01
1.199999999999999956e-01
3.266666666666666607e-01
2.666666666666666838e-02
1.933333333333333570e-01
1.666666666666666574e-01
8.666666666666666963e-02
6.666666666666666574e-02
5.666666666666667074e-02
5.033333333333332993e-01
2.766666666666666718e-01
6.666666666666666574e-02
1.333333333333333419e-02
1.666666666666666644e-02
2.033333333333333381e-01
1.533333333333333215e-01
1.666666666666666574e-01
8.666666666666666963e-02
2.099999999999999922e-01
6.466666666666666119e-01
1.776666666666666616e+00
