1.156666666666666510e+00
4.266666666666665830e-01
4.266666666666666941e-01
3.966666666666666674e-01
3.400000000000000244e-01
8.666666666666666963e-02
3.200000000000000067e-01
3.486666666666666803e+00
1.113333333333333286e+00
1.339999999999999858e+00
1.366666666666666474e+00
3.366666666666666696e-01
4.133333333333333304e-01
1.530000000000000027e+00
2.300000000000000100e-01
4.366666666666667029e-01
6.966666666666666563e-01
3.133333333333332971e-01
7.266666666666665719e-01
4.133333333333333304e-01
2.399999999999999911e-01
1.139999999999999902e+00
7.400000000000001021e-01
2.666666666666666630e-01
1.766666666666666663e-01
2.866666666666666807e-01
1.600000000000000033e-01
2.299999999999999822e-01
6.666666666666666574e-02
1.633333333333333304e-01
2.099999999999999645e-01
3.233333333333333059e-01
2.766666666666666718e-01
7.333333333333333370e-02
3.966666666666666674e-01
8.900000000000000133e-01
4.899999999999999911e-01
1.166666666666666546e-01
5.166666666666667185e-01
2.999999999999999889e-01
3.333333333333333287e-02
8.666666666666666963e-02
1.333333333333333315e-01
0.000000000000000000e+00
4.000000000000000083e-02
5.999999999999999778e-02
1.133333333333333276e-01
1.366666666666666863e-01
1.566666666666666763e-01
2.766666666666666718e-01
5.499999999999999334e-01
4.633333333333333748e-01
2.533333333333333548e-01
2.833333333333333259e-01
9.000000000000001055e-02
7.333333333333333925e-01
1.066666666666666652e+00
8.333333333333332871e-02
1.300000000000000044e-01
3.666666666666666963e-01
1.166666666666666546e-01
1.033333333333333326e-01
3.333333333333333287e-02
1.169999999999999929e+00
9.000000000000001055e-02
1.026666666666666616e+00
9.999999999999999167e-02
1.433333333333333404e-01
2.466666666666666730e-01
2.199999999999999734e-01
1.933333333333333293e-01
2.300000000000000100e-01
9.666666666666667851e-02
2.200000000000000011e-01
1.666666666666666574e-01
9.333333333333333759e-02
1.999999999999999833e-01
1.066666666666666735e-01
1.966666666666666563e-01
1.056666666666666643e+00
8.333333333333332871e-02
2.700000000000000178e-01
0.000000000000000000e+00
1.000000000000000194e-01
3.333333333333333287e-02
6.600000000000000311e-01
1.400000000000000133e-01
1.433333333333333404e-01
3.433333333333333237e-01
9.999999999999999167e-02
4.333333333333332926e-01
1.333333333333333315e-01
1.666666666666666574e-01
1.233333333333333393e+00
1.866666666666666752e-01
6.666666666666667095e-03
1.866666666666666752e-01
1.300000000000000044e-01
2.000000000000000042e-02
1.366666666666666863e-01
7.133333333333332638e-01
1.399999999999999856e-01
5.066666666666667096e-01
3.033333333333332882e-01
1.933333333333333293e-01
2.333333333333333093e-01
1.556666666666666643e+00
1.303333333333333455e+00
1.003333333333333410e+00
1.766666666666666663e-01
1.766666666666666663e-01
1.233333333333333365e-01
4.333333333333333481e-01
1.416666666666666741e+00
7.333333333333334758e-02
1.233333333333333365e-01
3.466666666666666785e-01
2.600000000000000089e-01
2.133333333333332915e-01
2.373333333333333073e+00
1.126666666666666705e+00
6.333333333333333037e-01
