1.260000000000000009e+00
3.899999999999999578e-01
2.966666666666666341e-01
2.333333333333333093e-01
2.766666666666666718e-01
4.500000000000000111e-01
1.666666666666666644e-02
5.666666666666667074e-02
1.100000000000000006e-01
5.099999999999998979e-01
3.333333333333333287e-02
6.666666666666666574e-02
0.000000000000000000e+00
1.533333333333333215e-01
9.333333333333333759e-02
0.000000000000000000e+00
1.200000000000000094e-01
1.933333333333333293e-01
6.733333333333333393e-01
4.000000000000000083e-02
1.000000000000000021e-02
1.099999999999999867e-01
0.000000000000000000e+00
3.666666666666667379e-02
2.666666666666666630e-01
1.333333333333333419e-02
5.600000000000000533e-01
5.000000000000000971e-02
2.999999999999999889e-02
2.366666666666666641e-01
1.666666666666666644e-02
1.166666666666666546e-01
2.000000000000000042e-02
1.300000000000000044e-01
1.533333333333333492e-01
7.333333333333333370e-02
3.899999999999999578e-01
6.666666666666666574e-02
2.733333333333333726e-01
2.066666666666666652e-01
4.000000000000000083e-02
3.899999999999999578e-01
2.099999999999999922e-01
8.599999999999999867e-01
5.333333333333333676e-02
5.666666666666667074e-02
5.666666666666666380e-02
6.333333333333333870e-02
5.999999999999999778e-02
9.666666666666666463e-02
1.033333333333333326e-01
6.333333333333333870e-02
5.566666666666666430e-01
2.299999999999999822e-01
4.000000000000000083e-02
1.166666666666666546e-01
2.500000000000000000e-01
0.000000000000000000e+00
8.333333333333332871e-02
2.166666666666666741e-01
0.000000000000000000e+00
2.533333333333333548e-01
0.000000000000000000e+00
0.000000000000000000e+00
5.333333333333333676e-02
1.133333333333333276e-01
0.000000000000000000e+00
0.000000000000000000e+00
1.333333333333333315e-01
1.466666666666666952e-01
2.333333333333333440e-02
0.000000000000000000e+00
2.566666666666666541e-01
5.233333333333333171e-01
3.866666666666667140e-01
9.000000000000001055e-02
7.399999999999998801e-01
1.199999999999999956e-01
1.333333333333333419e-02
1.033333333333333326e-01
0.000000000000000000e+00
2.333333333333333440e-02
0.000000000000000000e+00
8.666666666666666963e-02
1.566666666666666763e-01
2.999999999999999889e-02
5.200000000000000178e-01
2.000000000000000042e-02
1.700000000000000122e-01
0.000000000000000000e+00
4.000000000000000083e-02
1.866666666666666752e-01
0.000000000000000000e+00
3.333333333333333287e-02
1.000000000000000021e-02
2.800000000000000266e-01
8.699999999999999956e-01
9.000000000000001055e-02
1.003333333333333188e+00
8.666666666666666963e-02
8.000000000000000167e-02
1.300000000000000044e-01
4.666666666666666879e-02
6.666666666666667095e-03
0.000000000000000000e+00
3.333333333333333547e-03
2.433333333333333182e-01
0.000000000000000000e+00
7.000000000000000666e-02
9.933333333333332904e-01
1.900000000000000300e-01
2.333333333333333440e-02
1.333333333333333419e-02
3.499999999999999223e-01
2.133333333333333470e-01
2.333333333333333440e-02
0.000000000000000000e+00
3.400000000000000244e-01
3.333333333333333287e-02
3.333333333333333547e-03
1.499999999999999944e-01
6.666666666666667095e-03
1.199999999999999956e-01
1.800000000000000211e-01
2.166666666666666741e-01
8.333333333333332871e-02
2.600000000000000089e-01
1.600000000000000033e-01
3.033333333333333437e-01
2.300000000000000100e-01
1.300000000000000044e-01
1.566666666666666485e-01
0.000000000000000000e+00
6.066666666666665764e-01
2.500000000000000000e-01
1.666666666666666644e-02
0.000000000000000000e+00
9.666666666666667851e-02
1.266666666666666774e-01
5.666666666666666380e-02
1.033333333333333326e-01
7.000000000000000666e-02
5.433333333333333348e-01
4.999999999999999584e-02
6.333333333333333870e-02
1.466666666666666952e-01
8.666666666666666963e-02
4.999999999999999584e-02
1.000000000000000021e-02
7.666666666666667462e-02
0.000000000000000000e+00
2.000000000000000042e-02
2.733333333333333726e-01
2.199999999999999734e-01
1.000000000000000021e-02
6.666666666666666574e-02
2.199999999999999734e-01
3.899999999999999578e-01
5.666666666666667074e-02
3.333333333333333287e-02
2.333333333333333093e-01
1.000000000000000021e-02
2.000000000000000042e-02
9.333333333333332371e-01
3.400000000000000244e-01
3.366666666666666696e-01
2.266666666666666829e-01
2.333333333333333440e-02
2.000000000000000042e-02
1.666666666666666644e-02
0.000000000000000000e+00
0.000000000000000000e+00
0.000000000000000000e+00
0.000000000000000000e+00
9.666666666666667851e-02
2.833333333333333814e-01
3.466666666666666785e-01
8.333333333333332871e-02
3.833333333333333037e-01
3.099999999999999978e-01
0.000000000000000000e+00
1.733333333333333393e-01
8.000000000000000167e-02
0.000000000000000000e+00
1.666666666666666644e-02
4.000000000000000083e-02
6.666666666666667095e-03
3.066666666666666430e-01
2.666666666666666630e-01
2.333333333333333440e-02
9.666666666666667851e-02
8.000000000000000167e-02
3.333333333333333547e-03
0.000000000000000000e+00
0.000000000000000000e+00
0.000000000000000000e+00
3.000000000000000236e-02
2.833333333333333814e-01
2.299999999999999822e-01
4.566666666666667207e-01
1.000000000000000021e-02
0.000000000000000000e+00
1.233333333333333365e-01
1.333333333333333419e-02
8.000000000000000167e-02
1.066666666666666735e-01
9.666666666666667851e-02
1.133333333333333276e-01
2.666666666666666838e-02
2.466666666666666730e-01
2.066666666666666652e-01
2.399999999999999911e-01
0.000000000000000000e+00
0.000000000000000000e+00
6.666666666666667095e-03
7.000000000000000666e-02
0.000000000000000000e+00
0.000000000000000000e+00
4.000000000000000083e-02
4.333333333333333481e-02
1.666666666666666644e-02
1.166666666666666824e-01
0.000000000000000000e+00
2.900000000000000355e-01
1.666666666666666644e-02
0.000000000000000000e+00
5.333333333333333676e-02
3.666666666666667379e-02
1.100000000000000006e-01
9.999999999999999167e-02
5.699999999999999512e-01
1.833333333333333481e-01
1.866666666666666752e-01
1.800000000000000211e-01
1.999999999999999833e-01
2.233333333333333004e-01
4.999999999999999584e-02
1.900000000000000300e-01
1.000000000000000194e-01
6.666666666666667095e-03
4.799999999999999822e-01
2.433333333333333182e-01
1.700000000000000122e-01
3.099999999999999978e-01
8.933333333333332016e-01
3.666666666666666408e-01
2.666666666666666630e-01
3.300000000000000155e-01
1.433333333333333404e-01
1.633333333333333304e-01
2.533333333333333548e-01
1.666666666666666574e-01
9.000000000000001055e-02
2.166666666666666463e-01
9.333333333333333759e-02
3.666666666666666685e-02
2.366666666666666918e-01
1.333333333333333419e-02
3.033333333333333437e-01
8.333333333333332871e-02
1.666666666666666644e-02
3.433333333333333237e-01
4.899999999999999911e-01
1.499999999999999944e-01
3.033333333333333992e-01
3.333333333333333287e-02
2.466666666666666730e-01
8.000000000000000167e-02
2.213333333333333375e+00
