2.116666666666666696e+00
9.566666666666666652e-01
1.660000000000000142e+00
2.999999999999999889e-01
1.366666666666666585e-01
1.533333333333333215e-01
4.133333333333333304e-01
1.000000000000000021e-02
1.466666666666666397e-01
2.266666666666666552e-01
1.410000000000000142e+00
4.666666666666666879e-02
1.333333333333333419e-02
1.653333333333333321e+00
3.333333333333333287e-02
2.000000000000000042e-02
1.833333333333333481e-01
2.700000000000000178e-01
1.499999999999999944e-01
2.566666666666666541e-01
6.833333333333332371e-01
4.000000000000000083e-02
3.333333333333333547e-03
9.333333333333333759e-02
1.626666666666666927e+00
1.200000000000000094e-01
2.666666666666666838e-02
1.366666666666666863e-01
8.533333333333333881e-01
1.900000000000000300e-01
0.000000000000000000e+00
1.800000000000000211e-01
3.966666666666666674e-01
2.233333333333333004e-01
1.199999999999999956e-01
3.200000000000000067e-01
1.233333333333333393e+00
8.133333333333333526e-01
2.000000000000000042e-02
1.433333333333333404e-01
1.066666666666666735e-01
1.999999999999999833e-01
2.800000000000000266e-01
4.333333333333333481e-02
8.800000000000000044e-01
0.000000000000000000e+00
6.866666666666666474e-01
3.466666666666666785e-01
1.800000000000000211e-01
5.433333333333333348e-01
5.999999999999999778e-02
6.199999999999999956e-01
4.400000000000000022e-01
2.266666666666666552e-01
1.499999999999999944e-01
1.566666666666666485e-01
1.666666666666666574e-01
6.333333333333333870e-02
0.000000000000000000e+00
2.600000000000000089e-01
1.933333333333333293e-01
0.000000000000000000e+00
4.333333333333333481e-01
1.320000000000000062e+00
1.499999999999999944e-01
6.666666666666667095e-03
1.133333333333333276e-01
4.766666666666666274e-01
9.933333333333332904e-01
2.333333333333333440e-02
2.600000000000000089e-01
4.566666666666667207e-01
1.750000000000000000e+00
1.800000000000000211e-01
6.666666666666666574e-02
9.233333333333333393e-01
6.666666666666666574e-02
1.933333333333333293e-01
7.766666666666667274e-01
3.333333333333333287e-02
5.999999999999999778e-01
5.333333333333333676e-02
2.333333333333333440e-02
5.666666666666666380e-02
4.000000000000000083e-02
1.033333333333333326e-01
2.333333333333333440e-02
4.599999999999999645e-01
9.666666666666667851e-02
1.566666666666666485e-01
5.333333333333333676e-02
2.666666666666666630e-01
6.666666666666667095e-03
1.633333333333333304e-01
6.999999999999999278e-02
2.266666666666666552e-01
2.800000000000000266e-01
1.070000000000000062e+00
5.933333333333333792e-01
3.966666666666666674e-01
9.433333333333333570e-01
8.333333333333332871e-02
3.400000000000000244e-01
8.666666666666666963e-02
5.966666666666666785e-01
1.666666666666666644e-02
7.333333333333331983e-02
0.000000000000000000e+00
2.533333333333333548e-01
0.000000000000000000e+00
1.333333333333333419e-02
0.000000000000000000e+00
2.433333333333333182e-01
1.300000000000000044e-01
5.599999999999999423e-01
6.666666666666667095e-03
2.999999999999999889e-02
2.266666666666666552e-01
7.000000000000000666e-02
5.999999999999999778e-02
3.333333333333333287e-02
9.333333333333333759e-02
1.399999999999999856e-01
1.610000000000000098e+00
6.333333333333333870e-02
6.700000000000000400e-01
6.666666666666667095e-03
1.600000000000000033e-01
2.999999999999999889e-02
1.983333333333333393e+00
2.099999999999999922e-01
9.233333333333333393e-01
1.333333333333333419e-02
8.566666666666667984e-01
1.526666666666666616e+00
0.000000000000000000e+00
0.000000000000000000e+00
0.000000000000000000e+00
5.999999999999999778e-02
0.000000000000000000e+00
1.666666666666666644e-02
1.333333333333333419e-02
8.000000000000000167e-02
3.066666666666666985e-01
0.000000000000000000e+00
9.666666666666667851e-02
3.766666666666666496e-01
1.059999999999999831e+00
5.666666666666667074e-02
1.900000000000000300e-01
5.599999999999999423e-01
2.633333333333333637e-01
2.666666666666666838e-02
1.300000000000000044e-01
1.166666666666666546e-01
1.039999999999999813e+00
3.000000000000000236e-02
0.000000000000000000e+00
9.333333333333333759e-02
1.123333333333333295e+00
3.333333333333333148e-01
3.866666666666666585e-01
5.466666666666666341e-01
1.446666666666666545e+00
4.000000000000000083e-02
7.799999999999999156e-01
9.000000000000000222e-01
6.899999999999999467e-01
1.499999999999999944e-01
3.100000000000000533e-01
8.333333333333332871e-02
1.966666666666666841e-01
1.433333333333333404e-01
4.666666666666666879e-02
2.599999999999999534e-01
3.333333333333333547e-03
1.333333333333333419e-02
0.000000000000000000e+00
3.333333333333333547e-03
0.000000000000000000e+00
5.200000000000000178e-01
7.133333333333333748e-01
6.933333333333333570e-01
1.796666666666666634e+00
