9.333333333333332371e-01
3.533333333333333326e-01
6.333333333333333870e-02
8.466666666666666785e-01
1.193333333333333357e+00
3.333333333333333287e-02
6.333333333333333870e-02
0.000000000000000000e+00
0.000000000000000000e+00
6.666666666666667095e-03
2.333333333333333440e-02
9.999999999999999167e-02
2.333333333333333093e-01
1.566666666666666485e-01
1.033333333333333326e-01
3.433333333333333237e-01
3.933333333333333681e-01
1.343333333333333490e+00
7.066666666666666652e-01
0.000000000000000000e+00
5.333333333333333259e-01
1.193333333333333357e+00
1.166666666666666546e-01
0.000000000000000000e+00
2.600000000000000089e-01
1.933333333333333293e-01
8.333333333333332871e-02
1.666666666666666644e-02
1.553333333333333455e+00
9.999999999999999167e-02
1.496666666666666812e+00
2.566666666666666541e-01
8.000000000000000167e-02
3.666666666666666963e-01
7.333333333333334758e-02
4.000000000000000083e-02
7.000000000000000666e-02
2.500000000000000000e-01
1.833333333333333481e-01
9.666666666666667851e-02
1.033333333333333326e-01
3.066666666666666985e-01
1.966666666666666841e-01
7.666666666666667462e-02
5.133333333333333082e-01
4.333333333333333481e-02
7.000000000000000666e-02
0.000000000000000000e+00
2.033333333333333381e-01
2.333333333333333440e-02
5.566666666666666430e-01
1.666666666666666574e-01
4.833333333333333370e-01
4.033333333333333215e-01
5.600000000000000533e-01
1.866666666666666752e-01
6.333333333333333870e-02
8.000000000000000167e-02
7.200000000000000844e-01
9.333333333333333759e-02
0.000000000000000000e+00
8.666666666666666963e-02
1.333333333333333419e-02
2.999999999999999889e-02
0.000000000000000000e+00
3.266666666666666607e-01
2.399999999999999911e-01
2.633333333333333637e-01
3.000000000000000444e-01
2.233333333333333004e-01
1.266666666666666774e-01
1.610000000000000098e+00
1.200000000000000178e+00
9.966666666666667007e-01
7.333333333333333370e-02
1.533333333333333215e-01
4.000000000000000083e-02
1.666666666666666574e-01
9.000000000000000222e-01
9.333333333333333759e-02
1.296666666666666856e+00
