1.270000000000000018e+00
3.099999999999999978e-01
1.800000000000000211e-01
8.733333333333331838e-01
1.366666666666666863e-01
7.666666666666667462e-02
3.333333333333333547e-03
0.000000000000000000e+00
1.333333333333333419e-02
1.666666666666666644e-02
0.000000000000000000e+00
6.666666666666667095e-03
1.333333333333333419e-02
2.999999999999999889e-02
6.333333333333333870e-02
1.533333333333333492e-01
2.833333333333333259e-01
6.666666666666667095e-03
6.666666666666667095e-03
6.733333333333333393e-01
0.000000000000000000e+00
0.000000000000000000e+00
2.999999999999999889e-02
4.666666666666666879e-02
1.266666666666666774e-01
1.666666666666666644e-02
1.499999999999999944e-01
3.666666666666666685e-02
2.166666666666666463e-01
1.866666666666666752e-01
6.666666666666667095e-03
2.333333333333333440e-02
1.133333333333333276e-01
1.766666666666666663e-01
1.566666666666666485e-01
2.866666666666666807e-01
1.133333333333333415e-01
5.333333333333333676e-02
2.633333333333333637e-01
3.666666666666667379e-02
0.000000000000000000e+00
1.066666666666666735e-01
1.733333333333333393e-01
1.666666666666666644e-02
0.000000000000000000e+00
1.433333333333333404e-01
2.000000000000000042e-02
0.000000000000000000e+00
1.733333333333333393e-01
1.600000000000000033e-01
2.666666666666666838e-02
0.000000000000000000e+00
5.733333333333333615e-01
6.666666666666667095e-03
4.333333333333333481e-02
4.333333333333333481e-02
9.000000000000001055e-02
2.633333333333333637e-01
1.166666666666666546e-01
1.000000000000000021e-02
2.666666666666666838e-02
1.066666666666666735e-01
1.333333333333333419e-02
0.000000000000000000e+00
2.733333333333333726e-01
3.333333333333333287e-02
1.066666666666666735e-01
0.000000000000000000e+00
6.666666666666666574e-02
1.063333333333333242e+00
1.566666666666666763e-01
2.000000000000000042e-02
2.666666666666666838e-02
1.333333333333333419e-02
3.333333333333333287e-02
3.333333333333333287e-02
1.666666666666666644e-02
2.000000000000000042e-02
2.000000000000000042e-02
1.000000000000000021e-02
1.000000000000000021e-02
2.000000000000000042e-02
5.666666666666666380e-02
1.233333333333333365e-01
3.333333333333333287e-02
3.333333333333333287e-02
1.333333333333333315e-01
2.299999999999999822e-01
1.000000000000000194e-01
1.100000000000000006e-01
2.999999999999999889e-01
2.900000000000000355e-01
5.000000000000000971e-02
1.333333333333333419e-02
4.000000000000000083e-02
5.333333333333333676e-02
2.999999999999999889e-02
0.000000000000000000e+00
1.000000000000000021e-02
6.666666666666666574e-02
0.000000000000000000e+00
3.333333333333333547e-03
5.333333333333333676e-02
5.999999999999999778e-02
0.000000000000000000e+00
7.333333333333333370e-02
2.666666666666666838e-02
1.833333333333333481e-01
1.000000000000000021e-02
3.333333333333333547e-03
0.000000000000000000e+00
3.233333333333333615e-01
3.333333333333333547e-03
2.633333333333333637e-01
6.666666666666667095e-03
6.666666666666667095e-03
1.899999999999999745e-01
3.233333333333333059e-01
1.733333333333333393e-01
2.713333333333332931e+00
7.033333333333332549e-01
7.700000000000000178e-01
2.000000000000000000e+00
1.366666666666666863e-01
1.333333333333333419e-02
6.066666666666666874e-01
4.666666666666666879e-02
0.000000000000000000e+00
0.000000000000000000e+00
9.666666666666666463e-02
0.000000000000000000e+00
1.999999999999999833e-01
6.666666666666667095e-03
1.000000000000000021e-02
5.466666666666667451e-01
7.333333333333334758e-02
1.000000000000000021e-02
0.000000000000000000e+00
1.433333333333333404e-01
6.666666666666667095e-03
1.000000000000000021e-02
0.000000000000000000e+00
4.666666666666666879e-02
0.000000000000000000e+00
3.666666666666667379e-02
1.333333333333333315e-01
1.433333333333333404e-01
6.333333333333333870e-02
4.333333333333333481e-02
1.633333333333333304e-01
1.766666666666666607e+00
9.666666666666667851e-02
5.166666666666666075e-01
1.066666666666666735e-01
2.600000000000000089e-01
1.246666666666666590e+00
1.766666666666666663e-01
8.333333333333332871e-02
2.266666666666666552e-01
4.333333333333333481e-02
3.333333333333333287e-02
4.333333333333333481e-02
2.666666666666666838e-02
2.666666666666666838e-02
2.666666666666666838e-02
1.000000000000000021e-02
2.000000000000000042e-02
0.000000000000000000e+00
6.333333333333333870e-02
1.333333333333333419e-02
0.000000000000000000e+00
1.733333333333333393e-01
4.899999999999999911e-01
1.066666666666666735e-01
1.100000000000000006e-01
7.099999999999999645e-01
7.366666666666666918e-01
1.923333333333333117e+00
4.333333333333333481e-01
3.233333333333333059e-01
6.499999999999999112e-01
1.130000000000000115e+00
5.533333333333333437e-01
5.066666666666667096e-01
1.483333333333333393e+00
4.399999999999999467e-01
2.399999999999999911e-01
1.500000000000000000e+00
8.000000000000000167e-02
4.666666666666666879e-02
2.333333333333333440e-02
1.243333333333333401e+00
4.500000000000000111e-01
1.533333333333333492e-01
4.333333333333333481e-02
4.333333333333332926e-01
4.366666666666667029e-01
1.899999999999999745e-01
2.383333333333333304e+00
1.263333333333333419e+00
8.233333333333332504e-01
9.799999999999999822e-01
1.366666666666666863e-01
1.666666666666666644e-02
1.566666666666666485e-01
1.600000000000000033e-01
0.000000000000000000e+00
6.666666666666667095e-03
1.199999999999999956e-01
0.000000000000000000e+00
6.666666666666667095e-03
4.000000000000000083e-02
0.000000000000000000e+00
0.000000000000000000e+00
1.333333333333333419e-02
1.666666666666666644e-02
0.000000000000000000e+00
6.666666666666667095e-03
2.999999999999999889e-01
2.000000000000000042e-02
7.333333333333333370e-02
3.000000000000000236e-02
5.333333333333333676e-02
1.666666666666666644e-02
9.333333333333333759e-02
0.000000000000000000e+00
1.366666666666666863e-01
1.330000000000000071e+00
5.333333333333333676e-02
2.433333333333333182e-01
5.000000000000000000e-01
2.433333333333333182e-01
1.499999999999999944e-01
4.366666666666667029e-01
4.066666666666666763e-01
9.500000000000000666e-01
1.300000000000000044e-01
4.000000000000000083e-02
2.000000000000000042e-02
1.000000000000000021e-02
3.666666666666666685e-02
0.000000000000000000e+00
1.666666666666666644e-02
1.000000000000000021e-02
0.000000000000000000e+00
1.000000000000000021e-02
0.000000000000000000e+00
0.000000000000000000e+00
0.000000000000000000e+00
2.000000000000000042e-02
0.000000000000000000e+00
0.000000000000000000e+00
3.333333333333333287e-02
1.033333333333333326e-01
1.000000000000000021e-02
6.666666666666667095e-03
1.566666666666666652e+00
1.300000000000000044e-01
6.666666666666667095e-03
7.833333333333332149e-01
5.533333333333332327e-01
7.366666666666666918e-01
1.333333333333333315e-01
1.276666666666666616e+00
5.466666666666666341e-01
8.166666666666667629e-01
2.333333333333333093e-02
3.066666666666666430e-01
9.666666666666666463e-02
1.666666666666666574e-01
0.000000000000000000e+00
1.333333333333333419e-02
1.500000000000000222e-01
6.666666666666667095e-03
0.000000000000000000e+00
3.666666666666667379e-02
2.066666666666666652e-01
0.000000000000000000e+00
0.000000000000000000e+00
2.333333333333333440e-02
4.666666666666666879e-02
0.000000000000000000e+00
1.766666666666666663e-01
1.233333333333333365e-01
5.333333333333333676e-02
2.600000000000000089e-01
1.333333333333333315e-01
1.866666666666666752e-01
1.800000000000000211e-01
2.333333333333333440e-02
3.666666666666667379e-02
2.333333333333333093e-02
0.000000000000000000e+00
1.000000000000000021e-02
7.000000000000000666e-02
1.666666666666666644e-02
0.000000000000000000e+00
0.000000000000000000e+00
3.666666666666667379e-02
0.000000000000000000e+00
1.333333333333333419e-02
0.000000000000000000e+00
2.999999999999999889e-02
0.000000000000000000e+00
5.666666666666667074e-02
0.000000000000000000e+00
0.000000000000000000e+00
3.333333333333333547e-03
8.000000000000000167e-02
0.000000000000000000e+00
0.000000000000000000e+00
6.333333333333333870e-02
1.333333333333333419e-02
2.999999999999999889e-02
0.000000000000000000e+00
1.000000000000000021e-02
9.333333333333333759e-02
1.099999999999999867e+00
2.966666666666666896e-01
1.300000000000000044e-01
1.566666666666666652e+00
3.366666666666666141e-01
1.809999999999999831e+00
4.033333333333333215e-01
1.033333333333333326e-01
9.333333333333333759e-02
1.500000000000000222e-01
2.666666666666666838e-02
0.000000000000000000e+00
0.000000000000000000e+00
0.000000000000000000e+00
1.666666666666666644e-02
9.333333333333333759e-02
0.000000000000000000e+00
2.999999999999999889e-02
4.099999999999999756e-01
2.333333333333333440e-02
3.333333333333333287e-02
5.000000000000000971e-02
1.066666666666666735e-01
4.333333333333333481e-02
2.000000000000000042e-02
0.000000000000000000e+00
4.999999999999999584e-02
1.800000000000000211e-01
2.000000000000000042e-02
6.666666666666667095e-03
3.333333333333333287e-02
2.333333333333333440e-02
6.666666666666667095e-03
3.633333333333333415e-01
2.533333333333333548e-01
6.666666666666666574e-02
9.666666666666666463e-02
8.933333333333334236e-01
2.999999999999999889e-01
3.333333333333333547e-03
2.266666666666666552e-01
1.133333333333333276e-01
7.333333333333333370e-02
1.000000000000000021e-02
3.333333333333333547e-03
1.333333333333333419e-02
1.000000000000000021e-02
1.000000000000000021e-02
0.000000000000000000e+00
2.666666666666666838e-02
5.999999999999999778e-02
0.000000000000000000e+00
0.000000000000000000e+00
2.000000000000000042e-02
6.666666666666667095e-03
0.000000000000000000e+00
1.366666666666666863e-01
1.433333333333333404e-01
5.666666666666666380e-02
4.666666666666666879e-02
2.419999999999999929e+00
