6.800000000000000488e-01
5.400000000000000355e-01
0.000000000000000000e+00
5.333333333333333676e-02
1.766666666666666663e-01
7.833333333333333259e-01
1.266666666666666774e-01
1.396666666666666723e+00
1.033333333333333437e+00
2.799999999999999711e-01
5.466666666666667451e-01
2.130000000000000338e+00
1.933333333333333348e+00
3.400000000000000244e-01
6.033333333333333881e-01
7.766666666666667274e-01
3.166666666666666519e-01
2.733333333333333171e-01
3.966666666666666674e-01
7.433333333333332904e-01
1.223333333333333384e+00
7.333333333333334758e-02
8.833333333333333037e-01
8.266666666666666607e-01
7.299999999999999822e-01
3.899999999999999578e-01
6.333333333333333870e-02
1.330000000000000071e+00
1.600000000000000033e-01
3.333333333333333148e-01
2.166666666666666741e-01
1.133333333333333276e-01
2.999999999999999889e-02
1.300000000000000044e-01
1.026666666666666616e+00
4.799999999999999822e-01
2.433333333333333182e-01
4.633333333333333748e-01
6.666666666666667095e-03
7.433333333333332904e-01
2.000000000000000042e-02
3.033333333333333437e-01
1.566666666666666652e+00
4.499999999999999556e-01
2.799999999999999711e-01
3.899999999999999578e-01
1.266666666666666774e-01
8.000000000000000167e-02
1.233333333333333365e-01
5.666666666666665408e-01
1.300000000000000044e-01
8.333333333333332871e-02
2.999999999999999889e-02
4.999999999999999584e-02
6.666666666666666297e-01
3.666666666666667379e-02
3.800000000000000600e-01
2.999999999999999889e-01
8.866666666666667140e-01
2.099999999999999922e-01
1.399999999999999856e-01
9.333333333333333759e-02
1.000000000000000021e-02
1.666666666666666644e-02
4.999999999999999584e-02
6.666666666666667095e-03
7.500000000000000000e-01
3.533333333333333326e-01
1.293333333333333224e+00
5.266666666666667274e-01
1.366666666666666863e-01
1.733333333333333393e-01
7.666666666666667462e-02
6.233333333333332948e-01
1.666666666666666574e-01
8.333333333333332871e-02
1.800000000000000211e-01
2.666666666666666838e-02
7.666666666666667462e-02
4.333333333333333481e-02
2.900000000000000355e-01
9.266666666666667496e-01
7.333333333333334758e-02
2.833333333333333814e-01
3.333333333333333547e-03
2.133333333333333470e-01
3.333333333333333547e-03
5.333333333333333676e-02
0.000000000000000000e+00
1.000000000000000021e-02
3.166666666666666519e-01
9.999999999999999167e-02
4.099999999999999756e-01
8.433333333333332682e-01
5.533333333333333437e-01
1.200000000000000094e-01
1.156666666666666732e+00
