1.406666666666666510e+00
3.400000000000000244e-01
1.700000000000000122e-01
1.399999999999999856e-01
9.666666666666667851e-02
7.666666666666666075e-02
0.000000000000000000e+00
1.073333333333333250e+00
4.599999999999999645e-01
1.000000000000000021e-02
2.166666666666666741e-01
3.433333333333332682e-01
1.593333333333333490e+00
7.666666666666667462e-02
7.000000000000000666e-02
1.040000000000000036e+00
1.000000000000000000e+00
1.333333333333333419e-02
7.733333333333334281e-01
1.800000000000000211e-01
7.033333333333332549e-01
0.000000000000000000e+00
9.666666666666667851e-02
6.999999999999999278e-02
1.466666666666666952e-01
1.000000000000000000e+00
6.999999999999999278e-02
4.433333333333333570e-01
1.566666666666666485e-01
8.333333333333332871e-02
6.433333333333334236e-01
1.000000000000000021e-02
1.333333333333333419e-02
1.066666666666666735e-01
0.000000000000000000e+00
7.299999999999999822e-01
7.666666666666667462e-02
2.000000000000000042e-02
2.270000000000000018e+00
5.899999999999999689e-01
9.333333333333332371e-02
1.543333333333333224e+00
1.993333333333333401e+00
1.156666666666666510e+00
1.053333333333333455e+00
1.233333333333333365e-01
0.000000000000000000e+00
0.000000000000000000e+00
6.666666666666667095e-03
1.866666666666666752e-01
3.666666666666667379e-02
1.086666666666666670e+00
1.266666666666666774e-01
6.666666666666667095e-03
3.733333333333333504e-01
2.433333333333333182e-01
1.290000000000000036e+00
7.666666666666667462e-02
1.066666666666666458e-01
5.899999999999999689e-01
9.866666666666666918e-01
0.000000000000000000e+00
1.033333333333333215e+00
1.900000000000000300e-01
8.666666666666666963e-01
0.000000000000000000e+00
1.199999999999999956e-01
2.633333333333333637e-01
6.900000000000000577e-01
1.253333333333333410e+00
1.233333333333333365e-01
3.633333333333333415e-01
1.466666666666666397e-01
1.833333333333333481e-01
5.466666666666667451e-01
7.333333333333333370e-02
1.233333333333333365e-01
1.333333333333333419e-02
4.333333333333333481e-02
9.066666666666666208e-01
2.000000000000000042e-02
7.333333333333333370e-02
1.040000000000000036e+00
1.499999999999999944e-01
3.666666666666667379e-02
1.593333333333333490e+00
1.809999999999999831e+00
2.073333333333333250e+00
1.156666666666666732e+00
2.000000000000000389e-01
6.333333333333333870e-02
1.133333333333333276e-01
3.333333333333333287e-02
1.033333333333333326e-01
1.000000000000000021e-02
1.076666666666666883e+00
2.933333333333333903e-01
1.633333333333333304e-01
7.333333333333334758e-02
1.883333333333333526e+00
9.933333333333332904e-01
3.666666666666666685e-02
3.066666666666666985e-01
8.066666666666666430e-01
7.766666666666667274e-01
5.000000000000000971e-02
6.300000000000000044e-01
4.466666666666667118e-01
1.806666666666666643e+00
6.666666666666667095e-03
5.666666666666666380e-02
3.400000000000000244e-01
4.000000000000000777e-01
5.966666666666666785e-01
1.433333333333333404e-01
1.866666666666666474e-01
8.000000000000000167e-02
4.999999999999999584e-02
5.566666666666666430e-01
2.666666666666666838e-02
2.999999999999999889e-02
1.300000000000000044e-01
2.999999999999999889e-02
7.033333333333334769e-01
0.000000000000000000e+00
2.333333333333333440e-02
9.366666666666666474e-01
2.666666666666666838e-02
1.333333333333333419e-02
1.839999999999999858e+00
3.400000000000000244e-01
7.366666666666666918e-01
9.933333333333332904e-01
3.266666666666666607e-01
4.333333333333333481e-02
1.333333333333333419e-02
4.000000000000000083e-02
1.733333333333333393e-01
1.000000000000000021e-02
1.699999999999999956e+00
2.099999999999999922e-01
0.000000000000000000e+00
1.066666666666666735e-01
8.800000000000000044e-01
1.503333333333333188e+00
4.000000000000000083e-02
7.666666666666666075e-02
1.046666666666666634e+00
1.150000000000000133e+00
0.000000000000000000e+00
9.399999999999999467e-01
3.566666666666666874e-01
9.866666666666666918e-01
3.333333333333333547e-03
1.100000000000000006e-01
3.333333333333333148e-01
7.700000000000000178e-01
1.356666666666666687e+00
3.866666666666667140e-01
4.400000000000000022e-01
5.666666666666666380e-02
1.166666666666666546e-01
6.633333333333333304e-01
1.000000000000000021e-02
2.666666666666666838e-02
9.333333333333332371e-02
1.633333333333333304e-01
1.016666666666666607e+00
8.666666666666666963e-02
1.766666666666666663e-01
1.330000000000000071e+00
1.333333333333333315e-01
1.333333333333333419e-02
1.889999999999999902e+00
6.199999999999999956e-01
6.600000000000000311e-01
