8.533333333333333881e-01
3.566666666666666319e-01
6.166666666666666963e-01
1.459999999999999964e+00
1.723333333333333384e+00
6.633333333333334414e-01
6.566666666666666208e-01
1.046666666666666634e+00
1.033333333333333326e-01
2.933333333333333903e-01
1.833333333333333481e-01
2.999999999999999889e-02
1.166666666666666546e-01
0.000000000000000000e+00
1.666666666666666644e-02
0.000000000000000000e+00
1.266666666666666774e-01
1.366666666666666863e-01
2.233333333333333004e-01
3.333333333333333287e-02
4.666666666666666879e-02
5.666666666666666380e-02
9.999999999999999167e-02
1.666666666666666644e-02
1.333333333333333419e-02
5.000000000000000971e-02
8.266666666666667718e-01
0.000000000000000000e+00
4.666666666666666879e-02
3.099999999999999978e-01
6.000000000000000472e-02
1.000000000000000021e-02
2.999999999999999889e-02
3.000000000000000236e-02
0.000000000000000000e+00
1.033333333333333326e-01
1.666666666666666644e-02
1.633333333333333304e-01
1.266666666666666774e-01
4.333333333333333481e-02
1.760000000000000009e+00
1.666666666666666574e-01
3.666666666666666963e-01
1.600000000000000033e-01
6.166666666666665853e-01
2.000000000000000042e-02
1.433333333333333404e-01
2.399999999999999911e-01
2.000000000000000389e-01
3.966666666666666674e-01
1.443333333333333357e+00
2.000000000000000000e+00
0.000000000000000000e+00
7.000000000000000666e-01
1.223333333333333384e+00
3.766666666666666496e-01
4.333333333333333481e-02
8.233333333333332504e-01
1.636666666666666714e+00
1.900000000000000300e-01
2.666666666666666838e-02
6.299999999999998934e-01
6.000000000000000472e-02
1.846666666666666679e+00
4.199999999999999845e-01
5.366666666666666252e-01
2.000000000000000042e-02
1.333333333333333419e-02
8.000000000000000167e-02
3.333333333333333547e-03
8.666666666666666963e-02
1.666666666666666644e-02
9.799999999999999822e-01
6.800000000000000488e-01
6.666666666666666297e-01
1.433333333333333404e-01
2.999999999999999889e-02
5.500000000000000444e-01
9.133333333333332194e-01
7.900000000000000355e-01
4.400000000000000022e-01
2.333333333333333440e-02
1.046666666666666634e+00
1.063333333333333242e+00
0.000000000000000000e+00
1.166666666666666824e-01
9.133333333333334414e-01
5.600000000000000533e-01
2.600000000000000089e-01
1.003333333333333188e+00
4.000000000000000083e-02
9.133333333333334414e-01
1.059999999999999831e+00
9.333333333333333759e-02
2.000000000000000042e-02
2.299999999999999822e-01
2.343333333333333268e+00
7.799999999999999156e-01
