7.433333333333335124e-01
2.066666666666666652e-01
2.099999999999999922e-01
3.366666666666666696e-01
9.999999999999999167e-02
1.333333333333333315e-01
2.966666666666666341e-01
1.400000000000000133e-01
2.866666666666666807e-01
4.666666666666666186e-01
2.066666666666666652e-01
1.399999999999999856e-01
1.300000000000000044e-01
2.199999999999999734e-01
7.000000000000000666e-01
1.843333333333333490e+00
1.070000000000000062e+00
5.166666666666666075e-01
4.333333333333333481e-02
1.499999999999999944e-01
3.866666666666667140e-01
8.666666666666666963e-02
2.000000000000000042e-02
5.800000000000000711e-01
1.200000000000000094e-01
9.000000000000001055e-02
6.666666666666666574e-02
2.766666666666666718e-01
4.666666666666666879e-02
3.666666666666667379e-02
1.083333333333333259e+00
3.600000000000000422e-01
1.300000000000000044e-01
1.990000000000000213e+00
7.866666666666666252e-01
1.006666666666666599e+00
4.433333333333333570e-01
1.219999999999999973e+00
7.099999999999999645e-01
4.233333333333333393e-01
1.370000000000000107e+00
9.333333333333332371e-01
1.726666666666666572e+00
3.999999999999999667e-01
4.933333333333333459e-01
1.626666666666666705e+00
2.050000000000000266e+00
1.333333333333333315e-01
1.866666666666666752e-01
1.026666666666666616e+00
7.799999999999999156e-01
4.099999999999999756e-01
2.200000000000000011e-01
4.099999999999999756e-01
3.133333333333333526e-01
2.133333333333332915e-01
6.666666666666666574e-02
4.666666666666666879e-02
1.866666666666666474e-01
8.333333333333332871e-02
1.266666666666666774e-01
1.330000000000000071e+00
1.800000000000000044e+00
