9.900000000000001021e-01
2.566666666666666541e-01
8.599999999999999867e-01
7.099999999999999645e-01
5.399999999999999245e-01
4.899999999999999911e-01
3.366666666666666696e-01
1.076666666666666661e+00
9.000000000000001055e-02
1.053333333333333233e+00
0.000000000000000000e+00
1.833333333333333204e-01
0.000000000000000000e+00
3.333333333333333287e-02
1.333333333333333315e-01
5.333333333333333259e-01
9.266666666666667496e-01
1.073333333333333250e+00
5.999999999999999778e-02
3.166666666666666519e-01
2.933333333333333348e-01
1.333333333333333419e-02
6.666666666666666574e-02
1.666666666666666644e-02
0.000000000000000000e+00
1.000000000000000194e-01
0.000000000000000000e+00
2.933333333333333903e-01
1.423333333333333561e+00
9.333333333333333759e-02
3.899999999999999578e-01
1.666666666666666574e-01
2.199999999999999734e-01
8.666666666666666963e-02
6.066666666666666874e-01
2.666666666666666838e-02
1.866666666666666752e-01
1.633333333333333304e-01
0.000000000000000000e+00
7.399999999999998801e-01
2.933333333333332793e-01
1.106666666666666687e+00
0.000000000000000000e+00
1.900000000000000300e-01
0.000000000000000000e+00
3.833333333333333037e-01
1.600000000000000033e-01
4.566666666666666097e-01
2.166666666666666741e-01
1.333333333333333315e-01
2.866666666666666807e-01
5.433333333333333348e-01
1.700000000000000122e-01
3.833333333333333037e-01
0.000000000000000000e+00
3.966666666666666674e-01
0.000000000000000000e+00
1.233333333333333365e-01
3.300000000000000155e-01
2.566666666666666541e-01
1.766666666666666663e-01
3.066666666666666985e-01
3.866666666666666585e-01
3.733333333333333504e-01
2.166666666666666741e-01
2.233333333333333559e-01
1.666666666666666574e-01
1.453333333333333366e+00
1.000000000000000021e-02
1.466666666666666674e-01
3.666666666666666963e-01
2.700000000000000178e-01
4.666666666666666879e-02
4.766666666666666274e-01
1.666666666666666644e-02
4.099999999999999756e-01
2.333333333333333093e-02
3.166666666666666519e-01
1.196666666666666545e+00
6.366666666666666030e-01
4.933333333333333459e-01
2.700000000000000178e-01
1.933333333333333293e-01
5.833333333333333703e-01
9.399999999999999467e-01
1.936666666666666758e+00
4.199999999999999845e-01
4.199999999999999845e-01
1.900000000000000300e-01
1.933333333333333293e-01
4.666666666666666186e-02
2.133333333333333470e-01
9.766666666666666829e-01
