1.263333333333333419e+00
1.493333333333333401e+00
1.333333333333333259e+00
2.566666666666666541e-01
2.199999999999999734e+00
1.033333333333333326e-01
3.899999999999999578e-01
2.000000000000000042e-02
8.666666666666665853e-01
9.300000000000000488e-01
6.666666666666666574e-02
0.000000000000000000e+00
3.666666666666666685e-02
2.000000000000000042e-02
8.000000000000000167e-02
9.666666666666667851e-02
6.466666666666666119e-01
2.000000000000000042e-02
2.700000000000000178e-01
2.833333333333333259e-01
7.566666666666667096e-01
3.666666666666666685e-02
1.000000000000000000e+00
8.233333333333332504e-01
1.633333333333333304e-01
3.566666666666666874e-01
7.833333333333333259e-01
7.666666666666667462e-02
2.999999999999999889e-02
6.333333333333333870e-02
9.000000000000001055e-02
1.233333333333333365e-01
2.200000000000000011e-01
1.333333333333333315e-01
3.566666666666666874e-01
1.733333333333333393e-01
2.533333333333333548e-01
1.466666666666666397e-01
5.600000000000000533e-01
5.666666666666666380e-02
2.600000000000000089e-01
7.666666666666667462e-02
6.666666666666667095e-03
7.833333333333333259e-01
7.399999999999998801e-01
9.333333333333332371e-02
2.000000000000000042e-02
9.233333333333333393e-01
5.233333333333333171e-01
0.000000000000000000e+00
2.699999999999999623e-01
1.499999999999999944e-01
6.333333333333333870e-02
6.666666666666667095e-03
3.600000000000000422e-01
8.333333333333332871e-02
7.333333333333333370e-02
4.733333333333333282e-01
1.433333333333333348e+00
2.466666666666666730e-01
2.999999999999999889e-02
9.500000000000000666e-01
9.266666666666667496e-01
1.719999999999999973e+00
6.666666666666666574e-02
1.626666666666666705e+00
2.066666666666666874e+00
1.233333333333333365e-01
6.800000000000000488e-01
1.906666666666666510e+00
4.666666666666666186e-01
8.199999999999999512e-01
3.733333333333333504e-01
8.000000000000000167e-02
4.333333333333333481e-02
8.033333333333332327e-01
9.266666666666667496e-01
3.333333333333333547e-03
2.666666666666666838e-02
1.166666666666666546e-01
3.333333333333333547e-03
6.666666666666667095e-03
1.400000000000000133e-01
6.666666666666666297e-01
0.000000000000000000e+00
4.333333333333333481e-02
3.766666666666666496e-01
3.366666666666666696e-01
2.000000000000000042e-02
8.199999999999999512e-01
7.633333333333333082e-01
3.333333333333333287e-02
3.600000000000000422e-01
4.599999999999999645e-01
1.300000000000000044e-01
3.666666666666667379e-02
3.666666666666666685e-02
2.666666666666666838e-02
1.466666666666666952e-01
4.066666666666666763e-01
7.133333333333332638e-01
2.500000000000000000e-01
5.633333333333333526e-01
2.966666666666666341e-01
3.400000000000000244e-01
9.933333333333332904e-01
4.666666666666666879e-02
2.733333333333333726e-01
8.333333333333332871e-02
0.000000000000000000e+00
9.599999999999999645e-01
4.799999999999999822e-01
1.800000000000000211e-01
2.000000000000000042e-02
8.566666666666665764e-01
7.633333333333333082e-01
7.333333333333333370e-02
7.333333333333334758e-02
3.466666666666666785e-01
4.333333333333333481e-02
3.033333333333332882e-01
3.366666666666666696e-01
1.300000000000000044e-01
3.899999999999999578e-01
1.030000000000000027e+00
8.433333333333333792e-01
3.099999999999999978e-01
1.199999999999999956e-01
7.799999999999999156e-01
5.133333333333333082e-01
8.700000000000001066e-01
7.333333333333334758e-02
6.199999999999999956e-01
2.236666666666666359e+00
