9.466666666666666563e-01
2.766666666666666718e-01
6.133333333333332860e-01
3.000000000000000444e-01
2.000000000000000389e-01
8.999999999999999112e-01
6.933333333333333570e-01
7.399999999999998801e-01
4.766666666666666274e-01
7.666666666666667462e-02
1.100000000000000006e-01
1.016666666666666829e+00
4.000000000000000083e-02
5.999999999999999778e-02
5.999999999999999778e-02
1.266666666666666774e-01
7.666666666666666075e-02
2.396666666666666501e+00
1.159999999999999920e+00
1.419999999999999929e+00
3.166666666666666519e-01
3.333333333333333287e-02
4.666666666666666879e-02
4.599999999999999645e-01
4.766666666666666274e-01
1.666666666666666574e-01
4.666666666666666879e-02
3.099999999999999978e-01
0.000000000000000000e+00
8.266666666666665497e-01
4.000000000000000083e-02
1.166666666666666546e-01
1.666666666666666644e-02
1.500000000000000222e-01
3.333333333333333287e-02
2.266666666666666552e-01
2.299999999999999822e-01
3.733333333333332948e-01
9.700000000000000844e-01
4.000000000000000083e-02
1.166666666666666546e-01
2.399999999999999911e-01
1.700000000000000122e-01
4.633333333333333748e-01
0.000000000000000000e+00
1.016666666666666607e+00
1.000000000000000021e-02
1.999999999999999833e-01
1.066666666666666735e-01
1.633333333333333304e-01
2.199999999999999734e-01
5.999999999999999778e-02
1.533333333333333215e-01
8.333333333333332871e-02
1.666666666666666644e-02
2.833333333333333814e-01
1.163333333333333330e+00
5.000000000000000971e-02
1.050000000000000044e+00
5.133333333333333082e-01
1.933333333333333293e-01
8.000000000000000167e-02
2.199999999999999734e-01
1.366666666666666863e-01
1.000000000000000194e-01
3.333333333333333547e-03
1.133333333333333415e-01
2.999999999999999889e-02
2.099999999999999922e-01
5.999999999999999778e-02
9.666666666666667851e-02
1.566666666666666485e-01
2.666666666666666838e-02
2.200000000000000011e-01
2.333333333333333440e-02
1.266666666666666774e-01
0.000000000000000000e+00
8.000000000000000167e-02
5.733333333333333615e-01
1.073333333333333250e+00
3.066666666666666430e-01
1.999999999999999833e-01
5.666666666666666519e-01
2.266666666666666552e-01
3.099999999999999978e-01
5.666666666666667074e-02
1.733333333333333393e-01
2.600000000000000089e-01
1.766666666666666663e-01
1.199999999999999956e-01
7.000000000000000666e-02
7.000000000000000666e-02
1.033333333333333465e-01
6.666666666666667095e-03
1.833333333333333481e-01
3.333333333333333547e-03
8.666666666666666963e-02
0.000000000000000000e+00
7.366666666666666918e-01
8.333333333333332871e-02
1.033333333333333326e-01
2.000000000000000042e-02
1.433333333333333126e-01
4.999999999999999584e-02
5.666666666666667074e-02
3.333333333333333547e-03
9.666666666666667851e-02
1.066666666666666735e-01
3.133333333333332971e-01
9.500000000000000666e-01
3.333333333333333287e-02
4.166666666666666852e-01
2.666666666666666630e-01
1.499999999999999944e-01
7.666666666666667462e-02
4.166666666666666852e-01
1.533333333333333215e-01
2.400000000000000189e-01
1.933333333333333293e-01
2.300000000000000100e-01
4.333333333333333481e-01
2.266666666666666552e-01
4.366666666666667029e-01
1.669999999999999929e+00
5.666666666666667074e-02
2.999999999999999889e-01
4.000000000000000083e-02
1.266666666666666774e-01
5.999999999999999778e-02
2.000000000000000042e-02
3.333333333333333547e-03
1.600000000000000033e-01
7.133333333333333748e-01
4.333333333333333481e-02
7.999999999999999334e-01
7.000000000000000666e-01
3.633333333333332860e-01
5.999999999999999778e-02
4.733333333333333282e-01
5.333333333333334370e-02
1.209999999999999964e+00
1.133333333333333276e-01
1.499999999999999944e-01
4.066666666666667318e-01
1.380000000000000115e+00
1.666666666666666574e-01
1.999999999999999833e-01
1.466666666666666952e-01
6.866666666666666474e-01
2.966666666666666896e-01
1.566666666666666485e-01
5.000000000000000971e-02
1.499999999999999944e-01
1.033333333333333326e-01
3.099999999999999978e-01
1.656666666666666510e+00
1.533333333333333215e-01
2.393333333333333091e+00
