4.500000000000000111e-01
2.766666666666666718e-01
2.333333333333333440e-02
1.000000000000000194e-01
6.666666666666667095e-03
9.633333333333332638e-01
1.666666666666666644e-02
1.900000000000000300e-01
2.933333333333333348e-01
0.000000000000000000e+00
1.033333333333333326e-01
2.999999999999999889e-02
4.366666666666667029e-01
3.366666666666666141e-01
8.333333333333332871e-02
1.466666666666666674e-01
0.000000000000000000e+00
0.000000000000000000e+00
5.000000000000000971e-02
0.000000000000000000e+00
0.000000000000000000e+00
0.000000000000000000e+00
8.000000000000000167e-02
2.666666666666666838e-02
6.666666666666666574e-02
1.399999999999999856e-01
0.000000000000000000e+00
1.666666666666666644e-02
7.666666666666667462e-02
1.600000000000000033e-01
5.666666666666666380e-02
2.333333333333333440e-02
5.333333333333333676e-02
1.333333333333333315e-01
2.999999999999999889e-02
1.866666666666666474e-01
5.600000000000000533e-01
0.000000000000000000e+00
2.633333333333333637e-01
1.500000000000000222e-01
2.966666666666666896e-01
2.600000000000000089e-01
1.400000000000000133e-01
1.066666666666666735e-01
2.000000000000000042e-02
9.000000000000001055e-02
1.666666666666666644e-02
3.133333333333333526e-01
6.666666666666667095e-03
9.333333333333333759e-02
9.000000000000001055e-02
1.300000000000000044e-01
4.000000000000000083e-02
1.066666666666666735e-01
5.033333333333332993e-01
4.999999999999999584e-02
6.333333333333333870e-02
1.900000000000000300e-01
2.999999999999999889e-02
5.933333333333333792e-01
0.000000000000000000e+00
5.333333333333333676e-02
6.666666666666667095e-03
3.333333333333333547e-03
2.333333333333333093e-02
2.099999999999999922e-01
1.066666666666666735e-01
7.433333333333332904e-01
1.166666666666666546e-01
5.266666666666667274e-01
6.000000000000000472e-02
2.266666666666666829e-01
4.000000000000000777e-01
7.333333333333333370e-02
7.833333333333333259e-01
1.499999999999999944e-01
1.366666666666666863e-01
1.333333333333333419e-02
2.899999999999999800e-01
8.666666666666666963e-02
1.999999999999999833e-01
3.266666666666666607e-01
1.000000000000000021e-02
4.799999999999999822e-01
7.000000000000000666e-02
1.499999999999999944e-01
4.000000000000000083e-02
3.666666666666666685e-02
7.333333333333333370e-02
8.666666666666666963e-02
1.666666666666666644e-02
1.766666666666666663e-01
4.000000000000000083e-02
2.900000000000000355e-01
0.000000000000000000e+00
3.533333333333333326e-01
8.466666666666666785e-01
