1.070000000000000062e+00
6.133333333333332860e-01
4.166666666666666852e-01
3.133333333333333526e-01
9.666666666666667851e-02
4.333333333333333481e-02
1.833333333333333481e-01
2.766666666666666718e-01
4.299999999999999933e-01
2.266666666666666552e-01
8.966666666666666119e-01
2.433333333333333182e-01
1.433333333333333404e-01
1.199999999999999956e-01
1.266666666666666774e-01
2.466666666666666730e-01
1.533333333333333215e-01
4.333333333333333481e-02
1.600000000000000033e-01
5.666666666666666380e-02
7.666666666666667462e-02
1.733333333333333393e-01
4.666666666666666879e-02
1.423333333333333561e+00
6.333333333333333870e-02
1.400000000000000133e-01
1.239999999999999991e+00
2.000000000000000389e-01
4.400000000000000022e-01
1.999999999999999833e-01
4.333333333333333481e-02
3.466666666666666785e-01
5.666666666666667074e-02
1.433333333333333404e-01
3.766666666666666496e-01
3.666666666666667379e-02
3.300000000000000155e-01
7.999999999999999334e-01
5.600000000000000533e-01
7.500000000000000000e-01
9.899999999999998801e-01
5.333333333333333676e-02
7.900000000000000355e-01
5.800000000000000711e-01
5.466666666666667451e-01
4.633333333333333748e-01
1.533333333333333492e-01
1.330000000000000071e+00
3.966666666666666674e-01
2.566666666666666541e-01
4.566666666666666097e-01
8.533333333333333881e-01
3.479999999999999982e+00
