8.599999999999999867e-01
1.949999999999999956e+00
1.236666666666666803e+00
1.113333333333333286e+00
1.666666666666666574e-01
2.833333333333333259e-01
4.833333333333333370e-01
4.733333333333333282e-01
5.666666666666667074e-02
1.600000000000000033e-01
1.036666666666666625e+00
4.733333333333333282e-01
0.000000000000000000e+00
4.566666666666667207e-01
8.000000000000000167e-02
3.333333333333333547e-03
1.333333333333333419e-02
5.000000000000000000e-01
6.666666666666667095e-03
5.666666666666667074e-02
4.366666666666667029e-01
1.199999999999999956e-01
2.566666666666666541e-01
5.999999999999999778e-02
1.410000000000000142e+00
7.666666666666666075e-01
0.000000000000000000e+00
4.633333333333333748e-01
0.000000000000000000e+00
7.033333333333334769e-01
1.666666666666666644e-02
1.300000000000000044e-01
8.466666666666666785e-01
4.333333333333333481e-02
2.099999999999999922e-01
1.803333333333333455e+00
3.766666666666666496e-01
9.199999999999999289e-01
1.466666666666666397e-01
9.833333333333332815e-01
1.499999999999999944e-01
0.000000000000000000e+00
4.666666666666667296e-01
1.100000000000000006e-01
4.199999999999999845e-01
3.753333333333333410e+00
1.506666666666666821e+00
3.266666666666666607e-01
1.386666666666666714e+00
7.000000000000000666e-02
2.766666666666666718e-01
5.433333333333333348e-01
7.966666666666667451e-01
4.299999999999999933e-01
6.766666666666667496e-01
6.333333333333333870e-02
1.066666666666666735e-01
0.000000000000000000e+00
6.933333333333333570e-01
0.000000000000000000e+00
4.366666666666667029e-01
3.333333333333333547e-03
1.333333333333333315e-01
3.333333333333333547e-03
9.666666666666666463e-02
1.633333333333333304e-01
1.383333333333333526e+00
1.199999999999999956e-01
4.666666666666666879e-02
1.400000000000000133e-01
5.166666666666667185e-01
2.033333333333333381e-01
1.169999999999999929e+00
2.000000000000000042e-02
4.299999999999999933e-01
0.000000000000000000e+00
1.433333333333333404e-01
2.000000000000000042e-02
1.366666666666666585e-01
1.466666666666666397e-01
2.099999999999999922e-01
5.100000000000000089e-01
1.469999999999999973e+00
2.666666666666666519e+00
7.900000000000000355e-01
6.566666666666666208e-01
8.666666666666666963e-02
7.733333333333334281e-01
1.773333333333333428e+00
1.366666666666666585e-01
1.036666666666666847e+00
1.766666666666666663e-01
1.733333333333333393e-01
2.633333333333333637e-01
1.700000000000000122e-01
1.000000000000000021e-02
9.333333333333333759e-02
1.966666666666666785e+00
1.610000000000000098e+00
8.133333333333333526e-01
2.700000000000000178e-01
4.699999999999999734e-01
2.066666666666666652e-01
1.399999999999999856e-01
1.300000000000000044e-01
1.000000000000000021e-02
3.666666666666666685e-02
2.666666666666666838e-02
0.000000000000000000e+00
6.566666666666666208e-01
1.146666666666666723e+00
5.000000000000000971e-02
0.000000000000000000e+00
1.133333333333333276e-01
8.633333333333332860e-01
3.666666666666667379e-02
0.000000000000000000e+00
1.163333333333333330e+00
9.933333333333332904e-01
0.000000000000000000e+00
0.000000000000000000e+00
4.000000000000000083e-02
1.033333333333333326e-01
1.233333333333333365e-01
2.233333333333333004e-01
1.199999999999999956e-01
1.266666666666666774e-01
6.566666666666666208e-01
6.199999999999999956e-01
1.933333333333333570e-01
9.966666666666667007e-01
6.933333333333333570e-01
2.399999999999999911e-01
7.266666666666666829e-01
2.566666666666666541e-01
