1.969999999999999973e+00
1.356666666666666687e+00
3.733333333333332948e-01
4.133333333333333304e-01
4.933333333333333459e-01
1.333333333333333315e-01
1.026666666666666616e+00
3.666666666666666963e-01
2.999999999999999889e-01
3.166666666666666519e-01
1.316666666666666652e+00
7.333333333333333925e-01
1.133333333333333415e-01
2.666666666666666838e-02
1.000000000000000021e-02
4.666666666666666186e-01
1.666666666666666574e-01
1.499999999999999944e-01
1.666666666666666644e-02
1.366666666666666585e-01
1.666666666666666644e-02
1.100000000000000006e-01
1.000000000000000021e-02
1.333333333333333419e-02
2.366666666666666641e-01
7.333333333333334758e-02
1.800000000000000211e-01
1.633333333333333304e-01
2.133333333333333470e-01
5.999999999999999778e-01
4.999999999999999584e-02
1.666666666666666644e-02
2.666666666666666838e-02
1.666666666666666644e-02
1.533333333333333492e-01
1.333333333333333419e-02
1.466666666666666674e-01
4.000000000000000083e-02
6.666666666666667095e-03
1.000000000000000021e-02
7.000000000000000666e-02
0.000000000000000000e+00
4.566666666666666097e-01
6.633333333333334414e-01
5.233333333333333171e-01
6.666666666666666574e-02
1.533333333333333215e-01
4.099999999999999756e-01
6.666666666666667095e-03
3.333333333333333287e-02
1.333333333333333419e-02
1.040000000000000036e+00
6.666666666666667095e-03
3.866666666666667140e-01
1.000000000000000021e-02
6.333333333333333870e-02
4.000000000000000083e-02
2.333333333333333440e-02
4.666666666666666879e-02
1.000000000000000021e-02
2.000000000000000042e-02
8.333333333333332871e-02
7.000000000000000666e-02
3.000000000000000236e-02
0.000000000000000000e+00
1.033333333333333215e+00
2.933333333333333903e-01
0.000000000000000000e+00
0.000000000000000000e+00
1.666666666666666644e-02
0.000000000000000000e+00
7.666666666666667462e-02
2.166666666666666741e-01
8.333333333333332871e-02
3.666666666666666408e-01
7.666666666666667462e-02
9.333333333333333759e-02
0.000000000000000000e+00
1.333333333333333419e-02
2.133333333333333470e-01
4.666666666666666879e-02
3.333333333333333547e-03
4.333333333333333481e-02
7.666666666666667462e-02
3.233333333333333059e-01
1.000000000000000021e-02
1.766666666666666663e-01
2.399999999999999911e-01
1.756666666666666821e+00
3.666666666666667379e-02
1.343333333333333490e+00
1.066666666666666735e-01
9.066666666666667318e-01
3.666666666666667379e-02
2.966666666666666341e-01
3.300000000000000155e-01
6.000000000000000472e-02
9.666666666666666463e-02
5.833333333333333703e-01
1.886666666666666714e+00
3.533333333333333326e-01
1.233333333333333365e-01
7.333333333333333370e-02
8.000000000000000167e-02
3.733333333333333504e-01
9.900000000000001021e-01
7.033333333333332549e-01
8.333333333333332871e-02
4.499999999999999556e-01
4.766666666666666274e-01
8.733333333333334059e-01
6.666666666666666574e-02
5.999999999999999778e-02
5.666666666666667074e-02
8.333333333333332871e-02
2.999999999999999889e-02
1.900000000000000300e-01
1.000000000000000021e-02
5.999999999999999778e-02
2.833333333333333814e-01
1.366666666666666863e-01
1.233333333333333365e-01
0.000000000000000000e+00
7.000000000000000666e-02
4.666666666666666879e-02
2.033333333333333381e-01
1.900000000000000300e-01
4.666666666666666879e-02
6.333333333333333870e-02
1.733333333333333393e-01
8.033333333333333437e-01
1.000000000000000000e+00
1.219999999999999973e+00
8.666666666666666963e-02
4.766666666666667385e-01
7.666666666666666075e-02
3.300000000000000155e-01
2.500000000000000000e-01
3.433333333333332682e-01
1.366666666666666863e-01
2.333333333333333440e-02
2.066666666666666652e-01
3.200000000000000067e-01
1.333333333333333315e-01
9.700000000000000844e-01
3.333333333333333148e-01
3.333333333333333287e-02
1.100000000000000006e-01
5.666666666666666380e-02
9.000000000000001055e-02
1.666666666666666574e-01
9.000000000000001055e-02
1.400000000000000133e-01
1.633333333333333304e-01
9.000000000000001055e-02
1.000000000000000021e-02
6.333333333333333870e-02
0.000000000000000000e+00
6.666666666666667095e-03
0.000000000000000000e+00
2.999999999999999889e-02
3.500000000000000333e-01
6.933333333333333570e-01
4.400000000000000022e-01
4.333333333333333481e-02
1.766666666666666663e-01
5.799999999999999600e-01
2.600000000000000089e-01
1.466666666666666674e-01
3.033333333333333437e-01
1.133333333333333304e+00
5.566666666666666430e-01
1.033333333333333465e-01
3.566666666666666319e-01
2.000000000000000389e-01
5.099999999999998979e-01
4.666666666666666879e-02
3.000000000000000236e-02
1.156666666666666732e+00
2.000000000000000042e-02
0.000000000000000000e+00
4.033333333333333215e-01
2.266666666666666829e-01
0.000000000000000000e+00
6.666666666666667095e-03
1.033333333333333326e-01
3.733333333333333504e-01
1.169999999999999929e+00
4.299999999999999933e-01
1.333333333333333419e-02
1.033333333333333326e-01
1.070000000000000062e+00
4.733333333333333282e-01
8.666666666666666963e-02
3.666666666666666963e-01
3.566666666666666874e-01
6.333333333333333870e-02
7.900000000000000355e-01
2.536666666666666625e+00
