6.533333333333334325e-01
2.000000000000000042e-02
3.466666666666666785e-01
2.000000000000000042e-02
2.133333333333332915e-01
9.333333333333333759e-02
2.933333333333333903e-01
4.299999999999999933e-01
6.933333333333333570e-01
5.133333333333333082e-01
1.679999999999999938e+00
1.499999999999999944e-01
2.866666666666666807e-01
0.000000000000000000e+00
4.099999999999999756e-01
1.800000000000000211e-01
2.233333333333333004e-01
3.800000000000000600e-01
1.300000000000000044e-01
3.300000000000000155e-01
7.333333333333334758e-02
1.633333333333333304e-01
3.333333333333333287e-02
1.000000000000000021e-02
0.000000000000000000e+00
2.399999999999999911e-01
9.333333333333333759e-02
1.400000000000000133e-01
5.666666666666666380e-02
4.000000000000000777e-01
4.333333333333333481e-02
4.666666666666666879e-02
6.333333333333333870e-02
8.000000000000000167e-02
0.000000000000000000e+00
4.666666666666666186e-02
0.000000000000000000e+00
0.000000000000000000e+00
1.333333333333333419e-02
1.899999999999999745e-01
1.213333333333333153e+00
1.083333333333333259e+00
2.366666666666666641e-01
3.099999999999999978e-01
1.266666666666666774e-01
9.999999999999999167e-02
1.066666666666666735e-01
3.500000000000000333e-01
1.566666666666666485e-01
4.666666666666666186e-01
4.666666666666666879e-02
4.000000000000000083e-02
9.999999999999999167e-02
5.000000000000000971e-02
4.666666666666666879e-02
0.000000000000000000e+00
3.333333333333333547e-03
1.333333333333333315e-01
2.666666666666666838e-02
0.000000000000000000e+00
0.000000000000000000e+00
2.399999999999999911e-01
1.800000000000000211e-01
6.733333333333333393e-01
2.266666666666666552e-01
4.000000000000000083e-02
7.666666666666667462e-02
6.333333333333333870e-02
4.000000000000000083e-02
1.266666666666666774e-01
1.499999999999999944e-01
1.003333333333333188e+00
4.000000000000000083e-02
1.333333333333333419e-02
2.799999999999999711e-01
3.333333333333333547e-03
3.300000000000000155e-01
1.766666666666666663e-01
2.999999999999999889e-01
0.000000000000000000e+00
1.333333333333333419e-02
8.333333333333332871e-02
1.133333333333333415e-01
6.666666666666667095e-03
4.000000000000000083e-02
4.799999999999999822e-01
4.000000000000000083e-02
3.033333333333333992e-01
1.453333333333333366e+00
1.063333333333333464e+00
5.999999999999999778e-02
1.000000000000000194e-01
3.333333333333333547e-03
1.766666666666666663e-01
1.633333333333333304e-01
7.399999999999998801e-01
3.933333333333333681e-01
6.166666666666665853e-01
1.099999999999999867e-01
9.433333333333332460e-01
0.000000000000000000e+00
1.600000000000000033e-01
0.000000000000000000e+00
5.266666666666667274e-01
1.100000000000000006e-01
2.500000000000000555e-01
1.466666666666666674e-01
4.333333333333333481e-02
3.966666666666666674e-01
2.666666666666666838e-02
2.999999999999999889e-02
2.666666666666666838e-02
1.000000000000000021e-02
0.000000000000000000e+00
1.066666666666666735e-01
1.666666666666666644e-02
2.299999999999999822e-01
1.033333333333333326e-01
2.333333333333333093e-01
1.700000000000000122e-01
2.999999999999999889e-02
2.666666666666666838e-02
6.999999999999999278e-02
0.000000000000000000e+00
6.999999999999999278e-02
0.000000000000000000e+00
6.666666666666667095e-03
5.000000000000000000e-01
2.133333333333333470e-01
1.133333333333333304e+00
1.926666666666666528e+00
2.766666666666666718e-01
5.333333333333333676e-02
1.333333333333333419e-02
2.700000000000000178e-01
1.800000000000000211e-01
2.666666666666666630e-01
1.000000000000000021e-02
2.666666666666666630e-01
8.333333333333332871e-02
1.700000000000000122e-01
5.666666666666666380e-02
2.666666666666666838e-02
1.333333333333333419e-02
0.000000000000000000e+00
1.333333333333333419e-02
1.933333333333333293e-01
9.333333333333333759e-02
6.666666666666667095e-03
0.000000000000000000e+00
8.633333333333332860e-01
0.000000000000000000e+00
1.563333333333333464e+00
3.133333333333332971e-01
6.933333333333333570e-01
9.966666666666665897e-01
3.666666666666666963e-01
0.000000000000000000e+00
5.999999999999999778e-02
3.033333333333333992e-01
1.256666666666666821e+00
2.533333333333333548e-01
6.666666666666667095e-03
1.000000000000000194e-01
0.000000000000000000e+00
5.666666666666666380e-02
6.666666666666666574e-02
1.566666666666666485e-01
6.666666666666667095e-03
6.666666666666666574e-02
1.433333333333333404e-01
1.300000000000000044e-01
8.000000000000000167e-02
2.266666666666666552e-01
1.176666666666666750e+00
7.666666666666667462e-02
3.033333333333333437e-01
1.246666666666666812e+00
7.900000000000000355e-01
4.000000000000000083e-02
1.333333333333333315e-01
4.333333333333333481e-02
2.933333333333333348e-01
3.333333333333333148e-01
6.166666666666666963e-01
9.066666666666666208e-01
3.233333333333333059e-01
4.133333333333333304e-01
2.303333333333333233e+00
5.666666666666667074e-02
8.599999999999999867e-01
2.000000000000000042e-02
1.156666666666666732e+00
2.099999999999999922e-01
9.100000000000000311e-01
1.566666666666666485e-01
9.999999999999999167e-02
7.600000000000001199e-01
1.199999999999999956e-01
2.999999999999999889e-01
6.666666666666666574e-02
4.333333333333333481e-02
1.199999999999999956e-01
5.866666666666665586e-01
1.066666666666666735e-01
5.000000000000000000e-01
1.400000000000000133e-01
1.096666666666666679e+00
6.066666666666666874e-01
1.333333333333333419e-02
2.933333333333333348e-01
1.700000000000000122e-01
1.333333333333333419e-02
6.233333333333334059e-01
3.233333333333333059e-01
3.466666666666666785e-01
1.433333333333333404e-01
5.433333333333333348e-01
1.370000000000000107e+00
3.033333333333333215e+00
4.766666666666667385e-01
2.066666666666666652e-01
1.333333333333333419e-02
7.666666666666666075e-02
5.666666666666667074e-02
9.999999999999999167e-02
7.666666666666667462e-02
1.633333333333333304e-01
2.900000000000000355e-01
1.133333333333333276e-01
1.466666666666666674e-01
7.833333333333333259e-01
1.466666666666666674e-01
4.000000000000000083e-02
9.666666666666666463e-02
1.300000000000000044e-01
1.696666666666666545e+00
9.666666666666667851e-01
2.299999999999999822e-01
3.256666666666666377e+00
6.766666666666667496e-01
2.000000000000000000e+00
0.000000000000000000e+00
1.263333333333333419e+00
9.300000000000000488e-01
1.186666666666666758e+00
5.333333333333333676e-02
2.099999999999999922e-01
1.866666666666666752e-01
3.229999999999999982e+00
1.199999999999999956e-01
1.966666666666666563e-01
4.433333333333333570e-01
2.099999999999999922e-01
2.533333333333333548e-01
1.333333333333333315e-01
4.733333333333333282e-01
9.666666666666666463e-02
1.266666666666666774e-01
1.033333333333333465e-01
1.566666666666666485e-01
8.666666666666666963e-02
2.500000000000000000e-01
1.293333333333333224e+00
9.000000000000001055e-02
9.700000000000000844e-01
1.133333333333333304e+00
7.833333333333332149e-01
5.000000000000000971e-02
2.500000000000000000e-01
2.000000000000000042e-02
2.266666666666666829e-01
1.700000000000000122e-01
2.500000000000000000e-01
3.600000000000000422e-01
5.166666666666666075e-01
3.033333333333333992e-01
2.426666666666666750e+00
4.433333333333333570e-01
1.056666666666666865e+00
2.333333333333333440e-02
1.223333333333333384e+00
3.799999999999999489e-01
6.999999999999999278e-02
1.633333333333333304e-01
1.666666666666666644e-02
2.733333333333333726e-01
7.333333333333333370e-02
2.466666666666666730e-01
2.000000000000000042e-02
1.000000000000000021e-02
6.666666666666667095e-03
1.633333333333333304e-01
1.233333333333333365e-01
1.766666666666666663e-01
9.333333333333333759e-02
5.033333333333332993e-01
1.533333333333333492e-01
7.333333333333333370e-02
1.333333333333333315e-01
5.333333333333333676e-02
0.000000000000000000e+00
8.000000000000000167e-02
1.666666666666666644e-02
1.666666666666666644e-02
2.333333333333333093e-02
2.266666666666666829e-01
1.170000000000000151e+00
1.043333333333333224e+00
2.766666666666666718e-01
2.199999999999999734e-01
1.633333333333333581e-01
6.766666666666667496e-01
5.166666666666667185e-01
1.366666666666666863e-01
2.666666666666666838e-02
1.499999999999999944e-01
0.000000000000000000e+00
0.000000000000000000e+00
9.000000000000001055e-02
7.666666666666667462e-02
1.366666666666666863e-01
2.666666666666666838e-02
6.666666666666667095e-03
1.600000000000000033e-01
5.666666666666666380e-02
0.000000000000000000e+00
0.000000000000000000e+00
6.600000000000000311e-01
2.399999999999999911e-01
2.033333333333333381e-01
2.233333333333333004e-01
2.833333333333333814e-01
2.133333333333333470e-01
1.300000000000000044e-01
3.333333333333333287e-02
0.000000000000000000e+00
1.499999999999999944e-01
8.166666666666667629e-01
2.866666666666666807e-01
5.000000000000000971e-02
2.200000000000000011e-01
6.666666666666667095e-03
6.633333333333333304e-01
4.766666666666666274e-01
3.133333333333333526e-01
0.000000000000000000e+00
3.333333333333333547e-03
2.000000000000000042e-02
2.700000000000000178e-01
1.566666666666666485e-01
4.000000000000000083e-02
9.399999999999999467e-01
0.000000000000000000e+00
1.600000000000000033e-01
5.200000000000000178e-01
3.033333333333333437e-01
0.000000000000000000e+00
2.733333333333333171e-01
6.666666666666667095e-03
2.333333333333333093e-01
4.366666666666667029e-01
3.466666666666666785e-01
1.433333333333333404e-01
3.699999999999999400e-01
3.666666666666666685e-02
1.476666666666666794e+00
1.333333333333333419e-02
7.533333333333332993e-01
6.666666666666667095e-03
1.026666666666666616e+00
2.666666666666666630e-01
3.333333333333333547e-03
1.199999999999999956e-01
1.333333333333333419e-02
2.299999999999999822e-01
7.000000000000000666e-02
1.133333333333333276e-01
3.333333333333333287e-02
1.000000000000000021e-02
6.666666666666667095e-03
1.239999999999999991e+00
1.500000000000000222e-01
1.466666666666666674e-01
5.999999999999999778e-02
7.333333333333332815e-01
8.333333333333332871e-02
1.199999999999999956e-01
2.999999999999999889e-02
4.666666666666666879e-02
0.000000000000000000e+00
4.333333333333333481e-02
1.000000000000000021e-02
1.666666666666666644e-02
1.666666666666666644e-02
8.000000000000000167e-02
1.133333333333333304e+00
2.726666666666666572e+00
4.966666666666666452e-01
5.099999999999998979e-01
4.333333333333333481e-02
2.433333333333333182e-01
1.999999999999999833e-01
3.433333333333333237e-01
2.133333333333333470e-01
3.699999999999999400e-01
1.033333333333333326e-01
9.199999999999999289e-01
6.699999999999999289e-01
3.099999999999999978e-01
2.466666666666666730e-01
9.666666666666666463e-02
3.333333333333333547e-03
4.000000000000000083e-02
7.000000000000000666e-02
4.000000000000000083e-02
0.000000000000000000e+00
4.966666666666666452e-01
1.766666666666666663e-01
2.933333333333333903e-01
5.599999999999999423e-01
1.093333333333333268e+00
3.166666666666666519e-01
4.333333333333333481e-02
3.333333333333333547e-03
1.000000000000000021e-02
2.999999999999999889e-02
2.216666666666666785e+00
1.233333333333333365e-01
8.000000000000000167e-02
3.333333333333333287e-02
0.000000000000000000e+00
2.966666666666666896e-01
2.633333333333333637e-01
3.233333333333333059e-01
0.000000000000000000e+00
3.333333333333333547e-03
8.333333333333332871e-02
1.700000000000000122e-01
6.666666666666666574e-02
4.000000000000000083e-02
6.766666666666666385e-01
1.333333333333333419e-02
7.633333333333333082e-01
1.959999999999999964e+00
4.966666666666666452e-01
5.333333333333333676e-02
2.966666666666666896e-01
1.033333333333333326e-01
2.366666666666666641e-01
4.600000000000000200e-01
5.299999999999999156e-01
6.833333333333332371e-01
7.399999999999998801e-01
1.900000000000000300e-01
1.443333333333333357e+00
2.900000000000000355e-01
4.966666666666666452e-01
8.000000000000000167e-02
6.133333333333333970e-01
1.266666666666666774e-01
5.166666666666666075e-01
1.100000000000000006e-01
1.133333333333333276e-01
6.733333333333333393e-01
8.333333333333332871e-02
5.133333333333333082e-01
8.000000000000000167e-02
1.366666666666666585e-01
1.366666666666666863e-01
6.966666666666666563e-01
2.966666666666666341e-01
4.566666666666667207e-01
9.000000000000001055e-02
9.233333333333333393e-01
2.133333333333333470e-01
3.200000000000000067e-01
9.733333333333332726e-01
1.633333333333333304e-01
2.533333333333333548e-01
1.666666666666666574e-01
7.233333333333332726e-01
1.866666666666666752e-01
3.800000000000000600e-01
5.500000000000000444e-01
1.893333333333333313e+00
1.673333333333333117e+00
9.300000000000000488e-01
9.833333333333333925e-01
1.266666666666666774e-01
5.999999999999999778e-01
2.233333333333333559e-01
1.999999999999999833e-01
1.033333333333333326e-01
6.199999999999999956e-01
2.266666666666666829e-01
2.666666666666666630e-01
1.176666666666666750e+00
1.330000000000000071e+00
1.349999999999999867e+00
2.766666666666666718e-01
6.400000000000000133e-01
1.666666666666666644e-02
6.833333333333332371e-01
1.466666666666666397e-01
1.166666666666666546e-01
1.330000000000000071e+00
7.200000000000000844e-01
9.333333333333332371e-01
3.833333333333333592e-01
1.366666666666666918e+00
7.266666666666666829e-01
5.500000000000000444e-01
5.333333333333334370e-02
3.733333333333333504e-01
1.733333333333333393e-01
1.223333333333333384e+00
1.436666666666666758e+00
3.033333333333332882e-01
3.866666666666666585e-01
1.800000000000000211e-01
7.233333333333332726e-01
1.096666666666666679e+00
5.833333333333333703e-01
8.666666666666666963e-02
3.500000000000000333e-01
1.100000000000000006e-01
2.299999999999999822e-01
1.166666666666666546e-01
1.233333333333333365e-01
1.336666666666666670e+00
2.999999999999999889e-01
6.733333333333332282e-01
1.316666666666666652e+00
