7.533333333333332993e-01
8.666666666666666963e-02
1.266666666666666774e-01
1.300000000000000044e-01
5.566666666666666430e-01
1.333333333333333419e-02
1.766666666666666663e-01
1.366666666666666863e-01
6.666666666666667095e-03
3.333333333333333547e-03
3.566666666666666319e-01
1.253333333333333188e+00
3.300000000000000155e-01
1.533333333333333215e-01
2.300000000000000100e-01
8.066666666666666430e-01
6.666666666666666297e-01
7.233333333333332726e-01
4.666666666666666879e-02
8.666666666666666963e-02
7.333333333333333370e-02
1.033333333333333326e-01
9.000000000000001055e-02
9.033333333333333215e-01
5.466666666666667451e-01
5.533333333333333437e-01
3.766666666666666496e-01
2.966666666666666896e-01
7.033333333333332549e-01
6.333333333333333870e-02
0.000000000000000000e+00
1.399999999999999856e-01
0.000000000000000000e+00
6.666666666666667095e-03
1.333333333333333419e-02
1.666666666666666574e-01
2.033333333333333381e-01
3.533333333333333326e-01
4.533333333333333104e-01
5.766666666666666607e-01
9.666666666666667851e-02
1.800000000000000211e-01
0.000000000000000000e+00
1.080000000000000071e+00
1.399999999999999856e-01
7.333333333333333925e-01
6.300000000000000044e-01
6.666666666666666574e-02
2.666666666666666838e-02
5.999999999999999778e-02
6.333333333333333870e-02
2.000000000000000389e-01
4.133333333333333304e-01
7.699999999999999067e-01
1.333333333333333315e-01
1.066666666666666735e-01
8.666666666666666963e-02
3.899999999999999578e-01
4.000000000000000083e-02
1.433333333333333404e-01
8.433333333333333792e-01
1.166666666666666546e-01
1.266666666666666774e-01
3.233333333333333059e-01
9.433333333333333570e-01
3.166666666666667074e-01
8.000000000000000167e-02
1.833333333333333481e-01
5.999999999999999778e-01
4.099999999999999756e-01
1.040000000000000036e+00
1.133333333333333276e-01
1.833333333333333481e-01
1.233333333333333365e-01
2.666666666666666838e-02
5.666666666666667074e-02
3.833333333333333037e-01
5.866666666666667806e-01
3.566666666666666874e-01
3.733333333333333504e-01
3.300000000000000155e-01
4.833333333333333370e-01
2.000000000000000042e-02
3.333333333333333547e-03
1.233333333333333365e-01
0.000000000000000000e+00
0.000000000000000000e+00
6.666666666666667095e-03
2.066666666666666652e-01
2.699999999999999623e-01
9.999999999999999167e-02
9.666666666666666463e-02
4.466666666666666008e-01
7.666666666666667462e-02
2.066666666666666652e-01
3.333333333333333547e-03
7.500000000000000000e-01
1.366666666666666863e-01
3.366666666666666696e-01
6.300000000000000044e-01
6.333333333333333870e-02
4.000000000000000083e-02
1.433333333333333404e-01
5.333333333333333676e-02
7.200000000000000844e-01
1.363333333333333286e+00
