8.133333333333333526e-01
8.299999999999999600e-01
9.333333333333333759e-02
2.433333333333333182e-01
1.466666666666666674e-01
3.899999999999999578e-01
5.633333333333333526e-01
6.333333333333333870e-02
1.199999999999999956e-01
3.333333333333333547e-03
2.999999999999999889e-02
4.666666666666666879e-02
5.666666666666667074e-02
1.000000000000000021e-02
1.666666666666666644e-02
8.000000000000000167e-02
2.000000000000000042e-02
3.333333333333333287e-02
2.333333333333333440e-02
1.600000000000000033e-01
3.333333333333333547e-03
1.133333333333333415e-01
3.333333333333333287e-02
8.333333333333332871e-02
4.000000000000000083e-02
2.933333333333333348e-01
2.533333333333333548e-01
6.000000000000000472e-02
1.033333333333333326e-01
1.600000000000000033e-01
6.633333333333333304e-01
1.040000000000000036e+00
2.233333333333333559e-01
2.066666666666666652e-01
4.966666666666666452e-01
4.999999999999999584e-02
2.000000000000000389e-01
2.233333333333333559e-01
5.333333333333334370e-02
2.099999999999999922e-01
2.933333333333333348e-01
1.533333333333333215e-01
3.733333333333333504e-01
4.099999999999999756e-01
7.666666666666667462e-02
1.010000000000000009e+00
8.099999999999999423e-01
2.566666666666666541e-01
1.580000000000000071e+00
1.873333333333333295e+00
