1.053333333333333455e+00
4.133333333333333859e-01
1.233333333333333365e-01
2.066666666666666652e-01
5.833333333333333703e-01
1.263333333333333419e+00
1.266666666666666774e-01
1.166666666666666824e-01
7.333333333333333370e-02
7.666666666666667462e-02
1.733333333333333393e-01
1.010000000000000009e+00
3.333333333333333547e-03
2.933333333333333903e-01
1.193333333333333357e+00
0.000000000000000000e+00
3.300000000000000155e-01
3.333333333333333287e-02
6.766666666666667496e-01
4.000000000000000083e-02
6.800000000000000488e-01
2.833333333333333814e-01
0.000000000000000000e+00
9.000000000000001055e-02
2.399999999999999911e-01
1.000000000000000021e-02
1.566666666666666485e-01
2.600000000000000089e-01
7.666666666666667462e-02
5.000000000000000000e-01
2.999999999999999889e-01
4.899999999999999911e-01
1.696666666666666545e+00
0.000000000000000000e+00
1.199999999999999956e-01
9.033333333333333215e-01
0.000000000000000000e+00
1.000000000000000021e-02
5.600000000000000533e-01
7.033333333333332549e-01
6.666666666666667095e-03
3.200000000000000067e-01
1.733333333333333393e-01
1.399999999999999856e-01
3.500000000000000333e-01
1.166666666666666824e-01
9.999999999999999167e-02
1.633333333333333304e-01
1.366666666666666863e-01
2.166666666666666741e-01
3.333333333333333287e-02
9.666666666666666463e-02
1.696666666666666545e+00
4.400000000000000022e-01
2.466666666666666730e-01
1.383333333333333526e+00
4.000000000000000083e-02
1.333333333333333419e-02
1.666666666666666574e-01
5.999999999999999778e-02
2.999999999999999889e-02
7.799999999999999156e-01
5.300000000000000266e-01
1.166666666666666824e-01
2.196666666666666767e+00
4.633333333333333193e-01
1.199999999999999956e-01
1.879999999999999893e+00
1.566666666666666485e-01
6.333333333333333870e-02
5.566666666666666430e-01
2.333333333333333440e-02
3.333333333333333547e-03
8.000000000000000167e-02
1.169999999999999929e+00
5.633333333333333526e-01
1.333333333333333419e-02
5.333333333333333676e-02
5.033333333333332993e-01
3.333333333333333287e-02
3.266666666666666607e-01
5.033333333333332993e-01
8.700000000000001066e-01
2.666666666666666838e-02
7.666666666666666075e-01
4.400000000000000022e-01
6.666666666666666574e-02
4.333333333333333481e-02
3.666666666666666963e-01
1.766666666666666663e-01
2.666666666666666838e-02
9.433333333333333570e-01
3.499999999999999223e-01
1.683333333333333570e+00
1.933333333333333293e-01
4.233333333333333393e-01
6.266666666666665941e-01
4.333333333333333481e-01
8.800000000000000044e-01
2.399999999999999911e-01
6.166666666666665853e-01
4.133333333333333304e-01
1.273333333333333428e+00
5.933333333333333792e-01
2.866666666666666807e-01
9.999999999999999167e-02
8.900000000000000133e-01
9.133333333333334414e-01
6.266666666666665941e-01
4.199999999999999845e-01
5.066666666666667096e-01
5.366666666666667362e-01
9.100000000000000311e-01
1.199999999999999956e-01
6.333333333333333037e-01
2.400000000000000355e+00
4.433333333333333570e-01
1.669999999999999929e+00
9.866666666666666918e-01
1.006666666666666599e+00
2.033333333333333381e-01
9.700000000000000844e-01
2.106666666666666909e+00
8.000000000000000167e-02
4.399999999999999467e-01
4.733333333333333282e-01
2.359999999999999876e+00
2.353333333333333055e+00
7.999999999999999334e-01
4.333333333333332926e-01
2.600000000000000089e-01
1.999999999999999833e-01
3.200000000000000067e-01
1.936666666666666758e+00
2.700000000000000178e-01
1.300000000000000044e-01
3.666666666666666685e-02
5.666666666666667074e-02
7.666666666666667462e-02
7.233333333333332726e-01
2.666666666666666838e-02
3.899999999999999578e-01
1.123333333333333295e+00
5.666666666666666380e-02
1.433333333333333404e-01
8.999999999999998279e-02
5.933333333333333792e-01
2.000000000000000042e-02
5.466666666666666341e-01
3.599999999999999312e-01
0.000000000000000000e+00
1.133333333333333276e-01
5.833333333333333703e-01
9.666666666666667851e-02
5.999999999999999778e-01
4.433333333333333570e-01
1.433333333333333404e-01
2.266666666666666552e-01
4.466666666666666008e-01
8.166666666666667629e-01
1.453333333333333144e+00
1.666666666666666644e-02
1.266666666666666774e-01
1.190000000000000169e+00
1.666666666666666644e-02
3.333333333333333547e-03
3.300000000000000155e-01
5.999999999999999778e-01
2.999999999999999889e-02
1.533333333333333492e-01
2.399999999999999911e-01
9.333333333333333759e-02
3.700000000000000511e-01
0.000000000000000000e+00
1.200000000000000094e-01
4.666666666666666879e-02
1.366666666666666585e-01
6.666666666666667095e-03
6.666666666666667095e-03
3.166666666666666519e-01
8.666666666666665853e-01
9.000000000000001055e-02
2.833333333333333814e-01
1.493333333333333401e+00
6.999999999999999278e-02
8.666666666666666963e-02
5.066666666666667096e-01
0.000000000000000000e+00
3.333333333333333287e-02
1.186666666666666758e+00
4.500000000000000111e-01
0.000000000000000000e+00
7.299999999999999822e-01
1.963333333333333153e+00
4.000000000000000083e-02
9.566666666666666652e-01
1.366666666666666863e-01
9.999999999999999167e-02
9.566666666666666652e-01
8.000000000000000167e-02
0.000000000000000000e+00
2.299999999999999822e-01
9.100000000000000311e-01
5.933333333333333792e-01
0.000000000000000000e+00
4.466666666666667118e-01
1.233333333333333365e-01
4.000000000000000083e-02
6.000000000000000472e-02
2.433333333333333182e-01
9.266666666666666385e-01
4.333333333333333481e-02
2.833333333333333814e-01
5.333333333333333259e-01
2.299999999999999822e-01
1.800000000000000211e-01
7.900000000000000355e-01
2.099999999999999922e-01
2.500000000000000000e-01
2.616666666666666696e+00
6.400000000000000133e-01
1.433333333333333348e+00
3.600000000000000422e-01
3.166666666666666519e-01
2.199999999999999734e-01
3.133333333333333526e-01
5.799999999999999600e-01
8.499999999999999778e-01
6.600000000000000311e-01
2.533333333333333548e-01
1.206666666666666776e+00
2.133333333333332915e-01
1.233333333333333365e-01
1.033333333333333326e-01
3.133333333333332971e-01
3.300000000000000155e-01
8.766666666666665941e-01
1.833333333333333481e-01
3.299999999999999600e-01
1.266666666666666774e-01
5.066666666666667096e-01
1.900000000000000300e-01
1.799999999999999656e-01
1.869999999999999885e+00
5.933333333333332682e-01
1.783333333333333215e+00
4.266666666666666941e-01
5.699999999999999512e-01
4.099999999999999756e-01
3.043333333333333446e+00
6.900000000000000577e-01
1.566666666666666485e-01
3.133333333333332971e-01
4.400000000000000022e-01
1.686666666666666758e+00
2.573333333333333250e+00
