5.666666666666667074e-02
4.666666666666666186e-02
1.700000000000000122e-01
9.333333333333333759e-02
6.199999999999999956e-01
4.500000000000000111e-01
2.666666666666666838e-02
3.333333333333333148e-01
2.166666666666666463e-01
5.300000000000000266e-01
2.966666666666666896e-01
1.166666666666666546e-01
1.500000000000000222e-01
2.000000000000000042e-02
1.033333333333333465e-01
0.000000000000000000e+00
7.333333333333334758e-02
3.333333333333333547e-03
7.666666666666667462e-02
4.333333333333333481e-02
5.999999999999999778e-02
2.999999999999999889e-01
2.233333333333333004e-01
1.333333333333333315e-01
0.000000000000000000e+00
4.000000000000000083e-02
0.000000000000000000e+00
0.000000000000000000e+00
0.000000000000000000e+00
4.666666666666666879e-02
1.600000000000000033e-01
8.000000000000000167e-02
2.399999999999999911e-01
1.066666666666666735e-01
6.666666666666667095e-03
7.000000000000000666e-02
1.066666666666666735e-01
6.666666666666667095e-03
3.333333333333333547e-03
1.063333333333333242e+00
3.333333333333333547e-03
4.433333333333333570e-01
6.766666666666666385e-01
1.666666666666666574e-01
1.600000000000000033e-01
2.666666666666666838e-02
7.333333333333333370e-02
0.000000000000000000e+00
1.110000000000000098e+00
7.333333333333334758e-02
2.000000000000000042e-02
5.300000000000000266e-01
1.499999999999999944e-01
2.066666666666666652e-01
7.566666666666667096e-01
3.600000000000000422e-01
3.366666666666666696e-01
1.399999999999999856e-01
1.006666666666666599e+00
8.000000000000000167e-02
1.400000000000000133e-01
5.899999999999999689e-01
1.766666666666666663e-01
2.633333333333333637e-01
5.999999999999999778e-02
1.466666666666666397e-01
6.666666666666666574e-02
2.366666666666666641e-01
8.099999999999999423e-01
1.966666666666666841e-01
1.166666666666666824e-01
3.666666666666666685e-02
3.333333333333333547e-03
1.633333333333333304e-01
1.833333333333333481e-01
1.866666666666666752e-01
1.933333333333333293e-01
1.033333333333333326e-01
1.999999999999999833e-01
1.866666666666666752e-01
2.433333333333333182e-01
2.333333333333333440e-02
5.666666666666667074e-02
3.000000000000000236e-02
0.000000000000000000e+00
3.333333333333333287e-02
2.666666666666666838e-02
8.000000000000000167e-02
6.400000000000000133e-01
3.333333333333333547e-03
1.239999999999999991e+00
2.233333333333333004e-01
1.033333333333333465e-01
1.000000000000000021e-02
1.866666666666666474e-01
2.333333333333333093e-01
1.499999999999999944e-01
2.566666666666666541e-01
4.333333333333333481e-01
5.666666666666666380e-02
1.266666666666666774e-01
1.866666666666666752e-01
8.333333333333332871e-02
2.733333333333333726e-01
9.999999999999999167e-02
8.666666666666666963e-02
3.733333333333333504e-01
1.999999999999999833e-01
2.833333333333333814e-01
1.066666666666666735e-01
1.933333333333333293e-01
1.266666666666666774e-01
4.666666666666666879e-02
1.399999999999999856e-01
2.433333333333333737e-01
1.333333333333333419e-02
2.999999999999999889e-02
2.333333333333333440e-02
3.333333333333333287e-02
4.000000000000000083e-02
6.333333333333333870e-02
0.000000000000000000e+00
3.666666666666666685e-02
1.133333333333333276e-01
8.666666666666665853e-01
1.633333333333333304e-01
2.566666666666666541e-01
8.666666666666666963e-02
8.333333333333332871e-02
2.733333333333333726e-01
7.633333333333333082e-01
7.000000000000000666e-02
8.766666666666665941e-01
2.700000000000000178e-01
3.333333333333333287e-02
2.999999999999999889e-01
0.000000000000000000e+00
6.666666666666667095e-03
5.100000000000000089e-01
3.333333333333333547e-03
1.000000000000000021e-02
6.999999999999999278e-02
1.466666666666666397e-01
8.999999999999998279e-02
6.533333333333333215e-01
2.666666666666666838e-02
7.333333333333334758e-02
1.000000000000000021e-02
9.233333333333333393e-01
1.533333333333333492e-01
1.400000000000000133e-01
6.000000000000000472e-02
1.566666666666666485e-01
2.500000000000000000e-01
3.266666666666666607e-01
8.666666666666666963e-02
3.899999999999999578e-01
3.600000000000000422e-01
8.333333333333332871e-02
1.100000000000000006e-01
2.399999999999999911e-01
0.000000000000000000e+00
7.666666666666667462e-02
5.666666666666666380e-02
3.266666666666666607e-01
1.499999999999999944e-01
1.396666666666666723e+00
8.666666666666666963e-02
2.066666666666666929e-01
8.866666666666667140e-01
1.499999999999999944e-01
9.333333333333333759e-02
9.666666666666667851e-02
3.466666666666666785e-01
5.333333333333333676e-02
1.499999999999999944e-01
1.566666666666666485e-01
2.666666666666666838e-02
0.000000000000000000e+00
0.000000000000000000e+00
1.333333333333333419e-02
1.333333333333333419e-02
4.333333333333333481e-02
5.033333333333332993e-01
1.166666666666666546e-01
7.633333333333333082e-01
6.666666666666667095e-03
1.733333333333333393e-01
0.000000000000000000e+00
1.333333333333333419e-02
1.000000000000000021e-02
2.133333333333332915e-01
2.333333333333333093e-01
2.333333333333333093e-01
2.700000000000000178e-01
2.899999999999999800e-01
1.199999999999999956e-01
9.999999999999999167e-02
5.233333333333333171e-01
1.110000000000000098e+00
2.666666666666666630e-01
1.316666666666666652e+00
1.100000000000000006e-01
4.000000000000000083e-02
6.666666666666667095e-03
8.000000000000000167e-02
3.666666666666666685e-02
4.099999999999999756e-01
3.000000000000000236e-02
9.000000000000001055e-02
7.333333333333333370e-02
8.666666666666666963e-02
1.300000000000000044e-01
1.733333333333333393e-01
1.000000000000000194e-01
0.000000000000000000e+00
8.733333333333334059e-01
1.333333333333333315e-01
3.333333333333333547e-03
1.300000000000000044e-01
1.000000000000000194e-01
1.233333333333333365e-01
6.833333333333332371e-01
