1.000000000000000222e+00
2.630000000000000338e+00
2.000000000000000042e-02
1.026666666666666616e+00
1.300000000000000044e+00
4.000000000000000083e-02
1.533333333333333215e-01
1.700000000000000122e-01
1.366666666666666863e-01
9.899999999999998801e-01
2.899999999999999800e-01
1.669999999999999929e+00
5.666666666666667074e-02
4.333333333333333481e-02
6.333333333333333870e-02
6.666666666666666574e-02
3.666666666666666685e-02
1.066666666666666735e-01
1.933333333333333293e-01
1.633333333333333304e-01
9.666666666666667851e-02
5.799999999999999600e-01
2.933333333333332793e-01
1.666666666666666574e-01
2.266666666666666552e-01
3.833333333333333037e-01
7.366666666666666918e-01
1.796666666666666856e+00
3.133333333333332971e-01
1.666666666666666644e-02
2.999999999999999889e-02
3.133333333333332971e-01
0.000000000000000000e+00
4.333333333333333481e-02
2.000000000000000042e-02
0.000000000000000000e+00
3.333333333333333547e-03
3.733333333333333504e-01
4.000000000000000083e-02
3.000000000000000236e-02
9.333333333333333759e-02
4.666666666666666879e-02
9.533333333333332549e-01
1.000000000000000021e-02
1.400000000000000133e-01
6.566666666666667318e-01
2.966666666666666341e-01
5.966666666666666785e-01
2.716666666666666785e+00
1.800000000000000211e-01
1.700000000000000122e-01
1.999999999999999833e-01
3.666666666666666408e-01
4.500000000000000111e-01
1.033333333333333326e-01
1.000000000000000021e-02
1.900000000000000300e-01
1.666666666666666644e-02
1.933333333333333570e-01
3.333333333333333287e-02
1.800000000000000211e-01
1.000000000000000194e-01
5.999999999999999778e-02
1.133333333333333415e-01
8.000000000000000167e-02
6.666666666666667095e-03
3.333333333333333287e-02
3.099999999999999978e-01
2.033333333333333659e-01
2.333333333333333440e-02
9.833333333333332815e-01
1.166666666666666546e-01
3.566666666666666874e-01
2.333333333333333440e-02
2.133333333333333470e-01
5.333333333333333259e-01
5.833333333333333703e-01
7.999999999999999334e-01
1.086666666666666670e+00
2.133333333333333470e-01
1.840000000000000080e+00
3.299999999999999600e-01
2.866666666666666807e-01
3.600000000000000422e-01
2.339999999999999858e+00
4.499999999999999556e-01
6.400000000000000133e-01
9.999999999999999167e-02
3.666666666666666685e-02
3.333333333333333547e-03
1.199999999999999956e-01
8.133333333333334636e-01
1.000000000000000021e-02
3.333333333333333287e-02
3.300000000000000155e-01
3.033333333333332882e-01
0.000000000000000000e+00
1.333333333333333419e-02
1.999999999999999833e-01
3.333333333333333547e-03
1.000000000000000021e-02
1.166666666666666824e-01
9.333333333333333759e-02
3.099999999999999978e-01
6.300000000000000044e-01
9.933333333333335124e-01
1.399999999999999856e-01
3.266666666666666607e-01
9.666666666666666741e-01
2.266666666666666552e-01
3.066666666666666985e-01
5.333333333333333676e-02
9.666666666666666463e-02
8.000000000000000167e-02
1.199999999999999956e-01
2.333333333333333440e-02
2.833333333333333259e-01
7.366666666666666918e-01
8.366666666666667806e-01
1.000000000000000194e-01
3.000000000000000236e-02
1.099999999999999867e-01
9.266666666666667496e-01
2.866666666666666807e-01
7.933333333333333348e-01
