3.733333333333332948e-01
5.999999999999999778e-01
0.000000000000000000e+00
6.333333333333333870e-02
6.666666666666667095e-03
1.466666666666666952e-01
3.966666666666666674e-01
2.666666666666666838e-02
2.333333333333333440e-02
6.666666666666667095e-03
7.466666666666665897e-01
0.000000000000000000e+00
3.666666666666666685e-02
2.033333333333333659e-01
0.000000000000000000e+00
2.733333333333333726e-01
1.000000000000000021e-02
1.000000000000000021e-02
1.000000000000000021e-02
2.666666666666666838e-02
5.000000000000000971e-02
2.000000000000000042e-02
3.833333333333333592e-01
1.666666666666666644e-02
1.433333333333333404e-01
7.666666666666667462e-02
4.799999999999999822e-01
3.066666666666666985e-01
4.033333333333333215e-01
2.266666666666666552e-01
8.666666666666666963e-02
5.466666666666667451e-01
9.333333333333333759e-02
5.366666666666667362e-01
5.566666666666666430e-01
3.033333333333333437e-01
8.533333333333333881e-01
2.933333333333333348e-01
2.666666666666666838e-02
4.000000000000000083e-02
9.266666666666667496e-01
1.666666666666666574e-01
4.666666666666666879e-02
4.000000000000000083e-02
3.300000000000000155e-01
9.133333333333334414e-01
2.466666666666666730e-01
6.333333333333333870e-02
1.333333333333333419e-02
0.000000000000000000e+00
0.000000000000000000e+00
1.266666666666666774e-01
2.833333333333333814e-01
3.600000000000000422e-01
3.066666666666666430e-01
9.999999999999999167e-02
1.050000000000000044e+00
2.799999999999999711e-01
1.733333333333333393e-01
1.233333333333333365e-01
7.799999999999999156e-01
1.266666666666666774e-01
3.933333333333333681e-01
5.733333333333332504e-01
0.000000000000000000e+00
1.000000000000000021e-02
5.633333333333333526e-01
3.166666666666666519e-01
0.000000000000000000e+00
8.333333333333332871e-02
7.600000000000001199e-01
5.000000000000000971e-02
1.266666666666666774e-01
9.666666666666667851e-02
5.933333333333333792e-01
2.233333333333333004e-01
2.466666666666666730e-01
2.133333333333333470e-01
4.699999999999999734e-01
6.666666666666666574e-02
1.426666666666666750e+00
1.669999999999999929e+00
2.200000000000000011e-01
1.766666666666666663e-01
1.333333333333333419e-02
1.666666666666666644e-02
1.453333333333333366e+00
4.866666666666666363e-01
2.333333333333333440e-02
1.233333333333333365e-01
1.320000000000000062e+00
1.113333333333333286e+00
6.666666666666667095e-03
2.266666666666666552e-01
6.666666666666666574e-02
4.033333333333333215e-01
0.000000000000000000e+00
2.266666666666666552e-01
8.666666666666666963e-01
0.000000000000000000e+00
6.666666666666667095e-03
7.000000000000000666e-02
0.000000000000000000e+00
6.666666666666666574e-02
3.666666666666667379e-02
4.000000000000000083e-02
1.120000000000000107e+00
3.333333333333333287e-02
5.033333333333334103e-01
2.033333333333333381e-01
9.900000000000001021e-01
0.000000000000000000e+00
1.433333333333333404e-01
3.899999999999999578e-01
1.033333333333333326e-01
1.033333333333333326e-01
1.200000000000000094e-01
6.666666666666667095e-03
7.700000000000000178e-01
8.966666666666666119e-01
8.799999999999998934e-01
4.666666666666666879e-02
1.666666666666666574e-01
6.966666666666666563e-01
1.263333333333333419e+00
9.066666666666666208e-01
1.023333333333333206e+00
1.366666666666666863e-01
9.999999999999999167e-02
1.733333333333333393e-01
8.333333333333332871e-02
1.966666666666666563e-01
1.800000000000000211e-01
3.666666666666667379e-02
5.200000000000000178e-01
1.066666666666666458e-01
1.133333333333333415e-01
1.433333333333333126e-01
3.866666666666667140e-01
5.666666666666666380e-02
1.250000000000000000e+00
3.666666666666667379e-02
1.333333333333333419e-02
1.833333333333333481e-01
1.036666666666666625e+00
1.333333333333333315e-01
0.000000000000000000e+00
3.333333333333333547e-03
4.900000000000000466e-01
3.899999999999999578e-01
0.000000000000000000e+00
1.093333333333333490e+00
1.566666666666666485e-01
0.000000000000000000e+00
2.333333333333333093e-01
8.799999999999998934e-01
4.000000000000000083e-02
2.000000000000000042e-02
1.199999999999999956e-01
9.633333333333332638e-01
1.533333333333333215e-01
1.466666666666666397e-01
0.000000000000000000e+00
3.333333333333333547e-03
1.666666666666666574e-01
3.333333333333333287e-02
3.233333333333333059e-01
6.666666666666666574e-02
1.000000000000000021e-02
5.933333333333333792e-01
2.099999999999999922e-01
0.000000000000000000e+00
1.666666666666666644e-02
7.333333333333333370e-02
3.333333333333333547e-03
4.000000000000000083e-02
4.000000000000000083e-02
1.000000000000000021e-02
1.333333333333333419e-02
0.000000000000000000e+00
3.333333333333333547e-03
0.000000000000000000e+00
2.666666666666666838e-02
0.000000000000000000e+00
1.666666666666666644e-02
2.999999999999999889e-01
1.666666666666666574e-01
5.999999999999999778e-02
3.499999999999999223e-01
1.300000000000000044e-01
8.000000000000000167e-02
4.799999999999999822e-01
8.233333333333332504e-01
6.666666666666667095e-03
4.333333333333333481e-02
8.966666666666666119e-01
3.666666666666667379e-02
2.033333333333333381e-01
2.733333333333333171e-01
2.466666666666666730e-01
3.333333333333333547e-03
0.000000000000000000e+00
4.899999999999999911e-01
2.266666666666666552e-01
2.000000000000000042e-02
6.866666666666666474e-01
1.333333333333333315e-01
5.033333333333332993e-01
9.000000000000001055e-02
3.333333333333333547e-03
9.000000000000001055e-02
9.999999999999999167e-02
1.800000000000000211e-01
8.000000000000000167e-02
4.700000000000000289e-01
