1.086666666666666670e+00
1.700000000000000122e-01
1.896666666666666501e+00
1.466666666666666674e-01
1.400000000000000133e-01
7.833333333333333259e-01
3.266666666666666607e-01
3.600000000000000422e-01
2.683333333333333570e+00
1.730000000000000204e+00
7.133333333333333748e-01
6.266666666666665941e-01
1.899999999999999745e-01
3.066666666666666430e-01
6.833333333333332371e-01
8.533333333333333881e-01
1.666666666666666574e-01
1.633333333333333304e-01
1.933333333333333293e-01
9.666666666666666463e-02
2.333333333333333440e-02
1.633333333333333304e-01
1.136666666666666714e+00
1.183333333333333348e+00
6.099999999999999867e-01
4.666666666666666879e-02
1.733333333333333393e-01
2.466666666666666730e-01
3.666666666666666685e-02
2.200000000000000011e-01
3.333333333333333547e-03
3.966666666666666674e-01
2.333333333333333093e-02
2.833333333333333259e-01
3.066666666666666430e-01
1.033333333333333326e-01
1.966666666666666563e-01
5.000000000000000971e-02
8.333333333333333703e-01
1.313333333333333464e+00
1.183333333333333348e+00
3.333333333333333547e-03
5.666666666666667074e-02
2.033333333333333381e-01
3.333333333333333547e-03
0.000000000000000000e+00
2.733333333333333726e-01
1.999999999999999833e-01
0.000000000000000000e+00
2.333333333333333440e-02
6.666666666666667095e-03
2.233333333333333559e-01
4.599999999999999645e-01
5.699999999999999512e-01
1.833333333333333259e+00
2.433333333333333737e-01
2.233333333333333559e-01
1.196666666666666545e+00
2.066666666666666652e-01
1.600000000000000033e-01
1.266666666666666774e-01
1.333333333333333419e-02
4.666666666666666879e-02
0.000000000000000000e+00
3.333333333333333547e-03
5.599999999999999423e-01
1.266666666666666774e-01
4.333333333333333481e-02
4.666666666666667296e-01
1.000000000000000021e-02
1.600000000000000033e-01
2.833333333333333259e-01
1.386666666666666714e+00
4.333333333333333481e-02
1.566666666666666485e-01
5.666666666666666380e-02
3.899999999999999578e-01
4.333333333333333481e-02
0.000000000000000000e+00
1.333333333333333419e-02
4.000000000000000083e-02
4.400000000000000022e-01
4.333333333333333481e-02
0.000000000000000000e+00
8.233333333333333615e-01
5.766666666666666607e-01
1.666666666666666644e-02
2.033333333333333381e-01
1.756666666666666599e+00
1.153333333333333321e+00
3.733333333333333504e-01
1.340000000000000080e+00
1.809999999999999831e+00
2.566666666666666541e-01
7.099999999999999645e-01
4.399999999999999467e-01
9.966666666666665897e-01
1.933333333333333293e-01
2.999999999999999889e-01
7.166666666666666741e-01
6.666666666666666574e-02
6.666666666666666574e-02
2.166666666666666463e-01
2.133333333333333470e-01
3.933333333333333681e-01
3.699999999999999400e-01
2.333333333333333093e-01
1.316666666666666652e+00
4.266666666666666941e-01
1.466666666666666674e-01
2.999999999999999889e-01
1.666666666666666741e+00
1.466666666666666674e-01
2.419999999999999929e+00
