8.133333333333333526e-01
2.850000000000000089e+00
9.833333333333333925e-01
5.400000000000000355e-01
9.000000000000000222e-01
6.333333333333333870e-02
5.200000000000000178e-01
2.266666666666666829e-01
1.000000000000000021e-02
7.333333333333334758e-02
1.559999999999999831e+00
2.333333333333333093e-02
1.133333333333333276e-01
4.066666666666666763e-01
4.666666666666666879e-02
0.000000000000000000e+00
4.000000000000000083e-02
8.666666666666666963e-02
1.266666666666666774e-01
1.800000000000000211e-01
4.666666666666666879e-02
4.433333333333333570e-01
0.000000000000000000e+00
0.000000000000000000e+00
4.633333333333333193e-01
5.766666666666666607e-01
1.899999999999999745e-01
1.000000000000000021e-02
1.233333333333333365e-01
8.000000000000000167e-02
1.066666666666666735e-01
3.266666666666666607e-01
4.666666666666666879e-02
9.199999999999999289e-01
3.333333333333333148e-01
0.000000000000000000e+00
1.059999999999999831e+00
1.733333333333333393e-01
1.000000000000000021e-02
1.700000000000000122e-01
1.666666666666666644e-02
1.666666666666666644e-02
1.233333333333333365e-01
8.333333333333332871e-02
1.533333333333333215e+00
2.016666666666666607e+00
2.000000000000000042e-02
9.333333333333333759e-02
5.466666666666667451e-01
0.000000000000000000e+00
3.333333333333333547e-03
0.000000000000000000e+00
1.066666666666666735e-01
6.666666666666667095e-03
3.966666666666666674e-01
5.466666666666667451e-01
2.099999999999999922e-01
2.033333333333333381e-01
4.666666666666666879e-02
1.566666666666666485e-01
1.700000000000000122e-01
3.400000000000000244e-01
1.033333333333333326e-01
5.333333333333333676e-02
1.233333333333333365e-01
1.833333333333333481e-01
2.833333333333333814e-01
2.466666666666666730e-01
1.316666666666666652e+00
1.370000000000000107e+00
1.233333333333333365e-01
1.613333333333333286e+00
4.866666666666666363e-01
3.833333333333333592e-01
1.400000000000000133e-01
0.000000000000000000e+00
0.000000000000000000e+00
1.600000000000000033e-01
0.000000000000000000e+00
8.000000000000000167e-02
8.333333333333332871e-02
5.600000000000000533e-01
1.566666666666666485e-01
2.833333333333333814e-01
0.000000000000000000e+00
0.000000000000000000e+00
6.666666666666666574e-02
2.130000000000000338e+00
3.799999999999999489e-01
5.666666666666667074e-02
1.669999999999999929e+00
3.433333333333333237e-01
8.666666666666666963e-02
3.333333333333333287e-02
3.700000000000000511e-01
3.333333333333333547e-03
2.733333333333333726e-01
8.333333333333332871e-02
1.666666666666666644e-02
5.266666666666667274e-01
7.000000000000000666e-02
2.333333333333333440e-02
9.666666666666667851e-02
2.999999999999999889e-02
2.333333333333333440e-02
1.093333333333333268e+00
7.999999999999999334e-01
2.066666666666666652e-01
1.300000000000000044e-01
1.966666666666666563e-01
8.333333333333332871e-02
6.666666666666667095e-03
4.999999999999999584e-02
1.066666666666666735e-01
7.000000000000000666e-02
5.333333333333333259e-01
1.900000000000000300e-01
3.166666666666666519e-01
1.533333333333333215e-01
1.666666666666666644e-02
1.666666666666666574e-01
7.666666666666666075e-02
5.333333333333333676e-02
1.199999999999999956e-01
9.666666666666666463e-02
3.933333333333333681e-01
3.800000000000000600e-01
4.266666666666666941e-01
1.256666666666666821e+00
1.466666666666666674e-01
8.000000000000000167e-02
2.966666666666666896e-01
2.733333333333333726e-01
3.666666666666666963e-01
3.433333333333333237e-01
3.333333333333333287e-02
8.666666666666666963e-01
3.866666666666666585e-01
1.900000000000000300e-01
4.233333333333333393e-01
2.566666666666666541e-01
1.666666666666666644e-02
2.133333333333333470e-01
8.333333333333332871e-02
1.666666666666666644e-02
6.466666666666666119e-01
1.600000000000000033e-01
6.400000000000000133e-01
2.000000000000000042e-02
1.433333333333333404e-01
2.666666666666666838e-02
6.666666666666666574e-02
4.066666666666666763e-01
3.333333333333333287e-02
2.666666666666666838e-02
3.333333333333333287e-02
9.666666666666667851e-02
6.666666666666666574e-02
1.666666666666666644e-02
3.333333333333333287e-02
1.600000000000000033e-01
2.666666666666666838e-02
3.333333333333333547e-03
4.099999999999999756e-01
4.699999999999999734e-01
2.600000000000000089e-01
6.000000000000000472e-02
3.899999999999999578e-01
2.733333333333333726e-01
6.099999999999999867e-01
1.666666666666666644e-02
7.933333333333333348e-01
4.000000000000000083e-02
4.666666666666666879e-02
6.333333333333333870e-02
1.866666666666666752e-01
1.206666666666666776e+00
2.083333333333333481e+00
0.000000000000000000e+00
5.466666666666666341e-01
5.066666666666667096e-01
7.733333333333333171e-01
1.429999999999999938e+00
1.233333333333333365e-01
1.033333333333333326e-01
5.000000000000000000e-01
3.333333333333333547e-03
4.333333333333333481e-01
8.666666666666666963e-02
1.900000000000000300e-01
6.666666666666667095e-03
0.000000000000000000e+00
2.466666666666666730e-01
3.233333333333333059e-01
3.233333333333333059e-01
3.466666666666666785e-01
8.466666666666666785e-01
1.333333333333333419e-02
2.333333333333333440e-02
0.000000000000000000e+00
1.466666666666666952e-01
2.800000000000000266e-01
3.600000000000000422e-01
1.933333333333333570e-01
2.600000000000000089e-01
3.600000000000000422e-01
2.999999999999999889e-01
2.233333333333333559e-01
0.000000000000000000e+00
0.000000000000000000e+00
5.666666666666666380e-02
1.166666666666666546e-01
1.036666666666666625e+00
3.666666666666666963e-01
4.333333333333333481e-02
1.499999999999999944e-01
1.666666666666666644e-02
3.899999999999999578e-01
2.000000000000000042e-02
8.266666666666666607e-01
5.566666666666666430e-01
4.999999999999999584e-02
1.666666666666666644e-02
0.000000000000000000e+00
1.766666666666666663e-01
5.999999999999999778e-02
2.633333333333333637e-01
3.600000000000000422e-01
1.823333333333333250e+00
3.933333333333333681e-01
1.500000000000000000e+00
1.966666666666666841e-01
3.000000000000000236e-02
7.033333333333332549e-01
2.000000000000000042e-02
1.013333333333333419e+00
6.233333333333334059e-01
7.666666666666667462e-02
6.333333333333333870e-02
1.133333333333333276e-01
3.133333333333333526e-01
8.000000000000000167e-02
0.000000000000000000e+00
2.466666666666666730e-01
4.166666666666666852e-01
1.199999999999999956e-01
1.533333333333333215e-01
2.766666666666666718e-01
1.433333333333333404e-01
3.333333333333333148e-01
2.433333333333333182e-01
2.433333333333333182e-01
3.766666666666666496e-01
2.366666666666666641e-01
9.000000000000001055e-02
1.199999999999999956e-01
1.466666666666666674e-01
3.499999999999999223e-01
8.666666666666666963e-02
7.333333333333333370e-02
7.666666666666667462e-02
1.800000000000000211e-01
3.633333333333332860e-01
1.199999999999999956e-01
9.333333333333333759e-02
4.000000000000000083e-02
4.466666666666667118e-01
8.666666666666665853e-01
2.233333333333333559e-01
6.666666666666667095e-03
7.666666666666667462e-02
1.000000000000000021e-02
1.666666666666666644e-02
2.000000000000000042e-02
3.666666666666667379e-02
1.556666666666666643e+00
9.666666666666667851e-02
5.233333333333333171e-01
1.333333333333333419e-02
0.000000000000000000e+00
3.333333333333333547e-03
1.199999999999999956e-01
7.200000000000000844e-01
1.366666666666666863e-01
2.299999999999999822e-01
2.466666666666666730e-01
6.466666666666666119e-01
1.499999999999999944e-01
7.099999999999999645e-01
9.533333333333332549e-01
4.700000000000000289e-01
0.000000000000000000e+00
3.333333333333333547e-03
1.966666666666666563e-01
4.666666666666666879e-02
6.666666666666667095e-03
3.333333333333333547e-03
2.099999999999999922e-01
9.033333333333333215e-01
2.633333333333333082e-01
7.533333333333334103e-01
2.666666666666666838e-02
3.633333333333332860e-01
2.033333333333333381e-01
1.096666666666666679e+00
1.700000000000000122e-01
1.506666666666666821e+00
4.199999999999999845e-01
3.333333333333333547e-03
1.360000000000000098e+00
6.800000000000000488e-01
2.066666666666666652e-01
8.333333333333332871e-02
1.166666666666666546e-01
3.333333333333333547e-03
6.666666666666667095e-03
2.666666666666666838e-02
9.999999999999999167e-02
4.900000000000000466e-01
5.333333333333333676e-02
4.666666666666666186e-01
1.199999999999999956e-01
1.333333333333333419e-02
9.133333333333332194e-01
8.333333333333332871e-02
1.166666666666666546e-01
2.333333333333333440e-02
8.000000000000000167e-02
1.866666666666666474e-01
1.166666666666666824e-01
2.700000000000000178e-01
8.333333333333333703e-01
1.999999999999999833e-01
1.899999999999999745e-01
8.966666666666666119e-01
2.093333333333333268e+00
2.000000000000000042e-02
3.100000000000000533e-01
5.333333333333333676e-02
0.000000000000000000e+00
3.333333333333333547e-03
3.333333333333333547e-03
0.000000000000000000e+00
0.000000000000000000e+00
1.333333333333333419e-02
0.000000000000000000e+00
1.300000000000000044e-01
8.666666666666666963e-02
4.099999999999999756e-01
1.066666666666666735e-01
2.733333333333333726e-01
9.333333333333332371e-01
2.433333333333333182e-01
4.833333333333333370e-01
3.666666666666666685e-02
0.000000000000000000e+00
0.000000000000000000e+00
0.000000000000000000e+00
0.000000000000000000e+00
0.000000000000000000e+00
0.000000000000000000e+00
0.000000000000000000e+00
4.333333333333333481e-02
4.333333333333333481e-02
1.399999999999999856e-01
1.166666666666666741e+00
9.999999999999999167e-02
1.413333333333333330e+00
2.689999999999999947e+00
7.033333333333334769e-01
4.766666666666667385e-01
1.833333333333333204e-01
1.433333333333333404e-01
4.999999999999999584e-02
1.433333333333333404e-01
3.333333333333333547e-03
1.533333333333333215e-01
3.666666666666667379e-02
5.166666666666667185e-01
1.000000000000000194e-01
3.166666666666666519e-01
1.166666666666666546e-01
5.666666666666667074e-02
1.100000000000000006e-01
2.299999999999999822e-01
2.166666666666666741e-01
9.666666666666667851e-02
