6.733333333333333393e-01
2.833333333333333259e-01
1.013333333333333419e+00
9.000000000000001055e-02
4.533333333333333659e-01
2.266666666666666829e-01
1.300000000000000044e-01
1.696666666666666545e+00
2.266666666666666552e-01
5.666666666666667074e-02
6.600000000000000311e-01
0.000000000000000000e+00
2.266666666666666829e-01
6.733333333333333393e-01
9.233333333333333393e-01
2.099999999999999922e-01
4.333333333333333481e-01
2.833333333333333814e-01
1.366666666666666585e-01
2.099999999999999922e-01
6.666666666666666574e-02
3.600000000000000422e-01
1.530000000000000027e+00
5.766666666666666607e-01
1.766666666666666663e-01
1.233333333333333365e-01
1.333333333333333419e-02
3.366666666666667251e-01
4.333333333333333481e-02
4.433333333333333570e-01
4.000000000000000083e-02
3.966666666666666674e-01
2.666666666666666838e-02
1.933333333333333570e-01
2.700000000000000178e-01
1.173333333333333117e+00
1.096666666666666679e+00
2.666666666666666838e-02
2.933333333333333903e-01
2.333333333333333440e-02
1.333333333333333315e-01
8.666666666666666963e-02
2.233333333333333004e-01
5.000000000000000000e-01
1.366666666666666863e-01
1.700000000000000122e-01
7.000000000000000666e-02
9.066666666666667318e-01
1.266666666666666774e-01
1.666666666666666574e-01
1.113333333333333286e+00
1.933333333333333293e-01
3.733333333333332948e-01
3.600000000000000422e-01
1.933333333333333570e-01
3.733333333333333504e-01
4.333333333333332926e-01
1.323333333333333250e+00
3.066666666666666430e-01
6.800000000000000488e-01
1.400000000000000133e-01
9.466666666666667673e-01
3.666666666666665991e-02
1.766666666666666663e-01
3.466666666666666785e-01
4.000000000000000083e-02
1.233333333333333365e-01
6.666666666666667095e-03
2.033333333333333381e-01
2.166666666666666741e-01
8.333333333333332871e-02
2.166666666666666741e-01
3.800000000000000600e-01
2.083333333333333481e+00
6.666666666666666574e-02
3.733333333333332948e-01
2.666666666666666838e-02
1.433333333333333404e-01
8.000000000000000167e-02
4.666666666666666879e-02
4.000000000000000083e-02
1.000000000000000021e-02
0.000000000000000000e+00
6.033333333333333881e-01
2.333333333333333648e-01
1.703333333333333144e+00
5.833333333333333703e-01
5.133333333333333082e-01
9.666666666666667851e-02
2.700000000000000178e-01
0.000000000000000000e+00
9.500000000000000666e-01
9.666666666666666463e-02
1.633333333333333304e-01
1.666666666666666644e-02
4.400000000000000022e-01
0.000000000000000000e+00
8.999999999999999112e-01
6.000000000000000472e-02
8.333333333333333703e-01
3.400000000000000244e-01
1.130000000000000115e+00
1.999999999999999833e-01
2.799999999999999711e-01
1.239999999999999991e+00
