5.699999999999999512e-01
3.333333333333333547e-03
1.566666666666666485e-01
6.466666666666666119e-01
1.133333333333333415e-01
6.666666666666667095e-03
2.366666666666666641e-01
3.666666666666667379e-02
1.073333333333333250e+00
1.266666666666666774e-01
0.000000000000000000e+00
6.666666666666667095e-03
2.000000000000000042e-02
0.000000000000000000e+00
2.999999999999999889e-02
2.299999999999999822e-01
1.110000000000000098e+00
3.333333333333333547e-03
5.666666666666665408e-01
8.100000000000000533e-01
7.000000000000000666e-02
7.633333333333333082e-01
2.300000000000000100e-01
1.000000000000000021e-02
5.333333333333333259e-01
1.333333333333333419e-02
2.399999999999999911e-01
5.866666666666665586e-01
3.333333333333333547e-03
6.666666666666667095e-03
3.400000000000000244e-01
3.333333333333333287e-02
6.666666666666666574e-02
5.666666666666667074e-02
3.666666666666666685e-02
1.133333333333333415e-01
1.056666666666666643e+00
3.333333333333333287e-02
1.133333333333333276e-01
9.333333333333332371e-02
1.899999999999999745e-01
8.333333333333332871e-02
0.000000000000000000e+00
6.066666666666666874e-01
4.933333333333333459e-01
0.000000000000000000e+00
1.000000000000000021e-02
6.899999999999999467e-01
1.066666666666666735e-01
0.000000000000000000e+00
2.299999999999999822e-01
7.433333333333332904e-01
1.796666666666666634e+00
5.066666666666667096e-01
2.666666666666666630e-01
1.199999999999999956e-01
1.040000000000000036e+00
1.000000000000000021e-02
6.000000000000000888e-01
1.800000000000000211e-01
9.799999999999999822e-01
1.633333333333333304e-01
6.000000000000000472e-02
5.333333333333333259e-01
5.033333333333332993e-01
1.333333333333333419e-02
0.000000000000000000e+00
9.000000000000001055e-02
1.766666666666666663e-01
3.666666666666667379e-02
2.033333333333333381e-01
1.166666666666666546e-01
9.433333333333333570e-01
3.666666666666666685e-02
5.666666666666667074e-02
6.466666666666666119e-01
6.333333333333333870e-02
9.000000000000001055e-02
9.533333333333334769e-01
3.400000000000000244e-01
6.666666666666667095e-03
7.333333333333334758e-02
6.866666666666666474e-01
1.466666666666666674e-01
2.333333333333333440e-02
9.333333333333333759e-02
6.266666666666665941e-01
1.066666666666666458e-01
2.000000000000000042e-02
5.000000000000000000e-01
7.900000000000000355e-01
1.959999999999999964e+00
2.500000000000000000e-01
1.563333333333333242e+00
9.666666666666666463e-02
8.366666666666665586e-01
0.000000000000000000e+00
4.999999999999999584e-02
3.666666666666666685e-02
7.133333333333333748e-01
8.433333333333332682e-01
0.000000000000000000e+00
1.266666666666666774e-01
9.566666666666666652e-01
1.000000000000000021e-02
1.333333333333333419e-02
8.333333333333333703e-01
1.099999999999999867e+00
