1.110000000000000098e+00
7.299999999999999822e-01
8.599999999999999867e-01
4.966666666666666452e-01
7.933333333333334458e-01
5.566666666666666430e-01
3.699999999999999400e-01
3.333333333333333287e-02
1.800000000000000211e-01
4.899999999999999911e-01
7.366666666666666918e-01
1.333333333333333315e-01
9.199999999999999289e-01
7.299999999999999822e-01
7.399999999999998801e-01
3.433333333333332682e-01
3.733333333333333504e-01
1.833333333333333481e-01
6.566666666666666208e-01
1.033333333333333326e-01
2.533333333333333548e-01
1.666666666666666574e-01
1.666666666666666644e-02
4.266666666666666941e-01
7.000000000000000666e-02
3.333333333333333287e-02
1.000000000000000021e-02
8.666666666666666963e-02
4.000000000000000083e-02
0.000000000000000000e+00
2.666666666666666838e-02
4.999999999999999584e-02
1.333333333333333419e-02
3.333333333333333547e-03
1.333333333333333419e-02
5.666666666666667074e-02
4.566666666666666097e-01
6.333333333333333870e-02
4.666666666666666879e-02
1.499999999999999944e-01
4.666666666666666879e-02
1.700000000000000122e-01
4.333333333333333481e-02
3.000000000000000236e-02
1.333333333333333419e-02
1.100000000000000006e-01
3.200000000000000067e-01
7.399999999999998801e-01
1.133333333333333415e-01
2.203333333333333588e+00
2.570000000000000284e+00
9.066666666666666208e-01
2.933333333333333903e-01
1.250000000000000222e+00
2.133333333333333470e-01
1.370000000000000107e+00
1.353333333333333499e+00
1.266666666666666774e-01
5.000000000000000971e-02
1.766666666666666663e-01
1.666666666666666574e-01
9.266666666666667496e-01
4.599999999999999645e-01
5.566666666666666430e-01
6.099999999999999867e-01
1.183333333333333348e+00
1.700000000000000122e-01
4.766666666666666274e-01
1.526666666666666616e+00
5.000000000000000000e-01
6.666666666666666574e-02
6.033333333333333881e-01
3.366666666666666696e-01
6.666666666666666574e-02
7.200000000000000844e-01
2.333333333333333440e-02
1.333333333333333419e-02
2.999999999999999889e-02
1.533333333333333215e-01
4.333333333333333481e-02
0.000000000000000000e+00
6.666666666666666574e-02
1.366666666666666863e-01
9.000000000000001055e-02
4.000000000000000083e-02
4.666666666666666879e-02
4.000000000000000083e-02
8.133333333333333526e-01
1.833333333333333204e-01
3.666666666666666685e-02
3.666666666666667379e-02
3.333333333333333547e-03
5.999999999999999778e-02
2.000000000000000042e-02
3.333333333333333287e-02
6.000000000000000472e-02
9.666666666666666463e-02
1.533333333333333215e-01
1.573333333333333472e+00
3.600000000000000422e-01
3.096666666666666234e+00
2.000000000000000000e+00
1.013333333333333419e+00
8.033333333333333437e-01
8.666666666666666963e-01
6.633333333333334414e-01
9.899999999999998801e-01
9.599999999999999645e-01
3.833333333333333037e-01
9.000000000000001055e-02
7.666666666666667462e-02
1.100000000000000006e-01
1.466666666666666674e-01
1.333333333333333315e-01
5.833333333333333703e-01
3.500000000000000333e-01
8.833333333333334147e-01
1.933333333333333293e-01
3.333333333333333287e-02
1.000000000000000021e-02
1.033333333333333326e-01
2.000000000000000389e-01
8.166666666666667629e-01
1.666666666666666574e-01
3.666666666666666685e-02
6.766666666666667496e-01
3.666666666666667379e-02
4.000000000000000083e-02
0.000000000000000000e+00
3.666666666666667379e-02
1.000000000000000021e-02
1.666666666666666644e-02
4.000000000000000083e-02
1.300000000000000044e-01
7.666666666666666075e-02
6.666666666666667095e-03
1.333333333333333419e-02
7.666666666666666075e-02
6.333333333333333037e-01
3.333333333333333287e-02
1.333333333333333419e-02
1.466666666666666674e-01
8.000000000000000167e-02
5.333333333333334370e-02
7.000000000000000666e-02
1.499999999999999944e-01
4.999999999999999584e-02
6.333333333333333870e-02
2.099999999999999922e-01
1.316666666666666652e+00
1.833333333333333481e-01
1.719999999999999973e+00
1.520000000000000240e+00
