8.666666666666666963e-01
5.466666666666667451e-01
2.999999999999999889e-02
3.333333333333333287e-02
8.000000000000000167e-02
2.099999999999999922e-01
1.333333333333333419e-02
2.333333333333333093e-02
2.999999999999999889e-02
2.333333333333333093e-01
1.066666666666666735e-01
1.000000000000000194e-01
1.333333333333333419e-02
0.000000000000000000e+00
3.333333333333333547e-03
5.333333333333333676e-02
1.566666666666666763e-01
1.166666666666666546e-01
1.300000000000000044e-01
3.266666666666666607e-01
1.700000000000000122e-01
9.066666666666667318e-01
1.466666666666666674e-01
8.666666666666666963e-02
1.033333333333333437e+00
9.666666666666667851e-02
1.476666666666666794e+00
9.000000000000001055e-02
4.366666666666667029e-01
3.899999999999999578e-01
2.250000000000000000e+00
1.239999999999999991e+00
1.099999999999999867e-01
2.099999999999999922e-01
1.100000000000000006e-01
2.333333333333333440e-02
3.333333333333333287e-02
2.666666666666666838e-02
1.333333333333333419e-02
0.000000000000000000e+00
3.333333333333333547e-03
8.333333333333332871e-02
4.000000000000000083e-02
9.666666666666667851e-02
1.800000000000000211e-01
2.500000000000000000e-01
9.333333333333333759e-02
6.666666666666667095e-03
1.066666666666666735e-01
4.000000000000000083e-02
6.333333333333333870e-02
0.000000000000000000e+00
5.000000000000000971e-02
1.333333333333333419e-02
8.666666666666666963e-02
2.999999999999999889e-02
7.900000000000000355e-01
4.999999999999999584e-02
1.233333333333333365e-01
1.399999999999999856e-01
1.006666666666666599e+00
3.443333333333333357e+00
1.016666666666666829e+00
2.333333333333333093e-01
0.000000000000000000e+00
0.000000000000000000e+00
1.000000000000000021e-02
9.666666666666666463e-02
2.999999999999999889e-02
0.000000000000000000e+00
6.999999999999999278e-02
7.666666666666667462e-02
0.000000000000000000e+00
3.666666666666667379e-02
1.666666666666666644e-02
1.000000000000000021e-02
2.000000000000000042e-02
7.000000000000000666e-02
3.333333333333333287e-02
4.666666666666666879e-02
0.000000000000000000e+00
2.333333333333333093e-01
5.333333333333333676e-02
1.070000000000000062e+00
1.433333333333333404e-01
2.366666666666666641e-01
1.233333333333333393e+00
3.333333333333333287e-02
2.299999999999999822e-01
1.666666666666666644e-02
1.766666666666666663e-01
3.000000000000000236e-02
2.076666666666666661e+00
1.243333333333333401e+00
3.066666666666666430e-01
5.666666666666666380e-02
0.000000000000000000e+00
2.000000000000000042e-02
1.666666666666666644e-02
4.333333333333333481e-02
0.000000000000000000e+00
0.000000000000000000e+00
1.066666666666666735e-01
1.000000000000000021e-02
3.666666666666666685e-02
1.333333333333333419e-02
1.000000000000000021e-02
0.000000000000000000e+00
0.000000000000000000e+00
0.000000000000000000e+00
1.000000000000000021e-02
2.333333333333333440e-02
7.666666666666667462e-02
6.666666666666667095e-03
0.000000000000000000e+00
3.333333333333333547e-03
0.000000000000000000e+00
3.333333333333333547e-03
5.333333333333333259e-01
2.333333333333333440e-02
1.333333333333333315e-01
4.666666666666666879e-02
4.133333333333333859e-01
2.600000000000000089e+00
1.276666666666666616e+00
3.033333333333333992e-01
7.666666666666667462e-02
4.433333333333333570e-01
6.333333333333333870e-02
2.900000000000000355e-01
9.666666666666667851e-02
7.666666666666667462e-02
9.333333333333332371e-02
5.333333333333333676e-02
0.000000000000000000e+00
5.333333333333333676e-02
1.000000000000000021e-02
2.666666666666666838e-02
5.666666666666667074e-02
6.333333333333333870e-02
4.999999999999999584e-02
2.999999999999999889e-02
0.000000000000000000e+00
4.933333333333333459e-01
3.000000000000000236e-02
9.733333333333332726e-01
1.000000000000000021e-02
1.066666666666666735e-01
1.169999999999999929e+00
8.000000000000000167e-02
3.533333333333333326e-01
5.999999999999999778e-02
1.033333333333333326e-01
9.666666666666666463e-02
1.619999999999999885e+00
6.199999999999999956e-01
1.366666666666666863e-01
6.666666666666666574e-02
1.300000000000000044e-01
7.666666666666667462e-02
2.000000000000000042e-02
3.333333333333333547e-03
1.333333333333333419e-02
3.333333333333333547e-03
3.333333333333333547e-03
2.666666666666666838e-02
0.000000000000000000e+00
4.666666666666666879e-02
1.000000000000000021e-02
0.000000000000000000e+00
3.666666666666666685e-02
6.666666666666667095e-03
1.300000000000000044e-01
4.000000000000000083e-02
4.333333333333333481e-02
0.000000000000000000e+00
3.333333333333333547e-03
0.000000000000000000e+00
5.333333333333333676e-02
6.000000000000000472e-02
7.099999999999999645e-01
0.000000000000000000e+00
2.633333333333333637e-01
0.000000000000000000e+00
6.833333333333332371e-01
1.030000000000000027e+00
6.533333333333333215e-01
5.433333333333333348e-01
6.666666666666666574e-02
2.299999999999999822e-01
9.000000000000001055e-02
2.600000000000000089e-01
3.666666666666666685e-02
4.000000000000000083e-02
4.000000000000000083e-02
1.666666666666666574e-01
1.666666666666666644e-02
1.333333333333333419e-02
3.666666666666667379e-02
6.333333333333333870e-02
5.333333333333333676e-02
7.666666666666667462e-02
3.200000000000000067e-01
8.333333333333332871e-02
2.333333333333333440e-02
3.500000000000000333e-01
5.333333333333333676e-02
7.299999999999999822e-01
8.000000000000000167e-02
3.999999999999999667e-01
1.353333333333333499e+00
7.666666666666666075e-02
1.080000000000000071e+00
1.100000000000000006e-01
2.099999999999999922e-01
1.333333333333333419e-02
1.406666666666666510e+00
5.866666666666666696e-01
3.333333333333333287e-02
1.333333333333333419e-02
5.333333333333333676e-02
3.666666666666667379e-02
3.333333333333333547e-03
3.666666666666666685e-02
2.333333333333333093e-02
1.666666666666666644e-02
2.333333333333333440e-02
3.333333333333333547e-03
9.333333333333333759e-02
9.666666666666666463e-02
6.999999999999999278e-02
3.333333333333333547e-03
0.000000000000000000e+00
1.666666666666666644e-02
7.666666666666666075e-02
2.000000000000000042e-02
4.000000000000000083e-02
0.000000000000000000e+00
5.999999999999999778e-02
0.000000000000000000e+00
7.666666666666666075e-02
1.666666666666666644e-02
7.633333333333333082e-01
9.333333333333333759e-02
5.500000000000000444e-01
1.466666666666666674e-01
1.379999999999999893e+00
1.660000000000000142e+00
5.533333333333333437e-01
7.799999999999999156e-01
7.333333333333333370e-02
1.400000000000000133e-01
1.333333333333333419e-02
9.333333333333333759e-02
6.666666666666666574e-02
1.000000000000000021e-02
6.333333333333333870e-02
2.999999999999999889e-02
3.333333333333333547e-03
4.000000000000000083e-02
1.333333333333333419e-02
6.666666666666667095e-03
2.333333333333333440e-02
9.666666666666666463e-02
6.666666666666666574e-02
3.000000000000000236e-02
0.000000000000000000e+00
6.066666666666665764e-01
7.000000000000000666e-02
1.303333333333333455e+00
2.666666666666666838e-02
3.233333333333333059e-01
1.606666666666666687e+00
4.333333333333333481e-02
1.066666666666666652e+00
1.666666666666666644e-02
2.699999999999999623e-01
2.566666666666666541e-01
1.969999999999999973e+00
1.343333333333333490e+00
1.966666666666666841e-01
1.666666666666666574e-01
3.333333333333333287e-02
5.666666666666667074e-02
1.366666666666666863e-01
4.666666666666666879e-02
1.666666666666666644e-02
6.666666666666667095e-03
2.666666666666666838e-02
5.333333333333333676e-02
6.666666666666667095e-03
4.666666666666666879e-02
1.333333333333333419e-02
0.000000000000000000e+00
3.333333333333333287e-02
5.666666666666666380e-02
5.333333333333333676e-02
2.233333333333333559e-01
1.233333333333333365e-01
6.666666666666667095e-03
1.333333333333333419e-02
0.000000000000000000e+00
1.333333333333333419e-02
9.999999999999999167e-02
8.700000000000001066e-01
3.333333333333333547e-03
9.666666666666666463e-02
1.000000000000000021e-02
6.800000000000000488e-01
2.336666666666666892e+00
