2.410000000000000142e+00
5.833333333333333703e-01
1.300000000000000044e-01
1.866666666666666474e-01
1.433333333333333404e-01
4.000000000000000083e-02
8.466666666666666785e-01
1.133333333333333304e+00
2.129999999999999893e+00
2.899999999999999800e-01
1.250000000000000000e+00
4.333333333333333481e-02
1.436666666666666758e+00
8.700000000000001066e-01
1.533333333333333492e-01
4.400000000000000022e-01
1.066666666666666735e-01
1.099999999999999867e-01
4.266666666666666941e-01
1.333333333333333419e-02
0.000000000000000000e+00
4.333333333333333481e-02
1.100000000000000006e-01
1.066666666666666735e-01
1.666666666666666644e-02
1.683333333333333348e+00
1.733333333333333393e-01
2.133333333333333470e-01
2.466666666666666730e-01
2.366666666666666641e-01
2.500000000000000000e-01
1.246666666666666812e+00
2.899999999999999800e-01
8.666666666666666963e-02
8.366666666666665586e-01
1.333333333333333315e-01
3.333333333333333287e-02
1.266666666666666774e-01
7.000000000000000666e-02
1.966666666666666841e-01
4.666666666666666879e-02
3.000000000000000236e-02
5.999999999999999778e-02
0.000000000000000000e+00
0.000000000000000000e+00
4.000000000000000083e-02
1.433333333333333404e-01
1.199999999999999956e-01
5.000000000000000971e-02
5.666666666666667074e-02
8.166666666666667629e-01
4.666666666666666186e-01
6.666666666666666574e-02
1.000000000000000194e-01
1.466666666666666785e+00
3.533333333333333326e-01
3.866666666666667140e-01
1.703333333333333144e+00
4.000000000000000083e-02
1.333333333333333419e-02
2.666666666666666838e-02
1.133333333333333276e-01
1.433333333333333404e-01
4.333333333333333481e-01
3.333333333333333547e-03
1.899999999999999745e-01
4.666666666666666879e-02
3.200000000000000067e-01
4.333333333333333481e-02
2.166666666666666741e-01
8.666666666666666963e-02
5.899999999999999689e-01
3.099999999999999978e-01
1.866666666666666752e-01
1.066666666666666735e-01
2.199999999999999734e-01
7.333333333333333370e-02
2.133333333333332915e-01
7.666666666666667462e-02
2.033333333333333381e-01
1.333333333333333419e-02
2.333333333333333440e-02
6.666666666666667095e-03
5.133333333333333082e-01
0.000000000000000000e+00
2.133333333333333470e-01
0.000000000000000000e+00
7.000000000000000666e-02
3.433333333333333237e-01
2.400000000000000189e-01
4.333333333333333481e-02
2.766666666666666718e-01
7.333333333333333370e-02
1.266666666666666774e-01
2.533333333333333548e-01
1.099999999999999867e+00
1.800000000000000211e-01
8.766666666666665941e-01
8.900000000000000133e-01
5.066666666666667096e-01
1.833333333333333259e+00
9.666666666666667851e-02
1.400000000000000133e-01
6.366666666666666030e-01
5.666666666666667629e-01
4.333333333333333481e-02
8.666666666666666963e-01
1.656666666666666954e+00
2.066666666666666430e+00
5.166666666666667185e-01
3.899999999999999578e-01
5.000000000000000971e-02
4.966666666666666452e-01
1.449999999999999956e+00
6.800000000000000488e-01
2.299999999999999822e-01
3.466666666666666785e-01
1.113333333333333286e+00
6.800000000000000488e-01
2.333333333333333093e-01
1.333333333333333419e-02
0.000000000000000000e+00
5.033333333333332993e-01
1.166666666666666546e-01
0.000000000000000000e+00
1.159999999999999920e+00
3.333333333333333547e-03
1.400000000000000133e-01
3.733333333333333504e-01
1.333333333333333315e-01
4.666666666666666879e-02
3.533333333333333326e-01
3.333333333333333547e-03
1.666666666666666644e-02
2.666666666666666630e-01
0.000000000000000000e+00
3.899999999999999578e-01
0.000000000000000000e+00
1.000000000000000021e-02
0.000000000000000000e+00
1.300000000000000044e-01
1.000000000000000021e-02
4.000000000000000083e-02
1.833333333333333204e-01
0.000000000000000000e+00
2.466666666666666730e-01
7.933333333333333348e-01
