8.966666666666666119e-01
1.366666666666666863e-01
1.333333333333333315e-01
2.000000000000000042e-02
3.333333333333333547e-03
8.333333333333332871e-02
1.966666666666666563e-01
2.666666666666666838e-02
0.000000000000000000e+00
4.266666666666666941e-01
4.666666666666666879e-02
0.000000000000000000e+00
8.666666666666666963e-02
6.099999999999999867e-01
2.333333333333333440e-02
0.000000000000000000e+00
1.300000000000000044e-01
7.166666666666666741e-01
1.166666666666666546e-01
6.000000000000000472e-02
1.666666666666666574e-01
4.666666666666666186e-02
3.266666666666666607e-01
1.000000000000000194e-01
3.333333333333333287e-02
1.733333333333333393e-01
1.003333333333333188e+00
6.666666666666666574e-02
0.000000000000000000e+00
1.173333333333333339e+00
2.200000000000000011e-01
0.000000000000000000e+00
1.053333333333333455e+00
7.566666666666667096e-01
2.933333333333333903e-01
1.940000000000000169e+00
1.223333333333333384e+00
