9.533333333333332549e-01
1.566666666666666763e-01
1.153333333333333321e+00
6.500000000000000222e-01
1.000000000000000000e+00
2.543333333333333446e+00
2.106666666666666909e+00
1.366666666666666863e-01
2.700000000000000178e-01
2.096666666666666679e+00
2.933333333333332793e-01
2.633333333333333637e-01
1.966666666666666563e-01
1.433333333333333404e-01
1.300000000000000044e-01
2.700000000000000178e-01
6.899999999999999467e-01
1.466666666666666397e-01
4.333333333333333481e-02
9.333333333333332371e-02
1.999999999999999833e-01
5.200000000000000178e-01
3.533333333333333326e-01
5.066666666666667096e-01
3.666666666666666963e-01
1.366666666666666474e+00
6.133333333333333970e-01
2.466666666666666730e-01
1.166666666666666546e-01
1.863333333333333286e+00
7.933333333333333348e-01
1.486666666666666581e+00
7.500000000000000000e-01
1.163333333333333330e+00
1.353333333333333499e+00
2.303333333333333233e+00
7.099999999999999645e-01
1.633333333333333304e-01
2.533333333333333548e-01
1.700000000000000178e+00
2.016666666666667052e+00
1.469999999999999973e+00
7.666666666666666075e-01
1.076666666666666883e+00
1.166666666666666546e-01
1.166666666666666824e-01
4.333333333333333481e-02
9.666666666666667851e-02
1.643333333333333535e+00
1.290000000000000036e+00
3.366666666666666696e-01
4.333333333333333481e-02
3.666666666666666685e-02
1.286666666666666847e+00
1.999999999999999833e-01
0.000000000000000000e+00
0.000000000000000000e+00
2.666666666666666630e-01
0.000000000000000000e+00
0.000000000000000000e+00
6.333333333333333870e-02
1.440000000000000169e+00
4.000000000000000083e-02
1.633333333333333304e-01
2.279999999999999805e+00
9.333333333333332371e-02
1.866666666666666752e-01
3.666666666666666685e-02
4.366666666666667029e-01
1.133333333333333304e+00
1.000000000000000021e-02
1.100000000000000006e-01
0.000000000000000000e+00
0.000000000000000000e+00
8.666666666666666963e-02
6.333333333333333870e-02
4.866666666666666363e-01
1.500000000000000222e-01
2.899999999999999800e-01
2.366666666666666641e-01
3.066666666666666985e-01
6.166666666666666963e-01
2.333333333333333440e-02
1.666666666666666644e-02
1.566666666666666485e-01
9.000000000000001055e-02
2.000000000000000042e-02
1.399999999999999856e-01
5.333333333333333676e-02
2.633333333333333637e-01
1.666666666666666644e-02
6.666666666666667095e-03
3.066666666666666430e-01
4.333333333333333481e-02
1.666666666666666644e-02
2.033333333333333381e-01
3.333333333333333547e-03
6.333333333333333870e-02
5.200000000000000178e-01
6.999999999999999278e-02
1.366666666666666863e-01
1.499999999999999944e-01
1.219999999999999973e+00
3.566666666666666874e-01
3.333333333333333547e-03
8.499999999999999778e-01
2.366666666666666641e-01
2.266666666666666829e-01
6.566666666666666208e-01
8.666666666666666963e-02
1.330000000000000071e+00
1.600000000000000033e-01
4.299999999999999933e-01
6.133333333333332860e-01
3.766666666666666496e-01
8.366666666666665586e-01
8.666666666666666963e-02
1.099999999999999867e-01
3.966666666666666674e-01
3.333333333333333287e-02
3.366666666666666141e-01
1.033333333333333326e-01
7.000000000000000666e-02
1.766666666666666663e-01
5.300000000000000266e-01
2.800000000000000266e-01
5.999999999999999778e-02
1.933333333333333570e-01
9.000000000000000222e-01
1.200000000000000094e-01
1.010000000000000009e+00
4.999999999999999584e-02
1.333333333333333419e-02
4.000000000000000083e-02
1.766666666666666663e-01
0.000000000000000000e+00
0.000000000000000000e+00
1.233333333333333365e-01
1.900000000000000300e-01
2.566666666666666541e-01
1.233333333333333365e-01
1.666666666666666574e-01
1.066666666666666735e-01
1.833333333333333204e-01
4.633333333333333748e-01
6.666666666666667095e-03
6.199999999999999956e-01
5.999999999999999778e-02
1.733333333333333393e-01
3.333333333333333287e-02
1.600000000000000033e-01
3.333333333333333547e-03
8.666666666666666963e-02
5.666666666666667074e-02
3.933333333333333681e-01
6.999999999999999278e-02
1.333333333333333419e-02
1.410000000000000142e+00
6.666666666666667095e-03
0.000000000000000000e+00
3.366666666666666696e-01
1.066666666666666735e-01
2.033333333333333381e-01
3.333333333333333547e-03
2.333333333333333440e-02
1.333333333333333419e-02
2.333333333333333440e-02
2.666666666666666838e-02
1.433333333333333126e-01
1.533333333333333492e-01
8.933333333333332016e-01
1.666666666666666574e-01
4.666666666666666879e-02
1.866666666666666752e-01
7.333333333333333370e-02
4.000000000000000083e-02
1.933333333333333293e-01
4.366666666666667029e-01
6.333333333333333870e-02
5.300000000000000266e-01
1.436666666666666758e+00
8.000000000000000167e-02
6.666666666666667095e-03
4.866666666666666363e-01
2.999999999999999889e-02
3.333333333333333547e-03
1.666666666666666644e-02
9.500000000000000666e-01
2.666666666666666838e-02
0.000000000000000000e+00
1.026666666666666616e+00
1.349999999999999867e+00
5.333333333333333676e-02
7.000000000000000666e-02
3.333333333333333287e-02
1.666666666666666644e-02
1.023333333333333428e+00
2.999999999999999889e-01
4.899999999999999911e-01
7.333333333333334758e-02
1.533333333333333215e-01
1.666666666666666574e-01
3.266666666666666607e-01
3.499999999999999223e-01
1.286666666666666847e+00
3.300000000000000155e-01
7.000000000000000666e-01
7.900000000000000355e-01
2.466666666666666730e-01
3.133333333333332971e-01
2.633333333333333637e-01
2.133333333333332915e-01
2.116666666666666696e+00
3.833333333333333037e-01
1.440000000000000169e+00
5.300000000000000266e-01
1.433333333333333404e-01
1.933333333333333570e-01
2.666666666666666838e-02
4.266666666666666941e-01
7.666666666666667462e-02
2.333333333333333440e-02
5.333333333333333259e-01
4.799999999999999822e-01
3.866666666666667140e-01
5.499999999999999334e-01
3.266666666666666607e-01
4.333333333333333481e-02
2.666666666666666838e-02
0.000000000000000000e+00
0.000000000000000000e+00
6.666666666666667095e-03
0.000000000000000000e+00
7.333333333333333370e-02
5.533333333333333437e-01
1.866666666666666752e-01
3.200000000000000067e-01
1.623333333333333295e+00
9.833333333333333925e-01
1.596666666666666679e+00
