5.533333333333333437e-01
5.666666666666667074e-02
9.000000000000001055e-02
1.120000000000000107e+00
1.666666666666666574e-01
4.566666666666667207e-01
4.533333333333333659e-01
1.199999999999999956e-01
5.333333333333333676e-02
0.000000000000000000e+00
1.366666666666666863e-01
1.366666666666666863e-01
9.433333333333333570e-01
2.333333333333333093e-01
7.333333333333334758e-02
9.333333333333333759e-02
5.000000000000000971e-02
8.333333333333332871e-02
5.733333333333333615e-01
0.000000000000000000e+00
5.666666666666667074e-02
1.333333333333333315e-01
6.666666666666667095e-03
6.999999999999999278e-02
2.999999999999999889e-02
1.233333333333333365e-01
1.000000000000000021e-02
7.333333333333333370e-02
1.233333333333333365e-01
1.233333333333333365e-01
1.580000000000000071e+00
4.233333333333333393e-01
2.999999999999999889e-01
3.700000000000000511e-01
7.333333333333333370e-02
1.733333333333333393e-01
6.333333333333333870e-02
9.999999999999999167e-02
4.000000000000000083e-02
0.000000000000000000e+00
1.900000000000000300e-01
5.666666666666666380e-02
2.000000000000000042e-02
3.200000000000000067e-01
1.173333333333333339e+00
0.000000000000000000e+00
2.333333333333333440e-02
1.866666666666666474e-01
1.333333333333333315e-01
4.999999999999999584e-02
8.300000000000000711e-01
3.333333333333333287e-02
2.033333333333333381e-01
1.000000000000000000e+00
1.563333333333333242e+00
1.346666666666666679e+00
3.300000000000000155e-01
2.633333333333333637e-01
2.433333333333333182e-01
2.600000000000000089e-01
1.000000000000000021e-02
6.666666666666666574e-02
0.000000000000000000e+00
1.000000000000000021e-02
1.476666666666666572e+00
0.000000000000000000e+00
0.000000000000000000e+00
8.000000000000000167e-02
0.000000000000000000e+00
4.333333333333333481e-02
3.333333333333333547e-03
1.000000000000000021e-02
1.499999999999999944e-01
1.800000000000000211e-01
0.000000000000000000e+00
4.799999999999999822e-01
1.600000000000000033e-01
3.333333333333333287e-02
6.266666666666667052e-01
1.463333333333333597e+00
3.066666666666666430e-01
1.373333333333333295e+00
3.333333333333333547e-03
1.766666666666666663e-01
2.333333333333333440e-02
1.133333333333333415e-01
3.333333333333333287e-02
2.333333333333333093e-02
1.333333333333333419e-02
1.100000000000000006e-01
1.000000000000000021e-02
3.066666666666666985e-01
2.000000000000000389e-01
9.466666666666666563e-01
5.666666666666667074e-02
6.666666666666666574e-02
1.733333333333333393e-01
2.633333333333333082e-01
5.966666666666666785e-01
4.999999999999999584e-02
8.000000000000000167e-02
3.200000000000000067e-01
2.000000000000000389e-01
8.333333333333332871e-02
2.299999999999999822e-01
8.666666666666666963e-02
1.566666666666666485e-01
1.066666666666666735e-01
1.433333333333333126e-01
1.033333333333333326e-01
8.333333333333332871e-02
1.000000000000000021e-02
2.699999999999999623e-01
1.166666666666666741e+00
1.233333333333333365e-01
4.533333333333333104e-01
2.899999999999999800e-01
1.666666666666666574e-01
9.933333333333332904e-01
1.166666666666666546e-01
2.766666666666666718e-01
1.300000000000000044e-01
7.000000000000000666e-02
1.166666666666666546e-01
4.966666666666666452e-01
1.533333333333333215e-01
6.266666666666665941e-01
2.333333333333333440e-02
0.000000000000000000e+00
1.766666666666666663e-01
1.333333333333333315e-01
1.000000000000000021e-02
5.999999999999999778e-02
2.299999999999999822e-01
3.899999999999999578e-01
9.499999999999998446e-01
2.409999999999999698e+00
6.433333333333332016e-01
1.250000000000000000e+00
9.433333333333332460e-01
0.000000000000000000e+00
3.666666666666666685e-02
3.466666666666666785e-01
2.800000000000000266e-01
5.366666666666667362e-01
1.903333333333333321e+00
1.476666666666666572e+00
2.066666666666666652e-01
1.383333333333333526e+00
8.166666666666667629e-01
1.303333333333333455e+00
1.526666666666666616e+00
1.833333333333333204e-01
2.600000000000000089e-01
1.833333333333333481e-01
1.600000000000000033e-01
1.266666666666666774e-01
6.333333333333333870e-02
9.333333333333333759e-02
1.166666666666666824e-01
1.466666666666666397e-01
1.300000000000000044e+00
1.933333333333333348e+00
