1.196666666666666545e+00
1.333333333333333315e-01
1.246666666666666812e+00
1.333333333333333315e-01
1.099999999999999867e-01
5.666666666666666519e-01
1.266666666666666774e-01
7.433333333333332904e-01
5.666666666666666380e-02
1.263333333333333419e+00
1.799999999999999656e-01
2.066666666666666652e-01
9.433333333333332460e-01
3.333333333333333287e-02
2.333333333333333648e-01
2.999999999999999889e-02
5.000000000000000971e-02
9.333333333333333759e-02
3.000000000000000236e-02
3.666666666666666685e-02
3.266666666666666607e-01
1.199999999999999956e-01
2.933333333333333903e-01
2.333333333333333093e-02
1.433333333333333404e-01
1.400000000000000133e-01
1.480000000000000204e+00
1.400000000000000133e-01
4.666666666666666879e-02
4.000000000000000083e-02
1.300000000000000044e+00
1.366666666666666585e-01
2.999999999999999889e-02
1.533333333333333215e-01
0.000000000000000000e+00
4.599999999999999645e-01
6.666666666666666574e-02
2.466666666666666730e-01
1.166666666666666546e-01
1.499999999999999944e-01
1.866666666666666474e-01
1.999999999999999833e-01
1.333333333333333259e+00
1.833333333333333481e-01
1.566666666666666485e-01
3.899999999999999578e-01
7.333333333333333370e-02
1.466666666666666952e-01
5.333333333333333676e-02
1.179999999999999938e+00
2.733333333333333726e-01
1.333333333333333315e-01
6.333333333333334147e-01
1.076666666666666661e+00
1.000000000000000021e-02
3.333333333333333547e-03
8.366666666666665586e-01
8.666666666666666963e-02
3.333333333333333547e-03
2.399999999999999911e-01
1.026666666666666616e+00
1.533333333333333215e-01
2.333333333333333440e-02
2.299999999999999822e-01
3.466666666666666785e-01
1.456666666666666776e+00
2.966666666666666896e-01
9.000000000000001055e-02
1.119999999999999885e+00
5.333333333333333259e-01
1.000000000000000021e-02
1.600000000000000033e-01
1.900000000000000300e-01
7.399999999999998801e-01
2.733333333333333171e-01
2.399999999999999911e-01
1.266666666666666774e-01
1.523333333333333428e+00
