1.476666666666666572e+00
3.099999999999999978e-01
1.236666666666666581e+00
1.466666666666666785e+00
2.199999999999999734e-01
2.566666666666666541e-01
1.066666666666666652e+00
1.866666666666666474e-01
6.733333333333333393e-01
2.600000000000000089e-01
1.466666666666666674e-01
2.273333333333333428e+00
1.366666666666666863e-01
1.266666666666666774e-01
3.266666666666666607e-01
1.300000000000000044e-01
1.733333333333333393e-01
1.700000000000000122e-01
2.699999999999999623e-01
9.333333333333333759e-02
8.666666666666666963e-02
7.133333333333333748e-01
4.866666666666666363e-01
0.000000000000000000e+00
1.266666666666666774e-01
9.333333333333333759e-02
7.333333333333333370e-02
6.666666666666667095e-03
6.533333333333333215e-01
4.133333333333333304e-01
1.366666666666666863e-01
9.666666666666667851e-02
4.499999999999999556e-01
1.066666666666666735e-01
2.000000000000000042e-02
1.333333333333333419e-02
1.333333333333333419e-02
9.000000000000001055e-02
1.366666666666666863e-01
1.300000000000000044e-01
3.400000000000000244e-01
2.800000000000000266e-01
9.333333333333334592e-01
2.466666666666666730e-01
1.156666666666666510e+00
1.900000000000000300e-01
1.440000000000000169e+00
2.333333333333333093e-01
5.566666666666666430e-01
1.500000000000000222e-01
1.499999999999999944e-01
1.533333333333333215e-01
4.666666666666666879e-02
1.333333333333333315e-01
5.333333333333332288e-02
1.000000000000000021e-02
2.900000000000000355e-01
1.333333333333333315e-01
0.000000000000000000e+00
3.666666666666667379e-02
8.666666666666666963e-02
6.666666666666666574e-02
0.000000000000000000e+00
7.000000000000000666e-02
9.000000000000001055e-02
1.010000000000000009e+00
2.533333333333333548e-01
1.100000000000000006e-01
1.400000000000000133e-01
4.333333333333333481e-02
1.666666666666666644e-02
1.199999999999999956e-01
5.000000000000000971e-02
1.333333333333333315e-01
6.099999999999999867e-01
6.666666666666667095e-03
2.766666666666666718e-01
3.333333333333333547e-03
4.766666666666666274e-01
8.333333333333332871e-02
1.033333333333333465e-01
2.399999999999999911e-01
5.999999999999999778e-02
3.066666666666666985e-01
7.666666666666667462e-02
1.666666666666666644e-02
5.933333333333332682e-01
8.366666666666665586e-01
1.733333333333333393e-01
1.066666666666666735e-01
5.999999999999999778e-02
2.033333333333333381e-01
2.200000000000000011e-01
9.000000000000001055e-02
9.433333333333333570e-01
1.333333333333333419e-02
2.319999999999999840e+00
7.233333333333332726e-01
1.633333333333333304e-01
1.123333333333333295e+00
3.233333333333333059e-01
1.533333333333333215e+00
5.666666666666667074e-02
3.799999999999999489e-01
7.999999999999999334e-01
9.666666666666667851e-02
3.333333333333333148e-01
1.166666666666666546e-01
5.200000000000000178e-01
1.333333333333333419e-02
6.333333333333333870e-02
1.386666666666666714e+00
2.266666666666666829e-01
9.599999999999999645e-01
3.300000000000000155e-01
3.466666666666666785e-01
4.433333333333333570e-01
1.610000000000000098e+00
4.633333333333333748e-01
7.033333333333334769e-01
1.576666666666666883e+00
1.499999999999999944e-01
1.083333333333333259e+00
1.400000000000000133e-01
1.266666666666666774e-01
5.799999999999999600e-01
9.666666666666666463e-02
1.466666666666666674e-01
4.333333333333333481e-01
1.233333333333333365e-01
1.066666666666666735e-01
6.666666666666667095e-03
2.333333333333333093e-02
2.399999999999999911e-01
9.333333333333333759e-02
4.000000000000000083e-02
1.020000000000000240e+00
3.200000000000000067e-01
1.223333333333333384e+00
3.899999999999999578e-01
1.153333333333333321e+00
6.666666666666666574e-02
7.233333333333332726e-01
2.333333333333333093e-02
2.000000000000000042e-02
1.866666666666666752e-01
4.333333333333333481e-01
1.300000000000000044e-01
2.333333333333333440e-02
1.400000000000000133e-01
4.666666666666666879e-02
7.466666666666665897e-01
1.466666666666666674e-01
9.666666666666667851e-02
1.300000000000000044e-01
3.366666666666667251e-01
4.266666666666666941e-01
3.533333333333333326e-01
7.333333333333333370e-02
6.333333333333333870e-02
8.433333333333333792e-01
8.033333333333333437e-01
3.333333333333333547e-03
3.099999999999999978e-01
1.433333333333333404e-01
1.066666666666666735e-01
1.733333333333333393e-01
1.933333333333333570e-01
2.033333333333333381e-01
1.540000000000000036e+00
3.800000000000000600e-01
1.146666666666666723e+00
4.033333333333333215e-01
4.366666666666667029e-01
4.666666666666666186e-01
8.900000000000000133e-01
1.933333333333333293e-01
1.406666666666666510e+00
6.233333333333334059e-01
1.666666666666666644e-02
3.300000000000000155e-01
2.566666666666666541e-01
2.666666666666666838e-02
5.100000000000000089e-01
9.333333333333333759e-02
4.000000000000000083e-02
4.666666666666666186e-01
5.466666666666667451e-01
1.833333333333333481e-01
1.163333333333333330e+00
2.666666666666666630e-01
2.366666666666666918e-01
7.666666666666666075e-01
4.799999999999999822e-01
1.433333333333333404e-01
1.826666666666666883e+00
2.046666666666666412e+00
8.133333333333333526e-01
0.000000000000000000e+00
9.566666666666665542e-01
4.000000000000000083e-02
1.999999999999999833e-01
1.566666666666666485e-01
4.333333333333333481e-02
1.333333333333333419e-02
9.766666666666665719e-01
0.000000000000000000e+00
1.166666666666666546e-01
2.466666666666666730e-01
1.133333333333333276e-01
1.533333333333333215e-01
2.066666666666666652e-01
1.566666666666666763e-01
2.700000000000000178e-01
2.466666666666666730e-01
1.733333333333333393e-01
1.233333333333333365e-01
2.766666666666666718e-01
1.133333333333333276e-01
4.999999999999999584e-02
1.396666666666666723e+00
1.566666666666666485e-01
1.600000000000000033e-01
9.000000000000001055e-02
1.733333333333333393e-01
7.966666666666665231e-01
2.036666666666666625e+00
1.199999999999999956e-01
2.106666666666666909e+00
1.099999999999999867e-01
4.099999999999999756e-01
1.043333333333333446e+00
1.040000000000000036e+00
8.433333333333333792e-01
1.666666666666666574e-01
2.299999999999999822e-01
2.666666666666666838e-02
1.133333333333333276e-01
1.433333333333333404e-01
8.666666666666666963e-02
5.566666666666666430e-01
1.800000000000000211e-01
1.966666666666666563e-01
1.666666666666666644e-02
0.000000000000000000e+00
2.000000000000000042e-02
1.800000000000000211e-01
5.933333333333333792e-01
0.000000000000000000e+00
6.666666666666667095e-03
6.966666666666666563e-01
3.866666666666666585e-01
1.166666666666666546e-01
1.033333333333333326e-01
1.166666666666666546e-01
7.333333333333334758e-02
9.000000000000001055e-02
5.666666666666667074e-02
0.000000000000000000e+00
0.000000000000000000e+00
0.000000000000000000e+00
1.666666666666666644e-02
1.000000000000000021e-02
0.000000000000000000e+00
0.000000000000000000e+00
0.000000000000000000e+00
1.000000000000000021e-02
1.000000000000000021e-02
3.666666666666667379e-02
6.933333333333333570e-01
1.999999999999999833e-01
5.000000000000000971e-02
4.333333333333333481e-02
3.066666666666666985e-01
6.400000000000000133e-01
3.899999999999999578e-01
4.333333333333333481e-02
2.666666666666666838e-02
0.000000000000000000e+00
2.000000000000000042e-02
0.000000000000000000e+00
2.666666666666666838e-02
0.000000000000000000e+00
3.566666666666666874e-01
7.700000000000000178e-01
2.303333333333333233e+00
2.500000000000000000e-01
5.366666666666666252e-01
2.233333333333333004e-01
5.066666666666667096e-01
3.566666666666666319e-01
1.800000000000000211e-01
1.366666666666666863e-01
3.066666666666666430e-01
2.766666666666666718e-01
4.499999999999999556e-01
5.766666666666666607e-01
9.000000000000001055e-02
8.100000000000000533e-01
5.333333333333333259e-01
1.133333333333333276e-01
7.733333333333333171e-01
4.533333333333333104e-01
2.999999999999999889e-02
1.600000000000000033e-01
4.333333333333333481e-02
6.566666666666666208e-01
1.466666666666666674e-01
4.500000000000000111e-01
3.699999999999999400e-01
4.633333333333333193e-01
2.466666666666666730e-01
3.766666666666666496e-01
6.333333333333333870e-02
0.000000000000000000e+00
4.000000000000000083e-02
5.166666666666667185e-01
1.199999999999999956e-01
0.000000000000000000e+00
1.006666666666666599e+00
1.023333333333333428e+00
9.333333333333333759e-02
2.933333333333332793e-01
3.400000000000000244e-01
3.500000000000000333e-01
5.666666666666666380e-02
2.899999999999999800e-01
1.813333333333333242e+00
1.459999999999999964e+00
5.566666666666667540e-01
1.523333333333333428e+00
8.333333333333333703e-01
1.389999999999999902e+00
1.426666666666666750e+00
8.599999999999999867e-01
7.099999999999999645e-01
5.333333333333333676e-02
4.033333333333333215e-01
3.566666666666666319e-01
3.333333333333333547e-03
7.333333333333333370e-02
1.096666666666666679e+00
4.333333333333333481e-02
0.000000000000000000e+00
6.466666666666666119e-01
1.163333333333333330e+00
1.966666666666666563e-01
5.666666666666666519e-01
3.733333333333333504e-01
2.466666666666666730e-01
2.299999999999999822e-01
4.099999999999999756e-01
9.000000000000001055e-02
1.166666666666666546e-01
9.000000000000001055e-02
0.000000000000000000e+00
3.433333333333333237e-01
3.000000000000000236e-02
2.533333333333333548e-01
3.000000000000000236e-02
3.699999999999999400e-01
8.699999999999999956e-01
4.766666666666666274e-01
1.690000000000000169e+00
3.166666666666666519e-01
5.833333333333333703e-01
2.266666666666666552e-01
1.000000000000000194e-01
8.333333333333332871e-02
1.809999999999999831e+00
1.666666666666666574e-01
2.183333333333333570e+00
1.766666666666666663e-01
2.133333333333332915e-01
1.099999999999999867e-01
1.300000000000000044e-01
1.480000000000000204e+00
5.833333333333333703e-01
1.993333333333333401e+00
1.513333333333333419e+00
2.099999999999999922e-01
5.100000000000000089e-01
1.013333333333333419e+00
3.666666666666667379e-02
1.233333333333333365e-01
1.233333333333333365e-01
1.053333333333333455e+00
2.099999999999999922e-01
2.266666666666666552e-01
6.333333333333333870e-02
4.033333333333333215e-01
4.333333333333333481e-02
5.000000000000000000e-01
1.333333333333333419e-02
2.066666666666666652e-01
1.869999999999999885e+00
4.799999999999999822e-01
3.266666666666666607e-01
2.333333333333333093e-01
1.150000000000000133e+00
4.666666666666666879e-02
1.600000000000000033e-01
0.000000000000000000e+00
2.199999999999999734e-01
8.000000000000000167e-02
2.333333333333333093e-01
7.000000000000000666e-02
3.333333333333333547e-03
1.219999999999999973e+00
6.999999999999999278e-02
1.333333333333333419e-02
1.866666666666666752e-01
1.166666666666666824e-01
4.400000000000000022e-01
1.433333333333333404e-01
1.000000000000000021e-02
4.999999999999999584e-02
3.366666666666666696e-01
9.999999999999999167e-02
0.000000000000000000e+00
1.400000000000000133e-01
7.433333333333332904e-01
5.666666666666667074e-02
2.333333333333333440e-02
1.399999999999999856e-01
3.433333333333332682e-01
2.333333333333333440e-02
2.333333333333333440e-02
3.233333333333333059e-01
5.433333333333333348e-01
0.000000000000000000e+00
7.000000000000000666e-02
5.866666666666667806e-01
1.276666666666666616e+00
2.050000000000000266e+00
1.866666666666666474e-01
7.000000000000000666e-02
1.033333333333333326e-01
2.199999999999999734e-01
7.133333333333333748e-01
2.099999999999999922e-01
2.666666666666666838e-02
1.266666666666666774e-01
7.599999999999998979e-01
1.199999999999999956e-01
1.300000000000000044e-01
1.683333333333333348e+00
1.083333333333333259e+00
7.066666666666666652e-01
6.300000000000000044e-01
5.899999999999999689e-01
7.766666666666667274e-01
3.199999999999999734e+00
