8.800000000000000044e-01
8.700000000000001066e-01
4.999999999999999584e-02
2.120000000000000107e+00
4.166666666666666852e-01
3.333333333333333287e-02
0.000000000000000000e+00
4.400000000000000022e-01
1.253333333333333410e+00
0.000000000000000000e+00
0.000000000000000000e+00
6.666666666666666574e-02
7.000000000000000666e-02
2.333333333333333440e-02
0.000000000000000000e+00
1.139999999999999902e+00
1.000000000000000194e-01
1.000000000000000021e-02
3.466666666666666785e-01
1.866666666666666474e-01
0.000000000000000000e+00
8.033333333333333437e-01
8.333333333333332871e-02
7.599999999999998979e-01
0.000000000000000000e+00
7.833333333333333259e-01
5.166666666666666075e-01
2.899999999999999800e-01
0.000000000000000000e+00
5.733333333333332504e-01
2.233333333333333559e-01
3.000000000000000444e-01
3.933333333333333681e-01
8.599999999999999867e-01
7.333333333333333370e-02
1.899999999999999745e-01
1.666666666666666644e-02
7.666666666666667462e-02
4.833333333333333370e-01
1.366666666666666863e-01
2.700000000000000178e-01
4.333333333333333481e-01
2.033333333333333381e-01
1.666666666666666574e-01
2.033333333333333381e-01
8.333333333333332871e-02
1.966666666666666563e-01
1.666666666666666644e-02
1.036666666666666625e+00
3.200000000000000067e-01
2.800000000000000266e-01
2.000000000000000042e-02
3.766666666666667052e-01
4.199999999999999845e-01
3.833333333333333037e-01
1.203333333333333366e+00
1.580000000000000071e+00
2.266666666666666552e-01
9.266666666666667496e-01
1.833333333333333204e-01
2.466666666666666730e-01
1.300000000000000044e+00
2.266666666666666552e-01
6.366666666666667140e-01
5.599999999999999423e-01
3.200000000000000067e-01
4.366666666666665919e-01
6.033333333333333881e-01
1.966666666666666563e-01
3.666666666666666963e-01
4.633333333333333193e-01
2.866666666666666807e-01
2.199999999999999734e-01
3.300000000000000155e-01
6.333333333333333870e-02
1.366666666666666863e-01
1.433333333333333404e-01
1.033333333333333326e-01
1.633333333333333304e-01
3.833333333333333037e-01
5.999999999999999778e-02
4.000000000000000083e-02
4.266666666666666941e-01
1.966666666666666563e-01
4.566666666666666097e-01
3.300000000000000155e-01
7.000000000000000666e-02
3.500000000000000333e-01
5.133333333333333082e-01
6.966666666666666563e-01
2.399999999999999911e-01
9.799999999999999822e-01
7.333333333333333370e-02
3.766666666666666496e-01
8.266666666666666607e-01
1.866666666666666752e-01
3.000000000000000236e-02
7.333333333333333370e-02
9.333333333333333759e-02
0.000000000000000000e+00
3.333333333333333547e-03
5.000000000000000971e-02
7.933333333333333348e-01
1.433333333333333404e-01
1.199999999999999956e-01
4.333333333333333481e-01
2.233333333333333559e-01
7.666666666666666075e-02
3.033333333333333437e-01
9.333333333333333759e-02
1.583333333333333259e+00
