1.136666666666666714e+00
6.000000000000000888e-01
2.733333333333333171e-01
8.666666666666666963e-02
2.000000000000000042e-02
9.233333333333333393e-01
3.666666666666666685e-02
2.333333333333333093e-01
1.133333333333333276e-01
1.000000000000000021e-02
0.000000000000000000e+00
2.000000000000000042e-02
6.666666666666666574e-02
8.433333333333333792e-01
1.856666666666666687e+00
2.199999999999999734e-01
1.139999999999999902e+00
3.300000000000000155e-01
1.800000000000000211e-01
1.833333333333333481e-01
6.700000000000000400e-01
4.333333333333333481e-02
2.333333333333333440e-02
5.999999999999999778e-02
9.999999999999999167e-02
0.000000000000000000e+00
9.666666666666666463e-02
6.666666666666666574e-02
9.900000000000001021e-01
7.599999999999998979e-01
5.066666666666667096e-01
5.200000000000000178e-01
2.666666666666666838e-02
1.700000000000000122e-01
1.016666666666666607e+00
8.333333333333332871e-02
2.266666666666666552e-01
1.666666666666666574e-01
3.200000000000000067e-01
4.333333333333333481e-01
4.766666666666666274e-01
1.353333333333333499e+00
8.000000000000000167e-02
8.433333333333333792e-01
1.100000000000000006e-01
1.333333333333333419e-02
7.666666666666666075e-02
6.766666666666667496e-01
4.633333333333333193e-01
5.333333333333333676e-02
9.566666666666666652e-01
4.233333333333333393e-01
1.066666666666666652e+00
1.673333333333333561e+00
2.533333333333333548e-01
4.966666666666666452e-01
1.743333333333333401e+00
1.239999999999999991e+00
6.466666666666666119e-01
8.333333333333333703e-01
4.833333333333333370e-01
1.000000000000000021e-02
1.899999999999999745e-01
2.366666666666666641e-01
4.666666666666666186e-02
0.000000000000000000e+00
5.599999999999999423e-01
5.000000000000000971e-02
5.333333333333333676e-02
2.433333333333333182e-01
9.333333333333333759e-02
1.733333333333333393e-01
4.333333333333333481e-01
5.233333333333333171e-01
2.266666666666666829e-01
0.000000000000000000e+00
0.000000000000000000e+00
9.100000000000000311e-01
3.866666666666667140e-01
2.000000000000000042e-02
2.999999999999999889e-02
1.056666666666666643e+00
5.666666666666667629e-01
2.166666666666666463e-01
3.666666666666666963e-01
2.933333333333333348e-01
7.599999999999998979e-01
2.066666666666666652e-01
1.566666666666666485e-01
3.400000000000000244e-01
2.700000000000000178e-01
1.000000000000000021e-02
2.000000000000000042e-02
1.000000000000000021e-02
1.199999999999999956e-01
6.666666666666667095e-03
2.000000000000000042e-02
0.000000000000000000e+00
0.000000000000000000e+00
3.466666666666666785e-01
1.100000000000000006e-01
8.266666666666666607e-01
2.153333333333333321e+00
1.576666666666666883e+00
5.200000000000000178e-01
3.633333333333333415e-01
1.666666666666666574e-01
1.893333333333333313e+00
6.666666666666666574e-02
1.866666666666666752e-01
1.766666666666666663e-01
3.233333333333333059e-01
2.033333333333333381e-01
1.666666666666666644e-02
1.233333333333333365e-01
1.573333333333333250e+00
8.000000000000000167e-02
1.010000000000000009e+00
3.833333333333333037e-01
8.333333333333332871e-02
6.666666666666667095e-03
1.833333333333333481e-01
1.099999999999999867e-01
1.266666666666666774e-01
4.433333333333333570e-01
2.180000000000000160e+00
6.866666666666666474e-01
8.033333333333333437e-01
6.999999999999999278e-02
4.000000000000000083e-02
2.099999999999999645e-01
7.666666666666667462e-02
3.666666666666667379e-02
3.666666666666666685e-02
1.326666666666666661e+00
1.073333333333333472e+00
0.000000000000000000e+00
5.633333333333333526e-01
3.133333333333334081e-01
0.000000000000000000e+00
6.066666666666665764e-01
2.166666666666666741e-01
3.533333333333333326e-01
2.666666666666666838e-02
1.333333333333333315e-01
7.000000000000000666e-02
1.433333333333333404e-01
1.566666666666666652e+00
1.166666666666666546e-01
3.266666666666666607e-01
1.000000000000000021e-02
1.000000000000000021e-02
5.466666666666667451e-01
7.233333333333332726e-01
9.333333333333332371e-02
5.733333333333333615e-01
9.333333333333333759e-02
1.233333333333333365e-01
7.666666666666667462e-02
2.533333333333333548e-01
1.533333333333333215e-01
4.033333333333333215e-01
3.333333333333333547e-03
1.666666666666666644e-02
4.333333333333333481e-01
2.000000000000000042e-02
0.000000000000000000e+00
7.133333333333332638e-01
1.000000000000000000e+00
2.533333333333333548e-01
4.000000000000000083e-02
2.399999999999999911e-01
3.266666666666666607e-01
3.333333333333333547e-03
9.233333333333333393e-01
2.233333333333333004e-01
1.156666666666666510e+00
5.333333333333333676e-02
2.366666666666666641e-01
9.700000000000000844e-01
1.059999999999999831e+00
1.366666666666666863e-01
6.033333333333333881e-01
1.366666666666666863e-01
3.966666666666666674e-01
7.666666666666666075e-02
8.666666666666666963e-01
4.666666666666666879e-02
6.666666666666666574e-02
5.999999999999999778e-01
7.933333333333333348e-01
2.729999999999999982e+00
2.933333333333333348e-01
2.043333333333333446e+00
1.550000000000000044e+00
2.533333333333333548e-01
8.333333333333332871e-02
5.400000000000000355e-01
3.333333333333333547e-03
1.043333333333333224e+00
0.000000000000000000e+00
9.000000000000001055e-02
3.333333333333333287e-02
1.899999999999999745e-01
0.000000000000000000e+00
0.000000000000000000e+00
3.066666666666666985e-01
1.133333333333333276e-01
8.366666666666665586e-01
1.493333333333333401e+00
9.666666666666667851e-02
5.933333333333333792e-01
2.466666666666666730e-01
5.099999999999998979e-01
8.666666666666666963e-02
2.666666666666666838e-02
1.113333333333333286e+00
8.133333333333333526e-01
5.000000000000000971e-02
1.050000000000000044e+00
9.999999999999999167e-02
8.366666666666667806e-01
2.233333333333333004e-01
1.159999999999999920e+00
2.766666666666666718e-01
1.783333333333333215e+00
4.333333333333332926e-01
4.566666666666667207e-01
1.096666666666666679e+00
1.093333333333333268e+00
1.433333333333333404e-01
1.066666666666666735e-01
9.333333333333332371e-02
9.333333333333333759e-02
4.199999999999999845e-01
1.063333333333333242e+00
8.333333333333332871e-02
1.633333333333333304e-01
1.766666666666666663e-01
1.000000000000000021e-02
1.666666666666666644e-02
9.066666666666666208e-01
3.333333333333333287e-02
5.733333333333333615e-01
1.666666666666666644e-02
1.046666666666666634e+00
1.266666666666666774e-01
2.533333333333333548e-01
1.600000000000000033e-01
4.666666666666666186e-02
1.353333333333333499e+00
2.900000000000000355e-01
5.466666666666667451e-01
6.199999999999999956e-01
3.366666666666666696e-01
1.666666666666666644e-02
0.000000000000000000e+00
2.666666666666666630e-01
2.333333333333333440e-02
9.966666666666665897e-01
2.666666666666666838e-02
1.466666666666666952e-01
2.899999999999999800e-01
2.899999999999999800e-01
2.539999999999999591e+00
1.776666666666666616e+00
9.766666666666665719e-01
1.266666666666666774e-01
6.666666666666666574e-02
2.133333333333333470e-01
8.166666666666667629e-01
1.929999999999999938e+00
7.299999999999999822e-01
3.000000000000000236e-02
1.899999999999999745e-01
1.000000000000000021e-02
2.166666666666666463e-01
1.266666666666666774e-01
7.900000000000000355e-01
1.133333333333333415e-01
3.666666666666666685e-02
5.999999999999999778e-02
1.533333333333333492e-01
1.516666666666666607e+00
3.300000000000000155e-01
2.433333333333333182e-01
5.833333333333333703e-01
9.333333333333332371e-01
5.333333333333334370e-02
4.666666666666666186e-01
1.033333333333333326e-01
9.000000000000001055e-02
1.026666666666666616e+00
0.000000000000000000e+00
0.000000000000000000e+00
4.999999999999999584e-02
2.033333333333333381e-01
4.000000000000000083e-02
1.399999999999999856e-01
1.766666666666666663e-01
0.000000000000000000e+00
7.333333333333333370e-02
1.033333333333333326e-01
6.666666666666667095e-03
1.836666666666666670e+00
1.300000000000000044e-01
1.193333333333333357e+00
1.300000000000000044e-01
1.469999999999999973e+00
1.333333333333333419e-02
1.166666666666666546e-01
2.633333333333333637e-01
3.966666666666666674e-01
3.499999999999999223e-01
1.400000000000000133e-01
1.086666666666666670e+00
2.299999999999999822e-01
1.766666666666666663e-01
6.266666666666665941e-01
3.899999999999999578e-01
2.133333333333333304e+00
6.733333333333333393e-01
4.033333333333333215e-01
4.166666666666666852e-01
1.333333333333333315e-01
5.999999999999999778e-02
3.333333333333333287e-02
1.800000000000000211e-01
6.933333333333333570e-01
6.166666666666666963e-01
1.366666666666666863e-01
5.733333333333333615e-01
0.000000000000000000e+00
1.300000000000000044e-01
9.666666666666667851e-02
1.333333333333333419e-02
7.566666666666667096e-01
1.366666666666666585e-01
1.133333333333333276e-01
9.333333333333332371e-01
1.000000000000000021e-02
3.300000000000000155e-01
0.000000000000000000e+00
7.900000000000000355e-01
1.576666666666666883e+00
2.733333333333333726e-01
2.766666666666666718e-01
1.343333333333333490e+00
2.000000000000000042e-02
1.633333333333333304e-01
5.000000000000000971e-02
1.333333333333333419e-02
1.000000000000000021e-02
1.166666666666666546e-01
1.000000000000000021e-02
1.800000000000000211e-01
4.333333333333333481e-02
1.933333333333333570e-01
2.233333333333333559e-01
1.666666666666666574e-01
1.023333333333333428e+00
1.096666666666666679e+00
4.099999999999999756e-01
2.336666666666666448e+00
5.000000000000000000e-01
1.679999999999999938e+00
1.463333333333333153e+00
1.666666666666666644e-02
3.066666666666666985e-01
4.533333333333333104e-01
1.386666666666666714e+00
1.033333333333333465e-01
1.170000000000000151e+00
8.066666666666666430e-01
1.499999999999999944e-01
