6.266666666666665941e-01
7.900000000000000355e-01
2.500000000000000000e-01
4.633333333333333748e-01
4.666666666666666879e-02
0.000000000000000000e+00
1.500000000000000222e-01
3.899999999999999578e-01
1.099999999999999867e-01
3.433333333333333237e-01
1.246666666666666812e+00
9.433333333333333570e-01
2.500000000000000000e-01
2.299999999999999822e-01
2.633333333333333637e-01
3.666666666666666408e-01
3.133333333333332971e-01
1.233333333333333365e-01
3.200000000000000067e-01
1.099999999999999867e-01
1.333333333333333419e-02
6.099999999999999867e-01
1.000000000000000021e-02
9.999999999999999167e-02
8.300000000000000711e-01
1.823333333333333250e+00
7.933333333333333348e-01
1.266666666666666774e-01
1.133333333333333276e-01
1.333333333333333419e-02
9.333333333333333759e-02
2.833333333333333814e-01
1.366666666666666863e-01
3.233333333333333059e-01
1.756666666666666599e+00
9.466666666666666563e-01
2.833333333333333814e-01
5.100000000000000089e-01
4.033333333333333215e-01
2.366666666666666641e-01
1.633333333333333304e-01
1.733333333333333393e-01
1.533333333333333492e-01
1.233333333333333365e-01
2.000000000000000042e-02
2.133333333333333470e-01
0.000000000000000000e+00
2.266666666666666829e-01
2.433333333333333182e-01
3.733333333333333504e-01
7.333333333333334758e-02
8.233333333333333615e-01
7.333333333333333370e-02
2.533333333333333548e-01
3.433333333333332682e-01
1.236666666666666581e+00
1.383333333333333526e+00
2.999999999999999889e-02
1.233333333333333365e-01
4.933333333333333459e-01
8.666666666666666963e-02
4.633333333333333193e-01
1.533333333333333215e-01
5.666666666666666380e-02
0.000000000000000000e+00
1.300000000000000044e-01
0.000000000000000000e+00
1.433333333333333404e-01
9.433333333333333570e-01
1.966666666666666841e-01
2.266666666666666552e-01
1.233333333333333365e-01
3.133333333333332971e-01
4.000000000000000083e-02
7.000000000000000666e-01
5.000000000000000971e-02
1.933333333333333570e-01
2.666666666666666838e-02
1.079999999999999849e+00
5.566666666666666430e-01
7.133333333333333748e-01
1.839999999999999858e+00
3.833333333333333037e-01
6.033333333333333881e-01
2.399999999999999911e-01
1.190000000000000169e+00
3.000000000000000236e-02
1.733333333333333393e-01
1.073333333333333250e+00
1.990000000000000213e+00
