8.900000000000000133e-01
2.186666666666666980e+00
1.663333333333333330e+00
6.800000000000000488e-01
3.666666666666666408e-01
4.666666666666666186e-01
1.733333333333333393e-01
1.383333333333333526e+00
2.899999999999999800e-01
9.666666666666666463e-02
3.333333333333333287e-02
7.666666666666666075e-02
2.333333333333333093e-01
7.799999999999999156e-01
1.223333333333333384e+00
5.666666666666667629e-01
5.400000000000000355e-01
1.183333333333333348e+00
1.400000000000000133e-01
1.713333333333333153e+00
1.000000000000000000e+00
8.000000000000000167e-02
2.266666666666666552e-01
4.033333333333333215e-01
1.646666666666666501e+00
2.066666666666666374e-01
4.399999999999999467e-01
5.933333333333333792e-01
1.400000000000000133e-01
1.499999999999999944e-01
1.150000000000000133e+00
3.833333333333333592e-01
2.233333333333333559e-01
2.533333333333333548e-01
2.166666666666666741e-01
1.766666666666666663e-01
2.533333333333333548e-01
4.033333333333333215e-01
1.280000000000000027e+00
