6.800000000000000488e-01
1.600000000000000033e-01
2.566666666666666541e-01
3.833333333333333037e-01
2.233333333333333004e-01
6.333333333333333870e-02
2.066666666666666652e-01
1.966666666666666563e-01
4.000000000000000777e-01
4.266666666666666941e-01
0.000000000000000000e+00
3.666666666666666685e-02
1.199999999999999956e+00
6.666666666666667095e-03
0.000000000000000000e+00
2.533333333333333548e-01
1.233333333333333365e-01
3.666666666666666685e-02
0.000000000000000000e+00
3.666666666666666685e-02
1.786666666666666847e+00
1.236666666666666581e+00
2.666666666666666838e-02
1.399999999999999856e-01
1.233333333333333393e+00
4.133333333333333304e-01
2.199999999999999734e-01
8.466666666666666785e-01
1.120000000000000107e+00
6.099999999999999867e-01
8.466666666666666785e-01
5.366666666666667362e-01
5.999999999999999778e-02
1.499999999999999944e-01
1.079999999999999849e+00
9.599999999999999645e-01
2.999999999999999889e-01
2.299999999999999822e-01
4.000000000000000083e-02
2.333333333333333093e-02
3.333333333333333547e-03
3.699999999999999400e-01
9.666666666666667851e-02
6.666666666666667095e-03
6.666666666666666574e-02
1.300000000000000044e+00
1.166666666666666824e-01
2.899999999999999800e-01
1.199999999999999956e-01
1.833333333333333204e-01
3.600000000000000422e-01
4.333333333333332926e-01
1.199999999999999956e-01
0.000000000000000000e+00
5.133333333333333082e-01
3.800000000000000600e-01
7.000000000000000666e-01
9.333333333333333759e-02
1.023333333333333206e+00
