1.366666666666666474e+00
9.699999999999998623e-01
3.966666666666666674e-01
6.000000000000000472e-02
3.666666666666667379e-02
5.466666666666666341e-01
3.666666666666666685e-02
1.000000000000000021e-02
2.200000000000000011e-01
2.999999999999999889e-02
3.333333333333333547e-03
1.399999999999999856e-01
1.633333333333333304e-01
1.270000000000000240e+00
5.899999999999999689e-01
4.000000000000000083e-02
2.800000000000000266e-01
6.333333333333333870e-02
4.000000000000000083e-02
2.833333333333333814e-01
7.000000000000000666e-02
9.000000000000001055e-02
1.900000000000000300e-01
1.566666666666666485e-01
1.399999999999999856e-01
9.833333333333333925e-01
2.000000000000000042e-02
3.633333333333332860e-01
9.633333333333333748e-01
1.533333333333333215e-01
4.333333333333333481e-01
8.499999999999999778e-01
2.033333333333333381e-01
2.000000000000000042e-02
3.333333333333333287e-02
1.113333333333333286e+00
8.499999999999999778e-01
2.166666666666666463e-01
2.833333333333332704e-01
0.000000000000000000e+00
1.250000000000000000e+00
1.666666666666666644e-02
3.000000000000000236e-02
1.000000000000000021e-02
0.000000000000000000e+00
0.000000000000000000e+00
4.000000000000000083e-02
1.786666666666666403e+00
3.099999999999999978e-01
7.666666666666667462e-02
3.766666666666666496e-01
1.499999999999999944e-01
8.166666666666667629e-01
4.666666666666666879e-02
2.000000000000000042e-02
1.000000000000000021e-02
6.666666666666667095e-03
4.599999999999999645e-01
1.533333333333333215e-01
3.333333333333333287e-02
1.033333333333333326e-01
7.099999999999999645e-01
2.666666666666666838e-02
1.000000000000000021e-02
0.000000000000000000e+00
0.000000000000000000e+00
6.533333333333333215e-01
4.333333333333333481e-02
2.999999999999999889e-02
1.099999999999999867e-01
0.000000000000000000e+00
1.093333333333333490e+00
7.333333333333333370e-02
0.000000000000000000e+00
0.000000000000000000e+00
0.000000000000000000e+00
1.000000000000000021e-02
2.333333333333333440e-02
7.000000000000000666e-02
3.999999999999999667e-01
1.599999999999999867e+00
3.200000000000000067e-01
9.333333333333333759e-02
5.999999999999999778e-02
1.366666666666666863e-01
9.666666666666667851e-02
1.000000000000000021e-02
0.000000000000000000e+00
2.866666666666666807e-01
6.666666666666667095e-03
1.333333333333333419e-02
2.866666666666666807e-01
0.000000000000000000e+00
1.833333333333333481e-01
2.066666666666666652e-01
0.000000000000000000e+00
1.700000000000000122e-01
4.799999999999999822e-01
9.666666666666667851e-02
2.286666666666666625e+00
3.099999999999999978e-01
2.633333333333333637e-01
3.233333333333333059e-01
8.266666666666666607e-01
2.130000000000000338e+00
1.783333333333333215e+00
4.766666666666666274e-01
4.000000000000000083e-02
1.533333333333333215e-01
1.233333333333333365e-01
1.866666666666666752e-01
2.700000000000000178e-01
6.933333333333333570e-01
6.600000000000000311e-01
1.456666666666666776e+00
1.469999999999999973e+00
1.856666666666666465e+00
7.966666666666665231e-01
2.600000000000000089e-01
1.433333333333333404e-01
1.666666666666666644e-02
8.333333333333332871e-02
2.666666666666666838e-02
1.333333333333333315e-01
8.000000000000000167e-02
2.900000000000000355e-01
6.066666666666665764e-01
2.600000000000000089e-01
1.393333333333333535e+00
1.166666666666666546e-01
2.000000000000000389e-01
2.333333333333333440e-02
9.333333333333333759e-02
5.366666666666666252e-01
3.133333333333332971e-01
3.333333333333333148e-01
1.999999999999999833e-01
4.299999999999999933e-01
1.966666666666666563e-01
1.929999999999999938e+00
1.770000000000000240e+00
1.800000000000000211e-01
9.433333333333333570e-01
1.000000000000000021e-02
3.666666666666666685e-02
7.900000000000000355e-01
1.573333333333333250e+00
1.666666666666666644e-02
1.000000000000000021e-02
5.333333333333333259e-01
2.166666666666666741e-01
1.000000000000000021e-02
2.399999999999999911e-01
2.633333333333333637e-01
2.166666666666666463e-01
1.000000000000000021e-02
4.233333333333333393e-01
1.466666666666666952e-01
1.683333333333333348e+00
1.196666666666666545e+00
8.000000000000000167e-02
2.999999999999999889e-01
3.899999999999999578e-01
4.199999999999999845e-01
3.633333333333333415e-01
3.733333333333332948e-01
6.933333333333333570e-01
5.866666666666666696e-01
3.166666666666666519e-01
6.733333333333333393e-01
3.300000000000000155e-01
2.066666666666666652e-01
1.433333333333333404e-01
2.000000000000000042e-02
3.333333333333333287e-02
0.000000000000000000e+00
5.700000000000000622e-01
3.333333333333333547e-03
4.966666666666666452e-01
1.800000000000000211e-01
1.033333333333333326e-01
7.366666666666666918e-01
3.300000000000000155e-01
1.499999999999999944e-01
1.109999999999999876e+00
0.000000000000000000e+00
5.499999999999999334e-01
0.000000000000000000e+00
6.666666666666667095e-03
2.333333333333333440e-02
1.233333333333333365e-01
8.366666666666665586e-01
1.566666666666666485e-01
5.333333333333333259e-01
1.700000000000000122e-01
1.000000000000000021e-02
0.000000000000000000e+00
1.266666666666666774e-01
1.800000000000000211e-01
2.999999999999999889e-02
1.166666666666666546e-01
6.199999999999999956e-01
2.399999999999999911e-01
3.400000000000000244e-01
9.999999999999999167e-02
1.233333333333333365e-01
3.333333333333333547e-03
2.600000000000000089e-01
0.000000000000000000e+00
3.333333333333333547e-03
2.199999999999999734e-01
0.000000000000000000e+00
5.366666666666667362e-01
0.000000000000000000e+00
2.999999999999999889e-02
6.666666666666667095e-03
3.066666666666666985e-01
2.666666666666666838e-02
0.000000000000000000e+00
4.033333333333333215e-01
1.499999999999999944e-01
4.833333333333333925e-01
2.066666666666666652e-01
2.500000000000000000e-01
8.666666666666666963e-02
1.333333333333333315e-01
4.199999999999999845e-01
1.350000000000000311e+00
2.033333333333333381e-01
2.999999999999999889e-02
2.399999999999999911e-01
1.333333333333333315e-01
3.666666666666666685e-02
6.666666666666667095e-03
2.166666666666666741e-01
9.933333333333332904e-01
2.633333333333333637e-01
2.233333333333333004e-01
1.653333333333333544e+00
3.133333333333332971e-01
4.666666666666666879e-02
1.123333333333333295e+00
2.833333333333333814e-01
3.933333333333333126e-01
9.900000000000001021e-01
2.223333333333333162e+00
2.746666666666666590e+00
2.666666666666666630e-01
1.143333333333333313e+00
2.099999999999999922e-01
4.966666666666666452e-01
5.966666666666666785e-01
1.933333333333333570e-01
2.843333333333333712e+00
1.626666666666666705e+00
1.203333333333333366e+00
4.733333333333333282e-01
2.933333333333333348e-01
5.166666666666667185e-01
6.166666666666666963e-01
9.666666666666667851e-02
3.666666666666667379e-02
3.966666666666666674e-01
9.000000000000001055e-02
6.666666666666667095e-03
1.133333333333333415e-01
2.666666666666666838e-02
9.699999999999998623e-01
5.899999999999999689e-01
2.000000000000000042e-02
2.766666666666666718e-01
2.133333333333333470e-01
1.066666666666666735e-01
2.833333333333333259e-01
1.933333333333333293e-01
2.566666666666666541e-01
7.500000000000000000e-01
1.733333333333333393e-01
9.999999999999999167e-02
1.679999999999999938e+00
2.666666666666666838e-02
3.566666666666666319e-01
9.700000000000000844e-01
5.333333333333333676e-02
6.400000000000000133e-01
9.400000000000000577e-01
2.333333333333333093e-01
4.333333333333333481e-02
1.133333333333333276e-01
1.353333333333333499e+00
7.633333333333333082e-01
1.366666666666666863e-01
2.399999999999999911e-01
5.000000000000000971e-02
1.613333333333333286e+00
4.166666666666666852e-01
4.000000000000000083e-02
0.000000000000000000e+00
1.066666666666666735e-01
0.000000000000000000e+00
1.000000000000000021e-02
7.666666666666667185e-01
1.333333333333333419e-02
2.633333333333333637e-01
3.600000000000000422e-01
8.666666666666666963e-02
9.433333333333333570e-01
4.000000000000000083e-02
1.333333333333333419e-02
5.666666666666667074e-02
3.000000000000000236e-02
6.099999999999999867e-01
1.399999999999999856e-01
1.999999999999999833e-01
2.533333333333333548e-01
9.199999999999999289e-01
1.000000000000000021e-02
4.000000000000000083e-02
0.000000000000000000e+00
0.000000000000000000e+00
4.666666666666666186e-01
9.333333333333333759e-02
8.666666666666666963e-02
1.466666666666666674e-01
6.000000000000000472e-02
1.063333333333333242e+00
8.333333333333332871e-02
0.000000000000000000e+00
5.333333333333333676e-02
3.000000000000000236e-02
0.000000000000000000e+00
6.333333333333333870e-02
4.666666666666666879e-02
4.266666666666666941e-01
6.633333333333332194e-01
2.466666666666666730e-01
2.999999999999999889e-01
7.333333333333333370e-02
2.933333333333333348e-01
4.133333333333333859e-01
3.333333333333333287e-02
6.666666666666667095e-03
2.566666666666666541e-01
7.666666666666667462e-02
1.333333333333333419e-02
2.000000000000000389e-01
0.000000000000000000e+00
9.666666666666667851e-02
6.666666666666667095e-03
0.000000000000000000e+00
2.999999999999999889e-02
2.399999999999999911e-01
0.000000000000000000e+00
1.966666666666666785e+00
9.333333333333333759e-02
5.666666666666666380e-02
2.199999999999999734e-01
1.856666666666666687e+00
8.966666666666666119e-01
1.393333333333333313e+00
8.866666666666666030e-01
2.266666666666666552e-01
2.999999999999999889e-01
2.233333333333333559e-01
2.666666666666666630e-01
1.499999999999999944e-01
3.499999999999999223e-01
6.199999999999999956e-01
1.513333333333333419e+00
1.953333333333333144e+00
1.083333333333333259e+00
4.200000000000000955e-01
1.133333333333333415e-01
2.099999999999999922e-01
4.333333333333333481e-02
6.666666666666667095e-03
1.000000000000000021e-02
2.333333333333333440e-02
2.500000000000000000e-01
5.766666666666666607e-01
1.066666666666666652e+00
1.866666666666666752e-01
5.333333333333333259e-01
1.700000000000000122e-01
1.566666666666666485e-01
4.666666666666666879e-02
1.766666666666666663e-01
1.466666666666666952e-01
9.000000000000000222e-01
4.066666666666666763e-01
8.000000000000000167e-02
3.833333333333333592e-01
1.399999999999999856e-01
1.186666666666666758e+00
4.533333333333333659e-01
2.666666666666666630e-01
6.266666666666665941e-01
2.999999999999999889e-02
6.666666666666667095e-03
1.999999999999999833e-01
1.843333333333333046e+00
2.333333333333333440e-02
0.000000000000000000e+00
4.566666666666667207e-01
2.933333333333332793e-01
3.333333333333333547e-03
2.633333333333333637e-01
3.266666666666666607e-01
3.700000000000000511e-01
1.133333333333333415e-01
4.500000000000000111e-01
8.666666666666666963e-02
1.086666666666666670e+00
1.773333333333333428e+00
1.666666666666666644e-02
1.433333333333333126e-01
4.199999999999999845e-01
2.966666666666666896e-01
3.533333333333333326e-01
1.189999999999999947e+00
8.866666666666667140e-01
1.700000000000000122e-01
1.466666666666666952e-01
1.653333333333333321e+00
1.999999999999999833e-01
1.300000000000000044e-01
1.933333333333333570e-01
2.000000000000000042e-02
1.000000000000000021e-02
3.333333333333333547e-03
9.366666666666666474e-01
1.000000000000000021e-02
4.766666666666666274e-01
2.333333333333333093e-01
1.800000000000000211e-01
1.003333333333333188e+00
2.133333333333333470e-01
6.000000000000000472e-02
1.036666666666666625e+00
6.666666666666667095e-03
2.666666666666666838e-02
4.333333333333333481e-02
2.999999999999999889e-02
6.333333333333333870e-02
1.433333333333333404e-01
1.010000000000000009e+00
1.133333333333333276e-01
7.299999999999999822e-01
1.566666666666666485e-01
0.000000000000000000e+00
0.000000000000000000e+00
1.266666666666666774e-01
2.133333333333332915e-01
0.000000000000000000e+00
2.300000000000000100e-01
7.966666666666667451e-01
2.333333333333333093e-01
3.533333333333333326e-01
3.666666666666667379e-02
8.666666666666666963e-02
1.266666666666666774e-01
2.343333333333333268e+00
5.333333333333333676e-02
4.033333333333333215e-01
3.366666666666666696e-01
0.000000000000000000e+00
4.500000000000000111e-01
0.000000000000000000e+00
1.033333333333333326e-01
2.900000000000000355e-01
3.666666666666666963e-01
5.333333333333333676e-02
1.133333333333333276e-01
1.610000000000000098e+00
4.466666666666666008e-01
1.933333333333333293e-01
1.900000000000000300e-01
3.499999999999999223e-01
2.266666666666666552e-01
1.233333333333333365e-01
2.366666666666666641e-01
1.383333333333333526e+00
3.400000000000000244e-01
1.633333333333333304e-01
2.033333333333333381e-01
2.166666666666666741e-01
6.666666666666667095e-03
2.333333333333333440e-02
5.966666666666666785e-01
6.366666666666667140e-01
3.600000000000000422e-01
4.000000000000000083e-02
9.033333333333333215e-01
1.666666666666666574e-01
3.300000000000000155e-01
2.076666666666666661e+00
7.466666666666667007e-01
8.266666666666666607e-01
6.699999999999999289e-01
1.940000000000000169e+00
1.889999999999999902e+00
6.833333333333332371e-01
5.733333333333333615e-01
2.833333333333333814e-01
5.633333333333333526e-01
2.250000000000000000e+00
2.933333333333332793e-01
4.163333333333333108e+00
