1.036666666666666847e+00
1.186666666666666758e+00
2.333333333333333440e-02
4.666666666666666879e-02
1.123333333333333295e+00
0.000000000000000000e+00
3.333333333333333287e-02
2.666666666666666838e-02
7.666666666666666075e-02
1.000000000000000021e-02
5.533333333333333437e-01
6.666666666666667095e-03
1.666666666666666644e-02
6.833333333333332371e-01
3.533333333333333326e-01
1.400000000000000133e-01
3.666666666666666685e-02
6.166666666666666963e-01
8.133333333333333526e-01
1.666666666666666644e-02
8.466666666666666785e-01
8.433333333333332682e-01
7.333333333333334758e-02
1.633333333333333304e-01
2.166666666666666463e-01
3.033333333333332882e-01
1.666666666666666644e-02
9.000000000000001055e-02
3.333333333333333287e-02
6.466666666666666119e-01
6.666666666666667095e-03
1.566666666666666485e-01
2.099999999999999922e-01
1.000000000000000021e-02
0.000000000000000000e+00
2.766666666666666718e-01
1.400000000000000133e-01
0.000000000000000000e+00
2.633333333333333637e-01
1.423333333333333561e+00
1.233333333333333365e-01
4.899999999999999911e-01
8.333333333333332871e-02
1.436666666666666758e+00
2.133333333333333470e-01
5.400000000000000355e-01
1.933333333333333570e-01
1.800000000000000211e-01
2.000000000000000042e-02
3.200000000000000067e-01
9.199999999999999289e-01
3.333333333333333547e-03
1.066666666666666735e-01
9.066666666666667318e-01
4.666666666666666879e-02
3.333333333333333547e-03
1.466666666666666674e-01
1.333333333333333419e-02
1.333333333333333315e-01
1.056666666666666421e+00
1.816666666666666652e+00
1.033333333333333465e-01
1.533333333333333492e-01
1.566666666666666485e-01
2.566666666666666541e-01
6.999999999999999278e-02
1.173333333333333339e+00
4.266666666666666941e-01
2.899999999999999800e-01
9.533333333333334769e-01
1.373333333333333295e+00
1.596666666666666679e+00
1.000000000000000021e-02
4.166666666666666852e-01
1.256666666666666599e+00
6.666666666666667095e-03
1.100000000000000006e-01
1.600000000000000033e-01
5.333333333333334370e-02
3.333333333333333547e-03
6.933333333333333570e-01
2.333333333333333093e-02
1.666666666666666644e-02
1.053333333333333233e+00
4.899999999999999911e-01
5.666666666666666380e-02
9.000000000000001055e-02
1.026666666666666616e+00
3.899999999999999578e-01
5.666666666666666380e-02
1.316666666666666652e+00
1.076666666666666661e+00
1.133333333333333276e-01
4.933333333333333459e-01
7.299999999999999822e-01
4.733333333333333282e-01
2.000000000000000042e-02
1.066666666666666735e-01
3.666666666666666685e-02
1.833333333333333481e-01
2.666666666666666838e-02
3.200000000000000067e-01
8.000000000000000167e-02
1.000000000000000021e-02
1.499999999999999944e-01
1.433333333333333126e-01
1.066666666666666735e-01
6.999999999999999278e-02
8.866666666666666030e-01
1.000000000000000000e+00
4.099999999999999756e-01
1.563333333333333242e+00
1.133333333333333276e-01
1.873333333333333295e+00
2.866666666666666807e-01
7.999999999999999334e-01
3.099999999999999978e-01
6.999999999999999278e-02
6.666666666666667095e-03
7.666666666666667462e-02
7.066666666666666652e-01
1.333333333333333419e-02
1.333333333333333419e-02
6.633333333333333304e-01
1.700000000000000122e-01
7.333333333333333370e-02
2.133333333333332915e-01
1.800000000000000211e-01
1.033333333333333326e-01
6.466666666666666119e-01
1.669999999999999929e+00
1.233333333333333504e-01
2.466666666666666730e-01
1.866666666666666752e-01
2.466666666666666730e-01
2.433333333333333182e-01
1.743333333333333401e+00
1.936666666666666758e+00
1.333333333333333315e-01
2.700000000000000178e-01
2.186666666666666980e+00
1.233333333333333365e-01
5.999999999999999778e-02
2.766666666666666718e-01
6.333333333333333870e-02
1.000000000000000021e-02
1.533333333333333215e-01
1.700000000000000122e-01
5.633333333333333526e-01
1.236666666666666581e+00
3.923333333333333339e+00
3.343333333333333712e+00
3.533333333333333326e-01
5.366666666666666252e-01
9.033333333333333215e-01
1.233333333333333365e-01
6.666666666666666574e-02
3.366666666666666696e-01
2.166666666666666463e-01
1.830000000000000071e+00
2.056666666666666643e+00
3.326666666666666661e+00
