4.299999999999999933e-01
4.733333333333333282e-01
1.333333333333333419e-02
1.030000000000000027e+00
1.000000000000000194e-01
2.276666666666666838e+00
2.633333333333333637e-01
1.466666666666666785e+00
1.399999999999999856e-01
1.166666666666666546e-01
5.333333333333333676e-02
8.833333333333333037e-01
5.000000000000000000e-01
6.933333333333333570e-01
6.666666666666667095e-03
1.486666666666666581e+00
1.523333333333333428e+00
4.333333333333333481e-02
8.133333333333333526e-01
1.666666666666666644e-02
6.666666666666667095e-03
1.020000000000000018e+00
9.799999999999999822e-01
1.000000000000000021e-02
2.666666666666666838e-02
1.933333333333333570e-01
2.133333333333333470e-01
0.000000000000000000e+00
1.099999999999999867e-01
1.373333333333333295e+00
6.166666666666666963e-01
4.666666666666666879e-02
2.266666666666666552e-01
1.349999999999999867e+00
3.189999999999999947e+00
4.066666666666666763e-01
4.433333333333333570e-01
3.233333333333333059e-01
3.166666666666666519e-01
1.866666666666666752e-01
1.946666666666666545e+00
4.033333333333333215e-01
2.046666666666666856e+00
1.046666666666666634e+00
1.753333333333333188e+00
1.196666666666666545e+00
2.666666666666666630e-01
5.999999999999999778e-01
4.633333333333333748e-01
1.800000000000000211e-01
2.333333333333333440e-02
0.000000000000000000e+00
1.300000000000000044e-01
2.666666666666666630e-01
6.666666666666667095e-03
1.639999999999999902e+00
3.300000000000000155e-01
7.666666666666667462e-02
2.399999999999999911e-01
2.000000000000000000e+00
1.393333333333333313e+00
6.666666666666667095e-03
1.833333333333333481e-01
1.800000000000000211e-01
1.000000000000000021e-02
0.000000000000000000e+00
1.333333333333333419e-02
8.999999999999998279e-02
3.066666666666666430e-01
3.666666666666666685e-02
0.000000000000000000e+00
1.633333333333333304e-01
1.070000000000000062e+00
2.466666666666666730e-01
4.466666666666666008e-01
1.366666666666666863e-01
1.133333333333333276e-01
1.519999999999999796e+00
1.466666666666666952e-01
4.166666666666666852e-01
9.899999999999998801e-01
5.400000000000000355e-01
0.000000000000000000e+00
1.033333333333333326e-01
1.866666666666666752e-01
1.166666666666666546e-01
0.000000000000000000e+00
9.666666666666666463e-02
3.499999999999999223e-01
6.666666666666667095e-03
0.000000000000000000e+00
2.000000000000000042e-02
1.250000000000000000e+00
1.066666666666666735e-01
3.533333333333333326e-01
2.133333333333332915e-01
2.833333333333333814e-01
3.733333333333333504e-01
3.500000000000000333e-01
6.666666666666666574e-02
7.666666666666667462e-02
7.333333333333333925e-01
1.713333333333333597e+00
