1.573333333333333472e+00
8.666666666666666963e-02
0.000000000000000000e+00
0.000000000000000000e+00
7.666666666666667462e-02
2.500000000000000000e-01
1.166666666666666546e-01
6.999999999999999278e-02
0.000000000000000000e+00
2.800000000000000266e-01
1.499999999999999944e-01
3.666666666666667379e-02
3.666666666666667379e-02
2.999999999999999889e-01
5.999999999999999778e-02
0.000000000000000000e+00
8.099999999999999423e-01
2.233333333333333004e-01
9.333333333333333759e-02
1.233333333333333365e-01
3.333333333333333547e-03
3.200000000000000067e-01
1.440000000000000169e+00
1.100000000000000006e-01
1.300000000000000044e-01
0.000000000000000000e+00
1.666666666666666644e-02
1.203333333333333366e+00
1.533333333333333215e-01
0.000000000000000000e+00
5.333333333333333676e-02
6.666666666666667095e-03
6.500000000000000222e-01
9.333333333333333759e-02
7.666666666666667462e-02
1.766666666666666663e-01
4.000000000000000083e-02
2.333333333333333093e-01
2.066666666666666652e-01
1.466666666666666952e-01
1.166666666666666546e-01
3.300000000000000155e-01
9.433333333333333570e-01
2.500000000000000000e-01
3.966666666666666674e-01
4.199999999999999845e-01
