1.176666666666666750e+00
1.400000000000000133e-01
4.299999999999999933e-01
1.300000000000000044e-01
4.766666666666666274e-01
1.866666666666666474e-01
1.900000000000000300e-01
2.633333333333333082e-01
7.599999999999998979e-01
2.199999999999999734e-01
6.800000000000000488e-01
2.700000000000000178e-01
8.333333333333332871e-02
6.933333333333333570e-01
1.066666666666666652e+00
3.066666666666666430e-01
2.033333333333333381e-01
6.333333333333333870e-02
8.266666666666666607e-01
3.433333333333333237e-01
4.566666666666667207e-01
0.000000000000000000e+00
2.766666666666666718e-01
1.173333333333333561e+00
5.666666666666666380e-02
1.700000000000000122e-01
5.733333333333333615e-01
7.333333333333331983e-02
6.000000000000000472e-02
3.800000000000000600e-01
5.333333333333333259e-01
1.309999999999999831e+00
5.566666666666666430e-01
1.400000000000000133e-01
5.766666666666666607e-01
3.766666666666666496e-01
1.179999999999999938e+00
2.666666666666666630e-01
4.333333333333333481e-01
2.333333333333333093e-01
2.800000000000000266e-01
6.999999999999999278e-02
8.666666666666666963e-02
3.600000000000000422e-01
2.600000000000000089e-01
1.499999999999999944e-01
2.333333333333333093e-02
1.333333333333333419e-02
1.153333333333333321e+00
2.800000000000000266e-01
1.000000000000000021e-02
2.766666666666666718e-01
1.800000000000000211e-01
1.123333333333333295e+00
6.666666666666667095e-03
2.166666666666666741e-01
7.333333333333333370e-02
5.666666666666666380e-02
0.000000000000000000e+00
6.133333333333332860e-01
2.999999999999999889e-02
2.333333333333333440e-02
6.666666666666667095e-03
1.033333333333333326e-01
1.000000000000000194e-01
0.000000000000000000e+00
3.133333333333334081e-01
4.000000000000000083e-02
7.466666666666665897e-01
6.899999999999999467e-01
0.000000000000000000e+00
2.666666666666666838e-02
4.900000000000000466e-01
4.000000000000000083e-02
6.333333333333333870e-02
7.666666666666667185e-01
2.766666666666666718e-01
8.599999999999999867e-01
5.133333333333333082e-01
5.366666666666667362e-01
1.066666666666666735e-01
3.733333333333333504e-01
2.633333333333333637e-01
8.066666666666666430e-01
1.000000000000000021e-02
8.766666666666665941e-01
2.999999999999999889e-02
2.000000000000000042e-02
1.666666666666666644e-02
1.566666666666666485e-01
1.333333333333333419e-02
2.000000000000000042e-02
1.066666666666666458e-01
1.166666666666666546e-01
4.666666666666666879e-02
1.666666666666666574e-01
1.466666666666666674e-01
4.333333333333333481e-02
4.000000000000000083e-02
5.333333333333333676e-02
4.333333333333333481e-02
1.833333333333333481e-01
3.533333333333333326e-01
1.566666666666666763e-01
1.083333333333333259e+00
9.666666666666667851e-02
5.566666666666666430e-01
2.866666666666666807e-01
1.473333333333333384e+00
5.866666666666666696e-01
7.799999999999999156e-01
1.326666666666666661e+00
1.443333333333333357e+00
5.933333333333333792e-01
1.533333333333333215e-01
4.900000000000000466e-01
4.000000000000000083e-02
2.233333333333333559e-01
1.933333333333333570e-01
2.299999999999999822e-01
1.100000000000000006e-01
1.169999999999999929e+00
7.700000000000000178e-01
8.333333333333332871e-02
2.566666666666666541e-01
1.533333333333333215e-01
1.199999999999999956e-01
2.926666666666667194e+00
4.566666666666666097e-01
1.066666666666666735e-01
9.300000000000000488e-01
1.466666666666666952e-01
6.000000000000000472e-02
1.593333333333333490e+00
1.303333333333333455e+00
7.866666666666666252e-01
1.133333333333333276e-01
0.000000000000000000e+00
1.600000000000000033e-01
1.123333333333333295e+00
9.000000000000001055e-02
1.666666666666666644e-02
2.149999999999999911e+00
1.156666666666666954e+00
2.666666666666666838e-02
4.766666666666667385e-01
8.599999999999999867e-01
1.066666666666666458e-01
1.936666666666666536e+00
9.100000000000000311e-01
1.066666666666666735e-01
4.766666666666666274e-01
1.383333333333333526e+00
1.666666666666666741e+00
8.033333333333333437e-01
5.233333333333333171e-01
1.400000000000000133e+00
