1.473333333333333384e+00
2.800000000000000266e-01
2.300000000000000100e-01
5.066666666666667096e-01
7.000000000000000666e-01
4.233333333333333393e-01
0.000000000000000000e+00
5.000000000000000971e-02
3.333333333333333547e-03
1.333333333333333419e-02
6.333333333333333870e-02
8.000000000000000167e-02
5.666666666666667074e-02
2.833333333333333814e-01
3.133333333333333526e-01
1.266666666666666774e-01
2.399999999999999911e-01
5.366666666666666252e-01
6.333333333333333870e-02
2.433333333333333182e-01
1.333333333333333419e-02
3.333333333333333547e-03
6.866666666666666474e-01
3.333333333333333547e-03
1.000000000000000021e-02
1.166666666666666546e-01
1.330000000000000071e+00
9.333333333333333759e-02
1.666666666666666574e-01
1.633333333333333304e-01
1.096666666666666679e+00
1.966666666666666563e-01
4.033333333333333215e-01
4.766666666666666274e-01
3.000000000000000236e-02
1.003333333333333188e+00
5.000000000000000971e-02
6.333333333333333870e-02
3.233333333333333059e-01
3.366666666666666696e-01
1.179999999999999938e+00
1.013333333333333419e+00
1.333333333333333315e-01
1.260000000000000009e+00
9.333333333333333759e-02
7.666666666666666075e-02
1.666666666666666644e-02
2.333333333333333440e-02
1.173333333333333339e+00
1.399999999999999856e-01
7.333333333333333370e-02
9.333333333333333759e-02
1.266666666666666774e-01
6.233333333333334059e-01
1.199999999999999956e-01
5.233333333333333171e-01
8.333333333333332871e-02
6.700000000000000400e-01
4.566666666666667207e-01
0.000000000000000000e+00
3.333333333333333287e-02
0.000000000000000000e+00
4.333333333333333481e-02
1.233333333333333365e-01
4.333333333333333481e-02
7.000000000000000666e-02
1.610000000000000098e+00
2.899999999999999800e-01
2.199999999999999734e-01
1.099999999999999867e-01
9.466666666666666563e-01
2.933333333333333903e-01
1.566666666666666485e-01
1.333333333333333419e-02
0.000000000000000000e+00
5.666666666666666380e-02
4.666666666666666879e-02
8.000000000000000167e-02
5.666666666666667074e-02
7.333333333333333370e-02
9.333333333333332371e-02
7.000000000000000666e-02
2.600000000000000089e-01
7.666666666666667462e-02
3.566666666666666319e-01
5.666666666666667074e-02
1.666666666666666644e-02
7.133333333333333748e-01
6.500000000000000222e-01
0.000000000000000000e+00
4.333333333333333481e-02
7.700000000000000178e-01
9.333333333333333759e-02
1.000000000000000021e-02
1.600000000000000033e-01
0.000000000000000000e+00
1.666666666666666644e-02
0.000000000000000000e+00
3.333333333333333547e-03
9.333333333333333759e-02
6.466666666666666119e-01
0.000000000000000000e+00
0.000000000000000000e+00
1.233333333333333365e-01
2.999999999999999889e-01
6.666666666666667095e-03
0.000000000000000000e+00
1.199999999999999956e-01
6.333333333333333870e-02
1.000000000000000194e-01
2.333333333333333440e-02
1.333333333333333419e-02
4.333333333333333481e-02
1.000000000000000194e-01
9.000000000000001055e-02
9.700000000000000844e-01
1.300000000000000044e-01
1.099999999999999867e+00
3.466666666666666785e-01
8.000000000000000167e-02
1.636666666666666714e+00
4.666666666666666879e-02
6.666666666666667095e-03
6.666666666666666574e-02
1.999999999999999833e-01
1.370000000000000107e+00
6.666666666666666574e-02
7.033333333333332549e-01
8.333333333333332871e-02
6.199999999999999956e-01
1.999999999999999833e-01
6.333333333333333870e-02
7.666666666666667462e-02
0.000000000000000000e+00
2.999999999999999889e-02
1.666666666666666574e-01
1.600000000000000033e-01
1.333333333333333419e-02
1.066666666666666735e-01
8.333333333333332871e-02
1.000000000000000021e-02
9.666666666666667851e-02
2.933333333333333348e-01
3.600000000000000422e-01
6.466666666666666119e-01
1.933333333333333570e-01
3.366666666666666696e-01
4.000000000000000083e-02
7.333333333333333370e-02
5.333333333333333676e-02
0.000000000000000000e+00
1.999999999999999833e-01
6.333333333333333870e-02
1.333333333333333419e-02
1.300000000000000044e-01
3.200000000000000067e-01
0.000000000000000000e+00
0.000000000000000000e+00
4.366666666666667029e-01
2.999999999999999889e-01
7.999999999999999334e-01
2.483333333333333393e+00
1.800000000000000211e-01
4.999999999999999584e-02
0.000000000000000000e+00
0.000000000000000000e+00
0.000000000000000000e+00
3.333333333333333547e-03
4.333333333333333481e-02
5.333333333333333676e-02
6.733333333333333393e-01
3.333333333333333547e-03
0.000000000000000000e+00
0.000000000000000000e+00
0.000000000000000000e+00
1.000000000000000021e-02
3.333333333333333547e-03
2.733333333333333726e-01
5.666666666666667074e-02
1.400000000000000133e-01
5.666666666666667074e-02
5.399999999999999245e-01
2.966666666666666341e-01
1.509999999999999787e+00
5.333333333333333676e-02
0.000000000000000000e+00
4.133333333333333304e-01
4.666666666666666879e-02
3.500000000000000333e-01
0.000000000000000000e+00
1.933333333333333293e-01
8.966666666666666119e-01
8.000000000000000167e-02
1.926666666666666528e+00
6.099999999999999867e-01
0.000000000000000000e+00
4.166666666666666852e-01
7.000000000000000666e-02
1.666666666666666644e-02
4.833333333333333370e-01
1.300000000000000044e-01
2.333333333333333440e-02
2.166666666666666741e-01
5.700000000000000622e-01
2.866666666666666807e-01
5.400000000000000355e-01
7.799999999999999156e-01
1.333333333333333419e-02
5.233333333333333171e-01
1.633333333333333304e-01
9.933333333333332904e-01
0.000000000000000000e+00
6.266666666666665941e-01
9.300000000000000488e-01
2.333333333333333440e-02
6.333333333333333870e-02
9.466666666666666563e-01
5.666666666666665408e-01
0.000000000000000000e+00
2.333333333333333440e-02
8.333333333333332871e-02
3.066666666666666985e-01
3.666666666666667379e-02
7.133333333333332638e-01
1.243333333333333401e+00
6.666666666666667095e-03
0.000000000000000000e+00
5.233333333333333171e-01
1.000000000000000021e-02
0.000000000000000000e+00
3.333333333333333547e-03
1.566666666666666763e-01
1.700000000000000122e-01
0.000000000000000000e+00
2.999999999999999889e-02
6.666666666666666297e-01
2.666666666666666838e-02
8.566666666666667984e-01
1.300000000000000044e-01
1.800000000000000211e-01
1.099999999999999867e+00
