8.433333333333332682e-01
3.133333333333332971e-01
1.026666666666666616e+00
4.366666666666667029e-01
5.333333333333333676e-02
5.333333333333333676e-02
5.899999999999999689e-01
1.100000000000000006e-01
5.999999999999999778e-02
7.200000000000000844e-01
1.533333333333333492e-01
0.000000000000000000e+00
2.033333333333333381e-01
3.666666666666667379e-02
4.666666666666666186e-02
7.666666666666666075e-02
1.266666666666666774e-01
7.666666666666667462e-02
1.623333333333333295e+00
1.250000000000000000e+00
3.566666666666666874e-01
6.666666666666666574e-02
7.033333333333332549e-01
2.033333333333333381e-01
7.033333333333332549e-01
0.000000000000000000e+00
3.333333333333333547e-03
9.333333333333333759e-02
2.000000000000000042e-02
8.000000000000000167e-02
4.666666666666666879e-02
1.399999999999999856e-01
1.669999999999999929e+00
0.000000000000000000e+00
4.500000000000000111e-01
2.399999999999999911e-01
2.733333333333333726e-01
1.333333333333333315e-01
1.100000000000000006e-01
1.216666666666666785e+00
5.666666666666667074e-02
4.000000000000000083e-02
1.646666666666666501e+00
6.466666666666666119e-01
3.366666666666666696e-01
3.866666666666666585e-01
8.766666666666665941e-01
2.900000000000000355e-01
2.333333333333333093e-01
1.190000000000000169e+00
2.006666666666666821e+00
8.566666666666665764e-01
5.666666666666666380e-02
8.000000000000000167e-02
3.666666666666666685e-02
1.966666666666666841e-01
0.000000000000000000e+00
1.046666666666666634e+00
4.833333333333333370e-01
1.600000000000000033e-01
1.300000000000000044e-01
1.503333333333333188e+00
3.200000000000000067e-01
3.333333333333333287e-02
6.533333333333333215e-01
1.410000000000000142e+00
1.246666666666666812e+00
1.333333333333333419e-02
1.469999999999999973e+00
4.099999999999999756e-01
1.366666666666666863e-01
1.236666666666666581e+00
3.866666666666666585e-01
2.000000000000000042e-02
1.499999999999999944e-01
1.256666666666666821e+00
2.999999999999999889e-02
2.999999999999999889e-02
3.533333333333333326e-01
2.033333333333333381e-01
0.000000000000000000e+00
3.333333333333333287e-02
1.433333333333333404e-01
7.333333333333333370e-02
2.700000000000000178e-01
1.466666666666666397e-01
1.433333333333333404e-01
7.133333333333332638e-01
1.086666666666666670e+00
4.433333333333333570e-01
6.666666666666666574e-02
2.533333333333333548e-01
1.566666666666666763e-01
8.033333333333333437e-01
9.000000000000001055e-02
3.333333333333333287e-02
6.666666666666666574e-02
3.133333333333332971e-01
1.999999999999999833e-01
4.666666666666666879e-02
5.333333333333333676e-02
1.436666666666666758e+00
1.366666666666666863e-01
4.133333333333333304e-01
2.366666666666666641e-01
5.966666666666666785e-01
1.633333333333333304e-01
1.866666666666666752e-01
1.046666666666666634e+00
1.366666666666666863e-01
1.000000000000000021e-02
9.133333333333334414e-01
6.600000000000000311e-01
2.000000000000000042e-02
4.333333333333333481e-02
1.123333333333333295e+00
9.000000000000001055e-02
2.999999999999999889e-02
3.733333333333332948e-01
7.200000000000000844e-01
5.066666666666667096e-01
1.300000000000000044e-01
1.366666666666666863e-01
7.666666666666667462e-02
0.000000000000000000e+00
0.000000000000000000e+00
1.730000000000000204e+00
3.666666666666665991e-02
1.666666666666666644e-02
1.733333333333333393e-01
6.900000000000000577e-01
5.666666666666667074e-02
5.333333333333334370e-02
6.166666666666666963e-01
1.416666666666666741e+00
1.496666666666666812e+00
9.000000000000001055e-02
1.250000000000000000e+00
