1.566666666666666430e+00
1.639999999999999902e+00
1.173333333333333339e+00
1.233333333333333504e-01
3.866666666666666585e-01
3.433333333333333237e-01
4.866666666666666363e-01
2.346666666666666679e+00
1.726666666666666572e+00
1.730000000000000204e+00
2.046666666666666412e+00
5.933333333333332682e-01
4.866666666666666363e-01
2.359999999999999876e+00
5.533333333333333437e-01
3.133333333333333526e-01
1.676666666666666750e+00
2.356666666666666909e+00
1.003333333333333188e+00
1.766666666666666663e-01
1.116666666666666696e+00
1.593333333333333490e+00
2.216666666666666785e+00
9.799999999999999822e-01
3.000000000000000444e-01
1.113333333333333286e+00
1.666666666666666574e-01
6.899999999999999467e-01
6.166666666666665853e-01
7.333333333333334758e-02
2.666666666666666630e-01
1.000000000000000021e-02
3.333333333333333287e-02
4.133333333333333304e-01
1.233333333333333365e-01
5.000000000000000971e-02
2.466666666666666730e-01
4.299999999999999933e-01
1.333333333333333315e-01
2.033333333333333381e-01
3.433333333333333237e-01
2.000000000000000042e-02
0.000000000000000000e+00
6.666666666666667095e-03
5.000000000000000971e-02
9.500000000000000666e-01
2.033333333333333381e-01
8.566666666666667984e-01
3.966666666666666674e-01
5.433333333333333348e-01
2.633333333333333082e-01
1.186666666666666758e+00
5.766666666666667718e-01
1.400000000000000133e-01
3.833333333333333037e-01
4.333333333333333481e-01
2.010000000000000231e+00
1.500000000000000000e+00
1.933333333333333570e-01
1.800000000000000211e-01
3.333333333333333547e-03
4.899999999999999911e-01
5.666666666666667074e-02
1.066666666666666735e-01
6.633333333333333304e-01
6.666666666666667095e-03
5.333333333333333676e-02
5.433333333333333348e-01
2.366666666666666641e-01
2.633333333333333637e-01
2.633333333333333637e-01
7.000000000000000666e-02
1.966666666666666563e-01
1.199999999999999956e-01
3.266666666666666607e-01
4.166666666666666852e-01
2.066666666666666652e-01
2.999999999999999889e-01
2.000000000000000042e-02
3.766666666666667052e-01
3.300000000000000155e-01
3.800000000000000600e-01
1.050000000000000044e+00
1.366666666666666863e-01
1.066666666666666735e-01
3.600000000000000422e-01
9.266666666666666385e-01
3.339999999999999858e+00
7.500000000000000000e-01
1.550000000000000044e+00
1.633333333333333304e-01
1.133333333333333415e-01
3.433333333333333237e-01
3.333333333333333287e-02
1.566666666666666485e-01
2.999999999999999889e-02
1.000000000000000021e-02
1.046666666666666634e+00
3.533333333333333326e-01
1.566666666666666485e-01
1.633333333333333304e-01
2.999999999999999889e-01
1.366666666666666863e-01
1.333333333333333419e-02
6.666666666666666574e-02
1.366666666666666863e-01
3.000000000000000236e-02
2.999999999999999889e-02
9.333333333333333759e-02
6.166666666666666963e-01
0.000000000000000000e+00
1.499999999999999944e-01
4.766666666666666274e-01
1.600000000000000033e-01
9.666666666666667851e-02
0.000000000000000000e+00
1.066666666666666735e-01
1.666666666666666644e-02
3.333333333333333287e-02
2.399999999999999911e-01
1.000000000000000021e-02
1.066666666666666458e-01
6.199999999999999956e-01
7.200000000000000844e-01
1.533333333333333215e-01
4.333333333333333481e-02
9.999999999999999167e-02
7.666666666666666075e-02
2.666666666666666838e-02
1.333333333333333419e-02
3.733333333333333504e-01
2.666666666666666838e-02
1.300000000000000044e-01
1.099999999999999867e-01
1.133333333333333276e-01
5.666666666666666380e-02
1.999999999999999833e-01
6.999999999999999278e-02
9.033333333333333215e-01
3.666666666666666685e-02
2.333333333333333440e-02
1.533333333333333215e-01
4.666666666666666879e-02
0.000000000000000000e+00
8.000000000000000167e-02
1.133333333333333526e+00
1.666666666666666574e-01
2.056666666666666643e+00
