4.666666666666666186e-01
5.999999999999999778e-02
7.233333333333332726e-01
2.233333333333333004e-01
3.966666666666666674e-01
3.699999999999999400e-01
6.866666666666666474e-01
3.333333333333333148e-01
2.166666666666666463e-01
9.566666666666666652e-01
1.173333333333333339e+00
1.959999999999999964e+00
3.666666666666666408e-01
1.566666666666666485e-01
7.333333333333333370e-02
2.866666666666666807e-01
2.066666666666666652e-01
7.399999999999998801e-01
2.533333333333333548e-01
1.253333333333333188e+00
1.726666666666666572e+00
5.599999999999999423e-01
1.080000000000000071e+00
8.800000000000000044e-01
1.333333333333333315e-01
2.733333333333333726e-01
3.300000000000000155e-01
2.633333333333333637e-01
5.099999999999998979e-01
5.566666666666666430e-01
7.233333333333332726e-01
1.406666666666666954e+00
5.100000000000000089e-01
1.186666666666666758e+00
1.333333333333333315e-01
1.303333333333333455e+00
5.533333333333333437e-01
6.666666666666666574e-02
5.300000000000000266e-01
8.833333333333333037e-01
9.333333333333333759e-02
3.600000000000000422e-01
1.566666666666666763e-01
9.333333333333333759e-02
2.566666666666666541e-01
4.833333333333333370e-01
3.666666666666666685e-02
3.499999999999999223e-01
1.766666666666666663e-01
4.666666666666666879e-02
0.000000000000000000e+00
2.666666666666666838e-02
1.126666666666666705e+00
3.699999999999999400e-01
2.433333333333333182e-01
1.166666666666666546e-01
9.766666666666666829e-01
1.079999999999999849e+00
1.466666666666666674e-01
2.566666666666666541e-01
1.666666666666666574e-01
0.000000000000000000e+00
7.000000000000000666e-02
3.799999999999999489e-01
1.399999999999999856e-01
1.349999999999999867e+00
1.133333333333333415e-01
6.666666666666666574e-02
9.666666666666667851e-02
5.166666666666666075e-01
1.330000000000000071e+00
1.760000000000000009e+00
1.706666666666666776e+00
8.666666666666666963e-02
3.499999999999999223e-01
2.033333333333333381e-01
3.766666666666667052e-01
6.899999999999999467e-01
