1.500000000000000000e+00
7.466666666666667007e-01
4.666666666666666879e-02
1.966666666666666563e-01
0.000000000000000000e+00
0.000000000000000000e+00
3.333333333333333287e-02
1.333333333333333419e-02
6.333333333333333870e-02
6.666666666666667095e-03
6.300000000000000044e-01
1.233333333333333365e-01
4.433333333333333570e-01
1.176666666666666750e+00
1.033333333333333326e-01
8.000000000000000167e-02
5.833333333333333703e-01
1.033333333333333326e-01
6.666666666666667095e-03
1.399999999999999856e-01
6.033333333333333881e-01
1.100000000000000006e-01
1.666666666666666644e-02
2.066666666666666652e-01
1.266666666666666774e-01
5.166666666666667185e-01
2.203333333333333588e+00
8.000000000000000167e-02
2.600000000000000089e-01
1.733333333333333393e-01
0.000000000000000000e+00
1.866666666666666752e-01
1.233333333333333365e-01
3.500000000000000333e-01
2.333333333333333093e-01
2.666666666666666838e-02
1.236666666666666581e+00
3.133333333333333526e-01
4.333333333333333481e-02
7.699999999999999067e-01
1.473333333333333384e+00
9.633333333333333748e-01
1.526666666666666616e+00
5.399999999999999245e-01
0.000000000000000000e+00
1.266666666666666774e-01
0.000000000000000000e+00
5.333333333333333676e-02
0.000000000000000000e+00
8.733333333333334059e-01
4.666666666666666879e-02
4.666666666666666186e-01
1.340000000000000080e+00
4.000000000000000083e-02
1.046666666666666634e+00
4.033333333333333215e-01
2.000000000000000042e-02
6.433333333333334236e-01
7.666666666666667462e-02
1.499999999999999944e-01
2.999999999999999889e-02
2.366666666666666641e-01
1.366666666666666863e-01
2.166666666666666741e-01
4.000000000000000083e-02
3.333333333333333287e-02
1.566666666666666763e-01
7.000000000000000666e-02
1.199999999999999956e-01
1.733333333333333393e-01
1.833333333333333204e-01
6.666666666666666574e-02
3.233333333333333059e-01
1.076666666666666661e+00
6.666666666666667095e-03
8.933333333333334236e-01
1.133333333333333304e+00
1.033333333333333465e-01
9.000000000000001055e-02
1.166666666666666546e-01
5.566666666666666430e-01
7.099999999999999645e-01
1.533333333333333215e-01
2.999999999999999889e-02
2.133333333333333470e-01
1.566666666666666485e-01
5.766666666666666607e-01
1.433333333333333404e-01
1.266666666666666774e-01
1.899999999999999745e-01
6.099999999999999867e-01
2.200000000000000011e-01
4.666666666666666879e-02
1.933333333333333293e-01
1.666666666666666574e-01
1.833333333333333481e-01
2.733333333333333726e-01
4.966666666666666452e-01
5.966666666666666785e-01
4.733333333333333282e-01
4.199999999999999845e-01
1.700000000000000122e-01
2.000000000000000042e-02
6.800000000000000488e-01
8.666666666666666963e-02
1.000000000000000021e-02
2.399999999999999911e-01
8.333333333333332871e-02
2.666666666666666838e-02
2.666666666666666838e-02
6.033333333333333881e-01
2.466666666666666730e-01
0.000000000000000000e+00
6.666666666666667095e-03
1.333333333333333259e+00
1.023333333333333206e+00
2.133333333333333470e-01
2.300000000000000100e-01
1.419999999999999929e+00
1.766666666666666663e-01
3.666666666666666685e-02
3.600000000000000422e-01
7.833333333333332149e-01
8.666666666666666963e-02
2.999999999999999889e-01
0.000000000000000000e+00
0.000000000000000000e+00
1.399999999999999856e-01
8.333333333333332871e-02
4.099999999999999756e-01
9.300000000000000488e-01
1.070000000000000062e+00
4.333333333333333481e-01
6.999999999999999278e-02
1.333333333333333419e-02
4.400000000000000022e-01
0.000000000000000000e+00
0.000000000000000000e+00
2.600000000000000089e-01
1.000000000000000021e-02
1.366666666666666863e-01
1.433333333333333126e-01
1.193333333333333357e+00
2.160000000000000142e+00
3.066666666666666985e-01
3.633333333333333415e-01
1.566666666666666485e-01
5.633333333333333526e-01
1.466666666666666952e-01
0.000000000000000000e+00
0.000000000000000000e+00
0.000000000000000000e+00
1.000000000000000021e-02
8.666666666666666963e-02
0.000000000000000000e+00
9.999999999999999167e-02
1.633333333333333581e-01
1.020000000000000018e+00
2.000000000000000042e-02
4.033333333333333215e-01
5.533333333333333437e-01
4.533333333333333104e-01
5.899999999999999689e-01
1.499999999999999944e-01
1.666666666666666574e-01
4.000000000000000083e-02
4.000000000000000083e-02
6.666666666666667095e-03
4.600000000000000200e-01
1.033333333333333326e-01
9.333333333333332371e-02
1.000000000000000021e-02
1.333333333333333419e-02
9.333333333333333759e-02
3.666666666666667379e-02
1.866666666666666752e-01
2.533333333333333548e-01
1.333333333333333419e-02
3.366666666666666696e-01
4.666666666666666879e-02
1.466666666666666674e-01
9.333333333333332371e-02
1.066666666666666735e-01
1.833333333333333481e-01
2.099999999999999922e-01
1.000000000000000021e-02
1.133333333333333276e-01
0.000000000000000000e+00
1.100000000000000006e-01
7.266666666666665719e-01
1.300000000000000044e-01
0.000000000000000000e+00
4.000000000000000083e-02
6.666666666666667095e-03
7.000000000000000666e-02
0.000000000000000000e+00
0.000000000000000000e+00
9.000000000000001055e-02
9.999999999999999167e-02
3.333333333333333547e-03
1.266666666666666774e-01
2.666666666666666838e-02
3.166666666666666519e-01
6.666666666666667095e-03
1.433333333333333404e-01
1.133333333333333276e-01
3.666666666666666963e-01
6.666666666666667095e-03
2.366666666666666641e-01
1.603333333333333499e+00
1.863333333333333286e+00
4.433333333333333570e-01
7.199999999999998623e-01
9.333333333333333759e-02
4.099999999999999756e-01
7.200000000000000844e-01
1.366666666666666863e-01
1.066666666666666735e-01
1.073333333333333472e+00
1.666666666666666644e-02
3.166666666666666519e-01
4.799999999999999822e-01
1.033333333333333326e-01
1.366666666666666863e-01
1.733333333333333393e-01
3.866666666666666585e-01
8.333333333333332871e-02
1.866666666666666752e-01
0.000000000000000000e+00
1.666666666666666644e-02
1.400000000000000133e-01
1.333333333333333419e-02
3.966666666666666674e-01
5.100000000000000089e-01
0.000000000000000000e+00
3.333333333333333547e-03
1.400000000000000133e-01
1.066666666666666735e-01
1.050000000000000044e+00
4.033333333333333215e-01
2.066666666666666652e-01
1.433333333333333404e-01
1.356666666666666687e+00
1.976666666666666572e+00
1.366666666666666863e-01
4.000000000000000083e-02
1.899999999999999745e-01
2.866666666666666252e-01
1.199999999999999956e-01
2.666666666666666838e-02
2.099999999999999922e-01
1.433333333333333404e-01
1.540000000000000036e+00
1.999999999999999833e-01
9.333333333333333759e-02
4.000000000000000083e-02
1.000000000000000021e-02
1.999999999999999833e-01
2.666666666666666630e-01
5.999999999999999778e-02
3.866666666666667140e-01
1.333333333333333315e-01
1.000000000000000021e-02
2.266666666666666552e-01
1.500000000000000222e-01
0.000000000000000000e+00
7.933333333333333348e-01
4.666666666666666879e-02
6.666666666666667095e-03
0.000000000000000000e+00
1.133333333333333415e-01
2.000000000000000042e-02
3.333333333333333547e-03
4.933333333333333459e-01
1.050000000000000044e+00
1.900000000000000300e-01
1.266666666666666774e-01
2.300000000000000100e-01
3.433333333333333237e-01
3.666666666666666685e-02
3.600000000000000422e-01
2.666666666666666838e-02
3.200000000000000067e-01
1.066666666666666735e-01
8.000000000000000167e-02
8.333333333333332871e-02
3.366666666666666696e-01
2.333333333333333093e-01
2.333333333333333440e-02
1.033333333333333465e-01
1.800000000000000211e-01
5.300000000000000266e-01
2.333333333333333440e-02
2.399999999999999911e-01
1.333333333333333419e-02
1.033333333333333326e-01
6.566666666666667318e-01
1.333333333333333315e-01
3.099999999999999978e-01
3.200000000000000067e-01
2.379999999999999893e+00
1.666666666666666574e-01
7.099999999999999645e-01
0.000000000000000000e+00
1.160000000000000142e+00
1.199999999999999956e-01
3.033333333333332882e-01
1.239999999999999991e+00
3.233333333333333059e-01
2.999999999999999889e-02
4.000000000000000083e-02
1.766666666666666663e-01
6.666666666666667095e-03
3.333333333333333547e-03
1.066666666666666458e-01
4.933333333333333459e-01
0.000000000000000000e+00
3.333333333333333287e-02
1.483333333333333393e+00
4.333333333333333481e-02
2.666666666666666838e-02
5.133333333333333082e-01
1.423333333333333117e+00
3.833333333333333037e-01
1.966666666666666841e-01
1.419999999999999929e+00
4.666666666666666186e-01
3.266666666666666607e-01
1.353333333333333499e+00
4.299999999999999933e-01
3.700000000000000511e-01
4.666666666666666186e-01
0.000000000000000000e+00
2.766666666666666718e-01
1.066666666666666735e-01
2.233333333333333004e-01
1.406666666666666510e+00
8.366666666666667806e-01
1.360000000000000098e+00
2.700000000000000178e-01
7.566666666666667096e-01
1.000000000000000021e-02
1.433333333333333404e-01
4.000000000000000083e-02
0.000000000000000000e+00
1.000000000000000021e-02
4.233333333333333393e-01
2.666666666666666838e-02
6.000000000000000472e-02
6.666666666666667095e-03
2.233333333333333004e-01
2.333333333333333093e-01
9.666666666666667851e-02
2.700000000000000178e-01
1.100000000000000006e-01
9.300000000000000488e-01
3.733333333333332948e-01
1.066666666666666735e-01
9.333333333333333759e-02
1.033333333333333326e-01
4.000000000000000083e-02
2.666666666666666630e-01
1.499999999999999944e-01
8.700000000000001066e-01
1.700000000000000122e-01
3.966666666666666674e-01
1.333333333333333419e-02
4.500000000000000111e-01
4.833333333333333925e-01
5.000000000000000971e-02
6.766666666666666385e-01
1.700000000000000122e-01
4.399999999999999467e-01
1.566666666666666485e-01
7.200000000000000844e-01
2.090000000000000302e+00
4.599999999999999645e-01
1.133333333333333276e-01
1.623333333333333295e+00
1.666666666666666574e-01
4.666666666666666879e-02
0.000000000000000000e+00
1.070000000000000062e+00
1.233333333333333365e-01
0.000000000000000000e+00
6.333333333333333870e-02
4.333333333333333481e-02
2.000000000000000042e-02
0.000000000000000000e+00
1.666666666666666644e-02
7.500000000000000000e-01
1.199999999999999956e-01
0.000000000000000000e+00
1.866666666666666474e-01
2.566666666666666541e-01
1.333333333333333419e-02
4.000000000000000083e-02
1.406666666666666954e+00
1.326666666666666883e+00
2.820000000000000284e+00
