1.040000000000000036e+00
1.650000000000000133e+00
2.600000000000000089e-01
7.233333333333332726e-01
1.400000000000000133e-01
7.900000000000000355e-01
1.266666666666666774e-01
1.046666666666666634e+00
3.666666666666666963e-01
1.133333333333333276e-01
7.000000000000000666e-02
1.000000000000000021e-02
6.333333333333333037e-01
2.033333333333333381e-01
4.666666666666666879e-02
1.000000000000000021e-02
1.366666666666666474e+00
9.999999999999999167e-02
2.333333333333333440e-02
1.666666666666666644e-02
5.999999999999999778e-02
7.500000000000000000e-01
7.000000000000000666e-02
1.333333333333333419e-02
8.333333333333332871e-02
2.933333333333333903e-01
3.333333333333333547e-03
1.000000000000000021e-02
7.666666666666667462e-02
4.333333333333333481e-02
1.000000000000000021e-02
4.933333333333333459e-01
7.266666666666666829e-01
7.000000000000000666e-02
6.666666666666667095e-03
1.366666666666666585e-01
5.000000000000000971e-02
2.299999999999999822e-01
4.000000000000000083e-02
1.200000000000000094e-01
1.333333333333333315e-01
0.000000000000000000e+00
2.666666666666666630e-01
3.333333333333333287e-02
9.000000000000001055e-02
8.333333333333332871e-02
9.000000000000001055e-02
4.666666666666666879e-02
2.133333333333332915e-01
5.066666666666667096e-01
9.533333333333334769e-01
1.656666666666666510e+00
3.666666666666666685e-02
0.000000000000000000e+00
1.233333333333333365e-01
1.159999999999999920e+00
1.333333333333333315e-01
0.000000000000000000e+00
2.099999999999999922e-01
9.266666666666667496e-01
6.666666666666666574e-02
3.466666666666666785e-01
2.666666666666666838e-02
1.333333333333333419e-02
0.000000000000000000e+00
1.666666666666666644e-02
9.333333333333333759e-02
1.666666666666666644e-02
6.000000000000000472e-02
3.000000000000000236e-02
1.283333333333333437e+00
7.799999999999999156e-01
1.333333333333333419e-02
1.866666666666666752e-01
3.266666666666666607e-01
4.666666666666666879e-02
3.333333333333333547e-03
2.666666666666666630e-01
1.266666666666666774e-01
0.000000000000000000e+00
1.133333333333333276e-01
9.000000000000001055e-02
5.866666666666665586e-01
9.800000000000000933e-01
1.400000000000000133e-01
1.533333333333333215e-01
7.000000000000000666e-02
7.000000000000000666e-02
1.453333333333333366e+00
1.356666666666666687e+00
1.866666666666666474e-01
0.000000000000000000e+00
3.333333333333333287e-02
1.143333333333333313e+00
1.833333333333333481e-01
0.000000000000000000e+00
1.610000000000000098e+00
7.333333333333333925e-01
1.333333333333333419e-02
1.900000000000000133e+00
1.830000000000000071e+00
7.999999999999999334e-01
9.000000000000001055e-02
1.156666666666666510e+00
7.399999999999998801e-01
1.233333333333333365e-01
1.000000000000000021e-02
3.966666666666666674e-01
1.100000000000000006e-01
1.333333333333333419e-02
5.000000000000000000e-01
5.000000000000000971e-02
2.766666666666666718e-01
0.000000000000000000e+00
6.333333333333333870e-02
8.033333333333333437e-01
9.333333333333333759e-02
8.033333333333333437e-01
