7.733333333333334281e-01
1.666666666666666574e-01
5.266666666666667274e-01
1.126666666666666705e+00
1.133333333333333415e-01
4.166666666666666852e-01
6.066666666666665764e-01
4.000000000000000083e-02
2.066666666666666929e-01
5.999999999999999778e-02
4.933333333333333459e-01
1.966666666666666563e-01
1.733333333333333393e-01
1.100000000000000006e-01
4.000000000000000083e-02
1.233333333333333365e-01
8.333333333333332871e-02
4.000000000000000083e-02
8.000000000000000167e-02
8.333333333333332871e-02
4.233333333333333393e-01
1.300000000000000044e-01
3.866666666666667140e-01
6.000000000000000472e-02
1.453333333333333366e+00
7.666666666666667462e-02
2.999999999999999889e-02
4.333333333333333481e-02
1.333333333333333419e-02
2.666666666666666630e-01
7.333333333333334758e-02
5.933333333333333792e-01
1.233333333333333365e-01
1.493333333333333401e+00
8.766666666666665941e-01
3.666666666666666685e-02
3.666666666666666685e-02
0.000000000000000000e+00
1.399999999999999856e-01
0.000000000000000000e+00
9.000000000000001055e-02
3.866666666666667140e-01
1.766666666666666663e-01
7.799999999999999156e-01
1.256666666666666821e+00
1.666666666666666644e-02
1.333333333333333419e-02
0.000000000000000000e+00
1.000000000000000021e-02
3.333333333333333547e-03
9.333333333333333759e-02
2.000000000000000042e-02
1.400000000000000133e-01
6.766666666666667496e-01
9.333333333333333759e-02
7.899999999999999245e-01
1.333333333333333419e-02
9.000000000000001055e-02
0.000000000000000000e+00
0.000000000000000000e+00
2.666666666666666838e-02
2.399999999999999911e-01
3.733333333333333504e-01
1.973333333333333384e+00
0.000000000000000000e+00
1.750000000000000000e+00
9.333333333333333759e-02
5.733333333333333615e-01
1.333333333333333419e-02
1.666666666666666644e-02
8.000000000000000167e-02
1.133333333333333415e-01
2.433333333333333182e-01
2.466666666666666730e-01
5.899999999999999689e-01
5.033333333333332993e-01
0.000000000000000000e+00
3.333333333333333547e-03
3.666666666666666685e-02
5.133333333333333082e-01
3.866666666666667140e-01
3.666666666666666685e-02
1.966666666666666563e-01
3.333333333333333287e-02
1.066666666666666735e-01
2.766666666666666718e-01
3.566666666666666319e-01
1.900000000000000300e-01
8.000000000000000167e-02
4.666666666666666879e-02
1.199999999999999956e-01
2.366666666666666641e-01
3.666666666666666685e-02
6.766666666666667496e-01
9.233333333333333393e-01
5.233333333333333171e-01
3.133333333333332971e-01
1.333333333333333315e-01
1.400000000000000133e-01
2.399999999999999911e-01
1.966666666666666841e-01
3.000000000000000236e-02
4.333333333333333481e-02
4.333333333333333481e-02
1.496666666666666812e+00
4.299999999999999933e-01
3.666666666666667379e-02
1.669999999999999929e+00
2.833333333333333259e-01
1.743333333333333401e+00
1.086666666666666670e+00
3.333333333333333547e-03
3.566666666666666319e-01
1.000000000000000000e+00
4.000000000000000083e-02
2.000000000000000042e-02
2.333333333333333440e-02
9.666666666666667851e-02
2.099999999999999922e-01
1.190000000000000169e+00
7.000000000000000666e-02
4.666666666666666879e-02
1.199999999999999956e-01
6.333333333333333870e-02
9.999999999999999167e-02
1.199999999999999956e-01
1.393333333333333313e+00
1.466666666666666785e+00
