8.900000000000000133e-01
1.499999999999999944e-01
3.200000000000000067e-01
5.299999999999999156e-01
2.400000000000000189e-01
6.733333333333333393e-01
3.733333333333333504e-01
1.133333333333333276e-01
1.666666666666666574e-01
3.333333333333333287e-02
2.000000000000000042e-02
7.000000000000000666e-02
6.233333333333332948e-01
8.333333333333332871e-02
1.000000000000000194e-01
1.333333333333333315e-01
4.199999999999999845e-01
9.333333333333333759e-02
1.233333333333333365e-01
5.133333333333333082e-01
1.183333333333333348e+00
4.666666666666666186e-01
0.000000000000000000e+00
1.466666666666666952e-01
8.000000000000000167e-02
1.100000000000000006e-01
3.333333333333333547e-03
2.999999999999999889e-01
1.166666666666666741e+00
5.000000000000000971e-02
1.070000000000000062e+00
2.000000000000000042e-02
1.066666666666666735e-01
2.600000000000000089e-01
7.433333333333332904e-01
7.666666666666667462e-02
9.466666666666666563e-01
6.233333333333332948e-01
5.133333333333333082e-01
3.766666666666667052e-01
6.966666666666667673e-01
1.410000000000000142e+00
4.466666666666667118e-01
1.333333333333333419e-02
0.000000000000000000e+00
1.333333333333333419e-02
0.000000000000000000e+00
6.666666666666666574e-02
6.666666666666667095e-03
1.066666666666666735e-01
5.633333333333333526e-01
1.866666666666666752e-01
9.000000000000001055e-02
9.666666666666667851e-02
2.766666666666666718e-01
1.633333333333333304e-01
2.566666666666666541e-01
2.033333333333333381e-01
4.333333333333333481e-02
9.700000000000000844e-01
1.423333333333333561e+00
6.333333333333333870e-02
4.333333333333333481e-02
3.366666666666666696e-01
4.499999999999999556e-01
9.833333333333332815e-01
2.866666666666666807e-01
5.866666666666667806e-01
1.199999999999999956e+00
8.766666666666668162e-01
1.499999999999999944e-01
5.233333333333333171e-01
5.666666666666666519e-01
1.949999999999999956e+00
1.036666666666666625e+00
3.253333333333333410e+00
