5.499999999999999334e-01
1.199999999999999956e-01
1.366666666666666863e-01
2.600000000000000089e-01
3.333333333333333287e-02
0.000000000000000000e+00
1.499999999999999944e-01
1.096666666666666679e+00
1.433333333333333404e-01
2.333333333333333440e-02
9.766666666666666829e-01
1.233333333333333365e-01
9.466666666666666563e-01
2.733333333333333726e-01
3.366666666666666696e-01
5.033333333333332993e-01
3.166666666666666519e-01
6.000000000000000472e-02
1.666666666666666644e-02
0.000000000000000000e+00
0.000000000000000000e+00
1.633333333333333304e-01
1.310000000000000053e+00
3.366666666666666696e-01
3.300000000000000155e-01
1.260000000000000009e+00
1.000000000000000021e-02
1.033333333333333326e-01
1.433333333333333404e-01
5.666666666666667074e-02
9.933333333333332904e-01
5.000000000000000971e-02
0.000000000000000000e+00
1.466666666666666952e-01
6.666666666666667095e-03
0.000000000000000000e+00
5.333333333333333676e-02
1.333333333333333315e-01
2.666666666666666838e-02
0.000000000000000000e+00
1.199999999999999956e-01
1.066666666666666735e-01
0.000000000000000000e+00
0.000000000000000000e+00
1.900000000000000300e-01
1.000000000000000000e+00
8.466666666666666785e-01
1.366666666666666863e-01
1.266666666666666774e-01
8.666666666666666963e-01
5.100000000000000089e-01
1.073333333333333250e+00
1.199999999999999956e-01
3.666666666666666685e-02
1.343333333333333490e+00
2.166666666666666463e-01
3.066666666666666985e-01
8.566666666666667984e-01
1.266666666666666774e-01
1.633333333333333581e-01
3.300000000000000155e-01
2.033333333333333381e-01
1.566666666666666763e-01
2.000000000000000042e-02
2.333333333333333440e-02
6.666666666666667095e-03
1.399999999999999856e-01
8.333333333333332871e-02
0.000000000000000000e+00
0.000000000000000000e+00
1.133333333333333415e-01
6.666666666666667095e-03
3.333333333333333547e-03
5.600000000000000533e-01
2.600000000000000089e-01
1.500000000000000222e-01
1.433333333333333404e-01
3.699999999999999400e-01
3.500000000000000333e-01
4.333333333333333481e-02
1.499999999999999944e-01
0.000000000000000000e+00
4.899999999999999911e-01
1.000000000000000194e-01
2.000000000000000042e-02
4.000000000000000083e-02
8.699999999999999956e-01
5.666666666666665408e-01
1.700000000000000122e-01
7.166666666666666741e-01
3.233333333333333059e-01
2.666666666666666630e-01
3.133333333333332971e-01
4.733333333333333282e-01
0.000000000000000000e+00
2.200000000000000011e-01
1.066666666666666735e-01
4.666666666666666879e-02
1.166666666666666546e-01
1.433333333333333404e-01
7.099999999999999645e-01
3.366666666666666696e-01
1.066666666666666735e-01
0.000000000000000000e+00
1.000000000000000021e-02
1.133333333333333415e-01
2.666666666666666838e-02
3.333333333333333547e-03
5.566666666666666430e-01
5.999999999999999778e-01
3.233333333333333059e-01
0.000000000000000000e+00
1.333333333333333315e-01
2.666666666666666630e-01
3.333333333333333547e-03
0.000000000000000000e+00
5.666666666666667074e-02
6.566666666666667318e-01
6.666666666666667095e-03
2.933333333333333348e-01
1.733333333333333393e-01
1.100000000000000089e+00
1.533333333333333492e-01
5.533333333333333437e-01
4.000000000000000083e-02
6.666666666666667095e-03
8.666666666666666963e-02
0.000000000000000000e+00
0.000000000000000000e+00
3.333333333333333287e-02
1.400000000000000133e-01
8.000000000000000167e-02
1.500000000000000222e-01
1.933333333333333293e-01
3.666666666666666963e-01
3.433333333333332682e-01
8.000000000000000167e-02
5.433333333333333348e-01
1.533333333333333215e-01
3.899999999999999578e-01
3.966666666666666674e-01
1.233333333333333365e-01
9.000000000000001055e-02
2.000000000000000042e-02
4.333333333333333481e-02
1.033333333333333326e-01
3.333333333333333287e-02
1.333333333333333419e-02
4.666666666666666879e-02
1.526666666666666616e+00
7.399999999999998801e-01
3.333333333333333287e-02
3.333333333333333547e-03
1.466666666666666952e-01
1.099999999999999867e-01
0.000000000000000000e+00
0.000000000000000000e+00
6.933333333333333570e-01
4.000000000000000083e-02
0.000000000000000000e+00
8.199999999999999512e-01
1.733333333333333393e-01
4.000000000000000083e-02
1.033333333333333326e-01
2.966666666666666341e-01
4.199999999999999845e-01
8.666666666666666963e-02
5.899999999999999689e-01
0.000000000000000000e+00
2.733333333333333726e-01
6.333333333333333870e-02
1.499999999999999944e-01
1.499999999999999944e-01
9.366666666666666474e-01
9.033333333333333215e-01
4.000000000000000083e-02
8.266666666666666607e-01
9.333333333333333759e-02
2.200000000000000011e-01
1.700000000000000122e-01
3.366666666666666696e-01
7.000000000000000666e-02
1.066666666666666735e-01
3.333333333333333547e-03
3.433333333333333237e-01
5.666666666666666380e-02
1.266666666666666774e-01
1.333333333333333315e-01
1.003333333333333410e+00
8.700000000000001066e-01
1.666666666666666644e-02
9.533333333333332549e-01
1.010000000000000009e+00
8.000000000000000167e-02
7.666666666666666075e-01
1.133333333333333276e-01
8.666666666666666963e-02
9.333333333333333759e-02
8.000000000000000167e-02
3.666666666666667379e-02
6.999999999999999278e-02
8.333333333333332871e-02
2.333333333333333440e-02
2.466666666666666730e-01
2.999999999999999889e-02
9.999999999999999167e-02
2.800000000000000266e-01
4.266666666666666941e-01
1.050000000000000044e+00
1.100000000000000006e-01
1.000000000000000194e-01
2.066666666666666652e-01
4.533333333333333104e-01
5.200000000000000178e-01
1.566666666666666763e-01
2.099999999999999922e-01
1.866666666666666752e-01
3.333333333333333287e-02
1.196666666666666767e+00
2.633333333333333637e-01
1.666666666666666644e-02
1.000000000000000021e-02
4.366666666666667029e-01
1.766666666666666663e-01
1.333333333333333419e-02
1.533333333333333215e-01
7.333333333333332815e-01
4.000000000000000083e-02
3.066666666666666985e-01
1.166666666666666546e-01
3.966666666666666674e-01
5.000000000000000971e-02
4.333333333333333481e-02
2.000000000000000389e-01
9.000000000000001055e-02
1.966666666666666841e-01
4.733333333333333282e-01
2.000000000000000042e-02
9.333333333333332371e-02
0.000000000000000000e+00
3.333333333333333287e-02
3.333333333333333287e-02
6.333333333333333870e-02
1.966666666666666841e-01
1.100000000000000006e-01
3.933333333333333681e-01
9.999999999999999167e-02
0.000000000000000000e+00
4.999999999999999584e-02
8.566666666666667984e-01
0.000000000000000000e+00
1.000000000000000021e-02
2.600000000000000089e-01
3.666666666666666685e-02
0.000000000000000000e+00
3.366666666666666696e-01
1.966666666666666785e+00
6.666666666666666574e-02
1.836666666666666670e+00
7.000000000000000666e-02
0.000000000000000000e+00
2.666666666666666838e-02
3.333333333333333547e-03
3.666666666666667379e-02
9.999999999999999167e-02
1.133333333333333276e-01
6.400000000000000133e-01
1.099999999999999867e-01
2.999999999999999889e-02
6.666666666666667095e-03
1.333333333333333419e-02
3.633333333333332860e-01
4.566666666666667207e-01
7.000000000000000666e-02
1.126666666666666705e+00
3.766666666666666496e-01
2.333333333333333440e-02
1.900000000000000300e-01
2.000000000000000042e-02
1.733333333333333393e-01
0.000000000000000000e+00
1.499999999999999944e-01
1.499999999999999944e-01
2.666666666666666838e-02
2.066666666666666652e-01
9.000000000000001055e-02
5.533333333333333437e-01
3.533333333333333326e-01
2.999999999999999889e-01
2.333333333333333093e-02
1.266666666666666496e-01
1.299999999999999767e-01
1.333333333333333419e-02
3.333333333333333547e-03
1.266666666666666774e-01
6.666666666666667095e-03
1.333333333333333419e-02
8.000000000000000167e-02
3.266666666666666607e-01
1.166666666666666546e-01
3.566666666666666874e-01
