7.333333333333333925e-01
1.133333333333333415e-01
1.366666666666666585e-01
1.233333333333333365e-01
2.200000000000000011e-01
3.266666666666666607e-01
3.999999999999999667e-01
5.000000000000000000e-01
4.566666666666666097e-01
5.033333333333332993e-01
2.066666666666666652e-01
9.333333333333333759e-02
7.666666666666667462e-02
2.966666666666666341e-01
1.800000000000000211e-01
1.499999999999999944e-01
1.643333333333333313e+00
2.033333333333333381e-01
3.733333333333333504e-01
1.066666666666666652e+00
1.076666666666666883e+00
4.500000000000000111e-01
1.666666666666666574e-01
9.700000000000000844e-01
1.133333333333333304e+00
6.333333333333333870e-02
7.999999999999999334e-01
1.543333333333333224e+00
8.533333333333333881e-01
0.000000000000000000e+00
1.273333333333333428e+00
1.550000000000000044e+00
2.700000000000000178e-01
7.333333333333334758e-02
8.800000000000000044e-01
7.733333333333333171e-01
4.333333333333333481e-02
5.133333333333333082e-01
2.866666666666666807e-01
6.666666666666666574e-02
1.190000000000000169e+00
1.000000000000000021e-02
1.766666666666666663e-01
6.000000000000000472e-02
8.333333333333332871e-02
8.033333333333333437e-01
2.333333333333333093e-02
1.580000000000000071e+00
7.900000000000000355e-01
1.493333333333333401e+00
6.766666666666666385e-01
3.100000000000000533e-01
0.000000000000000000e+00
8.133333333333333526e-01
1.013333333333333419e+00
6.666666666666667095e-03
1.000000000000000021e-02
4.466666666666667118e-01
1.300000000000000044e-01
2.999999999999999889e-02
1.423333333333333561e+00
1.213333333333333375e+00
5.333333333333333259e-01
8.333333333333333703e-01
