1.453333333333333144e+00
4.433333333333333570e-01
6.466666666666666119e-01
0.000000000000000000e+00
3.333333333333333547e-03
0.000000000000000000e+00
1.133333333333333415e-01
6.666666666666667095e-03
8.700000000000001066e-01
2.533333333333333548e-01
1.563333333333333464e+00
1.666666666666666574e-01
2.066666666666666652e-01
1.000000000000000021e-02
3.766666666666666496e-01
3.333333333333333547e-03
8.333333333333332871e-02
1.333333333333333419e-02
0.000000000000000000e+00
0.000000000000000000e+00
3.433333333333333237e-01
1.466666666666666674e-01
2.066666666666666874e+00
1.656666666666666510e+00
5.133333333333333082e-01
7.533333333333332993e-01
1.433333333333333404e-01
2.366666666666666641e-01
2.133333333333333470e-01
1.106666666666666687e+00
4.666666666666666879e-02
7.900000000000000355e-01
5.666666666666666380e-02
2.666666666666666630e-01
2.000000000000000042e-02
7.099999999999999645e-01
8.333333333333332871e-02
2.999999999999999889e-02
1.566666666666666485e-01
1.669999999999999929e+00
4.000000000000000083e-02
1.566666666666666485e-01
9.666666666666667851e-02
1.666666666666666644e-02
6.666666666666667095e-03
9.066666666666666208e-01
4.999999999999999584e-02
5.499999999999999334e-01
2.999999999999999889e-01
1.833333333333333481e-01
2.200000000000000011e-01
2.533333333333333548e-01
8.466666666666666785e-01
1.033333333333333465e-01
3.333333333333333287e-02
2.433333333333333182e-01
4.999999999999999584e-02
1.966666666666666563e-01
3.333333333333333547e-03
5.833333333333333703e-01
2.240000000000000213e+00
1.643333333333333313e+00
1.333333333333333419e-02
7.666666666666667462e-02
1.666666666666666644e-02
9.666666666666667851e-01
3.666666666666666685e-02
3.333333333333333148e-01
3.000000000000000444e-01
2.486666666666666803e+00
4.666666666666666186e-01
2.966666666666666896e-01
2.666666666666666630e-01
1.700000000000000122e-01
2.066666666666666652e-01
3.833333333333333037e-01
2.099999999999999922e-01
4.233333333333333393e-01
1.496666666666666812e+00
3.233333333333333059e-01
2.200000000000000011e-01
2.333333333333333440e-02
6.666666666666666574e-02
5.333333333333334370e-02
4.266666666666666941e-01
1.133333333333333415e-01
0.000000000000000000e+00
6.666666666666667095e-03
0.000000000000000000e+00
1.100000000000000006e-01
6.300000000000000044e-01
6.166666666666666963e-01
4.266666666666666941e-01
1.933333333333333570e-01
1.366666666666666585e-01
1.066666666666666735e-01
2.933333333333332793e-01
2.766666666666666718e-01
6.300000000000000044e-01
1.276666666666666616e+00
1.700000000000000122e-01
0.000000000000000000e+00
1.333333333333333315e-01
1.333333333333333419e-02
6.999999999999999278e-02
0.000000000000000000e+00
0.000000000000000000e+00
4.333333333333333481e-02
1.000000000000000021e-02
9.300000000000000488e-01
