1.096666666666666679e+00
7.666666666666666075e-02
3.666666666666666685e-02
4.333333333333333481e-02
0.000000000000000000e+00
2.666666666666666838e-02
2.666666666666666838e-02
3.666666666666667379e-02
3.899999999999999578e-01
2.900000000000000355e-01
1.533333333333333215e-01
3.533333333333333326e-01
6.666666666666666574e-02
8.333333333333332871e-02
2.733333333333333171e-01
2.000000000000000042e-02
3.666666666666666685e-02
1.566666666666666763e-01
7.333333333333333370e-02
2.666666666666666838e-02
8.333333333333332871e-02
5.999999999999999778e-02
1.413333333333333330e+00
7.700000000000000178e-01
1.999999999999999833e-01
1.833333333333333481e-01
5.066666666666667096e-01
9.999999999999999167e-02
1.433333333333333404e-01
4.000000000000000083e-02
2.666666666666666838e-02
9.000000000000001055e-02
1.000000000000000021e-02
9.000000000000001055e-02
5.999999999999999778e-01
9.666666666666667851e-02
0.000000000000000000e+00
4.099999999999999756e-01
3.033333333333333437e-01
4.199999999999999845e-01
2.666666666666666630e-01
3.333333333333333287e-02
5.000000000000000000e-01
8.000000000000000167e-02
1.633333333333333304e-01
2.666666666666666838e-02
2.033333333333333381e-01
1.499999999999999944e-01
4.066666666666666763e-01
8.666666666666666963e-02
1.300000000000000044e-01
3.899999999999999578e-01
8.666666666666666963e-02
1.266666666666666774e-01
1.233333333333333365e-01
5.333333333333334370e-02
2.999999999999999889e-02
8.666666666666666963e-02
1.300000000000000044e-01
1.000000000000000021e-02
5.333333333333333676e-02
5.333333333333333676e-02
0.000000000000000000e+00
1.333333333333333419e-02
9.833333333333333925e-01
6.666666666666667095e-03
0.000000000000000000e+00
5.566666666666666430e-01
1.300000000000000044e-01
3.600000000000000422e-01
8.333333333333332871e-02
1.733333333333333393e-01
1.263333333333333419e+00
1.333333333333333419e-02
3.666666666666667379e-02
4.333333333333333481e-02
1.666666666666666644e-02
1.499999999999999944e-01
2.000000000000000042e-02
6.666666666666666574e-02
2.033333333333333381e-01
7.299999999999999822e-01
7.666666666666667462e-02
2.799999999999999711e-01
1.033333333333333326e-01
2.766666666666666718e-01
9.333333333333333759e-02
1.866666666666666752e-01
8.333333333333332871e-02
5.766666666666666607e-01
1.300000000000000044e-01
3.066666666666666430e-01
0.000000000000000000e+00
2.533333333333333548e-01
2.533333333333333548e-01
0.000000000000000000e+00
0.000000000000000000e+00
6.333333333333333870e-02
1.633333333333333304e-01
1.333333333333333419e-02
1.433333333333333404e-01
5.999999999999999778e-02
5.333333333333333676e-02
8.666666666666666963e-02
6.666666666666667095e-03
9.000000000000001055e-02
5.666666666666667074e-02
1.639999999999999902e+00
1.533333333333333492e-01
2.700000000000000178e-01
1.499999999999999944e-01
3.300000000000000155e-01
1.900000000000000300e-01
2.199999999999999734e-01
4.000000000000000083e-02
1.183333333333333348e+00
9.000000000000001055e-02
3.999999999999999667e-01
1.499999999999999944e-01
5.333333333333333259e-01
0.000000000000000000e+00
4.000000000000000083e-02
0.000000000000000000e+00
1.333333333333333419e-02
1.096666666666666679e+00
1.866666666666666752e-01
4.899999999999999911e-01
2.500000000000000555e-01
1.499999999999999944e-01
2.366666666666666641e-01
1.366666666666666585e-01
2.066666666666666652e-01
2.266666666666666829e-01
2.733333333333333171e-01
9.666666666666666463e-02
9.666666666666666463e-02
6.666666666666667095e-03
1.333333333333333419e-02
6.166666666666666963e-01
1.800000000000000211e-01
0.000000000000000000e+00
1.999999999999999833e-01
1.900000000000000300e-01
1.033333333333333465e-01
7.333333333333333370e-02
1.236666666666666581e+00
1.799999999999999656e-01
1.066666666666666735e-01
1.653333333333333321e+00
1.290000000000000036e+00
1.033333333333333326e-01
2.399999999999999911e-01
6.333333333333333870e-02
0.000000000000000000e+00
0.000000000000000000e+00
4.333333333333333481e-02
1.666666666666666644e-02
4.266666666666665830e-01
0.000000000000000000e+00
2.133333333333333470e-01
4.466666666666667118e-01
2.633333333333333637e-01
1.766666666666666663e-01
1.003333333333333188e+00
1.966666666666666841e-01
5.333333333333334370e-02
7.333333333333333370e-02
4.899999999999999911e-01
3.666666666666667379e-02
4.333333333333333481e-02
1.266666666666666774e-01
1.233333333333333365e-01
3.000000000000000236e-02
1.533333333333333215e-01
5.333333333333333676e-02
1.966666666666666563e-01
4.333333333333333481e-02
0.000000000000000000e+00
0.000000000000000000e+00
4.000000000000000083e-02
4.666666666666666879e-02
6.000000000000000472e-02
4.033333333333333215e-01
3.966666666666666674e-01
5.666666666666666380e-02
2.933333333333333903e-01
1.966666666666666841e-01
0.000000000000000000e+00
8.666666666666666963e-02
9.999999999999999167e-02
3.233333333333333615e-01
1.866666666666666474e-01
8.333333333333332871e-02
2.366666666666666641e-01
4.333333333333333481e-02
9.333333333333333759e-02
1.366666666666666585e-01
0.000000000000000000e+00
2.000000000000000042e-02
1.733333333333333393e-01
5.999999999999999778e-02
1.199999999999999956e-01
5.999999999999999778e-02
6.833333333333332371e-01
8.666666666666666963e-02
4.000000000000000083e-02
1.066666666666666735e-01
1.533333333333333215e-01
8.333333333333332871e-02
5.333333333333333259e-01
6.666666666666667095e-03
5.999999999999999778e-02
1.163333333333333330e+00
1.333333333333333419e-02
1.333333333333333419e-02
0.000000000000000000e+00
0.000000000000000000e+00
3.333333333333333287e-02
4.666666666666666879e-02
0.000000000000000000e+00
3.333333333333333547e-03
7.333333333333331983e-02
1.146666666666666723e+00
2.000000000000000042e-02
7.000000000000000666e-02
1.499999999999999944e-01
1.866666666666666752e-01
2.000000000000000042e-02
3.433333333333332682e-01
4.000000000000000083e-02
5.333333333333333676e-02
3.666666666666666685e-02
3.599999999999999312e-01
5.333333333333333676e-02
0.000000000000000000e+00
1.133333333333333276e-01
9.000000000000001055e-02
8.333333333333333703e-01
0.000000000000000000e+00
0.000000000000000000e+00
2.199999999999999734e-01
9.700000000000000844e-01
0.000000000000000000e+00
6.533333333333333215e-01
9.500000000000000666e-01
4.000000000000000083e-02
2.600000000000000089e-01
2.433333333333333182e-01
1.733333333333333393e-01
4.999999999999999584e-02
0.000000000000000000e+00
0.000000000000000000e+00
2.666666666666666838e-02
0.000000000000000000e+00
4.599999999999999645e-01
9.999999999999999167e-02
4.033333333333333215e-01
2.133333333333333470e-01
2.800000000000000266e-01
6.333333333333333870e-02
1.106666666666666687e+00
1.239999999999999991e+00
1.866666666666666752e-01
6.333333333333333870e-02
2.000000000000000042e-02
1.333333333333333419e-02
1.733333333333333393e-01
1.100000000000000006e-01
0.000000000000000000e+00
6.533333333333333215e-01
2.000000000000000000e+00
2.299999999999999822e-01
1.066666666666666735e-01
