1.436666666666666536e+00
1.333333333333333315e-01
5.833333333333333703e-01
4.866666666666666363e-01
9.999999999999999167e-02
7.333333333333334758e-02
2.399999999999999911e-01
9.533333333333332549e-01
8.566666666666665764e-01
4.766666666666666274e-01
2.866666666666666807e-01
1.700000000000000122e-01
1.333333333333333315e-01
1.366666666666666585e-01
1.400000000000000133e-01
1.166666666666666546e-01
1.099999999999999867e+00
4.333333333333333481e-02
3.666666666666666685e-02
3.966666666666666674e-01
4.099999999999999756e-01
1.266666666666666774e-01
1.526666666666666616e+00
1.466666666666666397e-01
1.600000000000000033e-01
9.666666666666667851e-02
3.899999999999999578e-01
6.400000000000000133e-01
7.366666666666666918e-01
1.966666666666666563e-01
0.000000000000000000e+00
4.233333333333333393e-01
6.000000000000000472e-02
2.566666666666666541e-01
8.399999999999999689e-01
9.000000000000001055e-02
4.000000000000000083e-02
1.469999999999999973e+00
5.666666666666667074e-02
1.063333333333333464e+00
3.966666666666666674e-01
5.866666666666666696e-01
5.333333333333333676e-02
5.899999999999999689e-01
1.566666666666666652e+00
1.903333333333333544e+00
1.099999999999999867e-01
3.800000000000000600e-01
1.033333333333333326e-01
5.000000000000000000e-01
8.699999999999999956e-01
1.033333333333333326e-01
4.433333333333333570e-01
9.333333333333333759e-02
5.566666666666666430e-01
2.600000000000000089e-01
5.766666666666666607e-01
7.333333333333333370e-02
7.900000000000000355e-01
5.333333333333333676e-02
2.800000000000000266e-01
1.533333333333333215e-01
3.500000000000000333e-01
4.933333333333333459e-01
9.433333333333333570e-01
3.433333333333333237e-01
1.966666666666666841e-01
1.166666666666666546e-01
3.166666666666666519e-01
6.133333333333333970e-01
9.799999999999999822e-01
1.923333333333333117e+00
2.000000000000000000e+00
1.949999999999999956e+00
9.399999999999999467e-01
3.829999999999999627e+00
1.423333333333333561e+00
6.199999999999999956e-01
1.266666666666666774e-01
1.533333333333333492e-01
1.113333333333333286e+00
1.856666666666666687e+00
6.666666666666666297e-01
5.833333333333333703e-01
2.270000000000000018e+00
1.793333333333333668e+00
