1.480000000000000204e+00
1.453333333333333366e+00
7.033333333333334769e-01
2.333333333333333440e-02
0.000000000000000000e+00
3.333333333333333547e-03
0.000000000000000000e+00
6.333333333333333870e-02
6.333333333333333870e-02
1.216666666666666563e+00
2.099999999999999922e-01
1.843333333333333046e+00
3.833333333333333037e-01
2.666666666666666838e-02
1.333333333333333419e-02
1.666666666666666644e-02
9.000000000000001055e-02
2.166666666666666741e-01
0.000000000000000000e+00
1.333333333333333419e-02
9.166666666666666297e-01
6.666666666666666574e-02
1.333333333333333419e-02
2.999999999999999889e-02
1.206666666666666776e+00
2.666666666666666838e-02
0.000000000000000000e+00
7.333333333333334758e-02
2.833333333333333814e-01
5.666666666666666380e-02
5.800000000000000711e-01
1.000000000000000021e-02
2.733333333333333171e-01
1.666666666666666644e-02
2.666666666666666838e-02
1.199999999999999956e-01
5.033333333333334103e-01
3.200000000000000067e-01
4.666666666666666879e-02
2.033333333333333381e-01
2.666666666666666838e-02
8.233333333333333615e-01
3.700000000000000511e-01
5.666666666666667074e-02
2.633333333333333637e-01
3.000000000000000236e-02
1.433333333333333404e-01
1.776666666666666616e+00
1.566666666666666485e-01
5.966666666666666785e-01
1.839999999999999858e+00
1.480000000000000204e+00
1.666666666666666644e-02
4.333333333333333481e-02
1.233333333333333504e-01
3.299999999999999600e-01
3.333333333333333547e-03
4.333333333333333481e-02
3.099999999999999978e-01
0.000000000000000000e+00
0.000000000000000000e+00
2.799999999999999711e-01
6.999999999999999278e-02
1.233333333333333365e-01
5.899999999999999689e-01
1.773333333333333428e+00
1.793333333333333224e+00
9.833333333333332815e-01
2.999999999999999889e-02
1.686666666666666758e+00
2.666666666666666838e-02
6.333333333333333870e-02
5.666666666666667074e-02
1.933333333333333293e-01
5.800000000000000711e-01
4.466666666666667118e-01
2.733333333333333726e-01
5.333333333333333676e-02
3.566666666666666874e-01
2.166666666666666741e-01
1.333333333333333419e-02
4.000000000000000083e-02
0.000000000000000000e+00
5.666666666666666380e-02
2.333333333333333440e-02
1.999999999999999833e-01
0.000000000000000000e+00
1.199999999999999956e-01
6.333333333333333870e-02
1.066666666666666735e-01
1.493333333333333401e+00
6.766666666666667496e-01
2.123333333333333517e+00
9.899999999999998801e-01
7.000000000000000666e-02
3.333333333333333287e-02
5.666666666666667074e-02
1.600000000000000033e-01
3.333333333333333547e-03
1.666666666666666644e-02
1.666666666666666644e-02
2.999999999999999889e-02
1.633333333333333304e-01
1.666666666666666574e-01
9.599999999999999645e-01
2.200000000000000011e-01
7.000000000000000666e-02
2.966666666666666896e-01
6.766666666666667496e-01
2.979999999999999982e+00
