5.899999999999999689e-01
1.933333333333333570e-01
1.343333333333333490e+00
2.366666666666666641e-01
2.166666666666666741e-01
9.999999999999999167e-02
1.566666666666666763e-01
5.233333333333333171e-01
5.033333333333332993e-01
6.666666666666666574e-02
4.833333333333333370e-01
2.133333333333333470e-01
1.066666666666666735e-01
5.866666666666665586e-01
1.400000000000000133e-01
1.666666666666666574e-01
2.899999999999999800e-01
3.066666666666666430e-01
4.233333333333333393e-01
3.800000000000000600e-01
3.200000000000000067e-01
2.766666666666666718e-01
1.133333333333333415e-01
4.199999999999999845e-01
2.636666666666666270e+00
