5.166666666666667185e-01
1.373333333333333295e+00
5.600000000000000533e-01
3.733333333333333504e-01
0.000000000000000000e+00
4.666666666666666186e-01
9.000000000000001055e-02
1.456666666666666776e+00
1.166666666666666546e-01
2.666666666666666838e-02
2.000000000000000042e-02
2.000000000000000042e-02
6.666666666666666574e-02
0.000000000000000000e+00
4.000000000000000083e-02
0.000000000000000000e+00
1.566666666666666763e-01
1.666666666666666574e-01
7.666666666666666075e-02
6.000000000000000472e-02
3.133333333333332971e-01
4.566666666666667207e-01
2.999999999999999889e-02
2.333333333333333440e-02
4.666666666666666879e-02
5.999999999999999778e-02
1.666666666666666644e-02
3.166666666666666519e-01
1.233333333333333365e-01
3.433333333333333237e-01
5.499999999999999334e-01
9.333333333333333759e-02
1.333333333333333419e-02
0.000000000000000000e+00
6.933333333333333570e-01
2.166666666666666741e-01
2.333333333333333093e-02
3.366666666666666696e-01
6.033333333333333881e-01
1.833333333333333204e-01
2.166666666666666463e-01
2.333333333333333440e-02
4.266666666666666941e-01
3.333333333333333547e-03
4.000000000000000083e-02
2.466666666666666730e-01
3.333333333333333287e-02
4.099999999999999756e-01
4.999999999999999584e-02
0.000000000000000000e+00
9.333333333333333759e-02
8.666666666666666963e-02
9.999999999999999167e-02
7.333333333333334758e-02
7.333333333333333370e-02
6.733333333333333393e-01
7.666666666666667462e-02
3.200000000000000067e-01
1.633333333333333304e-01
1.000000000000000021e-02
0.000000000000000000e+00
0.000000000000000000e+00
8.033333333333333437e-01
1.066666666666666735e-01
0.000000000000000000e+00
1.133333333333333415e-01
1.000000000000000194e-01
2.366666666666666641e-01
1.666666666666666644e-02
8.199999999999999512e-01
4.000000000000000083e-02
2.666666666666666838e-02
3.666666666666667379e-02
6.333333333333333870e-02
3.666666666666666685e-02
7.000000000000000666e-02
6.333333333333333870e-02
4.999999999999999584e-02
2.766666666666666718e-01
6.000000000000000472e-02
0.000000000000000000e+00
0.000000000000000000e+00
0.000000000000000000e+00
4.666666666666666879e-02
0.000000000000000000e+00
4.000000000000000083e-02
1.333333333333333419e-02
3.666666666666666685e-02
0.000000000000000000e+00
0.000000000000000000e+00
2.000000000000000042e-02
0.000000000000000000e+00
0.000000000000000000e+00
8.000000000000000167e-02
8.333333333333332871e-02
0.000000000000000000e+00
4.000000000000000083e-02
5.000000000000000971e-02
1.133333333333333415e-01
1.333333333333333419e-02
5.333333333333333676e-02
8.666666666666666963e-01
1.499999999999999944e-01
0.000000000000000000e+00
0.000000000000000000e+00
0.000000000000000000e+00
6.333333333333333870e-02
1.333333333333333419e-02
2.000000000000000042e-02
4.000000000000000083e-02
0.000000000000000000e+00
0.000000000000000000e+00
0.000000000000000000e+00
0.000000000000000000e+00
1.500000000000000000e+00
0.000000000000000000e+00
2.000000000000000042e-02
6.633333333333334414e-01
7.666666666666666075e-02
0.000000000000000000e+00
7.200000000000000844e-01
2.666666666666666630e-01
3.000000000000000236e-02
6.999999999999999278e-02
5.333333333333334370e-02
7.333333333333334758e-02
8.666666666666666963e-02
7.333333333333334758e-02
9.333333333333332371e-02
9.999999999999999167e-02
1.700000000000000122e-01
1.166666666666666546e-01
1.333333333333333419e-02
4.666666666666666879e-02
7.000000000000000666e-02
1.333333333333333419e-02
3.333333333333333287e-02
4.000000000000000083e-02
4.666666666666666879e-02
1.000000000000000021e-02
1.000000000000000021e-02
2.666666666666666838e-02
3.333333333333333547e-03
7.666666666666667462e-02
2.000000000000000042e-02
5.666666666666666380e-02
2.999999999999999889e-02
1.333333333333333419e-02
9.666666666666666463e-02
2.000000000000000042e-02
1.466666666666666674e-01
1.133333333333333276e-01
8.666666666666666963e-02
1.766666666666666663e-01
9.666666666666667851e-02
7.333333333333334758e-02
1.600000000000000033e-01
7.666666666666667462e-02
3.666666666666666963e-01
6.666666666666667095e-03
2.299999999999999822e-01
7.666666666666667462e-02
1.000000000000000021e-02
1.333333333333333419e-02
5.366666666666667362e-01
7.666666666666667462e-02
1.000000000000000021e-02
3.333333333333333287e-02
2.666666666666666630e-01
1.366666666666666585e-01
3.899999999999999578e-01
3.333333333333333547e-03
1.966666666666666841e-01
1.433333333333333404e-01
7.000000000000000666e-02
8.666666666666666963e-02
4.433333333333333570e-01
3.499999999999999223e-01
4.366666666666667029e-01
4.399999999999999467e-01
1.633333333333333304e-01
4.999999999999999584e-02
0.000000000000000000e+00
4.999999999999999584e-02
6.000000000000000472e-02
7.000000000000000666e-02
3.833333333333333037e-01
2.033333333333333381e-01
2.666666666666666838e-02
1.300000000000000044e-01
2.533333333333333548e-01
3.233333333333333059e-01
9.000000000000001055e-02
3.666666666666666685e-02
1.333333333333333315e-01
4.666666666666666879e-02
1.999999999999999833e-01
1.300000000000000044e-01
1.700000000000000122e-01
1.866666666666666474e-01
1.366666666666666863e-01
1.633333333333333304e-01
1.700000000000000122e-01
0.000000000000000000e+00
3.333333333333333287e-02
8.666666666666666963e-02
2.833333333333332704e-01
0.000000000000000000e+00
1.499999999999999944e-01
0.000000000000000000e+00
0.000000000000000000e+00
1.333333333333333419e-02
0.000000000000000000e+00
0.000000000000000000e+00
1.300000000000000044e-01
1.433333333333333404e-01
1.533333333333333215e-01
2.633333333333333637e-01
2.300000000000000100e-01
2.566666666666666541e-01
3.233333333333333059e-01
4.000000000000000083e-02
1.166666666666666546e-01
1.133333333333333276e-01
4.333333333333333481e-02
4.333333333333333481e-02
2.766666666666666718e-01
3.233333333333333059e-01
2.166666666666666741e-01
2.000000000000000042e-02
2.000000000000000042e-02
5.666666666666666380e-02
4.799999999999999822e-01
3.166666666666666519e-01
5.666666666666667074e-02
3.666666666666667379e-02
1.033333333333333326e-01
3.666666666666666685e-02
1.766666666666666663e-01
8.000000000000000167e-02
1.433333333333333404e-01
6.766666666666666385e-01
2.466666666666666730e-01
3.533333333333333326e-01
8.333333333333332871e-02
2.733333333333333726e-01
1.166666666666666546e-01
3.000000000000000236e-02
1.866666666666666752e-01
1.666666666666666644e-02
9.000000000000001055e-02
0.000000000000000000e+00
1.000000000000000021e-02
2.999999999999999889e-02
0.000000000000000000e+00
6.666666666666667095e-03
3.600000000000000422e-01
8.266666666666666607e-01
1.933333333333333293e-01
2.099999999999999922e-01
1.700000000000000122e-01
1.600000000000000033e-01
0.000000000000000000e+00
0.000000000000000000e+00
0.000000000000000000e+00
3.333333333333333287e-02
0.000000000000000000e+00
3.333333333333333287e-02
6.533333333333333215e-01
2.266666666666666829e-01
9.000000000000001055e-02
0.000000000000000000e+00
2.500000000000000000e-01
1.166666666666666546e-01
6.666666666666667095e-03
3.066666666666666430e-01
1.400000000000000133e-01
1.833333333333333481e-01
2.266666666666666829e-01
8.666666666666666963e-02
5.100000000000000089e-01
4.566666666666667207e-01
3.899999999999999578e-01
5.333333333333333676e-02
1.133333333333333415e-01
4.333333333333333481e-02
5.533333333333333437e-01
2.500000000000000000e-01
1.499999999999999944e-01
2.733333333333333171e-01
2.433333333333333182e-01
2.633333333333333637e-01
2.733333333333333171e-01
3.666666666666666685e-02
2.666666666666666838e-02
2.466666666666666730e-01
1.673333333333333117e+00
8.000000000000000167e-02
8.000000000000000167e-02
4.066666666666666763e-01
6.000000000000000472e-02
1.463333333333333153e+00
6.166666666666666963e-01
1.199999999999999956e-01
1.366666666666666863e-01
6.666666666666666574e-02
1.266666666666666774e-01
3.100000000000000533e-01
5.899999999999999689e-01
1.266666666666666774e-01
7.333333333333333370e-02
1.333333333333333419e-02
4.999999999999999584e-02
7.800000000000001377e-01
6.666666666666667095e-03
1.966666666666666563e-01
1.433333333333333404e-01
8.000000000000000167e-02
2.233333333333333004e-01
5.666666666666667074e-02
