1.020000000000000018e+00
4.266666666666666941e-01
5.366666666666666252e-01
3.666666666666666963e-01
6.833333333333332371e-01
5.566666666666666430e-01
1.466666666666666785e+00
6.666666666666666574e-02
3.033333333333333437e-01
1.866666666666666752e-01
7.666666666666666075e-02
3.333333333333333287e-02
1.766666666666666663e-01
6.099999999999999867e-01
1.400000000000000133e+00
1.266666666666666774e-01
2.600000000000000089e-01
4.199999999999999845e-01
3.366666666666666696e-01
2.050000000000000266e+00
