2.343333333333333268e+00
1.366666666666666863e-01
2.666666666666666838e-02
3.466666666666666785e-01
3.000000000000000236e-02
3.333333333333333547e-03
2.333333333333333440e-02
4.000000000000000083e-02
0.000000000000000000e+00
3.333333333333333547e-03
1.900000000000000300e-01
3.333333333333333287e-02
0.000000000000000000e+00
1.666666666666666644e-02
1.066666666666666735e-01
2.866666666666666807e-01
3.333333333333333547e-03
9.999999999999999167e-02
2.633333333333333637e-01
4.033333333333333215e-01
1.436666666666666536e+00
9.366666666666666474e-01
1.366666666666666585e-01
1.600000000000000033e-01
2.733333333333333726e-01
0.000000000000000000e+00
0.000000000000000000e+00
1.333333333333333419e-02
1.333333333333333419e-02
0.000000000000000000e+00
1.000000000000000021e-02
5.999999999999999778e-02
2.099999999999999922e-01
6.666666666666667095e-03
7.666666666666667462e-02
1.166666666666666546e-01
4.333333333333333481e-02
4.000000000000000083e-02
1.233333333333333365e-01
3.233333333333333059e-01
1.333333333333333419e-02
1.159999999999999920e+00
9.300000000000000488e-01
1.000000000000000194e-01
2.000000000000000389e-01
5.433333333333333348e-01
0.000000000000000000e+00
0.000000000000000000e+00
1.333333333333333419e-02
1.466666666666666952e-01
0.000000000000000000e+00
0.000000000000000000e+00
6.333333333333333870e-02
2.666666666666666838e-02
0.000000000000000000e+00
4.333333333333333481e-02
7.000000000000000666e-02
1.366666666666666863e-01
2.733333333333333726e-01
9.000000000000001055e-02
2.133333333333333470e-01
5.266666666666667274e-01
8.533333333333333881e-01
