2.306666666666666643e+00
4.000000000000000083e-02
1.163333333333333330e+00
3.200000000000000067e-01
1.866666666666666752e-01
3.266666666666666607e-01
2.000000000000000042e-02
4.099999999999999756e-01
9.000000000000001055e-02
2.166666666666666741e-01
1.366666666666666585e-01
1.533333333333333215e-01
1.433333333333333404e-01
1.633333333333333304e-01
4.166666666666666852e-01
1.449999999999999956e+00
2.233333333333333559e-01
0.000000000000000000e+00
1.833333333333333481e-01
1.040000000000000036e+00
1.333333333333333315e-01
0.000000000000000000e+00
1.133333333333333276e-01
2.666666666666666838e-02
4.366666666666667029e-01
3.066666666666666430e-01
2.033333333333333381e-01
2.666666666666666630e-01
1.100000000000000006e-01
9.000000000000001055e-02
1.280000000000000027e+00
5.866666666666667806e-01
0.000000000000000000e+00
0.000000000000000000e+00
6.333333333333333870e-02
5.400000000000000355e-01
9.666666666666667851e-02
4.666666666666666879e-02
4.999999999999999584e-02
1.000000000000000194e-01
3.200000000000000067e-01
1.016666666666666607e+00
1.100000000000000006e-01
1.400000000000000133e-01
8.366666666666665586e-01
1.700000000000000122e-01
2.333333333333333440e-02
3.799999999999999489e-01
6.133333333333332860e-01
1.520000000000000240e+00
1.526666666666666616e+00
2.333333333333333440e-02
4.000000000000000083e-02
0.000000000000000000e+00
2.189999999999999947e+00
1.333333333333333419e-02
0.000000000000000000e+00
0.000000000000000000e+00
1.199999999999999956e-01
1.000000000000000021e-02
1.000000000000000021e-02
6.666666666666666574e-02
4.700000000000000289e-01
5.999999999999999778e-01
1.410000000000000142e+00
1.166666666666666546e-01
2.000000000000000042e-02
7.666666666666667462e-02
1.066666666666666735e-01
1.256666666666666599e+00
4.000000000000000083e-02
0.000000000000000000e+00
2.733333333333333726e-01
7.333333333333333370e-02
3.333333333333333547e-03
0.000000000000000000e+00
8.733333333333334059e-01
6.933333333333333570e-01
1.266666666666666774e-01
2.433333333333333182e-01
1.400000000000000133e-01
1.399999999999999856e-01
8.766666666666665941e-01
5.333333333333333676e-02
0.000000000000000000e+00
1.719999999999999973e+00
1.066666666666666735e-01
0.000000000000000000e+00
7.666666666666667462e-02
2.233333333333333559e-01
1.666666666666666574e-01
9.666666666666667851e-02
2.566666666666666541e-01
6.833333333333332371e-01
4.199999999999999845e-01
3.200000000000000067e-01
3.933333333333333126e-01
1.139999999999999902e+00
7.033333333333332549e-01
7.299999999999999822e-01
4.333333333333333481e-02
1.733333333333333393e-01
5.200000000000000178e-01
1.199999999999999956e-01
4.433333333333333570e-01
9.666666666666667851e-02
1.700000000000000122e-01
5.666666666666667074e-02
0.000000000000000000e+00
1.033333333333333326e-01
2.899999999999999800e-01
1.090000000000000080e+00
5.999999999999999778e-01
2.200000000000000011e-01
4.400000000000000022e-01
1.300000000000000044e-01
1.349999999999999867e+00
8.566666666666667984e-01
2.666666666666666838e-02
2.133333333333333470e-01
5.699999999999999512e-01
1.666666666666666644e-02
3.333333333333333547e-03
1.059999999999999831e+00
2.466666666666666730e-01
4.333333333333333481e-02
3.000000000000000236e-02
1.966666666666666563e-01
1.113333333333333286e+00
1.266666666666666774e-01
7.399999999999998801e-01
1.356666666666666687e+00
0.000000000000000000e+00
0.000000000000000000e+00
1.136666666666666714e+00
2.333333333333333440e-02
0.000000000000000000e+00
2.999999999999999889e-02
1.796666666666666634e+00
1.199999999999999956e-01
1.766666666666666663e-01
1.536666666666666403e+00
4.066666666666666763e-01
2.333333333333333440e-02
1.370000000000000107e+00
1.159999999999999920e+00
3.833333333333333037e-01
6.333333333333333870e-02
0.000000000000000000e+00
3.699999999999999400e-01
9.666666666666666463e-02
2.333333333333333440e-02
9.666666666666667851e-02
6.566666666666666208e-01
1.239999999999999991e+00
3.700000000000000511e-01
1.443333333333333357e+00
1.763333333333333419e+00
1.666666666666666741e+00
7.333333333333333370e-02
1.000000000000000194e-01
5.333333333333333259e-01
6.066666666666666874e-01
1.333333333333333315e-01
3.333333333333333287e-02
1.033333333333333326e-01
1.666666666666666574e-01
3.666666666666667379e-02
0.000000000000000000e+00
5.833333333333333703e-01
6.433333333333334236e-01
0.000000000000000000e+00
9.999999999999999167e-02
6.733333333333333393e-01
6.000000000000000472e-02
4.633333333333333748e-01
2.233333333333333559e-01
2.143333333333333091e+00
1.669999999999999929e+00
3.666666666666667379e-02
2.200000000000000011e-01
2.433333333333333182e-01
3.133333333333332971e-01
1.300000000000000044e-01
0.000000000000000000e+00
4.333333333333333481e-02
3.066666666666666985e-01
3.333333333333333547e-03
0.000000000000000000e+00
8.866666666666667140e-01
1.013333333333333419e+00
2.500000000000000000e-01
2.253333333333333410e+00
1.166666666666666824e-01
1.700000000000000122e-01
4.099999999999999756e-01
1.300000000000000044e-01
0.000000000000000000e+00
4.966666666666666452e-01
1.550000000000000044e+00
8.000000000000000167e-02
9.000000000000001055e-02
3.799999999999999489e-01
2.333333333333333093e-01
4.433333333333333570e-01
1.219999999999999973e+00
1.399999999999999856e-01
8.166666666666667629e-01
1.666666666666666644e-02
9.666666666666667851e-02
4.266666666666666941e-01
1.106666666666666687e+00
