9.899999999999998801e-01
2.266666666666666829e-01
3.899999999999999578e-01
1.100000000000000006e-01
3.666666666666666685e-02
1.600000000000000033e-01
1.046666666666666634e+00
4.333333333333333481e-02
3.666666666666666685e-02
4.166666666666666852e-01
6.899999999999999467e-01
5.666666666666666380e-02
6.866666666666666474e-01
5.533333333333333437e-01
6.666666666666667095e-03
4.333333333333333481e-02
1.133333333333333276e-01
6.666666666666666574e-02
1.000000000000000021e-02
4.799999999999999822e-01
3.666666666666667379e-02
6.666666666666667095e-03
0.000000000000000000e+00
0.000000000000000000e+00
1.333333333333333419e-02
0.000000000000000000e+00
6.666666666666667095e-03
1.000000000000000021e-02
2.700000000000000178e-01
1.693333333333333357e+00
1.713333333333333597e+00
7.000000000000000666e-02
0.000000000000000000e+00
9.666666666666667851e-02
6.333333333333333870e-02
1.330000000000000071e+00
9.666666666666666463e-02
2.099999999999999645e-01
2.300000000000000100e-01
9.933333333333332904e-01
1.100000000000000006e-01
2.800000000000000266e-01
2.666666666666666838e-02
2.633333333333333637e-01
6.533333333333334325e-01
8.199999999999999512e-01
2.566666666666666541e-01
1.000000000000000021e-02
2.999999999999999889e-02
5.300000000000000266e-01
1.566666666666666485e-01
0.000000000000000000e+00
6.666666666666666574e-02
1.540000000000000036e+00
4.266666666666666941e-01
8.333333333333332871e-02
2.733333333333333726e-01
1.900000000000000133e+00
2.399999999999999911e-01
1.133333333333333304e+00
7.000000000000000666e-02
7.666666666666667462e-02
3.333333333333333547e-03
6.666666666666667095e-03
1.000000000000000021e-02
6.666666666666667095e-03
8.000000000000000167e-02
3.333333333333333287e-02
6.566666666666666208e-01
1.899999999999999745e-01
1.016666666666666607e+00
2.166666666666666741e-01
1.370000000000000107e+00
1.866666666666666752e-01
4.133333333333333304e-01
3.666666666666666963e-01
0.000000000000000000e+00
8.000000000000000167e-02
2.600000000000000089e-01
6.666666666666667095e-03
2.333333333333333440e-02
2.000000000000000042e-02
3.666666666666667379e-02
3.666666666666667379e-02
2.166666666666666741e-01
2.333333333333333440e-02
1.333333333333333419e-02
1.400000000000000133e+00
2.236666666666666803e+00
0.000000000000000000e+00
1.650000000000000133e+00
9.666666666666667851e-02
1.020000000000000018e+00
3.900000000000000688e-01
2.399999999999999911e-01
5.999999999999999778e-02
9.333333333333332371e-02
9.000000000000001055e-02
2.333333333333333440e-02
2.033333333333333381e-01
3.666666666666667379e-02
4.866666666666666363e-01
2.000000000000000042e-02
3.099999999999999978e-01
1.666666666666666644e-02
1.270000000000000018e+00
1.600000000000000033e-01
1.266666666666666774e-01
1.233333333333333365e-01
9.333333333333333759e-02
1.233333333333333365e-01
2.700000000000000178e-01
1.333333333333333315e-01
4.000000000000000083e-02
2.099999999999999645e-01
2.600000000000000089e-01
7.433333333333332904e-01
9.999999999999999167e-02
5.699999999999999512e-01
6.666666666666667095e-03
6.099999999999999867e-01
4.166666666666666852e-01
1.566666666666666485e-01
2.099999999999999922e-01
5.400000000000000355e-01
9.000000000000001055e-02
4.333333333333333481e-02
7.299999999999999822e-01
3.466666666666666785e-01
8.333333333333332871e-02
2.133333333333333470e-01
5.466666666666666341e-01
2.899999999999999800e-01
4.766666666666666274e-01
2.899999999999999800e-01
1.473333333333333384e+00
1.043333333333333446e+00
4.136666666666666714e+00
8.466666666666666785e-01
1.700000000000000122e-01
7.299999999999999822e-01
3.333333333333333287e-02
6.999999999999999278e-02
3.600000000000000422e-01
1.026666666666666616e+00
3.333333333333333287e-02
2.066666666666666652e-01
1.266666666666666774e-01
5.533333333333333437e-01
8.666666666666666963e-02
5.833333333333333703e-01
4.566666666666667207e-01
1.666666666666666644e-02
8.333333333333332871e-02
1.166666666666666546e-01
1.433333333333333404e-01
2.999999999999999889e-02
4.799999999999999822e-01
0.000000000000000000e+00
1.266666666666666774e-01
1.000000000000000021e-02
0.000000000000000000e+00
5.999999999999999778e-02
0.000000000000000000e+00
5.666666666666666380e-02
3.333333333333333547e-03
1.900000000000000300e-01
1.136666666666666714e+00
1.599999999999999867e+00
1.066666666666666735e-01
0.000000000000000000e+00
2.200000000000000011e-01
1.166666666666666546e-01
8.133333333333333526e-01
2.666666666666666838e-02
2.899999999999999800e-01
7.333333333333333370e-02
9.866666666666666918e-01
1.000000000000000021e-02
7.333333333333333370e-02
3.300000000000000155e-01
6.433333333333334236e-01
6.533333333333333215e-01
4.166666666666666852e-01
3.133333333333332971e-01
6.666666666666667095e-03
3.000000000000000236e-02
7.133333333333333748e-01
3.033333333333333437e-01
1.666666666666666644e-02
9.000000000000001055e-02
1.059999999999999831e+00
4.700000000000000289e-01
9.999999999999999167e-02
1.466666666666666674e-01
1.576666666666666883e+00
6.066666666666666874e-01
9.533333333333332549e-01
5.666666666666667074e-02
3.333333333333333547e-03
0.000000000000000000e+00
1.333333333333333419e-02
2.666666666666666838e-02
2.333333333333333440e-02
1.666666666666666644e-02
1.000000000000000021e-02
5.800000000000000711e-01
1.033333333333333326e-01
6.866666666666666474e-01
2.333333333333333440e-02
8.333333333333333703e-01
1.766666666666666663e-01
4.899999999999999911e-01
1.866666666666666474e-01
1.666666666666666644e-02
3.133333333333332971e-01
1.333333333333333315e-01
0.000000000000000000e+00
3.333333333333333547e-03
2.333333333333333093e-02
2.000000000000000042e-02
0.000000000000000000e+00
3.333333333333333287e-02
8.000000000000000167e-02
1.033333333333333326e-01
1.116666666666666474e+00
3.126666666666666483e+00
1.066666666666666735e-01
1.239999999999999991e+00
2.500000000000000000e-01
1.459999999999999964e+00
1.100000000000000006e-01
6.966666666666666563e-01
4.000000000000000083e-02
5.000000000000000971e-02
3.333333333333333547e-03
8.999999999999998279e-02
2.733333333333333171e-01
1.000000000000000021e-02
3.800000000000000600e-01
1.333333333333333419e-02
5.333333333333333259e-01
0.000000000000000000e+00
6.666666666666666297e-01
2.399999999999999911e-01
1.833333333333333481e-01
1.333333333333333315e-01
6.333333333333333870e-02
2.033333333333333381e-01
4.166666666666666852e-01
9.333333333333333759e-02
2.299999999999999822e-01
1.266666666666666774e-01
2.466666666666666730e-01
2.633333333333333637e-01
8.333333333333332871e-02
5.966666666666666785e-01
1.666666666666666644e-02
2.366666666666666918e-01
4.500000000000000111e-01
2.500000000000000000e-01
3.300000000000000155e-01
7.933333333333333348e-01
6.000000000000000472e-02
1.333333333333333419e-02
5.400000000000000355e-01
2.233333333333333559e-01
2.333333333333333440e-02
1.499999999999999944e-01
3.033333333333333437e-01
2.199999999999999734e-01
3.733333333333333504e-01
2.700000000000000178e-01
1.659999999999999920e+00
1.300000000000000044e+00
4.633333333333332860e+00
