1.076666666666666883e+00
3.366666666666666141e-01
6.733333333333333393e-01
3.333333333333333287e-02
7.366666666666666918e-01
2.666666666666666838e-02
1.633333333333333304e-01
4.000000000000000083e-02
9.333333333333333759e-02
1.379999999999999893e+00
1.146666666666666723e+00
5.066666666666667096e-01
1.166666666666666824e-01
7.033333333333332549e-01
9.333333333333332371e-01
1.333333333333333419e-02
2.000000000000000042e-02
1.226666666666666794e+00
4.833333333333333370e-01
6.666666666666667095e-03
8.066666666666666430e-01
1.026666666666666616e+00
1.099999999999999867e-01
1.733333333333333393e-01
3.366666666666666696e-01
2.306666666666667087e+00
1.733333333333333393e-01
1.203333333333333366e+00
4.666666666666666879e-02
2.466666666666666730e-01
7.466666666666665897e-01
1.733333333333333393e-01
1.633333333333333304e-01
8.666666666666666963e-02
1.026666666666666616e+00
2.533333333333333548e-01
1.566666666666666485e-01
1.433333333333333404e-01
0.000000000000000000e+00
4.000000000000000083e-02
0.000000000000000000e+00
1.600000000000000033e-01
8.466666666666666785e-01
1.099999999999999867e-01
2.166666666666666741e-01
9.499999999999998446e-01
2.866666666666666252e-01
2.433333333333333182e-01
1.533333333333333215e-01
8.666666666666666963e-02
5.600000000000000533e-01
3.066666666666666430e-01
1.366666666666666863e-01
1.316666666666666652e+00
2.233333333333333559e-01
0.000000000000000000e+00
9.333333333333333759e-02
4.099999999999999756e-01
4.000000000000000083e-02
4.000000000000000083e-02
3.833333333333333037e-01
6.766666666666666385e-01
6.666666666666666574e-02
3.433333333333333237e-01
1.226666666666666794e+00
2.299999999999999822e-01
5.866666666666667806e-01
7.633333333333333082e-01
6.733333333333333393e-01
6.466666666666666119e-01
2.656666666666666732e+00
