8.666666666666666963e-01
1.633333333333333304e-01
1.400000000000000133e-01
2.400000000000000189e-01
9.666666666666666463e-02
2.333333333333333440e-02
6.766666666666667496e-01
8.333333333333332871e-02
2.966666666666666341e-01
1.700000000000000122e-01
5.999999999999999778e-02
1.700000000000000122e-01
1.733333333333333393e-01
2.166666666666666741e-01
1.600000000000000033e-01
1.473333333333333384e+00
1.766666666666666663e-01
4.566666666666667207e-01
4.333333333333333481e-01
5.633333333333333526e-01
8.433333333333333792e-01
7.599999999999998979e-01
1.000000000000000021e-02
1.666666666666666644e-02
1.800000000000000211e-01
4.066666666666666763e-01
6.600000000000000311e-01
4.533333333333333659e-01
5.799999999999999600e-01
1.396666666666666723e+00
5.766666666666666607e-01
2.633333333333333637e-01
2.700000000000000178e-01
1.199999999999999956e-01
8.666666666666666963e-02
5.366666666666666252e-01
8.000000000000000167e-02
1.900000000000000300e-01
1.933333333333333293e-01
2.299999999999999822e-01
2.166666666666666463e-01
4.166666666666666852e-01
2.233333333333333004e-01
1.276666666666666616e+00
4.099999999999999756e-01
1.999999999999999833e-01
2.220000000000000195e+00
2.366666666666666641e-01
2.113333333333333286e+00
7.566666666666667096e-01
1.736666666666666581e+00
6.199999999999999956e-01
1.600000000000000033e-01
1.566666666666666652e+00
5.999999999999999778e-01
6.866666666666666474e-01
1.633333333333333304e-01
1.223333333333333384e+00
4.433333333333333570e+00
4.966666666666666452e-01
9.700000000000000844e-01
5.666666666666667074e-02
5.966666666666666785e-01
6.600000000000000311e-01
2.533333333333333548e-01
1.166666666666666546e-01
1.039999999999999813e+00
1.589999999999999858e+00
4.400000000000000022e-01
