1.003333333333333410e+00
1.583333333333333259e+00
7.766666666666667274e-01
1.996666666666666812e+00
1.100000000000000006e-01
1.639999999999999902e+00
1.410000000000000142e+00
2.999999999999999889e-01
3.433333333333333237e-01
1.443333333333333357e+00
1.176666666666666750e+00
8.166666666666667629e-01
5.733333333333333615e-01
1.116666666666666918e+00
5.999999999999999778e-01
1.263333333333333419e+00
2.333333333333333093e-02
4.166666666666666852e-01
3.333333333333333287e-02
1.333333333333333419e-02
1.566666666666666485e-01
2.000000000000000042e-02
4.633333333333333748e-01
1.266666666666666774e-01
1.083333333333333259e+00
1.136666666666666714e+00
1.366666666666666863e-01
1.263333333333333419e+00
1.183333333333333348e+00
1.199999999999999956e-01
9.733333333333332726e-01
6.666666666666666574e-02
7.333333333333333370e-02
1.800000000000000211e-01
1.833333333333333204e-01
1.033333333333333326e-01
4.466666666666667118e-01
1.866666666666666752e-01
7.666666666666667462e-02
1.466666666666666674e-01
3.566666666666666874e-01
2.800000000000000266e-01
1.666666666666666644e-02
8.333333333333332871e-02
5.800000000000000711e-01
6.333333333333333870e-02
4.000000000000000083e-02
9.333333333333333759e-02
1.900000000000000300e-01
7.333333333333333370e-02
1.566666666666666485e-01
1.256666666666666599e+00
5.999999999999999778e-01
2.000000000000000042e-02
1.333333333333333419e-02
9.999999999999999167e-02
1.800000000000000211e-01
8.633333333333332860e-01
4.333333333333333481e-02
3.166666666666666519e-01
8.000000000000000167e-02
4.500000000000000111e-01
4.333333333333333481e-02
4.166666666666666852e-01
1.499999999999999944e-01
3.133333333333333526e-01
2.233333333333333004e-01
1.156666666666666510e+00
1.206666666666666776e+00
