8.533333333333333881e-01
3.166666666666666519e-01
7.466666666666667007e-01
1.366666666666666863e-01
1.833333333333333481e-01
1.000000000000000021e-02
4.133333333333333304e-01
8.966666666666666119e-01
1.833333333333333481e-01
1.266666666666666774e-01
9.766666666666666829e-01
3.666666666666666963e-01
1.233333333333333365e-01
2.166666666666666741e-01
5.300000000000000266e-01
1.966666666666666563e-01
6.666666666666667095e-03
8.266666666666666607e-01
2.063333333333333464e+00
9.233333333333333393e-01
5.333333333333333676e-02
1.346666666666666679e+00
1.726666666666666572e+00
4.266666666666666941e-01
1.979999999999999760e+00
2.299999999999999822e-01
2.090000000000000302e+00
6.733333333333333393e-01
1.396666666666666723e+00
1.666666666666666644e-02
8.433333333333332682e-01
2.133333333333333470e-01
2.100000000000000089e+00
1.030000000000000027e+00
3.166666666666666519e-01
9.666666666666667851e-02
1.099999999999999867e-01
4.333333333333333481e-02
0.000000000000000000e+00
2.166666666666666741e-01
2.333333333333333093e-02
2.899999999999999800e-01
1.033333333333333326e-01
2.126666666666666483e+00
7.066666666666666652e-01
1.999999999999999833e-01
4.666666666666666879e-02
6.833333333333334592e-01
6.666666666666667095e-03
3.333333333333333287e-02
0.000000000000000000e+00
9.000000000000001055e-02
1.103333333333333277e+00
1.766666666666666663e-01
4.099999999999999756e-01
2.066666666666666652e-01
1.566666666666666485e-01
3.233333333333333059e-01
1.466666666666666952e-01
1.166666666666666546e-01
1.600000000000000033e-01
0.000000000000000000e+00
5.999999999999999778e-02
1.000000000000000021e-02
7.799999999999999156e-01
8.666666666666666963e-02
1.333333333333333419e-02
6.666666666666666574e-02
4.299999999999999933e-01
1.933333333333333293e-01
0.000000000000000000e+00
3.200000000000000067e-01
4.299999999999999933e-01
8.900000000000000133e-01
3.366666666666666696e-01
1.243333333333333401e+00
1.250000000000000000e+00
1.133333333333333415e-01
1.533333333333333492e-01
1.866666666666666474e-01
5.266666666666667274e-01
6.866666666666666474e-01
2.233333333333333004e-01
5.999999999999999778e-02
1.003333333333333410e+00
3.433333333333333237e-01
4.000000000000000083e-02
9.333333333333333759e-02
1.833333333333333204e-01
8.666666666666666963e-02
3.333333333333333547e-03
1.533333333333333215e-01
2.799999999999999711e-01
3.333333333333333547e-03
0.000000000000000000e+00
1.000000000000000021e-02
1.400000000000000133e-01
5.999999999999999778e-02
2.033333333333333381e-01
4.000000000000000083e-02
2.633333333333333637e-01
1.100000000000000006e-01
2.666666666666666838e-02
1.833333333333333481e-01
4.999999999999999584e-02
2.410000000000000142e+00
