7.933333333333333348e-01
1.600000000000000033e-01
1.866666666666666752e-01
6.333333333333333870e-02
6.333333333333333870e-02
5.333333333333333676e-02
2.000000000000000042e-02
8.666666666666666963e-02
5.000000000000000971e-02
3.333333333333333287e-02
0.000000000000000000e+00
9.333333333333333759e-02
7.666666666666667462e-02
1.000000000000000021e-02
9.666666666666667851e-02
2.666666666666666838e-02
2.000000000000000042e-02
3.666666666666666685e-02
3.000000000000000236e-02
6.666666666666666574e-02
2.000000000000000042e-02
6.333333333333333870e-02
7.533333333333332993e-01
2.000000000000000042e-02
3.000000000000000236e-02
2.299999999999999822e-01
1.366666666666666863e-01
7.666666666666666075e-02
5.266666666666667274e-01
2.223333333333333162e+00
3.600000000000000089e+00
