2.636666666666666714e+00
1.000000000000000194e-01
4.566666666666666097e-01
1.100000000000000006e-01
1.333333333333333315e-01
8.000000000000000167e-02
2.700000000000000178e-01
1.400000000000000133e-01
1.200000000000000094e-01
1.016666666666666607e+00
2.533333333333333548e-01
1.606666666666666687e+00
1.100000000000000006e-01
1.300000000000000044e-01
0.000000000000000000e+00
0.000000000000000000e+00
1.000000000000000021e-02
7.666666666666666075e-02
7.533333333333332993e-01
2.000000000000000042e-02
0.000000000000000000e+00
8.666666666666666963e-01
2.500000000000000000e-01
3.800000000000000600e-01
6.666666666666666574e-02
3.666666666666667379e-02
4.000000000000000083e-02
9.999999999999999167e-02
1.333333333333333419e-02
2.333333333333333440e-02
1.366666666666666863e-01
7.333333333333333370e-02
0.000000000000000000e+00
0.000000000000000000e+00
1.110000000000000098e+00
2.799999999999999711e-01
0.000000000000000000e+00
0.000000000000000000e+00
4.666666666666666186e-01
8.733333333333334059e-01
1.000000000000000021e-02
1.266666666666666774e-01
2.999999999999999889e-01
2.000000000000000042e-02
0.000000000000000000e+00
2.999999999999999889e-01
1.256666666666666599e+00
1.233333333333333365e-01
7.766666666666667274e-01
2.299999999999999822e-01
9.666666666666666463e-02
0.000000000000000000e+00
5.466666666666667451e-01
6.533333333333333215e-01
3.333333333333333547e-03
0.000000000000000000e+00
9.733333333333332726e-01
6.733333333333333393e-01
3.666666666666666685e-02
4.333333333333333481e-02
4.000000000000000083e-02
9.333333333333333759e-02
0.000000000000000000e+00
0.000000000000000000e+00
3.333333333333333287e-02
0.000000000000000000e+00
0.000000000000000000e+00
0.000000000000000000e+00
0.000000000000000000e+00
0.000000000000000000e+00
0.000000000000000000e+00
5.733333333333332504e-01
3.866666666666666585e-01
0.000000000000000000e+00
3.133333333333332971e-01
0.000000000000000000e+00
1.000000000000000021e-02
4.899999999999999911e-01
3.266666666666666607e-01
5.333333333333333676e-02
9.933333333333332904e-01
1.300000000000000044e-01
6.666666666666667095e-03
1.066666666666666735e-01
3.333333333333333287e-02
6.466666666666666119e-01
1.360000000000000098e+00
1.266666666666666774e-01
6.733333333333332282e-01
2.333333333333333440e-02
6.666666666666667095e-03
0.000000000000000000e+00
5.333333333333333676e-02
4.000000000000000083e-02
3.666666666666666963e-01
6.666666666666666574e-02
3.300000000000000155e-01
1.723333333333333384e+00
1.253333333333333410e+00
1.333333333333333315e-01
2.500000000000000000e-01
9.300000000000000488e-01
4.666666666666666879e-02
9.666666666666666463e-02
2.999999999999999889e-02
6.333333333333333870e-02
3.200000000000000067e-01
5.000000000000000971e-02
2.333333333333333440e-02
9.333333333333333759e-02
3.333333333333333287e-02
2.166666666666666741e-01
5.333333333333333676e-02
6.333333333333333870e-02
7.666666666666667462e-02
1.333333333333333419e-02
0.000000000000000000e+00
4.666666666666666879e-02
4.000000000000000083e-02
0.000000000000000000e+00
0.000000000000000000e+00
1.533333333333333215e-01
1.899999999999999745e-01
0.000000000000000000e+00
8.199999999999999512e-01
9.999999999999999167e-02
2.666666666666666838e-02
9.000000000000001055e-02
8.100000000000000533e-01
7.799999999999999156e-01
1.766666666666666663e-01
1.199999999999999956e-01
1.133333333333333415e-01
2.399999999999999911e-01
2.133333333333333470e-01
7.033333333333334769e-01
7.666666666666667462e-02
5.333333333333333676e-02
4.000000000000000083e-02
8.000000000000000167e-02
1.366666666666666863e-01
0.000000000000000000e+00
0.000000000000000000e+00
1.333333333333333419e-02
1.000000000000000021e-02
3.333333333333333547e-03
8.666666666666666963e-02
1.466666666666666952e-01
3.066666666666666430e-01
1.833333333333333481e-01
5.333333333333333676e-02
1.399999999999999856e-01
6.666666666666666297e-01
1.066666666666666735e-01
1.209999999999999964e+00
1.233333333333333365e-01
5.033333333333332993e-01
2.400000000000000189e-01
1.056666666666666643e+00
2.000000000000000042e-02
4.000000000000000083e-02
6.633333333333334414e-01
1.300000000000000044e-01
2.999999999999999889e-02
1.833333333333333481e-01
6.266666666666665941e-01
7.133333333333332638e-01
0.000000000000000000e+00
4.000000000000000083e-02
4.000000000000000083e-02
1.300000000000000044e-01
0.000000000000000000e+00
4.000000000000000083e-02
4.000000000000000083e-02
1.000000000000000021e-02
1.633333333333333581e-01
0.000000000000000000e+00
1.566666666666666485e-01
2.066666666666666374e-01
0.000000000000000000e+00
3.066666666666666430e-01
2.166666666666666741e-01
2.633333333333333637e-01
1.100000000000000006e-01
2.166666666666666741e-01
