1.486666666666666581e+00
2.433333333333333182e-01
6.433333333333332016e-01
1.533333333333333215e-01
2.999999999999999889e-02
0.000000000000000000e+00
0.000000000000000000e+00
6.666666666666667095e-03
5.633333333333333526e-01
4.799999999999999822e-01
2.000000000000000389e-01
8.233333333333333615e-01
4.000000000000000083e-02
4.666666666666666186e-01
3.333333333333333547e-03
3.499999999999999223e-01
0.000000000000000000e+00
1.333333333333333419e-02
6.666666666666667095e-03
4.366666666666667029e-01
7.066666666666666652e-01
4.933333333333333459e-01
1.096666666666666679e+00
7.033333333333332549e-01
2.333333333333333093e-02
4.199999999999999845e-01
0.000000000000000000e+00
2.000000000000000042e-02
6.666666666666667095e-03
0.000000000000000000e+00
0.000000000000000000e+00
3.000000000000000236e-02
3.166666666666666519e-01
6.333333333333333870e-02
1.760000000000000009e+00
1.716666666666666785e+00
1.669999999999999929e+00
5.000000000000000000e-01
2.699999999999999623e-01
7.999999999999999334e-01
3.433333333333333237e-01
1.666666666666666574e-01
2.066666666666666652e-01
5.866666666666665586e-01
3.933333333333333126e-01
8.700000000000001066e-01
1.653333333333333321e+00
4.099999999999999756e-01
1.433333333333333404e-01
1.766666666666666663e-01
5.400000000000000355e-01
2.466666666666666730e-01
3.333333333333333547e-03
1.766666666666666663e-01
0.000000000000000000e+00
5.933333333333333792e-01
5.666666666666667074e-02
1.199999999999999956e-01
5.233333333333333171e-01
1.373333333333333295e+00
3.400000000000000244e-01
1.866666666666666752e-01
4.133333333333333304e-01
6.633333333333333304e-01
1.860000000000000098e+00
2.566666666666666541e-01
8.666666666666666963e-02
2.333333333333333093e-02
0.000000000000000000e+00
0.000000000000000000e+00
4.199999999999999845e-01
5.333333333333333676e-02
0.000000000000000000e+00
4.499999999999999556e-01
8.599999999999999867e-01
1.633333333333333304e-01
3.733333333333333504e-01
5.300000000000000266e-01
3.966666666666666674e-01
9.333333333333333759e-02
2.133333333333333470e-01
3.666666666666667379e-02
2.133333333333333470e-01
4.333333333333333481e-01
7.399999999999998801e-01
7.000000000000000666e-01
2.933333333333333348e-01
1.200000000000000178e+00
1.066666666666666735e-01
3.866666666666667140e-01
5.666666666666666380e-02
8.766666666666665941e-01
4.033333333333333215e-01
0.000000000000000000e+00
6.899999999999999467e-01
3.333333333333333547e-03
6.666666666666667095e-03
5.666666666666666380e-02
0.000000000000000000e+00
0.000000000000000000e+00
0.000000000000000000e+00
3.333333333333333547e-03
0.000000000000000000e+00
1.166666666666666546e-01
1.333333333333333419e-02
9.999999999999999167e-02
9.666666666666666463e-02
7.200000000000000844e-01
1.036666666666666625e+00
1.499999999999999944e-01
2.233333333333333004e-01
4.133333333333333304e-01
9.800000000000000933e-01
0.000000000000000000e+00
9.000000000000000222e-01
4.999999999999999584e-02
3.333333333333333547e-03
5.666666666666667074e-02
1.000000000000000021e-02
1.133333333333333276e-01
3.666666666666666685e-02
2.333333333333333093e-02
5.966666666666666785e-01
9.333333333333333759e-02
1.806666666666666643e+00
7.333333333333333925e-01
5.333333333333333676e-02
1.366666666666666863e-01
9.233333333333333393e-01
3.766666666666666496e-01
3.400000000000000244e-01
7.766666666666667274e-01
3.333333333333333148e-01
9.000000000000001055e-02
3.233333333333333059e-01
1.366666666666666474e+00
3.733333333333333504e-01
1.700000000000000122e-01
9.833333333333332815e-01
2.046666666666666856e+00
3.033333333333332882e-01
1.530000000000000027e+00
2.899999999999999800e-01
9.999999999999999167e-02
1.000000000000000021e-02
6.300000000000000044e-01
5.333333333333333676e-02
2.733333333333333726e-01
1.713333333333333597e+00
3.366666666666666696e-01
3.666666666666666963e-01
2.899999999999999800e-01
1.333333333333333315e-01
5.033333333333332993e-01
2.466666666666666730e-01
1.666666666666666644e-02
2.023333333333333428e+00
1.600000000000000033e-01
1.733333333333333393e-01
7.833333333333333259e-01
3.433333333333333237e-01
0.000000000000000000e+00
1.366666666666666863e-01
1.099999999999999867e-01
2.033333333333333381e-01
0.000000000000000000e+00
8.000000000000000167e-02
5.133333333333333082e-01
8.333333333333332871e-02
2.000000000000000042e-02
8.333333333333332871e-02
4.000000000000000083e-02
1.666666666666666644e-02
2.500000000000000000e-01
3.966666666666666674e-01
1.436666666666666758e+00
1.800000000000000211e-01
3.033333333333332882e-01
4.799999999999999822e-01
1.820000000000000062e+00
6.999999999999999278e-02
2.200000000000000011e-01
1.933333333333333293e-01
9.333333333333333759e-02
1.199999999999999956e-01
1.799999999999999656e-01
1.086666666666666670e+00
1.643333333333333313e+00
1.000000000000000021e-02
4.666666666666666879e-02
4.333333333333333481e-02
0.000000000000000000e+00
1.000000000000000021e-02
0.000000000000000000e+00
4.466666666666666008e-01
1.533333333333333492e-01
1.733333333333333393e-01
2.433333333333333182e-01
1.096666666666666679e+00
3.866666666666667140e-01
0.000000000000000000e+00
4.466666666666667118e-01
6.666666666666667095e-03
0.000000000000000000e+00
0.000000000000000000e+00
6.666666666666667095e-03
6.833333333333332371e-01
3.333333333333333547e-03
1.300000000000000044e-01
1.406666666666666954e+00
6.533333333333333215e-01
1.096666666666666679e+00
7.500000000000000000e-01
3.000000000000000236e-02
2.833333333333333259e-01
2.566666666666666541e-01
1.866666666666666474e-01
4.533333333333333659e-01
1.966666666666666785e+00
1.833333333333333481e-01
4.666666666666666879e-02
1.033333333333333326e-01
2.466666666666666730e-01
1.199999999999999956e-01
1.000000000000000000e+00
2.999999999999999889e-02
3.333333333333333287e-02
0.000000000000000000e+00
2.766666666666666718e-01
2.999999999999999889e-02
4.333333333333333481e-02
2.999999999999999889e-02
9.000000000000001055e-02
1.800000000000000211e-01
6.666666666666666574e-02
0.000000000000000000e+00
2.633333333333333637e-01
5.633333333333333526e-01
2.333333333333333440e-02
7.333333333333334758e-02
1.000000000000000021e-02
4.500000000000000111e-01
2.433333333333333737e-01
4.333333333333333481e-02
1.370000000000000107e+00
1.236666666666666581e+00
2.000000000000000042e-02
1.866666666666666752e-01
9.599999999999999645e-01
2.133333333333333470e-01
4.433333333333333015e-01
2.366666666666666641e-01
1.036666666666666625e+00
2.999999999999999889e-02
3.666666666666666685e-02
9.666666666666667851e-02
3.300000000000000155e-01
0.000000000000000000e+00
9.000000000000001055e-02
1.436666666666666536e+00
1.400000000000000133e+00
0.000000000000000000e+00
1.003333333333333188e+00
2.333333333333333440e-02
1.466666666666666674e-01
3.533333333333333326e-01
1.843333333333333490e+00
3.333333333333333287e-02
1.000000000000000000e+00
7.833333333333333259e-01
1.333333333333333315e-01
6.266666666666665941e-01
1.000000000000000194e-01
7.099999999999999645e-01
1.340000000000000080e+00
4.566666666666667207e-01
3.333333333333333547e-03
4.000000000000000083e-02
8.766666666666665941e-01
3.333333333333333547e-03
2.666666666666666630e-01
5.899999999999999689e-01
1.633333333333333304e-01
1.666666666666666644e-02
0.000000000000000000e+00
1.800000000000000211e-01
1.000000000000000194e-01
1.666666666666666644e-02
3.666666666666666685e-02
3.033333333333332882e-01
5.300000000000000266e-01
0.000000000000000000e+00
8.133333333333333526e-01
1.633333333333333304e-01
2.766666666666666718e-01
6.666666666666667095e-03
2.399999999999999911e-01
2.700000000000000178e-01
9.666666666666666741e-01
7.933333333333333348e-01
4.066666666666666763e-01
1.266666666666666774e-01
5.666666666666667074e-02
1.300000000000000044e-01
1.666666666666666644e-02
1.000000000000000021e-02
2.999999999999999889e-02
3.666666666666666685e-02
1.099999999999999867e-01
1.900000000000000300e-01
1.733333333333333393e-01
4.999999999999999584e-02
0.000000000000000000e+00
1.413333333333333330e+00
6.099999999999999867e-01
1.333333333333333419e-02
3.166666666666666519e-01
5.000000000000000000e-01
6.666666666666666574e-02
3.333333333333333547e-03
6.500000000000000222e-01
3.966666666666666674e-01
3.533333333333333326e-01
9.766666666666665719e-01
1.600000000000000033e-01
2.299999999999999822e-01
2.900000000000000355e-01
2.000000000000000042e-02
2.733333333333333726e-01
6.733333333333333393e-01
8.000000000000000167e-02
1.683333333333333570e+00
4.199999999999999845e-01
2.766666666666666718e-01
3.966666666666666674e-01
1.533333333333333215e-01
1.133333333333333276e-01
4.500000000000000111e-01
2.666666666666666838e-02
3.466666666666666785e-01
2.000000000000000042e-02
1.266666666666666774e-01
2.000000000000000042e-02
3.033333333333333992e-01
6.666666666666667095e-03
1.333333333333333419e-02
1.156666666666666510e+00
3.933333333333333681e-01
7.066666666666666652e-01
