4.933333333333333459e-01
4.033333333333333215e-01
1.633333333333333304e-01
9.666666666666667851e-02
5.633333333333333526e-01
4.166666666666666852e-01
1.733333333333333393e-01
2.203333333333333144e+00
1.173333333333333339e+00
2.933333333333332793e-01
1.639999999999999902e+00
1.333333333333333315e-01
1.096666666666666679e+00
5.833333333333333703e-01
6.833333333333332371e-01
5.733333333333333615e-01
1.636666666666666714e+00
2.966666666666666341e-01
9.100000000000000311e-01
8.733333333333334059e-01
1.663333333333333330e+00
6.500000000000000222e-01
3.233333333333333059e-01
6.566666666666667318e-01
2.033333333333333659e-01
6.933333333333333570e-01
0.000000000000000000e+00
6.666666666666667095e-03
3.099999999999999978e-01
0.000000000000000000e+00
9.666666666666666463e-02
2.366666666666666641e-01
2.000000000000000042e-02
7.000000000000000666e-02
7.033333333333332549e-01
1.633333333333333304e-01
2.066666666666666652e-01
3.533333333333333326e-01
7.000000000000000666e-02
2.500000000000000000e-01
4.666666666666666879e-02
1.000000000000000021e-02
1.333333333333333419e-02
1.366666666666666863e-01
6.366666666666666030e-01
2.666666666666666838e-02
1.666666666666666644e-02
5.899999999999999689e-01
2.399999999999999911e-01
3.066666666666666985e-01
8.000000000000000167e-02
8.333333333333333703e-01
3.200000000000000067e-01
1.126666666666666705e+00
1.866666666666666752e-01
4.899999999999999911e-01
2.433333333333333182e-01
3.566666666666666874e-01
2.033333333333333381e-01
1.660000000000000142e+00
2.733333333333333726e-01
1.480000000000000204e+00
1.233333333333333365e-01
7.666666666666667462e-02
0.000000000000000000e+00
4.333333333333333481e-02
3.333333333333333287e-02
2.666666666666666838e-02
1.033333333333333326e-01
5.733333333333333615e-01
4.466666666666666008e-01
1.190000000000000169e+00
1.003333333333333188e+00
3.866666666666667140e-01
0.000000000000000000e+00
1.833333333333333481e-01
4.000000000000000083e-02
0.000000000000000000e+00
6.666666666666667095e-03
2.699999999999999623e-01
3.766666666666666496e-01
2.999999999999999889e-02
2.933333333333333348e-01
6.966666666666666563e-01
1.360000000000000098e+00
1.199999999999999956e-01
4.666666666666666879e-02
2.733333333333333726e-01
8.333333333333332871e-02
2.199999999999999734e-01
7.333333333333333370e-02
6.600000000000000311e-01
5.999999999999999778e-02
0.000000000000000000e+00
8.399999999999999689e-01
4.666666666666666879e-02
8.566666666666665764e-01
5.666666666666666519e-01
2.233333333333333004e-01
2.023333333333333428e+00
1.233333333333333393e+00
1.233333333333333365e-01
7.933333333333333348e-01
3.666666666666666963e-01
7.666666666666666075e-02
3.233333333333333059e-01
2.600000000000000089e-01
9.000000000000001055e-02
2.433333333333333182e-01
1.533333333333333215e-01
2.633333333333333637e-01
7.033333333333334769e-01
