1.243333333333333401e+00
2.333333333333333648e-01
6.866666666666666474e-01
5.666666666666666380e-02
3.633333333333332860e-01
1.213333333333333597e+00
1.806666666666666643e+00
2.633333333333333637e-01
1.333333333333333419e-02
1.466666666666666674e-01
1.093333333333333268e+00
4.000000000000000083e-02
9.666666666666666463e-02
7.866666666666667362e-01
9.333333333333332371e-02
2.333333333333333440e-02
5.633333333333333526e-01
9.799999999999999822e-01
0.000000000000000000e+00
1.566666666666666485e-01
1.586666666666666670e+00
8.333333333333332871e-02
4.666666666666666879e-02
2.533333333333333548e-01
1.133333333333333415e-01
5.333333333333333676e-02
7.533333333333332993e-01
3.333333333333333547e-03
1.399999999999999856e-01
1.766666666666666663e-01
1.016666666666666607e+00
1.733333333333333393e-01
3.466666666666666785e-01
5.899999999999999689e-01
9.666666666666666463e-02
2.900000000000000355e-01
6.999999999999999278e-02
1.100000000000000006e-01
5.833333333333333703e-01
8.000000000000000167e-02
6.000000000000000472e-02
1.433333333333333404e-01
3.366666666666666141e-01
1.866666666666666752e-01
1.233333333333333365e-01
1.666666666666666574e-01
8.333333333333332871e-02
1.333333333333333419e-02
6.033333333333333881e-01
6.666666666666666574e-02
6.666666666666667095e-03
4.999999999999999584e-02
5.766666666666666607e-01
5.100000000000000089e-01
4.333333333333333481e-02
1.520000000000000240e+00
1.566666666666666763e-01
9.166666666666666297e-01
3.433333333333333237e-01
1.900000000000000133e+00
4.166666666666666852e-01
0.000000000000000000e+00
0.000000000000000000e+00
1.250000000000000000e+00
1.666666666666666574e-01
1.063333333333333242e+00
2.366666666666666641e-01
2.666666666666666838e-02
6.933333333333333570e-01
1.566666666666666763e-01
2.133333333333333470e-01
0.000000000000000000e+00
9.700000000000000844e-01
9.666666666666667851e-02
1.766666666666666663e-01
1.400000000000000133e-01
1.410000000000000142e+00
1.433333333333333404e-01
2.666666666666666838e-02
7.366666666666666918e-01
2.200000000000000011e-01
0.000000000000000000e+00
1.666666666666666644e-02
3.533333333333333326e-01
4.333333333333333481e-02
6.666666666666667095e-03
1.156666666666666732e+00
1.490000000000000213e+00
3.333333333333333547e-03
9.666666666666666741e-01
6.633333333333333304e-01
1.450000000000000178e+00
2.333333333333333440e-02
2.799999999999999711e-01
6.466666666666666119e-01
9.899999999999998801e-01
7.099999999999999645e-01
2.166666666666666741e-01
4.599999999999999645e-01
8.000000000000000167e-02
1.333333333333333315e-01
3.666666666666666963e-01
1.066666666666666735e-01
0.000000000000000000e+00
1.733333333333333393e-01
7.599999999999998979e-01
3.333333333333333547e-03
6.666666666666667095e-03
2.333333333333333093e-02
0.000000000000000000e+00
1.166666666666666546e-01
3.666666666666666685e-02
9.000000000000001055e-02
9.999999999999999167e-02
8.000000000000000167e-02
3.333333333333333287e-02
2.399999999999999911e-01
7.000000000000000666e-02
7.999999999999999334e-01
1.000000000000000021e-02
1.666666666666666644e-02
1.666666666666666644e-02
1.433333333333333404e-01
1.933333333333333570e-01
0.000000000000000000e+00
1.900000000000000300e-01
4.099999999999999756e-01
3.300000000000000155e-01
6.666666666666667095e-03
2.466666666666666730e-01
5.400000000000000355e-01
2.866666666666666807e-01
1.866666666666666474e+00
9.666666666666666463e-02
4.233333333333333393e-01
1.073333333333333250e+00
2.466666666666666730e-01
7.733333333333334281e-01
0.000000000000000000e+00
6.666666666666666574e-02
9.533333333333334769e-01
1.333333333333333419e-02
4.000000000000000083e-02
9.966666666666667007e-01
1.173333333333333117e+00
9.666666666666667851e-02
6.333333333333333870e-02
5.999999999999999778e-02
2.020000000000000018e+00
7.133333333333333748e-01
1.200000000000000094e-01
2.333333333333333440e-02
7.333333333333331983e-02
2.800000000000000266e-01
3.833333333333333037e-01
1.673333333333333117e+00
1.766666666666666663e-01
6.000000000000000472e-02
7.533333333333334103e-01
9.933333333333332904e-01
1.566666666666666485e-01
0.000000000000000000e+00
9.000000000000001055e-02
1.580000000000000071e+00
1.000000000000000194e-01
6.000000000000000472e-02
1.833333333333333481e-01
4.000000000000000083e-02
4.399999999999999467e-01
2.433333333333333182e-01
8.333333333333332871e-02
9.666666666666667851e-02
4.899999999999999911e-01
0.000000000000000000e+00
8.333333333333332871e-02
6.666666666666667095e-03
6.666666666666667095e-03
5.033333333333332993e-01
4.099999999999999756e-01
2.633333333333333637e-01
1.133333333333333415e-01
5.566666666666666430e-01
1.366666666666666863e-01
1.499999999999999944e-01
4.033333333333333215e-01
7.500000000000000000e-01
1.610000000000000098e+00
1.073333333333333472e+00
1.266666666666666774e-01
1.300000000000000044e-01
3.333333333333333547e-03
7.000000000000000666e-02
1.433333333333333404e-01
0.000000000000000000e+00
1.499999999999999944e-01
1.000000000000000021e-02
3.666666666666666685e-02
5.333333333333334370e-02
7.200000000000000844e-01
6.666666666666666574e-02
0.000000000000000000e+00
3.366666666666666696e-01
1.933333333333333293e-01
3.166666666666666519e-01
1.533333333333333215e-01
9.666666666666667851e-02
3.333333333333333547e-03
9.333333333333333759e-02
1.300000000000000044e+00
1.333333333333333419e-02
3.333333333333333547e-03
2.233333333333333004e-01
9.333333333333333759e-02
0.000000000000000000e+00
6.666666666666667095e-03
1.399999999999999856e-01
2.200000000000000011e-01
1.333333333333333419e-02
4.900000000000000466e-01
0.000000000000000000e+00
3.899999999999999578e-01
3.033333333333332882e-01
4.599999999999999645e-01
1.150000000000000133e+00
3.333333333333333287e-02
1.666666666666666574e-01
7.833333333333332149e-01
5.233333333333333171e-01
1.433333333333333404e-01
1.300000000000000044e-01
6.033333333333333881e-01
1.466666666666666674e-01
1.116666666666666696e+00
6.666666666666667095e-03
5.033333333333332993e-01
1.206666666666666776e+00
1.933333333333333570e-01
1.399999999999999856e-01
2.833333333333333259e-01
3.033333333333332882e-01
6.666666666666666574e-02
0.000000000000000000e+00
0.000000000000000000e+00
0.000000000000000000e+00
3.333333333333333287e-02
2.666666666666666838e-02
2.966666666666666896e-01
2.733333333333333171e-01
6.999999999999999278e-02
1.433333333333333404e-01
3.933333333333333681e-01
1.139999999999999902e+00
6.933333333333333570e-01
4.333333333333333481e-02
3.099999999999999978e-01
3.666666666666666685e-02
3.333333333333333287e-02
6.666666666666667095e-03
4.000000000000000083e-02
4.666666666666666879e-02
0.000000000000000000e+00
1.633333333333333304e-01
2.866666666666666807e-01
1.066666666666666652e+00
5.999999999999999778e-02
3.233333333333333059e-01
1.233333333333333365e-01
2.366666666666666641e-01
2.700000000000000178e-01
2.733333333333333726e-01
2.999999999999999889e-01
1.933333333333333293e-01
8.466666666666666785e-01
2.966666666666666341e-01
1.143333333333333313e+00
1.766666666666666663e-01
4.666666666666666879e-02
2.700000000000000178e-01
1.700000000000000122e-01
1.333333333333333419e-02
3.333333333333333547e-03
7.333333333333333370e-02
9.766666666666666829e-01
6.666666666666667095e-03
4.566666666666666097e-01
9.366666666666666474e-01
1.179999999999999938e+00
4.666666666666666879e-02
5.066666666666667096e-01
7.000000000000000666e-02
5.666666666666666380e-02
1.100000000000000006e-01
0.000000000000000000e+00
1.133333333333333276e-01
0.000000000000000000e+00
9.599999999999999645e-01
5.300000000000000266e-01
1.243333333333333401e+00
8.333333333333332871e-02
1.466666666666666952e-01
1.450000000000000178e+00
2.466666666666666730e-01
9.233333333333333393e-01
1.326666666666666883e+00
