9.800000000000000933e-01
1.833333333333333481e-01
3.200000000000000067e-01
1.133333333333333276e-01
1.166666666666666546e-01
2.600000000000000089e-01
7.000000000000000666e-02
1.733333333333333393e-01
0.000000000000000000e+00
9.333333333333332371e-01
2.999999999999999889e-02
1.333333333333333419e-02
4.033333333333333215e-01
6.333333333333333870e-02
1.333333333333333419e-02
4.999999999999999584e-02
3.333333333333333547e-03
1.246666666666666812e+00
9.333333333333333759e-02
7.200000000000000844e-01
1.366666666666666863e-01
2.066666666666666652e-01
5.366666666666666252e-01
1.146666666666666723e+00
1.386666666666666714e+00
2.033333333333333381e-01
3.366666666666666696e-01
1.833333333333333481e-01
1.173333333333333339e+00
1.033333333333333326e-01
1.026666666666666616e+00
7.666666666666667462e-02
8.766666666666665941e-01
0.000000000000000000e+00
2.299999999999999822e-01
6.666666666666666574e-02
1.300000000000000044e-01
1.570000000000000062e+00
2.999999999999999889e-02
1.839999999999999858e+00
3.500000000000000333e-01
7.166666666666666741e-01
7.200000000000000844e-01
2.600000000000000089e-01
1.066666666666666458e-01
3.766666666666666496e-01
3.233333333333333059e-01
3.166666666666667074e-01
3.166666666666666519e-01
7.000000000000000666e-02
2.333333333333333440e-02
3.000000000000000236e-02
6.233333333333334059e-01
7.000000000000000666e-01
1.800000000000000211e-01
1.499999999999999944e-01
1.000000000000000021e-02
9.566666666666666652e-01
1.466666666666666397e-01
0.000000000000000000e+00
1.566666666666666485e-01
8.666666666666666963e-02
6.666666666666667095e-03
0.000000000000000000e+00
0.000000000000000000e+00
3.333333333333333547e-03
1.333333333333333419e-02
5.666666666666667074e-02
7.333333333333333370e-02
4.999999999999999584e-02
9.000000000000001055e-02
2.500000000000000000e-01
4.066666666666666763e-01
8.333333333333332871e-02
3.233333333333333059e-01
2.333333333333333093e-02
6.999999999999999278e-02
0.000000000000000000e+00
9.066666666666667318e-01
6.333333333333333870e-02
8.666666666666666963e-01
6.666666666666667095e-03
1.633333333333333304e-01
1.633333333333333304e-01
1.993333333333333401e+00
5.933333333333333792e-01
9.000000000000001055e-02
9.599999999999999645e-01
1.179999999999999938e+00
7.000000000000000666e-02
1.313333333333333242e+00
8.666666666666666963e-02
1.133333333333333276e-01
1.033333333333333326e-01
6.466666666666666119e-01
3.000000000000000236e-02
1.703333333333333366e+00
1.000000000000000021e-02
1.233333333333333365e-01
6.000000000000000472e-02
4.066666666666666763e-01
3.766666666666666496e-01
3.066666666666666985e-01
2.270000000000000018e+00
1.600000000000000033e-01
1.303333333333333455e+00
8.000000000000000167e-02
6.900000000000000577e-01
1.619999999999999885e+00
1.100000000000000006e-01
1.000000000000000021e-02
4.866666666666666363e-01
1.023333333333333206e+00
2.333333333333333440e-02
1.199999999999999956e-01
3.333333333333333287e-02
5.999999999999999778e-02
5.666666666666666380e-02
7.666666666666667462e-02
1.833333333333333481e-01
7.933333333333333348e-01
6.666666666666667095e-03
1.000000000000000021e-02
2.999999999999999889e-02
0.000000000000000000e+00
3.666666666666666685e-02
1.066666666666666735e-01
2.446666666666666767e+00
5.999999999999999778e-02
9.000000000000001055e-02
3.166666666666666519e-01
3.733333333333333504e-01
2.999999999999999889e-02
7.333333333333333370e-02
5.366666666666666252e-01
2.299999999999999822e-01
2.199999999999999734e-01
5.666666666666666380e-02
2.533333333333333548e-01
3.799999999999999489e-01
1.110000000000000098e+00
4.166666666666666852e-01
1.453333333333333366e+00
2.733333333333333726e-01
3.466666666666666785e-01
9.233333333333333393e-01
1.366666666666666585e-01
4.166666666666666852e-01
1.666666666666666741e+00
1.816666666666666652e+00
1.033333333333333326e-01
3.800000000000000600e-01
1.300000000000000044e-01
2.466666666666666730e-01
7.666666666666666075e-01
1.483333333333333393e+00
3.766666666666666496e-01
9.333333333333332371e-02
1.260000000000000009e+00
7.266666666666665719e-01
4.633333333333333748e-01
8.000000000000000167e-02
1.669999999999999929e+00
5.400000000000000355e-01
4.999999999999999584e-02
2.000000000000000042e-02
1.666666666666666644e-02
9.333333333333333759e-02
3.666666666666666685e-02
2.566666666666666541e-01
2.666666666666666838e-02
4.899999999999999911e-01
0.000000000000000000e+00
2.333333333333333093e-02
1.000000000000000021e-02
1.099999999999999867e-01
1.533333333333333215e-01
1.700000000000000122e-01
9.333333333333332371e-01
1.466666666666666674e-01
1.566666666666666485e-01
1.410000000000000142e+00
4.633333333333333193e-01
1.106666666666666687e+00
6.999999999999999278e-02
3.133333333333332971e-01
1.666666666666666644e-02
7.000000000000000666e-02
2.333333333333333093e-02
6.000000000000000472e-02
8.000000000000000167e-02
1.266666666666666774e-01
1.033333333333333326e-01
1.866666666666666752e-01
1.033333333333333326e-01
4.766666666666667385e-01
1.300000000000000044e+00
4.766666666666666274e-01
1.226666666666666572e+00
1.033333333333333326e-01
1.266666666666666774e-01
1.796666666666666856e+00
1.333333333333333315e-01
2.299999999999999822e-01
3.799999999999999489e-01
2.166666666666666741e-01
6.833333333333332371e-01
3.333333333333333547e-03
1.393333333333333313e+00
2.466666666666666730e-01
1.453333333333333144e+00
1.209999999999999964e+00
9.666666666666667851e-01
1.033333333333333326e-01
2.700000000000000178e-01
1.366666666666666585e-01
2.966666666666666896e-01
2.533333333333333548e-01
4.333333333333333481e-02
3.133333333333333526e-01
6.666666666666667095e-03
7.700000000000000178e-01
5.333333333333333676e-02
4.666666666666666879e-02
2.433333333333333182e-01
8.666666666666666963e-02
1.666666666666666644e-02
2.666666666666666838e-02
0.000000000000000000e+00
9.633333333333332638e-01
8.333333333333332871e-02
1.129999999999999893e+00
1.666666666666666644e-02
2.000000000000000042e-02
1.300000000000000044e-01
2.319999999999999840e+00
1.620000000000000107e+00
6.666666666666666574e-02
2.199999999999999734e-01
6.333333333333333870e-02
1.336666666666666670e+00
1.000000000000000021e-02
4.833333333333333370e-01
1.333333333333333315e-01
9.033333333333333215e-01
4.666666666666666879e-02
1.833333333333333481e-01
2.233333333333333004e-01
1.233333333333333365e-01
1.040000000000000036e+00
1.333333333333333419e-02
1.620000000000000107e+00
1.633333333333333304e-01
5.566666666666666430e-01
4.833333333333333370e-01
1.400000000000000133e-01
1.800000000000000211e-01
1.866666666666666474e-01
9.000000000000001055e-02
3.300000000000000155e-01
8.666666666666666963e-02
1.766666666666666663e-01
6.666666666666666574e-02
1.533333333333333215e-01
5.233333333333333171e-01
5.833333333333333703e-01
2.500000000000000000e-01
1.333333333333333315e-01
5.333333333333333676e-02
1.763333333333333419e+00
1.066666666666666458e-01
3.000000000000000236e-02
1.166666666666666546e-01
6.666666666666666574e-02
0.000000000000000000e+00
0.000000000000000000e+00
2.999999999999999889e-02
3.333333333333333547e-03
1.000000000000000021e-02
2.299999999999999822e-01
7.000000000000000666e-02
2.999999999999999889e-02
2.333333333333333093e-02
3.300000000000000155e-01
3.099999999999999978e-01
1.233333333333333365e-01
8.933333333333332016e-01
2.833333333333332704e-01
2.233333333333333004e-01
3.933333333333333126e-01
1.246666666666666812e+00
5.999999999999999778e-02
5.066666666666667096e-01
3.333333333333333547e-03
2.066666666666666652e-01
4.000000000000000083e-02
2.130000000000000338e+00
3.300000000000000155e-01
6.666666666666667095e-03
6.333333333333334147e-01
4.566666666666666097e-01
4.000000000000000083e-02
1.123333333333333295e+00
2.700000000000000178e-01
1.266666666666666774e-01
2.666666666666666630e-01
1.133333333333333526e+00
4.000000000000000083e-02
1.716666666666666785e+00
1.666666666666666644e-02
2.166666666666666741e-01
1.533333333333333492e-01
3.233333333333333059e-01
1.733333333333333393e-01
4.733333333333333282e-01
2.113333333333333286e+00
1.866666666666666752e-01
2.046666666666666856e+00
1.300000000000000044e-01
3.400000000000000244e-01
1.106666666666666687e+00
1.733333333333333393e-01
1.666666666666666574e-01
7.999999999999999334e-01
6.600000000000000311e-01
0.000000000000000000e+00
8.000000000000000167e-02
2.333333333333333093e-02
3.333333333333333287e-02
3.333333333333333287e-02
5.000000000000000971e-02
2.999999999999999889e-02
4.933333333333333459e-01
1.333333333333333419e-02
0.000000000000000000e+00
0.000000000000000000e+00
8.000000000000000167e-02
1.000000000000000194e-01
1.000000000000000194e-01
9.566666666666665542e-01
2.000000000000000042e-02
2.999999999999999889e-02
4.166666666666666852e-01
2.700000000000000178e-01
7.000000000000000666e-02
4.000000000000000083e-02
6.666666666666666297e-01
4.499999999999999556e-01
3.266666666666666607e-01
2.999999999999999889e-02
2.533333333333333548e-01
2.500000000000000000e-01
2.359999999999999876e+00
2.566666666666666541e-01
1.410000000000000142e+00
3.200000000000000067e-01
7.000000000000000666e-02
3.533333333333333326e-01
9.666666666666667851e-02
1.266666666666666774e-01
6.466666666666666119e-01
9.166666666666666297e-01
1.333333333333333419e-02
6.000000000000000472e-02
6.666666666666666574e-02
2.366666666666666641e-01
9.899999999999998801e-01
9.199999999999999289e-01
3.700000000000000511e-01
2.799999999999999711e-01
7.700000000000000178e-01
9.066666666666666208e-01
5.799999999999999600e-01
2.566666666666666541e-01
1.386666666666666714e+00
4.333333333333333481e-01
2.666666666666666838e-02
8.000000000000000167e-02
2.999999999999999889e-02
8.666666666666666963e-02
0.000000000000000000e+00
2.166666666666666741e-01
1.000000000000000021e-02
2.766666666666666718e-01
0.000000000000000000e+00
1.366666666666666863e-01
6.666666666666667095e-03
6.333333333333333870e-02
2.000000000000000042e-02
1.866666666666666752e-01
9.766666666666666829e-01
1.700000000000000122e-01
3.600000000000000422e-01
1.066666666666666652e+00
9.766666666666666829e-01
9.766666666666666829e-01
2.800000000000000266e-01
4.733333333333333837e-01
1.333333333333333419e-02
2.000000000000000042e-02
2.666666666666666838e-02
1.033333333333333326e-01
5.666666666666667074e-02
1.466666666666666397e-01
8.000000000000000167e-02
8.000000000000000167e-02
3.733333333333333504e-01
5.633333333333333526e-01
1.580000000000000071e+00
3.400000000000000244e-01
2.433333333333333126e+00
1.466666666666666952e-01
2.666666666666666630e-01
2.653333333333333766e+00
1.099999999999999867e-01
2.633333333333333637e-01
5.933333333333332682e-01
3.533333333333333326e-01
5.766666666666666607e-01
5.999999999999999778e-02
1.693333333333333357e+00
1.633333333333333304e-01
5.966666666666665675e-01
1.440000000000000169e+00
