7.033333333333332549e-01
6.366666666666666030e-01
1.066666666666666652e+00
7.766666666666667274e-01
4.599999999999999645e-01
1.833333333333333481e-01
7.033333333333332549e-01
6.900000000000000577e-01
2.033333333333333381e-01
1.699999999999999956e+00
5.466666666666666341e-01
6.400000000000000133e-01
4.233333333333333393e-01
1.733333333333333393e+00
2.399999999999999911e-01
1.916666666666666741e+00
2.999999999999999889e-01
6.033333333333333881e-01
3.333333333333333148e-01
4.966666666666666452e-01
3.800000000000000600e-01
7.500000000000000000e-01
1.106666666666666687e+00
