2.149999999999999911e+00
5.000000000000000000e-01
2.433333333333333182e-01
7.799999999999999156e-01
7.299999999999999822e-01
1.966666666666666841e-01
1.999999999999999833e-01
0.000000000000000000e+00
5.299999999999999156e-01
8.666666666666666963e-02
3.466666666666666785e-01
1.900000000000000300e-01
2.130000000000000338e+00
2.000000000000000042e-02
8.000000000000000167e-02
1.133333333333333276e-01
7.666666666666667462e-02
1.466666666666666674e-01
1.000000000000000194e-01
3.333333333333333547e-03
3.666666666666666685e-02
1.033333333333333326e-01
3.600000000000000422e-01
4.133333333333333304e-01
8.499999999999999778e-01
2.146666666666666501e+00
9.333333333333332371e-01
8.633333333333333970e-01
4.033333333333333215e-01
9.000000000000001055e-02
2.133333333333332915e-01
1.199999999999999956e-01
1.446666666666666545e+00
4.166666666666666852e-01
4.000000000000000083e-02
2.266666666666666552e-01
5.999999999999999778e-02
3.033333333333332882e-01
7.333333333333333370e-02
1.233333333333333365e-01
6.000000000000000472e-02
6.999999999999998446e-01
3.966666666666666674e-01
1.063333333333333242e+00
2.266666666666666829e-01
1.066666666666666735e-01
2.633333333333333637e-01
7.733333333333333171e-01
3.500000000000000333e-01
5.033333333333332993e-01
0.000000000000000000e+00
2.666666666666666838e-02
0.000000000000000000e+00
2.500000000000000000e-01
3.833333333333333592e-01
0.000000000000000000e+00
1.333333333333333419e-02
1.333333333333333419e-02
1.066666666666666735e-01
2.766666666666666718e-01
1.199999999999999956e-01
2.456666666666666554e+00
1.633333333333333304e-01
1.999999999999999833e-01
2.223333333333333162e+00
2.466666666666666730e-01
0.000000000000000000e+00
3.366666666666666696e-01
7.666666666666666075e-01
4.000000000000000083e-02
4.000000000000000083e-02
9.666666666666667851e-02
4.000000000000000083e-02
5.666666666666667074e-02
4.333333333333333481e-02
1.033333333333333326e-01
2.466666666666666730e-01
1.300000000000000044e-01
1.666666666666666644e-02
1.733333333333333393e-01
3.333333333333333547e-03
3.333333333333333547e-03
7.666666666666666075e-02
6.666666666666667095e-03
0.000000000000000000e+00
7.000000000000000666e-02
0.000000000000000000e+00
1.066666666666666735e-01
7.333333333333331983e-02
5.266666666666666163e-01
4.566666666666667207e-01
1.466666666666666952e-01
1.600000000000000033e-01
6.666666666666667095e-03
8.666666666666666963e-02
1.233333333333333365e-01
1.600000000000000033e-01
3.733333333333333504e-01
2.866666666666666807e-01
3.333333333333333287e-02
2.966666666666666341e-01
2.099999999999999645e-01
2.500000000000000000e-01
3.266666666666667163e-01
1.666666666666666741e+00
2.666666666666666838e-02
9.999999999999999167e-02
9.000000000000001055e-02
2.333333333333333093e-01
5.600000000000000533e-01
1.713333333333333153e+00
7.099999999999999645e-01
1.333333333333333315e-01
6.333333333333333870e-02
2.800000000000000266e-01
1.766666666666666663e-01
9.333333333333333759e-02
2.366666666666666641e-01
4.400000000000000022e-01
1.326666666666666661e+00
2.000000000000000042e-02
1.433333333333333404e-01
2.000000000000000042e-02
4.366666666666667029e-01
1.333333333333333419e-02
6.833333333333332371e-01
1.666666666666666644e-02
1.020000000000000240e+00
6.999999999999998446e-01
6.733333333333333393e-01
0.000000000000000000e+00
8.133333333333333526e-01
3.666666666666667379e-02
1.533333333333333492e-01
7.333333333333333370e-02
2.700000000000000178e-01
0.000000000000000000e+00
2.666666666666666630e-01
8.666666666666666963e-02
1.000000000000000021e-02
6.666666666666667095e-03
1.000000000000000000e+00
2.000000000000000042e-02
1.000000000000000021e-02
4.333333333333333481e-02
6.566666666666666208e-01
4.000000000000000083e-02
1.666666666666666644e-02
1.300000000000000044e-01
1.100000000000000006e-01
5.866666666666667806e-01
3.333333333333333287e-02
6.966666666666666563e-01
1.433333333333333126e-01
1.233333333333333365e-01
3.333333333333333287e-02
2.500000000000000000e-01
1.339999999999999858e+00
1.000000000000000021e-02
1.566666666666666485e-01
1.673333333333333117e+00
0.000000000000000000e+00
3.666666666666666685e-02
4.899999999999999911e-01
2.533333333333333548e-01
2.000000000000000042e-02
6.333333333333333870e-02
2.333333333333333093e-01
1.380000000000000115e+00
1.800000000000000211e-01
8.199999999999999512e-01
4.500000000000000111e-01
5.356666666666666465e+00
1.159999999999999920e+00
2.233333333333333004e-01
2.733333333333333726e-01
9.666666666666667851e-02
2.399999999999999911e-01
2.566666666666666541e-01
3.533333333333333326e-01
1.066666666666666735e-01
5.233333333333333171e-01
1.516666666666666607e+00
7.833333333333333259e-01
1.566666666666666485e-01
1.026666666666666616e+00
3.300000000000000155e-01
4.999999999999999584e-02
9.999999999999999167e-02
0.000000000000000000e+00
9.300000000000000488e-01
2.233333333333333004e-01
2.433333333333333182e-01
1.133333333333333276e-01
1.270000000000000240e+00
7.333333333333333370e-02
9.999999999999999167e-02
2.500000000000000000e-01
1.666666666666666574e-01
1.600000000000000033e-01
1.666666666666666644e-02
1.000000000000000021e-02
2.333333333333333440e-02
3.333333333333333547e-03
2.700000000000000178e-01
7.633333333333333082e-01
2.999999999999999889e-01
3.666666666666666963e-01
2.933333333333333348e-01
3.966666666666666674e-01
1.266666666666666774e-01
9.666666666666666463e-02
2.600000000000000089e-01
3.666666666666667379e-02
5.600000000000000533e-01
5.333333333333333259e-01
5.666666666666667074e-02
1.466666666666666397e-01
0.000000000000000000e+00
8.000000000000000167e-02
0.000000000000000000e+00
7.333333333333333370e-02
5.000000000000000971e-02
4.899999999999999911e-01
3.300000000000000155e-01
7.533333333333332993e-01
2.333333333333333093e-01
7.333333333333333370e-02
1.666666666666666574e-01
3.233333333333333059e-01
4.499999999999999556e-01
8.566666666666665764e-01
2.399999999999999911e-01
9.000000000000001055e-02
7.000000000000000666e-02
9.999999999999999167e-02
2.999999999999999889e-02
0.000000000000000000e+00
6.666666666666667095e-03
0.000000000000000000e+00
2.333333333333333440e-02
2.933333333333332793e-01
1.966666666666666563e-01
2.720000000000000195e+00
1.466666666666666674e-01
1.466666666666666952e-01
1.673333333333333561e+00
5.999999999999999778e-02
0.000000000000000000e+00
4.099999999999999756e-01
1.083333333333333259e+00
1.133333333333333415e-01
8.000000000000000167e-02
9.999999999999999167e-02
4.333333333333333481e-02
2.299999999999999822e-01
2.099999999999999922e-01
1.700000000000000122e-01
8.633333333333332860e-01
1.000000000000000194e-01
7.666666666666666075e-02
1.466666666666666674e-01
2.999999999999999889e-02
0.000000000000000000e+00
5.000000000000000971e-02
1.000000000000000021e-02
4.000000000000000083e-02
1.799999999999999656e-01
3.600000000000000422e-01
2.166666666666666741e-01
1.633333333333333304e-01
7.933333333333333348e-01
3.133333333333332971e-01
2.466666666666666730e-01
1.033333333333333465e-01
1.133333333333333276e-01
9.999999999999999167e-02
1.000000000000000194e-01
2.299999999999999822e-01
2.533333333333333548e-01
1.166666666666666546e-01
1.533333333333333215e-01
1.400000000000000133e-01
2.099999999999999922e-01
1.466666666666666952e-01
4.599999999999999645e-01
1.310000000000000053e+00
6.666666666666666574e-02
1.066666666666666735e-01
2.600000000000000089e-01
2.500000000000000000e-01
2.466666666666666730e-01
1.093333333333333490e+00
7.399999999999998801e-01
1.666666666666666644e-02
8.666666666666666963e-02
1.333333333333333315e-01
1.700000000000000122e-01
2.999999999999999889e-01
3.800000000000000600e-01
2.700000000000000178e-01
1.036666666666666847e+00
3.300000000000000155e-01
4.033333333333333215e-01
1.433333333333333404e-01
4.366666666666667029e-01
3.333333333333333547e-03
4.366666666666667029e-01
4.666666666666666186e-02
1.273333333333333428e+00
1.096666666666666679e+00
2.133333333333333470e-01
3.333333333333333547e-03
4.566666666666666097e-01
1.466666666666666674e-01
2.266666666666666829e-01
2.533333333333333548e-01
2.899999999999999800e-01
3.333333333333333547e-03
3.133333333333333526e-01
4.000000000000000083e-02
1.666666666666666644e-02
0.000000000000000000e+00
8.300000000000000711e-01
2.666666666666666838e-02
8.000000000000000167e-02
1.333333333333333315e-01
8.033333333333333437e-01
9.000000000000001055e-02
1.333333333333333419e-02
1.433333333333333404e-01
5.666666666666666380e-02
9.033333333333333215e-01
7.333333333333333370e-02
7.799999999999999156e-01
1.833333333333333481e-01
2.033333333333333659e-01
8.333333333333332871e-02
2.999999999999999889e-02
1.050000000000000044e+00
7.666666666666667462e-02
1.166666666666666546e-01
1.306666666666666865e+00
1.000000000000000021e-02
7.333333333333333370e-02
8.599999999999999867e-01
1.866666666666666474e-01
1.000000000000000021e-02
2.999999999999999889e-02
3.033333333333332882e-01
1.090000000000000080e+00
4.999999999999999584e-02
7.299999999999999822e-01
3.566666666666666319e-01
6.396666666666667389e+00
1.940000000000000169e+00
1.063333333333333464e+00
1.780000000000000027e+00
4.400000000000000022e-01
3.699999999999999400e-01
1.000000000000000021e-02
1.000000000000000021e-02
0.000000000000000000e+00
5.833333333333333703e-01
6.333333333333333870e-02
0.000000000000000000e+00
1.366666666666666863e-01
7.533333333333332993e-01
3.666666666666665991e-02
2.899999999999999800e-01
1.023333333333333206e+00
9.100000000000000311e-01
9.333333333333333759e-02
4.333333333333333481e-01
4.000000000000000777e-01
2.333333333333333440e-02
2.566666666666666541e-01
1.966666666666666563e-01
6.300000000000000044e-01
2.600000000000000089e-01
7.333333333333333370e-02
1.199999999999999956e-01
4.799999999999999822e-01
7.700000000000000178e-01
4.000000000000000083e-02
6.666666666666666574e-02
1.363333333333333286e+00
1.366666666666666863e-01
2.426666666666666750e+00
4.166666666666666852e-01
3.699999999999999400e-01
1.900000000000000300e-01
4.966666666666666452e-01
3.400000000000000244e-01
2.333333333333333093e-02
4.266666666666666941e-01
1.410000000000000142e+00
1.233333333333333365e-01
5.666666666666667074e-02
1.093333333333333490e+00
8.266666666666666607e-01
6.666666666666667095e-03
9.333333333333333759e-02
1.333333333333333315e-01
3.333333333333333547e-03
0.000000000000000000e+00
1.966666666666666563e-01
4.166666666666666852e-01
6.666666666666667095e-03
1.000000000000000021e-02
3.133333333333332971e-01
7.033333333333332549e-01
7.233333333333332726e-01
1.559999999999999831e+00
1.666666666666666644e-02
2.600000000000000089e-01
4.000000000000000083e-02
5.433333333333333348e-01
1.033333333333333326e-01
2.833333333333333814e-01
1.500000000000000000e+00
8.333333333333332871e-02
1.966666666666666563e-01
3.200000000000000067e-01
1.360000000000000098e+00
2.966666666666666896e-01
1.736666666666666581e+00
1.130000000000000115e+00
5.396666666666667389e+00
1.313333333333333242e+00
1.346666666666666901e+00
2.833333333333332704e-01
6.666666666666666297e-01
4.000000000000000083e-02
7.333333333333333370e-02
6.000000000000000472e-02
6.633333333333334414e-01
3.133333333333332971e-01
7.333333333333334758e-02
7.333333333333333370e-02
9.533333333333332549e-01
6.666666666666666574e-02
6.033333333333333881e-01
6.233333333333332948e-01
4.500000000000000111e-01
5.999999999999999778e-02
3.499999999999999223e-01
2.933333333333333903e-01
2.999999999999999889e-02
1.199999999999999956e-01
2.800000000000000266e-01
9.000000000000000222e-01
7.666666666666666075e-02
1.000000000000000021e-02
1.066666666666666735e-01
4.299999999999999933e-01
3.899999999999999578e-01
1.000000000000000021e-02
3.000000000000000236e-02
7.866666666666666252e-01
2.566666666666666541e-01
6.900000000000000577e-01
5.466666666666666341e-01
2.399999999999999911e-01
2.466666666666666730e-01
6.466666666666666119e-01
3.366666666666666696e-01
6.000000000000000472e-02
2.133333333333333470e-01
7.900000000000000355e-01
2.666666666666666838e-02
3.099999999999999978e-01
6.133333333333332860e-01
7.266666666666665719e-01
6.666666666666666574e-02
5.000000000000000000e-01
9.333333333333333759e-02
2.000000000000000042e-02
2.333333333333333093e-02
2.600000000000000089e-01
6.099999999999999867e-01
0.000000000000000000e+00
1.333333333333333419e-02
1.320000000000000062e+00
9.633333333333333748e-01
7.166666666666666741e-01
1.523333333333333428e+00
1.666666666666666644e-02
3.500000000000000333e-01
9.999999999999999167e-02
1.263333333333333419e+00
3.733333333333333504e-01
1.036666666666666847e+00
1.750000000000000000e+00
1.633333333333333304e-01
4.799999999999999822e-01
1.360000000000000098e+00
