6.566666666666667318e-01
3.066666666666666430e-01
1.066666666666666735e-01
2.010000000000000231e+00
1.999999999999999833e-01
1.046666666666666634e+00
3.166666666666666519e-01
2.489999999999999769e+00
2.323333333333333250e+00
2.099999999999999922e-01
3.533333333333333326e-01
1.300000000000000044e-01
2.000000000000000042e-02
5.666666666666666380e-02
1.673333333333333561e+00
1.233333333333333365e-01
1.713333333333333153e+00
1.166666666666666546e-01
1.366666666666666585e-01
9.666666666666667851e-02
1.300000000000000044e-01
1.900000000000000300e-01
2.700000000000000178e-01
1.366666666666666474e+00
1.800000000000000211e-01
4.700000000000000289e-01
1.999999999999999833e-01
1.333333333333333419e-02
9.533333333333334769e-01
2.799999999999999711e-01
1.600000000000000033e-01
2.200000000000000011e-01
1.966666666666666563e-01
2.433333333333333182e-01
4.266666666666666941e-01
8.000000000000000167e-02
8.033333333333333437e-01
2.533333333333333548e-01
1.600000000000000033e-01
4.066666666666667318e-01
1.300000000000000044e-01
1.700000000000000122e-01
2.033333333333333381e-01
3.500000000000000333e-01
3.333333333333333547e-03
1.033333333333333326e-01
7.999999999999999334e-01
9.000000000000001055e-02
1.999999999999999833e-01
5.800000000000000711e-01
9.533333333333334769e-01
6.333333333333333870e-02
3.033333333333332882e-01
1.333333333333333419e-02
2.766666666666666718e-01
9.133333333333332194e-01
1.300000000000000044e-01
3.333333333333333287e-02
8.900000000000000133e-01
6.999999999999999278e-02
6.999999999999999278e-02
1.700000000000000122e-01
1.533333333333333492e-01
6.999999999999999278e-02
2.833333333333333814e-01
2.333333333333333093e-02
1.236666666666666581e+00
