2.033333333333333659e+00
4.599999999999999645e-01
4.700000000000000289e-01
1.066666666666666735e-01
2.166666666666666741e-01
8.666666666666666963e-02
8.666666666666666963e-02
1.766666666666666663e-01
2.733333333333333726e-01
1.899999999999999745e-01
1.040000000000000036e+00
1.166666666666666546e-01
2.633333333333333637e-01
2.399999999999999911e-01
3.200000000000000067e-01
1.433333333333333404e-01
1.266666666666666774e-01
9.333333333333333759e-02
6.666666666666667095e-03
1.099999999999999867e-01
3.333333333333333287e-02
3.666666666666667379e-02
1.033333333333333326e-01
7.233333333333332726e-01
4.333333333333333481e-02
9.666666666666666463e-02
2.633333333333333637e-01
2.933333333333333348e-01
1.106666666666666687e+00
3.333333333333333547e-03
9.666666666666667851e-02
2.999999999999999889e-02
2.000000000000000042e-02
6.999999999999999278e-02
2.199999999999999734e-01
1.033333333333333326e-01
1.366666666666666863e-01
4.333333333333333481e-01
3.300000000000000155e-01
1.399999999999999856e-01
9.666666666666667851e-02
7.200000000000000844e-01
7.333333333333333370e-02
8.333333333333332871e-02
3.000000000000000236e-02
1.633333333333333304e-01
0.000000000000000000e+00
5.699999999999999512e-01
2.133333333333332915e-01
2.666666666666666630e-01
2.999999999999999889e-02
1.733333333333333393e-01
3.333333333333333287e-02
2.766666666666666718e-01
7.966666666666667451e-01
2.166666666666666463e-01
3.633333333333332860e-01
1.826666666666666439e+00
2.200000000000000011e-01
1.233333333333333365e-01
1.019999999999999796e+00
1.766666666666666663e-01
6.866666666666666474e-01
5.100000000000000089e-01
5.300000000000000266e-01
4.533333333333333104e-01
1.556666666666666643e+00
2.016666666666667052e+00
