2.026666666666666838e+00
1.400000000000000133e-01
1.133333333333333276e-01
1.033333333333333326e-01
1.000000000000000021e-02
2.600000000000000089e-01
2.666666666666666630e-01
9.100000000000000311e-01
1.900000000000000300e-01
1.333333333333333419e-02
6.400000000000000133e-01
2.666666666666666630e-01
2.466666666666666730e-01
3.499999999999999223e-01
7.000000000000000666e-02
2.099999999999999922e-01
4.333333333333333481e-01
2.766666666666666718e-01
5.300000000000000266e-01
3.666666666666667379e-02
1.199999999999999956e-01
4.433333333333333570e-01
3.133333333333333526e-01
2.456666666666666998e+00
3.666666666666666685e-02
3.333333333333333547e-03
9.333333333333333759e-02
0.000000000000000000e+00
4.899999999999999911e-01
1.576666666666666883e+00
1.566666666666666763e-01
2.533333333333333548e-01
1.066666666666666735e-01
3.500000000000000333e-01
1.133333333333333276e-01
5.799999999999999600e-01
1.033333333333333437e+00
2.333333333333333440e-02
5.333333333333333259e-01
4.466666666666666008e-01
9.900000000000001021e-01
