1.016666666666666829e+00
3.233333333333333059e-01
4.666666666666666186e-01
9.799999999999999822e-01
4.166666666666666852e-01
6.300000000000000044e-01
6.566666666666666208e-01
1.093333333333333268e+00
1.500000000000000222e-01
6.533333333333333215e-01
1.059999999999999831e+00
1.703333333333333366e+00
9.566666666666666652e-01
6.600000000000000311e-01
7.166666666666666741e-01
1.466666666666666397e-01
1.033333333333333326e-01
9.100000000000000311e-01
2.066666666666666652e-01
4.299999999999999933e-01
3.233333333333333059e-01
1.233333333333333365e-01
9.100000000000000311e-01
1.366666666666666585e-01
6.000000000000000472e-02
1.533333333333333215e-01
2.333333333333333440e-02
1.036666666666666847e+00
6.333333333333333870e-02
0.000000000000000000e+00
4.000000000000000083e-02
7.333333333333333370e-02
7.533333333333334103e-01
0.000000000000000000e+00
4.000000000000000083e-02
1.063333333333333242e+00
1.700000000000000122e-01
1.100000000000000006e-01
9.333333333333333759e-02
7.566666666666667096e-01
3.266666666666666607e-01
1.666666666666666574e-01
7.666666666666666075e-02
2.199999999999999734e-01
8.000000000000000167e-02
2.199999999999999734e-01
3.433333333333332682e-01
9.999999999999999167e-02
3.533333333333333326e-01
1.166666666666666824e-01
6.966666666666667673e-01
3.666666666666666685e-02
4.666666666666666879e-02
4.666666666666666879e-02
1.600000000000000033e-01
9.000000000000001055e-02
6.999999999999999278e-02
2.033333333333333381e-01
1.899999999999999745e-01
3.666666666666666685e-02
0.000000000000000000e+00
3.633333333333333415e-01
8.866666666666667140e-01
6.433333333333334236e-01
0.000000000000000000e+00
1.800000000000000211e-01
3.266666666666666607e-01
2.666666666666666838e-02
5.000000000000000971e-02
2.633333333333333637e-01
1.033333333333333326e-01
5.333333333333333676e-02
7.666666666666667462e-02
1.266666666666666774e-01
1.066666666666666735e-01
8.333333333333332871e-02
3.333333333333333287e-02
1.833333333333333481e-01
2.666666666666666838e-02
1.533333333333333215e-01
7.000000000000000666e-02
3.133333333333333526e-01
3.600000000000000422e-01
1.233333333333333365e-01
2.270000000000000018e+00
1.933333333333333293e-01
6.333333333333333870e-02
4.133333333333333304e-01
5.000000000000000971e-02
1.333333333333333419e-02
1.333333333333333419e-02
3.666666666666666685e-02
2.066666666666666652e-01
1.633333333333333304e-01
4.333333333333333481e-02
8.266666666666666607e-01
2.133333333333333470e-01
4.133333333333333859e-01
3.200000000000000067e-01
6.033333333333333881e-01
7.533333333333332993e-01
4.333333333333333481e-01
2.333333333333333093e-01
2.466666666666666730e-01
1.533333333333333215e-01
4.466666666666666008e-01
4.433333333333333570e-01
2.500000000000000000e-01
2.566666666666666541e-01
3.733333333333332948e-01
3.000000000000000000e+00
