5.299999999999999156e-01
9.000000000000001055e-02
1.966666666666666841e-01
3.300000000000000155e-01
1.633333333333333304e-01
1.060000000000000053e+00
1.073333333333333250e+00
1.199999999999999956e-01
6.333333333333333870e-02
2.633333333333333637e-01
4.000000000000000083e-02
2.566666666666666541e-01
7.633333333333333082e-01
0.000000000000000000e+00
1.300000000000000044e-01
7.033333333333332549e-01
2.999999999999999889e-01
0.000000000000000000e+00
3.666666666666666685e-02
8.233333333333333615e-01
1.666666666666666644e-02
1.333333333333333419e-02
1.233333333333333504e-01
1.073333333333333472e+00
8.033333333333333437e-01
1.866666666666666752e-01
2.600000000000000089e-01
1.716666666666666785e+00
1.669999999999999929e+00
9.000000000000001055e-02
2.000000000000000042e-02
4.700000000000000289e-01
2.833333333333333814e-01
3.899999999999999578e-01
7.333333333333333370e-02
1.900000000000000300e-01
8.133333333333333526e-01
4.500000000000000111e-01
0.000000000000000000e+00
7.000000000000000666e-02
5.266666666666667274e-01
5.999999999999999778e-02
6.666666666666667095e-03
8.333333333333332871e-02
1.166666666666666546e-01
1.433333333333333404e-01
7.666666666666667462e-02
1.000000000000000021e-02
7.333333333333334758e-02
2.133333333333333470e-01
1.199999999999999956e-01
1.166666666666666546e-01
0.000000000000000000e+00
9.533333333333334769e-01
2.299999999999999822e-01
2.566666666666666541e-01
4.999999999999999584e-02
8.633333333333332860e-01
4.833333333333333370e-01
1.466666666666666674e-01
2.100000000000000089e+00
3.366666666666666141e-01
5.600000000000000533e-01
2.533333333333333548e-01
1.239999999999999991e+00
1.243333333333333401e+00
1.173333333333333339e+00
2.133333333333333470e-01
2.433333333333333182e-01
2.133333333333332915e-01
5.200000000000000178e-01
1.050000000000000044e+00
3.333333333333333287e-02
6.666666666666667095e-03
6.800000000000000488e-01
2.000000000000000042e-02
1.126666666666666705e+00
1.300000000000000044e-01
1.100000000000000006e-01
4.000000000000000083e-02
1.713333333333333597e+00
4.033333333333333215e-01
6.566666666666666208e-01
1.823333333333333250e+00
1.100000000000000006e-01
9.333333333333332371e-01
3.666666666666666685e-02
1.733333333333333393e-01
1.233333333333333393e+00
7.200000000000000844e-01
1.933333333333333570e+00
2.500000000000000000e-01
4.333333333333333481e-02
2.099999999999999922e-01
2.066666666666666652e-01
6.666666666666667095e-03
2.999999999999999889e-02
1.433333333333333404e-01
3.133333333333332971e-01
8.666666666666666963e-02
6.666666666666667095e-03
3.999999999999999667e-01
5.000000000000000971e-02
8.833333333333333037e-01
2.333333333333333093e-01
0.000000000000000000e+00
7.099999999999999645e-01
1.200000000000000094e-01
4.333333333333333481e-02
2.000000000000000042e-02
7.000000000000000666e-02
7.200000000000000844e-01
4.566666666666667207e-01
1.966666666666666841e-01
2.000000000000000042e-02
9.833333333333333925e-01
0.000000000000000000e+00
2.333333333333333093e-01
0.000000000000000000e+00
9.333333333333333759e-02
7.666666666666667462e-02
1.000000000000000021e-02
9.000000000000001055e-02
9.000000000000001055e-02
1.166666666666666546e-01
9.000000000000001055e-02
4.333333333333333481e-02
1.166666666666666546e-01
1.066666666666666458e-01
1.600000000000000033e-01
6.333333333333333870e-02
2.566666666666666541e-01
4.900000000000000466e-01
4.333333333333333481e-02
6.600000000000000311e-01
8.666666666666666963e-01
3.500000000000000333e-01
1.209999999999999964e+00
2.433333333333333182e-01
3.333333333333333287e-02
2.033333333333333381e-01
4.366666666666667029e-01
5.800000000000000711e-01
0.000000000000000000e+00
1.333333333333333315e-01
0.000000000000000000e+00
1.000000000000000021e-02
0.000000000000000000e+00
0.000000000000000000e+00
2.633333333333333637e-01
0.000000000000000000e+00
2.666666666666666838e-02
3.233333333333333059e-01
7.000000000000000666e-02
1.239999999999999991e+00
1.433333333333333404e-01
4.999999999999999584e-02
5.666666666666667074e-02
1.290000000000000036e+00
4.399999999999999467e-01
2.786666666666666625e+00
3.046666666666666412e+00
