9.666666666666667851e-01
1.633333333333333304e-01
4.499999999999999556e-01
1.933333333333333293e-01
5.100000000000000089e-01
4.866666666666666363e-01
3.800000000000000600e-01
1.176666666666666750e+00
5.499999999999999334e-01
1.600000000000000033e-01
3.033333333333333437e-01
2.899999999999999800e-01
1.623333333333333295e+00
1.766666666666666663e-01
2.366666666666666641e-01
3.666666666666666963e-01
5.499999999999999334e-01
1.433333333333333404e-01
3.433333333333332682e-01
1.533333333333333492e-01
1.400000000000000133e-01
1.499999999999999944e-01
8.666666666666666963e-02
3.333333333333333287e-02
5.999999999999999778e-02
6.666666666666666574e-02
2.166666666666666741e-01
1.233333333333333365e-01
1.966666666666666563e-01
3.899999999999999578e-01
7.566666666666667096e-01
1.873333333333333295e+00
2.233333333333333004e-01
5.466666666666667451e-01
6.099999999999999867e-01
9.599999999999999645e-01
7.466666666666667007e-01
1.400000000000000133e+00
1.500000000000000222e-01
5.333333333333333676e-02
4.299999999999999933e-01
3.300000000000000155e-01
1.366666666666666863e-01
6.000000000000000472e-02
2.066666666666666652e-01
2.099999999999999922e-01
1.666666666666666644e-02
6.666666666666666574e-02
9.666666666666667851e-02
2.733333333333333726e-01
9.700000000000000844e-01
2.533333333333333548e-01
0.000000000000000000e+00
1.033333333333333326e-01
1.766666666666666663e-01
9.999999999999999167e-02
1.566666666666666485e-01
9.000000000000001055e-02
4.399999999999999467e-01
4.666666666666666879e-02
2.566666666666666541e-01
1.566666666666666485e-01
1.173333333333333339e+00
3.200000000000000067e-01
9.366666666666666474e-01
2.900000000000000355e-01
3.533333333333333326e-01
2.766666666666666718e-01
6.166666666666666963e-01
1.000000000000000021e-02
9.666666666666667851e-02
7.333333333333333370e-02
4.666666666666666186e-02
5.566666666666666430e-01
5.233333333333333171e-01
8.966666666666666119e-01
4.299999999999999933e-01
1.346666666666666679e+00
5.366666666666666252e-01
1.159999999999999920e+00
1.100000000000000006e-01
2.133333333333333470e-01
4.166666666666666852e-01
3.899999999999999578e-01
2.933333333333332793e-01
1.216666666666666563e+00
4.199999999999999845e-01
1.653333333333333321e+00
4.533333333333333659e-01
4.899999999999999911e-01
1.436666666666666758e+00
2.050000000000000266e+00
1.673333333333333117e+00
1.366666666666666863e-01
1.666666666666666644e-02
0.000000000000000000e+00
0.000000000000000000e+00
1.099999999999999867e-01
0.000000000000000000e+00
1.933333333333333293e-01
1.053333333333333455e+00
3.133333333333332971e-01
4.099999999999999756e-01
1.766666666666666663e-01
0.000000000000000000e+00
8.333333333333332871e-02
6.733333333333333393e-01
1.566666666666666485e-01
6.666666666666667095e-03
2.399999999999999911e-01
4.666666666666666186e-01
6.666666666666666574e-02
7.666666666666667462e-02
2.900000000000000355e-01
1.576666666666666883e+00
1.233333333333333365e-01
2.333333333333333648e-01
8.333333333333332871e-02
1.066666666666666735e-01
1.700000000000000122e-01
2.633333333333333637e-01
5.600000000000000533e-01
3.666666666666666685e-02
3.533333333333333326e-01
6.666666666666666574e-02
4.666666666666666879e-02
4.333333333333333481e-02
1.800000000000000211e-01
8.000000000000000167e-02
2.233333333333333559e-01
5.499999999999999334e-01
1.123333333333333295e+00
1.200000000000000094e-01
1.700000000000000122e-01
2.466666666666666730e-01
2.966666666666666896e-01
1.433333333333333404e-01
1.833333333333333481e-01
1.033333333333333326e-01
3.499999999999999223e-01
4.933333333333333459e-01
5.999999999999999778e-02
1.766666666666666663e-01
4.066666666666667318e-01
6.033333333333333881e-01
4.799999999999999822e-01
1.826666666666666883e+00
