6.600000000000000311e-01
6.133333333333332860e-01
1.333333333333333419e-02
1.066666666666666735e-01
1.403333333333333321e+00
4.700000000000000289e-01
8.000000000000000167e-02
1.266666666666666774e-01
1.700000000000000122e-01
1.099999999999999867e-01
2.799999999999999711e-01
8.333333333333333703e-01
9.000000000000001055e-02
2.000000000000000042e-02
7.333333333333333370e-02
2.000000000000000042e-02
7.000000000000000666e-02
8.233333333333332504e-01
4.999999999999999584e-02
2.999999999999999889e-02
0.000000000000000000e+00
9.000000000000001055e-02
3.533333333333332771e-01
6.666666666666667095e-03
4.999999999999999584e-02
5.333333333333333676e-02
9.333333333333333759e-02
2.099999999999999645e-01
1.466666666666666674e-01
7.700000000000000178e-01
1.166666666666666546e-01
6.999999999999999278e-02
7.000000000000000666e-02
5.666666666666667074e-02
8.466666666666666785e-01
6.566666666666667318e-01
2.999999999999999889e-02
6.333333333333333870e-02
5.999999999999999778e-02
3.000000000000000444e-01
1.600000000000000033e-01
1.099999999999999867e-01
1.533333333333333215e-01
1.333333333333333259e+00
6.666666666666666297e-01
1.233333333333333365e-01
1.500000000000000222e-01
4.333333333333333481e-02
6.666666666666667095e-03
3.600000000000000422e-01
2.899999999999999800e-01
9.666666666666667851e-02
1.333333333333333419e-02
4.333333333333333481e-02
1.166666666666666824e-01
1.266666666666666774e-01
1.999999999999999833e-01
7.200000000000000844e-01
1.700000000000000122e-01
2.333333333333333440e-02
