1.573333333333333250e+00
2.086666666666666448e+00
1.146666666666666723e+00
1.376666666666666705e+00
1.003333333333333188e+00
2.333333333333333093e-02
1.499999999999999944e-01
4.333333333333333481e-02
0.000000000000000000e+00
2.866666666666666252e-01
1.199999999999999956e-01
1.333333333333333259e+00
9.900000000000001021e-01
5.733333333333333615e-01
1.899999999999999745e-01
4.899999999999999911e-01
1.133333333333333276e-01
4.666666666666666186e-01
8.666666666666666963e-02
3.566666666666666874e-01
3.333333333333333547e-03
3.333333333333333547e-03
6.199999999999999956e-01
1.366666666666666863e-01
1.166666666666666546e-01
8.000000000000000167e-02
3.099999999999999978e-01
2.166666666666666741e-01
1.016666666666666607e+00
6.099999999999999867e-01
3.233333333333333059e-01
1.293333333333333224e+00
1.036666666666666625e+00
2.233333333333333004e-01
3.133333333333333526e-01
8.233333333333332504e-01
5.833333333333333703e-01
7.333333333333334758e-02
8.499999999999999778e-01
7.099999999999999645e-01
1.053333333333333455e+00
2.399999999999999911e-01
3.000000000000000444e-01
2.633333333333333637e-01
2.433333333333333182e-01
1.116666666666666696e+00
9.000000000000001055e-02
1.866666666666666474e-01
4.766666666666666274e-01
7.233333333333332726e-01
5.099999999999998979e-01
4.199999999999999845e-01
2.186666666666666980e+00
1.149999999999999911e+00
