1.386666666666666714e+00
1.666666666666666574e-01
1.766666666666666663e-01
1.343333333333333490e+00
3.166666666666666519e-01
2.133333333333333470e-01
3.066666666666666430e-01
1.900000000000000300e-01
2.266666666666666552e-01
5.366666666666666252e-01
4.000000000000000083e-02
3.800000000000000600e-01
1.733333333333333393e-01
6.999999999999999278e-02
3.000000000000000236e-02
1.933333333333333293e-01
2.366666666666666641e-01
1.066666666666666735e-01
2.666666666666666838e-02
3.400000000000000244e-01
5.099999999999998979e-01
1.999999999999999833e-01
1.233333333333333365e-01
1.033333333333333326e-01
1.393333333333333535e+00
7.333333333333333925e-01
8.000000000000000167e-02
5.233333333333333171e-01
2.333333333333333648e-01
1.290000000000000036e+00
5.999999999999999778e-01
2.566666666666666541e-01
5.600000000000000533e-01
2.866666666666666807e-01
5.333333333333333676e-02
1.199999999999999956e-01
6.666666666666667095e-03
6.833333333333332371e-01
1.433333333333333404e-01
1.666666666666666644e-02
1.000000000000000021e-02
1.666666666666666741e+00
9.766666666666666829e-01
1.600000000000000033e-01
1.100000000000000006e-01
3.666666666666666963e-01
1.133333333333333304e+00
1.093333333333333268e+00
5.000000000000000971e-02
1.083333333333333481e+00
1.219999999999999973e+00
2.000000000000000389e-01
1.000000000000000194e-01
5.099999999999998979e-01
1.100000000000000006e-01
8.800000000000000044e-01
6.899999999999999467e-01
4.000000000000000083e-02
0.000000000000000000e+00
1.766666666666666663e-01
7.700000000000000178e-01
1.166666666666666546e-01
9.999999999999999167e-02
1.546666666666666856e+00
1.183333333333333348e+00
3.366666666666666696e-01
4.599999999999999645e-01
2.200000000000000011e-01
9.133333333333334414e-01
1.333333333333333315e-01
8.700000000000001066e-01
1.199999999999999956e+00
1.856666666666666687e+00
3.600000000000000422e-01
1.799999999999999656e-01
1.666666666666666574e-01
1.133333333333333276e-01
5.899999999999999689e-01
0.000000000000000000e+00
1.166666666666666824e-01
1.333333333333333315e-01
6.000000000000000472e-02
1.000000000000000021e-02
1.666666666666666644e-02
8.599999999999999867e-01
1.566666666666666485e-01
6.333333333333333870e-02
1.030000000000000027e+00
2.399999999999999911e-01
3.366666666666666696e-01
7.466666666666667007e-01
1.236666666666666581e+00
2.136666666666666714e+00
1.246666666666666812e+00
1.223333333333333384e+00
2.713333333333333375e+00
2.433333333333333182e-01
1.396666666666666501e+00
1.806666666666666643e+00
1.933333333333333293e-01
2.166666666666666741e-01
3.999999999999999667e-01
3.666666666666666963e-01
2.299999999999999822e-01
1.823333333333333250e+00
1.330000000000000071e+00
2.433333333333333182e-01
5.999999999999999778e-02
1.966666666666666841e-01
6.666666666666666574e-02
1.726666666666666572e+00
8.333333333333332871e-02
2.966666666666666896e-01
1.333333333333333259e+00
1.613333333333333286e+00
4.333333333333332926e-01
4.266666666666666941e-01
1.206666666666666776e+00
1.213333333333333375e+00
5.233333333333333171e-01
8.233333333333332504e-01
1.333333333333333315e-01
6.666666666666666297e-01
1.589999999999999858e+00
9.333333333333333759e-02
0.000000000000000000e+00
3.566666666666666319e-01
1.233333333333333365e-01
6.333333333333333870e-02
1.333333333333333419e-02
2.700000000000000178e-01
9.666666666666667851e-02
4.666666666666666879e-02
1.833333333333333204e-01
4.666666666666666879e-02
3.200000000000000067e-01
7.666666666666666075e-02
4.999999999999999584e-02
7.033333333333334769e-01
2.899999999999999800e-01
2.266666666666666552e-01
1.536666666666666403e+00
3.133333333333332971e-01
1.669999999999999929e+00
4.733333333333333282e-01
4.999999999999999584e-02
8.833333333333334147e-01
5.999999999999999778e-01
9.000000000000001055e-02
2.233333333333333004e-01
0.000000000000000000e+00
6.833333333333332371e-01
7.033333333333332549e-01
9.333333333333333759e-02
4.000000000000000083e-02
8.900000000000000133e-01
1.106666666666666687e+00
1.010000000000000009e+00
5.999999999999999778e-02
7.099999999999999645e-01
9.566666666666666652e-01
1.033333333333333326e-01
2.333333333333333440e-02
2.379999999999999893e+00
1.666666666666666741e+00
3.066666666666666430e-01
3.666666666666667379e-02
1.683333333333333348e+00
3.166666666666666519e-01
5.400000000000000355e-01
1.143333333333333313e+00
1.366666666666666863e-01
1.666666666666666644e-02
5.400000000000000355e-01
7.233333333333332726e-01
8.333333333333332871e-02
0.000000000000000000e+00
1.636666666666666714e+00
6.199999999999999956e-01
4.666666666666666879e-02
2.633333333333333637e-01
3.400000000000000244e-01
8.066666666666666430e-01
3.899999999999999578e-01
9.566666666666666652e-01
1.326666666666666883e+00
1.266666666666666607e+00
1.933333333333333570e-01
1.666666666666666574e-01
1.300000000000000044e-01
1.800000000000000211e-01
4.566666666666667207e-01
0.000000000000000000e+00
9.333333333333333759e-02
8.000000000000000167e-02
0.000000000000000000e+00
1.600000000000000033e-01
8.000000000000000167e-02
3.800000000000000600e-01
1.333333333333333315e-01
2.166666666666666741e-01
9.500000000000000666e-01
3.366666666666666696e-01
1.966666666666666563e-01
5.166666666666667185e-01
4.866666666666666363e-01
1.250000000000000000e+00
5.433333333333333348e-01
6.366666666666667140e-01
1.366666666666666918e+00
1.900000000000000300e-01
1.323333333333333250e+00
1.320000000000000062e+00
9.333333333333333759e-02
2.166666666666666741e-01
7.000000000000000666e-02
4.733333333333333282e-01
7.766666666666667274e-01
2.733333333333333726e-01
8.866666666666667140e-01
1.099999999999999867e-01
1.100000000000000006e-01
3.999999999999999667e-01
1.400000000000000133e-01
2.060000000000000053e+00
6.666666666666666574e-02
4.633333333333333193e-01
1.386666666666666714e+00
