1.306666666666666643e+00
1.239999999999999991e+00
2.733333333333333726e-01
4.433333333333333570e-01
1.000000000000000194e-01
1.533333333333333215e-01
1.063333333333333242e+00
6.333333333333333870e-02
1.399999999999999856e-01
4.066666666666667318e-01
2.500000000000000000e-01
8.000000000000000167e-02
1.099999999999999867e-01
2.000000000000000042e-02
4.333333333333333481e-02
4.000000000000000083e-02
1.000000000000000021e-02
2.333333333333333440e-02
3.333333333333333547e-03
2.000000000000000042e-02
0.000000000000000000e+00
4.333333333333333481e-02
4.333333333333333481e-02
0.000000000000000000e+00
2.999999999999999889e-02
1.000000000000000194e-01
8.333333333333332871e-02
9.000000000000001055e-02
2.333333333333333440e-02
3.300000000000000155e-01
4.000000000000000083e-02
1.300000000000000044e-01
4.799999999999999822e-01
4.199999999999999845e-01
1.566666666666666763e-01
8.000000000000000167e-02
1.300000000000000044e-01
4.933333333333333459e-01
4.199999999999999289e-01
2.333333333333333440e-02
6.333333333333333870e-02
6.666666666666667095e-03
3.133333333333332971e-01
1.496666666666666812e+00
4.333333333333333481e-02
4.133333333333333304e-01
1.866666666666666752e-01
6.633333333333333304e-01
2.066666666666666430e+00
5.589999999999999858e+00
