2.046666666666666856e+00
1.066666666666666735e-01
5.999999999999999778e-02
5.333333333333334370e-02
3.566666666666666319e-01
4.666666666666666879e-02
0.000000000000000000e+00
6.033333333333333881e-01
5.333333333333333259e-01
4.599999999999999645e-01
1.263333333333333419e+00
2.666666666666666838e-02
5.366666666666667362e-01
1.099999999999999867e-01
1.333333333333333315e-01
3.233333333333333059e-01
0.000000000000000000e+00
2.866666666666666807e-01
4.266666666666666941e-01
3.766666666666666496e-01
1.066666666666666735e-01
3.533333333333333326e-01
5.000000000000000971e-02
8.333333333333332871e-02
1.199999999999999956e-01
2.933333333333333903e-01
4.366666666666667029e-01
4.366666666666667029e-01
1.566666666666666485e-01
2.700000000000000178e-01
4.700000000000000289e-01
4.333333333333332926e-01
5.633333333333333526e-01
9.266666666666666385e-01
1.226666666666666794e+00
9.999999999999999167e-02
3.166666666666666519e-01
1.366666666666666585e-01
2.033333333333333381e-01
2.200000000000000011e-01
5.000000000000000971e-02
3.766666666666666496e-01
0.000000000000000000e+00
3.999999999999999667e-01
4.666666666666666879e-02
2.700000000000000178e-01
1.183333333333333348e+00
2.866666666666666807e-01
1.433333333333333404e-01
8.866666666666667140e-01
1.733333333333333393e-01
7.666666666666667462e-02
3.500000000000000333e-01
0.000000000000000000e+00
5.400000000000000355e-01
0.000000000000000000e+00
4.999999999999999584e-02
1.100000000000000006e-01
0.000000000000000000e+00
5.666666666666666380e-02
3.333333333333333547e-03
0.000000000000000000e+00
2.999999999999999889e-01
0.000000000000000000e+00
0.000000000000000000e+00
0.000000000000000000e+00
1.700000000000000122e-01
2.666666666666666838e-02
1.086666666666666670e+00
3.133333333333332971e-01
1.443333333333333357e+00
3.600000000000000422e-01
1.233333333333333504e-01
1.666666666666666644e-02
1.266666666666666774e-01
1.040000000000000036e+00
1.593333333333333490e+00
6.466666666666666119e-01
2.899999999999999800e-01
6.666666666666666574e-02
0.000000000000000000e+00
6.666666666666667095e-03
9.100000000000000311e-01
1.700000000000000122e-01
1.033333333333333326e-01
9.333333333333333759e-02
2.666666666666666838e-02
3.166666666666666519e-01
1.133333333333333415e-01
2.003333333333333410e+00
6.566666666666666208e-01
0.000000000000000000e+00
1.136666666666666714e+00
1.343333333333333490e+00
1.333333333333333419e-02
2.333333333333333440e-02
1.060000000000000053e+00
2.299999999999999822e-01
7.666666666666666075e-02
5.799999999999999600e-01
1.999999999999999833e-01
4.000000000000000083e-02
1.399999999999999856e-01
5.500000000000000444e-01
2.333333333333333093e-01
1.166666666666666546e-01
2.566666666666666541e-01
1.333333333333333419e-02
2.133333333333333470e-01
1.199999999999999956e-01
2.600000000000000089e-01
6.199999999999999956e-01
6.333333333333333870e-02
9.333333333333333759e-02
2.199999999999999734e-01
3.833333333333333037e-01
4.666666666666666879e-02
1.700000000000000122e-01
7.333333333333334758e-02
2.299999999999999822e-01
3.233333333333333059e-01
1.666666666666666644e-02
5.066666666666667096e-01
2.333333333333333440e-02
1.733333333333333393e-01
1.333333333333333419e-02
3.333333333333333287e-02
2.999999999999999889e-02
2.666666666666666838e-02
2.866666666666666807e-01
1.666666666666666574e-01
4.733333333333333837e-01
5.866666666666666696e-01
1.100000000000000006e-01
3.666666666666666408e-01
2.333333333333333440e-02
1.333333333333333419e-02
1.233333333333333365e-01
3.666666666666667379e-02
2.133333333333333470e-01
6.666666666666667095e-03
1.266666666666666774e-01
3.333333333333333547e-03
2.366666666666666641e-01
1.566666666666666763e-01
3.033333333333332882e-01
8.666666666666666963e-02
2.166666666666666741e-01
1.666666666666666574e-01
3.733333333333333504e-01
4.233333333333333393e-01
1.006666666666666599e+00
2.000000000000000042e-02
4.666666666666666186e-01
3.133333333333334081e-01
8.966666666666668339e-01
1.866666666666666752e-01
4.000000000000000083e-02
1.733333333333333393e-01
6.666666666666667095e-03
1.133333333333333276e-01
3.333333333333333148e-01
4.799999999999999822e-01
8.666666666666666963e-02
4.333333333333333481e-02
1.333333333333333419e-02
2.000000000000000042e-02
3.666666666666667379e-02
1.533333333333333492e-01
6.166666666666665853e-01
2.066666666666666652e-01
1.536666666666666847e+00
2.599999999999999534e-01
1.126666666666666705e+00
1.300000000000000044e-01
5.166666666666667185e-01
1.866666666666666474e-01
1.146666666666666723e+00
5.633333333333333526e-01
6.266666666666665941e-01
1.233333333333333365e-01
2.900000000000000355e-01
1.166666666666666546e-01
2.166666666666666741e-01
6.833333333333332371e-01
8.666666666666666963e-02
1.233333333333333365e-01
1.666666666666666644e-02
3.333333333333333547e-03
2.999999999999999889e-02
1.803333333333333455e+00
1.293333333333333224e+00
1.666666666666666644e-02
5.066666666666667096e-01
2.466666666666666730e-01
5.133333333333333082e-01
2.766666666666666718e-01
2.666666666666666838e-02
8.333333333333332871e-02
1.533333333333333215e+00
8.499999999999999778e-01
1.433333333333333404e-01
7.666666666666666075e-02
0.000000000000000000e+00
2.666666666666666838e-02
6.766666666666667496e-01
8.333333333333332871e-02
2.666666666666666630e-01
7.633333333333333082e-01
4.333333333333333481e-02
1.400000000000000133e-01
3.233333333333333059e-01
2.566666666666666541e-01
1.066666666666666735e-01
0.000000000000000000e+00
1.066666666666666735e-01
1.196666666666666545e+00
4.000000000000000083e-02
3.333333333333333547e-03
5.233333333333333171e-01
1.266666666666666774e-01
5.233333333333333171e-01
1.066666666666666735e-01
1.099999999999999867e-01
1.206666666666666776e+00
5.300000000000000266e-01
1.003333333333333188e+00
0.000000000000000000e+00
6.666666666666667095e-03
3.666666666666666963e-01
2.999999999999999889e-02
6.466666666666667229e-01
2.533333333333333548e-01
1.333333333333333419e-02
6.666666666666667095e-03
0.000000000000000000e+00
1.000000000000000021e-02
4.899999999999999911e-01
4.333333333333333481e-02
2.233333333333333004e-01
4.833333333333333370e-01
1.466666666666666785e+00
8.566666666666667984e-01
1.199999999999999956e-01
1.133333333333333276e-01
1.066666666666666735e-01
1.300000000000000044e-01
2.999999999999999889e-02
2.003333333333333410e+00
9.999999999999999167e-02
2.600000000000000089e-01
8.633333333333332860e-01
4.666666666666666879e-02
1.399999999999999856e-01
1.979999999999999760e+00
1.733333333333333393e-01
9.000000000000001055e-02
4.500000000000000111e-01
5.333333333333333676e-02
4.000000000000000083e-02
0.000000000000000000e+00
9.666666666666667851e-02
1.233333333333333365e-01
8.666666666666666963e-02
3.633333333333333415e-01
5.666666666666666380e-02
2.766666666666666718e-01
3.099999999999999978e-01
4.233333333333333393e-01
4.966666666666666452e-01
1.133333333333333415e-01
2.866666666666666807e-01
3.166666666666666519e-01
6.133333333333332860e-01
2.000000000000000042e-02
4.133333333333333304e-01
1.086666666666666670e+00
1.000000000000000021e-02
6.333333333333333870e-02
2.600000000000000089e-01
1.866666666666666752e-01
2.333333333333333440e-02
1.566666666666666763e-01
3.333333333333333547e-03
8.333333333333332871e-02
9.666666666666666741e-01
1.666666666666666644e-02
3.666666666666666685e-02
5.666666666666666380e-02
7.399999999999998801e-01
6.666666666666667095e-03
1.316666666666666652e+00
1.000000000000000021e-02
1.333333333333333419e-02
8.666666666666666963e-02
5.000000000000000971e-02
0.000000000000000000e+00
2.000000000000000042e-02
0.000000000000000000e+00
6.000000000000000472e-02
1.566666666666666485e-01
3.666666666666667379e-02
2.000000000000000042e-02
4.966666666666667562e-01
8.000000000000000167e-02
1.033333333333333326e-01
1.233333333333333365e-01
1.073333333333333250e+00
1.866666666666666474e-01
3.666666666666666685e-02
6.666666666666667095e-03
2.266666666666666552e-01
2.999999999999999889e-02
0.000000000000000000e+00
0.000000000000000000e+00
4.333333333333333481e-02
0.000000000000000000e+00
3.333333333333333547e-03
2.299999999999999822e-01
3.633333333333332860e-01
1.033333333333333326e-01
3.333333333333333547e-03
0.000000000000000000e+00
1.466666666666666952e-01
0.000000000000000000e+00
0.000000000000000000e+00
2.466666666666666730e-01
6.666666666666667095e-03
7.200000000000000844e-01
7.000000000000000666e-02
2.333333333333333440e-02
8.666666666666666963e-02
1.000000000000000021e-02
1.333333333333333419e-02
1.000000000000000021e-02
1.333333333333333315e-01
4.333333333333333481e-02
3.333333333333333287e-02
9.333333333333333759e-02
9.333333333333333759e-02
3.400000000000000244e-01
1.626666666666666705e+00
8.333333333333332871e-02
5.633333333333333526e-01
2.333333333333333093e-02
1.366666666666666585e-01
1.133333333333333415e-01
4.666666666666666879e-02
2.633333333333333637e-01
2.333333333333333648e-01
1.066666666666666735e-01
2.299999999999999822e-01
1.503333333333333188e+00
5.666666666666666519e-01
1.760000000000000009e+00
9.666666666666666463e-02
3.666666666666667379e-02
6.033333333333333881e-01
3.800000000000000600e-01
1.133333333333333415e-01
6.666666666666667095e-03
2.933333333333333903e-01
8.000000000000000167e-02
1.160000000000000142e+00
1.920000000000000151e+00
1.366666666666666585e-01
3.066666666666666985e-01
0.000000000000000000e+00
0.000000000000000000e+00
0.000000000000000000e+00
2.633333333333333637e-01
0.000000000000000000e+00
1.000000000000000021e-02
0.000000000000000000e+00
1.086666666666666670e+00
2.399999999999999911e-01
2.700000000000000178e-01
1.600000000000000033e-01
2.000000000000000042e-02
2.233333333333333559e-01
1.733333333333333393e-01
5.666666666666666380e-02
3.333333333333333547e-03
2.600000000000000089e-01
3.433333333333333237e-01
1.066666666666666735e-01
1.600000000000000033e-01
1.466666666666666674e-01
2.500000000000000000e-01
2.000000000000000389e-01
3.633333333333333415e-01
1.566666666666666763e-01
2.833333333333333814e-01
9.333333333333332371e-02
2.833333333333333259e-01
0.000000000000000000e+00
6.333333333333333870e-02
9.666666666666666463e-02
1.366666666666666863e-01
4.366666666666667029e-01
1.376666666666666705e+00
0.000000000000000000e+00
3.333333333333333148e-01
2.033333333333333381e-01
5.933333333333333792e-01
1.730000000000000204e+00
1.700000000000000122e-01
2.966666666666666896e-01
3.333333333333333547e-03
1.433333333333333404e-01
5.433333333333333348e-01
4.633333333333333748e-01
0.000000000000000000e+00
7.666666666666666075e-02
2.066666666666666652e-01
4.333333333333333481e-01
6.333333333333333870e-02
4.866666666666666363e-01
1.513333333333333419e+00
1.273333333333333428e+00
9.433333333333333570e-01
4.166666666666666852e-01
9.666666666666666463e-02
2.266666666666666829e-01
3.533333333333332771e-01
2.333333333333333440e-02
1.270000000000000240e+00
2.633333333333333637e-01
7.333333333333333370e-02
3.566666666666666319e-01
2.399999999999999911e-01
2.859999999999999876e+00
