1.113333333333333508e+00
3.866666666666667140e-01
1.100000000000000006e-01
1.766666666666666663e-01
9.333333333333333759e-02
6.000000000000000472e-02
7.333333333333333370e-02
1.266666666666666774e-01
2.299999999999999822e-01
4.433333333333333570e-01
4.566666666666666097e-01
5.999999999999999778e-02
2.333333333333333093e-01
1.176666666666666750e+00
2.133333333333333470e-01
0.000000000000000000e+00
8.000000000000000167e-02
1.300000000000000044e-01
3.333333333333333287e-02
3.666666666666666685e-02
2.566666666666666541e-01
8.433333333333333792e-01
6.666666666666667095e-03
2.466666666666666730e-01
9.066666666666666208e-01
0.000000000000000000e+00
0.000000000000000000e+00
1.223333333333333384e+00
3.166666666666666519e-01
5.000000000000000971e-02
8.000000000000001554e-01
4.666666666666666186e-01
1.000000000000000194e-01
2.000000000000000042e-02
2.033333333333333381e-01
3.766666666666667052e-01
1.229999999999999982e+00
8.133333333333333526e-01
1.433333333333333404e-01
1.066666666666666735e-01
5.999999999999999778e-02
5.299999999999999156e-01
2.099999999999999922e-01
2.066666666666666652e-01
3.666666666666666685e-02
6.666666666666667095e-03
6.666666666666667095e-03
2.333333333333333440e-02
1.666666666666666644e-02
2.666666666666666838e-02
2.333333333333333440e-02
3.666666666666665991e-02
8.000000000000000167e-02
2.633333333333333637e-01
7.166666666666666741e-01
6.533333333333334325e-01
6.766666666666666385e-01
1.010000000000000009e+00
2.999999999999999889e-02
5.066666666666667096e-01
1.959999999999999964e+00
2.166666666666666741e-01
2.666666666666666838e-02
4.966666666666666452e-01
1.473333333333333384e+00
5.333333333333334370e-02
9.000000000000001055e-02
4.000000000000000083e-02
0.000000000000000000e+00
1.866666666666666752e-01
6.666666666666667095e-03
6.666666666666667095e-03
6.666666666666666297e-01
1.333333333333333315e-01
1.333333333333333419e-02
6.666666666666667095e-03
1.066666666666666735e-01
7.000000000000000666e-02
9.333333333333333759e-02
1.933333333333333293e-01
3.866666666666666585e-01
7.833333333333333259e-01
8.666666666666666963e-02
4.999999999999999584e-02
1.100000000000000006e-01
1.666666666666666644e-02
5.499999999999999334e-01
1.156666666666666732e+00
4.999999999999999584e-02
2.133333333333333470e-01
6.766666666666666385e-01
2.199999999999999734e-01
3.666666666666666685e-02
2.333333333333333440e-02
7.466666666666665897e-01
1.033333333333333326e-01
6.666666666666667095e-03
1.366666666666666585e-01
6.666666666666666297e-01
7.666666666666667462e-02
1.433333333333333404e-01
3.366666666666666696e-01
1.333333333333333315e-01
2.233333333333333004e-01
6.233333333333334059e-01
8.999999999999999112e-01
2.033333333333333381e-01
8.333333333333332871e-02
1.026666666666666616e+00
8.133333333333333526e-01
1.666666666666666644e-02
1.666666666666666644e-02
0.000000000000000000e+00
5.333333333333333676e-02
1.166666666666666741e+00
1.000000000000000021e-02
4.666666666666666879e-02
1.000000000000000021e-02
1.566666666666666485e-01
3.333333333333333287e-02
5.100000000000000089e-01
5.099999999999998979e-01
3.466666666666666785e-01
2.600000000000000089e-01
1.123333333333333295e+00
2.166666666666666463e-01
2.033333333333333381e-01
1.203333333333333366e+00
1.199999999999999956e-01
0.000000000000000000e+00
1.013333333333333419e+00
8.166666666666667629e-01
5.666666666666667074e-02
0.000000000000000000e+00
1.000000000000000021e-02
1.583333333333333259e+00
2.666666666666666838e-02
5.999999999999999778e-02
6.533333333333333215e-01
1.040000000000000036e+00
2.866666666666666807e-01
3.300000000000000155e-01
1.356666666666666687e+00
1.933333333333333570e-01
5.433333333333333348e-01
4.333333333333333481e-02
6.333333333333333870e-02
1.833333333333333481e-01
8.666666666666666963e-02
9.633333333333333748e-01
