1.823333333333333250e+00
6.666666666666666574e-02
6.266666666666667052e-01
0.000000000000000000e+00
0.000000000000000000e+00
0.000000000000000000e+00
2.666666666666666838e-02
9.000000000000001055e-02
4.666666666666666879e-02
2.153333333333333321e+00
3.666666666666666963e-01
1.773333333333333428e+00
1.500000000000000222e-01
4.333333333333333481e-02
3.300000000000000155e-01
3.500000000000000333e-01
0.000000000000000000e+00
1.333333333333333419e-02
4.266666666666666941e-01
1.600000000000000033e-01
2.666666666666666838e-02
6.966666666666666563e-01
7.133333333333332638e-01
1.300000000000000044e-01
1.383333333333333526e+00
6.166666666666666963e-01
1.666666666666666644e-02
9.333333333333332371e-01
4.666666666666666879e-02
1.733333333333333393e-01
0.000000000000000000e+00
0.000000000000000000e+00
0.000000000000000000e+00
1.266666666666666774e-01
1.030000000000000027e+00
1.113333333333333508e+00
9.766666666666665719e-01
5.299999999999999156e-01
1.566666666666666763e-01
7.433333333333332904e-01
6.233333333333334059e-01
2.166666666666666741e-01
8.999999999999998279e-02
1.119999999999999885e+00
1.533333333333333492e-01
2.233333333333333559e-01
4.033333333333333215e-01
2.333333333333333093e-01
2.500000000000000555e-01
8.000000000000000167e-02
4.366666666666667029e-01
5.799999999999999600e-01
1.480000000000000204e+00
4.333333333333333481e-02
8.000000000000000167e-02
6.333333333333333870e-02
1.666666666666666644e-02
1.666666666666666574e-01
3.666666666666666963e-01
1.466666666666666952e-01
9.700000000000000844e-01
8.333333333333332871e-02
0.000000000000000000e+00
2.999999999999999889e-02
1.733333333333333393e-01
9.666666666666667851e-02
7.000000000000000666e-02
1.223333333333333384e+00
4.666666666666666186e-02
2.933333333333333348e-01
0.000000000000000000e+00
4.333333333333333481e-02
2.666666666666666838e-02
1.933333333333333293e-01
1.566666666666666763e-01
5.666666666666666519e-01
3.099999999999999978e-01
3.066666666666666430e-01
1.280000000000000027e+00
1.026666666666666616e+00
9.333333333333333759e-02
1.466666666666666674e-01
9.233333333333333393e-01
1.499999999999999944e-01
0.000000000000000000e+00
1.333333333333333419e-02
1.033333333333333326e-01
0.000000000000000000e+00
0.000000000000000000e+00
2.766666666666666718e-01
1.199999999999999956e-01
2.999999999999999889e-01
8.666666666666666963e-02
1.933333333333333293e-01
0.000000000000000000e+00
3.000000000000000236e-02
6.666666666666667095e-03
4.333333333333333481e-02
1.099999999999999867e-01
6.833333333333332371e-01
6.333333333333333870e-02
1.366666666666666863e-01
3.066666666666666430e-01
6.899999999999999467e-01
8.333333333333333703e-01
2.066666666666666652e-01
3.666666666666666685e-02
8.666666666666666963e-02
2.666666666666666838e-02
0.000000000000000000e+00
1.266666666666666774e-01
9.000000000000001055e-02
1.000000000000000021e-02
0.000000000000000000e+00
1.370000000000000107e+00
1.733333333333333393e-01
1.533333333333333492e-01
8.266666666666666607e-01
2.999999999999999889e-02
0.000000000000000000e+00
0.000000000000000000e+00
0.000000000000000000e+00
1.666666666666666644e-02
1.000000000000000021e-02
5.166666666666666075e-01
3.433333333333332682e-01
3.333333333333333547e-03
6.666666666666667095e-03
2.666666666666666838e-02
0.000000000000000000e+00
1.000000000000000021e-02
0.000000000000000000e+00
1.000000000000000021e-02
0.000000000000000000e+00
1.399999999999999856e-01
3.100000000000000533e-01
2.000000000000000042e-02
3.333333333333333547e-03
4.999999999999999584e-02
2.666666666666666838e-02
0.000000000000000000e+00
0.000000000000000000e+00
4.333333333333333481e-02
2.333333333333333093e-01
7.000000000000000666e-02
1.966666666666666563e-01
4.966666666666666452e-01
6.000000000000000472e-02
7.633333333333333082e-01
1.000000000000000021e-02
1.033333333333333326e-01
6.000000000000000472e-02
8.666666666666666963e-02
2.800000000000000266e-01
3.066666666666666985e-01
4.099999999999999756e-01
8.133333333333334636e-01
1.456666666666666776e+00
1.566666666666666485e-01
5.166666666666666075e-01
7.333333333333333370e-02
5.999999999999999778e-02
1.400000000000000133e-01
2.166666666666666741e-01
9.000000000000001055e-02
3.333333333333333547e-03
2.600000000000000089e-01
8.800000000000000044e-01
4.999999999999999584e-02
0.000000000000000000e+00
1.100000000000000006e-01
1.666666666666666574e-01
1.000000000000000021e-02
0.000000000000000000e+00
1.353333333333333499e+00
6.333333333333333870e-02
3.733333333333333504e-01
1.633333333333333304e-01
4.299999999999999933e-01
3.433333333333332682e-01
1.116666666666666696e+00
7.399999999999998801e-01
2.233333333333333004e-01
2.933333333333333903e-01
1.533333333333333215e-01
1.866666666666666752e-01
1.476666666666666572e+00
1.633333333333333526e+00
1.726666666666666572e+00
7.566666666666667096e-01
2.166666666666666741e-01
1.466666666666666785e+00
7.000000000000000666e-02
5.666666666666667074e-02
1.113333333333333286e+00
1.233333333333333504e-01
2.666666666666666630e-01
1.800000000000000211e-01
1.500000000000000222e-01
1.349999999999999867e+00
1.733333333333333393e-01
2.666666666666666838e-02
9.333333333333333759e-02
6.333333333333333870e-02
5.099999999999998979e-01
4.333333333333333481e-02
4.666666666666666879e-02
8.666666666666666963e-02
4.666666666666666879e-02
2.633333333333333637e-01
1.566666666666666485e-01
7.333333333333331983e-02
1.433333333333333404e-01
1.033333333333333326e-01
1.300000000000000044e-01
9.999999999999999167e-02
8.333333333333332871e-02
0.000000000000000000e+00
4.000000000000000083e-02
0.000000000000000000e+00
3.000000000000000236e-02
1.233333333333333365e-01
1.413333333333333330e+00
9.000000000000001055e-02
1.933333333333333293e-01
1.133333333333333415e-01
1.333333333333333419e-02
2.999999999999999889e-02
1.000000000000000021e-02
6.266666666666665941e-01
1.666666666666666574e-01
2.533333333333333548e-01
1.133333333333333276e-01
3.733333333333333504e-01
3.566666666666666319e-01
1.206666666666666776e+00
4.833333333333333370e-01
7.333333333333333370e-02
1.199999999999999956e-01
0.000000000000000000e+00
8.000000000000000167e-02
0.000000000000000000e+00
4.000000000000000083e-02
1.166666666666666546e-01
9.666666666666667851e-02
1.666666666666666644e-02
6.999999999999999278e-02
2.766666666666666718e-01
1.400000000000000133e-01
0.000000000000000000e+00
3.466666666666666785e-01
1.496666666666666812e+00
2.133333333333333470e-01
1.133333333333333304e+00
1.059999999999999831e+00
6.333333333333333870e-02
1.000000000000000021e-02
9.799999999999999822e-01
1.333333333333333419e-02
2.666666666666666838e-02
2.266666666666666552e-01
5.066666666666667096e-01
1.300000000000000044e-01
5.666666666666666519e-01
