1.533333333333333215e-01
0.000000000000000000e+00
9.333333333333332371e-02
3.000000000000000236e-02
1.566666666666666763e-01
6.566666666666666208e-01
7.000000000000000666e-02
2.666666666666666838e-02
8.666666666666666963e-02
5.999999999999999778e-02
1.666666666666666644e-02
1.633333333333333304e-01
4.000000000000000083e-02
0.000000000000000000e+00
0.000000000000000000e+00
1.333333333333333419e-02
1.633333333333333304e-01
0.000000000000000000e+00
6.666666666666666574e-02
1.333333333333333419e-02
0.000000000000000000e+00
2.333333333333333440e-02
3.333333333333333287e-02
1.433333333333333404e-01
0.000000000000000000e+00
3.333333333333333287e-02
1.000000000000000021e-02
3.333333333333333287e-02
2.466666666666666730e-01
3.333333333333333547e-03
0.000000000000000000e+00
9.333333333333333759e-02
0.000000000000000000e+00
1.533333333333333215e-01
0.000000000000000000e+00
5.999999999999999778e-02
7.333333333333333370e-02
1.366666666666666863e-01
3.333333333333333287e-02
6.333333333333333870e-02
4.000000000000000083e-02
1.033333333333333326e-01
0.000000000000000000e+00
7.000000000000000666e-02
2.000000000000000042e-02
1.333333333333333419e-02
0.000000000000000000e+00
0.000000000000000000e+00
1.666666666666666644e-02
2.666666666666666838e-02
0.000000000000000000e+00
0.000000000000000000e+00
0.000000000000000000e+00
0.000000000000000000e+00
5.666666666666667074e-02
0.000000000000000000e+00
1.000000000000000021e-02
0.000000000000000000e+00
2.666666666666666838e-02
0.000000000000000000e+00
3.333333333333333547e-03
0.000000000000000000e+00
1.666666666666666644e-02
0.000000000000000000e+00
1.666666666666666644e-02
0.000000000000000000e+00
2.399999999999999911e-01
5.000000000000000971e-02
2.099999999999999922e-01
1.000000000000000021e-02
9.000000000000001055e-02
6.333333333333333870e-02
0.000000000000000000e+00
3.333333333333333547e-03
2.999999999999999889e-02
1.199999999999999956e-01
5.666666666666667074e-02
0.000000000000000000e+00
5.333333333333333676e-02
8.333333333333332871e-02
0.000000000000000000e+00
9.666666666666667851e-02
0.000000000000000000e+00
3.033333333333333437e-01
0.000000000000000000e+00
1.566666666666666485e-01
2.666666666666666838e-02
3.666666666666667379e-02
4.000000000000000083e-02
6.666666666666666574e-02
0.000000000000000000e+00
1.800000000000000211e-01
1.333333333333333419e-02
1.199999999999999956e-01
1.333333333333333419e-02
4.000000000000000083e-02
2.000000000000000042e-02
0.000000000000000000e+00
0.000000000000000000e+00
2.666666666666666838e-02
2.000000000000000042e-02
0.000000000000000000e+00
1.000000000000000021e-02
5.000000000000000971e-02
9.333333333333333759e-02
3.666666666666667379e-02
3.333333333333333547e-03
0.000000000000000000e+00
6.666666666666667095e-03
2.000000000000000042e-02
2.000000000000000042e-02
1.333333333333333419e-02
4.333333333333333481e-02
3.333333333333333547e-03
4.000000000000000083e-02
6.666666666666667095e-03
1.733333333333333393e-01
9.666666666666667851e-02
2.433333333333333182e-01
7.000000000000000666e-02
1.000000000000000021e-02
0.000000000000000000e+00
1.000000000000000021e-02
2.000000000000000042e-02
1.000000000000000021e-02
0.000000000000000000e+00
1.333333333333333419e-02
3.333333333333333547e-03
3.333333333333333547e-03
4.333333333333333481e-02
0.000000000000000000e+00
1.000000000000000194e-01
3.666666666666667379e-02
1.333333333333333315e-01
1.000000000000000021e-02
1.366666666666666863e-01
9.666666666666667851e-02
9.666666666666667851e-02
2.666666666666666838e-02
4.333333333333333481e-02
1.666666666666666644e-02
8.000000000000000167e-02
1.000000000000000021e-02
6.666666666666666574e-02
2.999999999999999889e-02
7.666666666666667462e-02
1.000000000000000021e-02
0.000000000000000000e+00
2.000000000000000042e-02
4.999999999999999584e-02
3.333333333333333287e-02
0.000000000000000000e+00
5.000000000000000971e-02
5.999999999999999778e-02
1.666666666666666574e-01
9.666666666666666463e-02
1.333333333333333419e-02
0.000000000000000000e+00
7.666666666666667462e-02
1.666666666666666644e-02
2.333333333333333093e-02
1.000000000000000021e-02
5.000000000000000971e-02
1.333333333333333419e-02
0.000000000000000000e+00
6.666666666666667095e-03
3.366666666666666696e-01
1.000000000000000021e-02
1.633333333333333304e-01
3.333333333333333287e-02
2.999999999999999889e-02
0.000000000000000000e+00
4.000000000000000083e-02
2.666666666666666838e-02
0.000000000000000000e+00
0.000000000000000000e+00
3.333333333333333547e-03
0.000000000000000000e+00
7.666666666666667462e-02
4.000000000000000083e-02
2.333333333333333440e-02
1.333333333333333315e-01
0.000000000000000000e+00
1.666666666666666574e-01
0.000000000000000000e+00
1.366666666666666863e-01
1.100000000000000006e-01
3.099999999999999978e-01
9.333333333333333759e-02
4.999999999999999584e-02
1.433333333333333404e-01
1.033333333333333326e-01
3.333333333333333547e-03
5.333333333333333676e-02
4.333333333333333481e-02
6.666666666666667095e-03
0.000000000000000000e+00
0.000000000000000000e+00
4.333333333333333481e-02
6.333333333333333870e-02
6.666666666666667095e-03
0.000000000000000000e+00
0.000000000000000000e+00
2.000000000000000042e-02
8.666666666666666963e-02
1.500000000000000222e-01
6.999999999999999278e-02
1.000000000000000021e-02
1.333333333333333419e-02
0.000000000000000000e+00
6.666666666666667095e-03
3.333333333333333547e-03
3.333333333333333287e-02
1.000000000000000021e-02
1.000000000000000021e-02
1.000000000000000021e-02
1.866666666666666752e-01
6.666666666666667095e-03
9.666666666666667851e-02
2.333333333333333440e-02
7.666666666666667462e-02
1.333333333333333419e-02
2.666666666666666838e-02
0.000000000000000000e+00
0.000000000000000000e+00
2.666666666666666838e-02
0.000000000000000000e+00
4.000000000000000083e-02
0.000000000000000000e+00
8.000000000000000167e-02
0.000000000000000000e+00
7.666666666666667462e-02
0.000000000000000000e+00
1.799999999999999656e-01
0.000000000000000000e+00
1.566666666666666485e-01
1.133333333333333415e-01
8.666666666666666963e-02
5.000000000000000971e-02
3.666666666666667379e-02
3.333333333333333287e-02
1.333333333333333315e-01
3.666666666666667379e-02
3.666666666666666685e-02
5.666666666666667074e-02
3.333333333333333287e-02
1.666666666666666644e-02
0.000000000000000000e+00
0.000000000000000000e+00
2.000000000000000042e-02
7.666666666666667462e-02
4.000000000000000083e-02
3.333333333333333287e-02
4.000000000000000083e-02
3.000000000000000236e-02
7.333333333333333370e-02
1.800000000000000211e-01
1.333333333333333419e-02
1.266666666666666774e-01
4.000000000000000083e-02
7.333333333333333370e-02
1.233333333333333365e-01
2.000000000000000042e-02
0.000000000000000000e+00
0.000000000000000000e+00
5.333333333333333676e-02
1.366666666666666863e-01
3.333333333333333547e-03
5.666666666666666380e-02
3.666666666666666685e-02
1.000000000000000021e-02
1.633333333333333304e-01
0.000000000000000000e+00
6.333333333333333870e-02
0.000000000000000000e+00
3.333333333333333287e-02
0.000000000000000000e+00
6.666666666666667095e-03
2.999999999999999889e-02
9.000000000000001055e-02
0.000000000000000000e+00
1.033333333333333326e-01
0.000000000000000000e+00
2.033333333333333381e-01
0.000000000000000000e+00
1.033333333333333326e-01
2.666666666666666838e-02
8.000000000000000167e-02
1.666666666666666644e-02
2.666666666666666838e-02
0.000000000000000000e+00
5.999999999999999778e-02
3.333333333333333547e-03
4.999999999999999584e-02
4.333333333333333481e-02
0.000000000000000000e+00
0.000000000000000000e+00
0.000000000000000000e+00
1.000000000000000021e-02
3.666666666666666685e-02
4.433333333333333015e-01
6.666666666666666574e-02
1.233333333333333365e-01
6.666666666666666574e-02
8.666666666666666963e-02
1.366666666666666863e-01
1.133333333333333276e-01
7.333333333333333370e-02
2.066666666666666929e-01
1.666666666666666644e-02
6.333333333333333870e-02
1.666666666666666644e-02
4.666666666666666879e-02
0.000000000000000000e+00
1.666666666666666644e-02
1.433333333333333404e-01
5.333333333333333259e-01
1.166666666666666546e-01
5.200000000000000178e-01
1.600000000000000033e-01
4.433333333333333570e-01
6.666666666666666574e-02
2.466666666666666730e-01
1.633333333333333304e-01
4.000000000000000083e-02
1.633333333333333304e-01
1.000000000000000194e-01
2.000000000000000042e-02
1.100000000000000006e-01
2.133333333333333470e-01
0.000000000000000000e+00
7.666666666666667462e-02
6.333333333333333870e-02
3.899999999999999578e-01
1.666666666666666644e-02
2.466666666666666730e-01
7.666666666666667462e-02
3.366666666666666696e-01
7.666666666666667462e-02
1.666666666666666574e-01
2.600000000000000089e-01
1.866666666666666474e-01
1.000000000000000194e-01
1.266666666666666774e-01
2.733333333333333171e-01
1.733333333333333393e-01
7.000000000000000666e-02
1.333333333333333419e-02
1.433333333333333404e-01
3.966666666666666674e-01
2.633333333333333637e-01
2.766666666666666718e-01
1.166666666666666546e-01
1.666666666666666574e-01
9.999999999999999167e-02
2.166666666666666741e-01
4.666666666666666879e-02
3.666666666666667379e-02
6.999999999999999278e-02
1.666666666666666644e-02
4.000000000000000083e-02
7.333333333333334758e-02
9.999999999999999167e-02
2.333333333333333440e-02
5.666666666666667074e-02
1.399999999999999856e-01
2.766666666666666718e-01
1.133333333333333415e-01
5.200000000000000178e-01
4.266666666666666941e-01
7.333333333333333370e-02
2.999999999999999889e-02
2.333333333333333093e-01
3.833333333333333037e-01
1.533333333333333215e-01
1.266666666666666774e-01
6.333333333333333870e-02
3.333333333333333287e-02
1.000000000000000021e-02
1.866666666666666474e-01
1.333333333333333419e-02
8.000000000000000167e-02
2.999999999999999889e-02
2.900000000000000355e-01
2.333333333333333440e-02
2.766666666666666718e-01
1.066666666666666735e-01
7.666666666666666075e-02
6.999999999999999278e-02
5.666666666666667074e-02
4.000000000000000083e-02
2.766666666666666718e-01
4.000000000000000083e-02
1.633333333333333304e-01
1.800000000000000211e-01
5.000000000000000000e-01
1.666666666666666644e-02
7.666666666666667462e-02
2.199999999999999734e-01
3.600000000000000422e-01
1.466666666666666952e-01
6.666666666666667095e-03
1.066666666666666458e-01
4.666666666666666879e-02
1.333333333333333315e-01
1.099999999999999867e-01
2.733333333333333726e-01
7.666666666666667462e-02
2.600000000000000089e-01
1.166666666666666546e-01
2.999999999999999889e-02
1.700000000000000122e-01
3.333333333333333287e-02
8.000000000000000167e-02
5.666666666666667074e-02
1.266666666666666774e-01
2.600000000000000089e-01
5.000000000000000971e-02
6.333333333333333870e-02
2.666666666666666838e-02
1.733333333333333393e-01
1.566666666666666485e-01
1.933333333333333293e-01
8.499999999999999778e-01
6.999999999999999278e-02
5.666666666666666380e-02
1.000000000000000194e-01
3.333333333333333287e-02
1.533333333333333492e-01
3.200000000000000067e-01
1.800000000000000211e-01
2.866666666666666807e-01
4.266666666666665830e-01
3.533333333333333326e-01
1.466666666666666674e-01
2.633333333333333637e-01
2.300000000000000100e-01
4.333333333333333481e-02
4.333333333333333481e-02
4.666666666666666879e-02
8.000000000000000167e-02
1.300000000000000044e-01
1.099999999999999867e-01
1.333333333333333315e-01
2.533333333333333548e-01
4.999999999999999584e-02
2.666666666666666838e-02
1.100000000000000006e-01
2.000000000000000389e-01
5.400000000000000355e-01
1.333333333333333315e-01
6.666666666666667095e-03
5.000000000000000971e-02
2.999999999999999889e-02
2.166666666666666463e-01
1.933333333333333293e-01
6.333333333333333870e-02
3.666666666666666685e-02
8.000000000000000167e-02
1.666666666666666574e-01
3.666666666666666685e-02
2.033333333333333381e-01
7.666666666666666075e-02
2.666666666666666838e-02
2.000000000000000042e-02
3.333333333333333547e-03
1.366666666666666863e-01
2.666666666666666838e-02
7.000000000000000666e-02
1.966666666666666563e-01
2.666666666666666838e-02
1.433333333333333404e-01
6.000000000000000472e-02
3.566666666666666874e-01
0.000000000000000000e+00
1.033333333333333465e-01
2.033333333333333381e-01
3.333333333333333547e-03
1.033333333333333326e-01
6.466666666666666119e-01
9.333333333333332371e-02
4.133333333333333304e-01
3.099999999999999978e-01
3.366666666666666696e-01
2.633333333333333637e-01
5.133333333333333082e-01
3.666666666666666963e-01
8.666666666666666963e-02
4.000000000000000083e-02
1.166666666666666546e-01
1.800000000000000211e-01
2.433333333333333182e-01
2.533333333333333548e-01
3.166666666666666519e-01
3.066666666666666985e-01
2.000000000000000389e-01
2.666666666666666838e-02
1.066666666666666735e-01
1.866666666666666474e-01
2.466666666666666730e-01
1.163333333333333330e+00
3.533333333333333326e-01
2.333333333333333440e-02
0.000000000000000000e+00
1.666666666666666644e-02
1.933333333333333570e-01
1.666666666666666644e-02
5.000000000000000000e-01
3.699999999999999400e-01
1.410000000000000142e+00
7.966666666666667451e-01
6.333333333333333870e-02
0.000000000000000000e+00
3.333333333333333547e-03
0.000000000000000000e+00
8.000000000000000167e-02
4.000000000000000083e-02
3.333333333333333287e-02
1.200000000000000094e-01
7.133333333333333748e-01
7.199999999999998623e-01
9.666666666666667851e-02
1.000000000000000021e-02
4.333333333333333481e-02
8.666666666666666963e-02
2.533333333333333548e-01
4.000000000000000083e-02
1.233333333333333365e-01
3.966666666666666674e-01
1.356666666666666687e+00
7.033333333333332549e-01
1.900000000000000300e-01
3.666666666666666685e-02
3.333333333333333547e-03
8.000000000000000167e-02
1.050000000000000044e+00
1.366666666666666863e-01
4.966666666666666452e-01
1.133333333333333415e-01
1.699999999999999956e+00
1.036666666666666847e+00
1.066666666666666458e-01
2.133333333333333470e-01
0.000000000000000000e+00
0.000000000000000000e+00
1.066666666666666735e-01
6.666666666666667095e-03
2.633333333333333637e-01
2.733333333333333726e-01
2.000000000000000000e+00
1.003333333333333188e+00
1.966666666666666841e-01
4.266666666666666941e-01
4.666666666666666879e-02
3.333333333333333287e-02
7.966666666666665231e-01
1.333333333333333419e-02
5.433333333333333348e-01
4.166666666666666852e-01
9.966666666666667007e-01
9.466666666666666563e-01
2.533333333333333548e-01
1.933333333333333570e-01
3.333333333333333287e-02
1.266666666666666774e-01
7.533333333333332993e-01
2.933333333333333903e-01
1.766666666666666663e-01
5.300000000000000266e-01
1.533333333333333215e+00
8.533333333333333881e-01
3.366666666666666696e-01
5.566666666666666430e-01
6.333333333333333870e-02
4.133333333333333304e-01
4.533333333333333104e-01
0.000000000000000000e+00
1.433333333333333404e-01
6.899999999999999467e-01
2.430000000000000160e+00
1.263333333333333419e+00
9.899999999999998801e-01
4.066666666666667318e-01
1.300000000000000044e-01
5.899999999999999689e-01
4.500000000000000111e-01
2.633333333333333637e-01
2.766666666666666718e-01
7.799999999999999156e-01
8.900000000000000133e-01
7.633333333333333082e-01
3.133333333333332971e-01
3.099999999999999978e-01
1.066666666666666735e-01
2.200000000000000011e-01
6.500000000000000222e-01
1.899999999999999745e-01
5.366666666666667362e-01
5.566666666666666430e-01
1.356666666666666687e+00
