5.066666666666667096e-01
3.666666666666666963e-01
3.133333333333333526e-01
1.966666666666666563e-01
1.099999999999999867e+00
8.000000000000000167e-02
9.000000000000000222e-01
1.199999999999999956e-01
3.666666666666667379e-02
1.000000000000000021e-02
7.666666666666666075e-02
2.000000000000000042e-02
6.666666666666667095e-03
1.000000000000000021e-02
1.666666666666666644e-02
1.700000000000000122e-01
1.000000000000000021e-02
1.000000000000000194e-01
2.566666666666666541e-01
1.566666666666666485e-01
6.833333333333332371e-01
2.800000000000000266e-01
1.466666666666666674e-01
2.799999999999999711e-01
8.000000000000000167e-02
4.666666666666666879e-02
4.666666666666666879e-02
1.666666666666666644e-02
2.033333333333333381e-01
6.333333333333333870e-02
6.166666666666665853e-01
9.000000000000001055e-02
1.533333333333333492e-01
1.129999999999999893e+00
2.033333333333333381e-01
5.666666666666665408e-01
4.266666666666666941e-01
2.333333333333333093e-02
1.333333333333333315e-01
2.333333333333333440e-02
4.366666666666667029e-01
4.000000000000000083e-02
3.800000000000000600e-01
1.000000000000000021e-02
0.000000000000000000e+00
6.666666666666666574e-02
1.443333333333333357e+00
8.599999999999999867e-01
1.499999999999999944e-01
5.733333333333333615e-01
4.666666666666666879e-02
7.333333333333334758e-02
1.766666666666666663e-01
4.666666666666666879e-02
0.000000000000000000e+00
3.333333333333333287e-02
1.000000000000000021e-02
1.166666666666666546e-01
2.000000000000000042e-02
6.333333333333333870e-02
2.099999999999999922e-01
4.000000000000000083e-02
4.333333333333333481e-02
1.000000000000000021e-02
9.999999999999999167e-02
9.666666666666667851e-02
3.333333333333333287e-02
3.666666666666666685e-02
0.000000000000000000e+00
5.166666666666667185e-01
6.766666666666666385e-01
2.633333333333333637e-01
0.000000000000000000e+00
5.333333333333333676e-02
2.366666666666666641e-01
3.333333333333333547e-03
2.000000000000000042e-02
0.000000000000000000e+00
2.666666666666666838e-02
2.333333333333333093e-02
0.000000000000000000e+00
2.366666666666666641e-01
4.999999999999999584e-02
1.333333333333333419e-02
1.099999999999999867e-01
6.666666666666666574e-02
1.333333333333333419e-02
7.633333333333333082e-01
3.666666666666667379e-02
8.666666666666666963e-02
6.666666666666667095e-03
2.250000000000000000e+00
5.266666666666666163e-01
1.466666666666666952e-01
9.333333333333333759e-02
4.033333333333333215e-01
7.333333333333333370e-02
9.799999999999999822e-01
2.333333333333333093e-01
1.666666666666666644e-02
3.166666666666666519e-01
1.000000000000000021e-02
0.000000000000000000e+00
5.666666666666666380e-02
8.000000000000000167e-02
6.666666666666667095e-03
3.333333333333333547e-03
4.899999999999999911e-01
2.020000000000000018e+00
7.500000000000000000e-01
1.033333333333333326e-01
8.333333333333332871e-02
6.666666666666666297e-01
5.333333333333333676e-02
2.233333333333333559e-01
6.666666666666667095e-03
4.666666666666666879e-02
1.700000000000000122e-01
2.899999999999999800e-01
7.666666666666666075e-02
0.000000000000000000e+00
9.333333333333333759e-02
2.666666666666666838e-02
0.000000000000000000e+00
1.666666666666666574e-01
1.083333333333333259e+00
3.666666666666667379e-02
8.000000000000000167e-02
1.333333333333333419e-02
7.000000000000000666e-02
2.200000000000000011e-01
3.333333333333333287e-02
7.633333333333333082e-01
3.233333333333333059e-01
3.300000000000000155e-01
4.999999999999999584e-02
0.000000000000000000e+00
6.066666666666665764e-01
2.066666666666666652e-01
0.000000000000000000e+00
7.333333333333333370e-02
1.266666666666666774e-01
6.133333333333332860e-01
1.203333333333333366e+00
5.333333333333333676e-02
2.333333333333333440e-02
1.013333333333333419e+00
8.266666666666666607e-01
4.199999999999999845e-01
6.333333333333333870e-02
3.899999999999999578e-01
9.666666666666667851e-02
2.166666666666666741e-01
1.433333333333333404e-01
2.733333333333333726e-01
1.926666666666666528e+00
2.733333333333333171e-01
4.733333333333333282e-01
7.666666666666666075e-01
3.966666666666666674e-01
1.099999999999999867e-01
8.633333333333332860e-01
1.853333333333333499e+00
3.000000000000000236e-02
4.066666666666666763e-01
1.000000000000000000e+00
1.033333333333333326e-01
1.100000000000000006e-01
2.666666666666666630e-01
2.066666666666666652e-01
0.000000000000000000e+00
6.666666666666667095e-03
1.033333333333333326e-01
0.000000000000000000e+00
3.666666666666667379e-02
0.000000000000000000e+00
3.333333333333333287e-02
3.333333333333333287e-02
5.333333333333333259e-01
7.700000000000000178e-01
1.003333333333333188e+00
1.166666666666666546e-01
0.000000000000000000e+00
5.733333333333333615e-01
2.733333333333333726e-01
4.833333333333333370e-01
2.000000000000000042e-02
1.566666666666666485e-01
1.209999999999999964e+00
1.000000000000000194e-01
2.000000000000000042e-02
1.333333333333333419e-02
4.999999999999999584e-02
4.666666666666666879e-02
8.333333333333332871e-02
9.000000000000001055e-02
1.366666666666666863e-01
1.366666666666666585e-01
4.733333333333333282e-01
1.333333333333333419e-02
1.433333333333333404e-01
0.000000000000000000e+00
8.000000000000000167e-02
4.299999999999999933e-01
0.000000000000000000e+00
3.766666666666667052e-01
3.333333333333333287e-02
9.999999999999999167e-02
1.866666666666666474e+00
4.000000000000000083e-02
2.033333333333333381e-01
5.499999999999999334e-01
1.060000000000000053e+00
9.133333333333332194e-01
0.000000000000000000e+00
3.333333333333333547e-03
4.666666666666666879e-02
0.000000000000000000e+00
2.333333333333333440e-02
2.433333333333333182e-01
1.156666666666666510e+00
7.666666666666667462e-02
6.666666666666667095e-03
2.566666666666666541e-01
1.300000000000000044e-01
1.333333333333333315e-01
4.666666666666666879e-02
2.133333333333333470e-01
0.000000000000000000e+00
4.233333333333333393e-01
5.999999999999999778e-02
2.733333333333333726e-01
1.533333333333333215e-01
8.000000000000000167e-02
7.799999999999999156e-01
5.666666666666666380e-02
4.999999999999999584e-02
2.166666666666666463e-01
4.000000000000000083e-02
1.000000000000000021e-02
5.000000000000000971e-02
3.233333333333333059e-01
2.500000000000000555e-01
2.266666666666666829e-01
2.333333333333333093e-02
0.000000000000000000e+00
4.400000000000000022e-01
0.000000000000000000e+00
6.666666666666667095e-03
1.633333333333333304e-01
3.333333333333333287e-02
8.666666666666666963e-02
7.333333333333334758e-02
3.333333333333333547e-03
8.333333333333332871e-02
1.800000000000000211e-01
3.333333333333333287e-02
0.000000000000000000e+00
2.333333333333333440e-02
2.766666666666666718e-01
6.666666666666667095e-03
0.000000000000000000e+00
5.766666666666666607e-01
1.000000000000000194e-01
2.766666666666666718e-01
1.600000000000000033e-01
3.333333333333333547e-03
4.633333333333333748e-01
8.666666666666666963e-02
4.566666666666666097e-01
9.433333333333333570e-01
6.666666666666667095e-03
1.333333333333333315e-01
3.200000000000000067e-01
3.333333333333333287e-02
1.333333333333333419e-02
1.933333333333333570e-01
2.266666666666666552e-01
1.966666666666666563e-01
1.936666666666666758e+00
7.399999999999998801e-01
6.633333333333334414e-01
5.666666666666667074e-02
2.199999999999999734e-01
4.833333333333333925e-01
1.600000000000000033e-01
5.166666666666667185e-01
6.333333333333333870e-02
2.999999999999999889e-02
0.000000000000000000e+00
0.000000000000000000e+00
5.666666666666667074e-02
3.666666666666667379e-02
2.733333333333333726e-01
1.733333333333333393e-01
9.333333333333333759e-02
6.066666666666667984e-01
4.133333333333333304e-01
3.866666666666666585e-01
2.300000000000000100e-01
1.000000000000000021e-02
4.999999999999999584e-02
6.999999999999999278e-02
5.066666666666667096e-01
5.333333333333333676e-02
1.533333333333333215e-01
1.400000000000000133e-01
1.266666666666666496e-01
0.000000000000000000e+00
1.666666666666666644e-02
0.000000000000000000e+00
1.899999999999999745e-01
0.000000000000000000e+00
0.000000000000000000e+00
0.000000000000000000e+00
0.000000000000000000e+00
3.333333333333333547e-03
0.000000000000000000e+00
1.666666666666666644e-02
0.000000000000000000e+00
6.333333333333333870e-02
1.933333333333333293e-01
1.533333333333333492e-01
0.000000000000000000e+00
6.666666666666667095e-03
1.933333333333333293e-01
6.666666666666666574e-02
6.333333333333333870e-02
4.000000000000000083e-02
6.666666666666667095e-03
4.000000000000000083e-02
0.000000000000000000e+00
9.000000000000001055e-02
2.666666666666666630e-01
5.033333333333332993e-01
5.333333333333333676e-02
4.666666666666666879e-02
1.666666666666666644e-02
5.366666666666667362e-01
1.219999999999999973e+00
1.533333333333333215e-01
9.333333333333332371e-02
1.000000000000000021e-02
5.200000000000000178e-01
1.366666666666666918e+00
2.000000000000000042e-02
2.033333333333333381e-01
1.333333333333333419e-02
1.899999999999999745e-01
9.333333333333333759e-02
4.333333333333333481e-02
2.133333333333333470e-01
9.333333333333333759e-02
1.399999999999999856e-01
8.466666666666666785e-01
8.000000000000000167e-02
4.133333333333333304e-01
3.333333333333333547e-03
3.333333333333333547e-03
5.633333333333333526e-01
3.333333333333333547e-03
0.000000000000000000e+00
2.666666666666666838e-02
2.666666666666666838e-02
0.000000000000000000e+00
2.666666666666666838e-02
5.999999999999999778e-02
0.000000000000000000e+00
6.666666666666666574e-02
7.000000000000000666e-02
6.666666666666666574e-02
3.000000000000000236e-02
4.333333333333333481e-02
3.600000000000000422e-01
1.469999999999999973e+00
1.066666666666666652e+00
2.233333333333333559e-01
6.000000000000000472e-02
1.133333333333333415e-01
2.399999999999999911e-01
1.366666666666666863e-01
1.700000000000000122e-01
9.566666666666666652e-01
5.000000000000000971e-02
3.600000000000000422e-01
1.333333333333333419e-02
7.333333333333333370e-02
4.566666666666667207e-01
8.266666666666666607e-01
1.063333333333333242e+00
1.776666666666666616e+00
8.000000000000000167e-02
7.333333333333333370e-02
6.666666666666667095e-03
0.000000000000000000e+00
2.000000000000000042e-02
4.766666666666667385e-01
7.333333333333333370e-02
6.666666666666666574e-02
5.100000000000000089e-01
1.006666666666666599e+00
5.999999999999999778e-02
1.866666666666666752e-01
9.666666666666667851e-02
0.000000000000000000e+00
2.999999999999999889e-02
1.000000000000000021e-02
1.000000000000000021e-02
0.000000000000000000e+00
6.666666666666667095e-03
6.666666666666667095e-03
9.799999999999999822e-01
6.666666666666667095e-03
1.600000000000000033e-01
2.999999999999999889e-01
5.999999999999999778e-02
1.543333333333333224e+00
1.700000000000000122e-01
3.633333333333333415e-01
1.566666666666666763e-01
1.433333333333333404e-01
1.633333333333333304e-01
3.333333333333333547e-03
1.033333333333333326e-01
3.333333333333333287e-02
1.666666666666666644e-02
9.999999999999999167e-02
8.666666666666666963e-02
5.666666666666667074e-02
3.666666666666665991e-02
6.666666666666667095e-03
1.866666666666666752e-01
5.666666666666667074e-02
0.000000000000000000e+00
2.000000000000000042e-02
2.333333333333333440e-02
2.000000000000000042e-02
1.633333333333333304e-01
1.933333333333333570e-01
8.000000000000000167e-02
2.066666666666666652e-01
1.166666666666666546e-01
3.333333333333333547e-03
1.666666666666666644e-02
6.666666666666667095e-03
1.000000000000000021e-02
2.666666666666666630e-01
1.013333333333333419e+00
9.666666666666667851e-02
1.266666666666666774e-01
6.666666666666667095e-03
1.333333333333333419e-02
3.333333333333333547e-03
5.000000000000000971e-02
1.066666666666666735e-01
1.333333333333333315e-01
4.999999999999999584e-02
3.666666666666666685e-02
2.666666666666666630e-01
1.666666666666666644e-02
1.833333333333333481e-01
0.000000000000000000e+00
0.000000000000000000e+00
0.000000000000000000e+00
1.000000000000000021e-02
4.333333333333333481e-02
1.503333333333333188e+00
6.266666666666665941e-01
1.333333333333333419e-02
1.199999999999999956e-01
8.666666666666666963e-02
6.333333333333333870e-02
1.053333333333333455e+00
1.333333333333333419e-02
5.333333333333333676e-02
2.199999999999999734e-01
