9.799999999999999822e-01
1.073333333333333250e+00
5.300000000000000266e-01
3.666666666666666685e-02
3.666666666666667379e-02
2.006666666666666377e+00
3.499999999999999223e-01
0.000000000000000000e+00
1.119999999999999885e+00
1.000000000000000000e+00
3.366666666666666696e-01
0.000000000000000000e+00
5.999999999999999778e-02
3.666666666666667379e-02
3.366666666666666696e-01
2.033333333333333381e-01
2.000000000000000042e-02
7.200000000000000844e-01
7.333333333333334758e-02
2.466666666666666730e-01
1.133333333333333276e-01
3.300000000000000155e-01
6.733333333333333393e-01
2.000000000000000042e-02
6.333333333333333870e-02
2.666666666666666838e-02
1.066666666666666735e-01
2.000000000000000042e-02
5.333333333333333676e-02
4.099999999999999756e-01
6.000000000000000472e-02
3.066666666666666985e-01
1.030000000000000027e+00
2.966666666666666896e-01
4.433333333333333570e-01
2.033333333333333381e-01
1.666666666666666644e-02
2.666666666666666838e-02
3.333333333333333547e-03
8.333333333333332871e-02
3.600000000000000422e-01
2.099999999999999922e-01
9.333333333333333759e-02
1.066666666666666735e-01
7.666666666666667462e-02
3.333333333333333547e-03
8.666666666666666963e-02
1.000000000000000021e-02
5.599999999999999423e-01
1.433333333333333404e-01
1.133333333333333415e-01
6.899999999999999467e-01
3.333333333333333287e-02
2.356666666666666909e+00
5.633333333333333526e-01
1.033333333333333326e-01
1.199999999999999956e-01
0.000000000000000000e+00
3.333333333333333547e-03
1.666666666666666644e-02
5.000000000000000971e-02
7.666666666666667462e-02
2.333333333333333093e-01
2.333333333333333093e-01
2.000000000000000042e-02
4.133333333333333304e-01
2.166666666666666741e-01
5.333333333333333676e-02
7.666666666666667462e-02
1.466666666666666674e-01
8.333333333333332871e-02
2.666666666666666838e-02
1.666666666666666644e-02
2.666666666666666838e-02
0.000000000000000000e+00
0.000000000000000000e+00
9.666666666666666463e-02
0.000000000000000000e+00
5.333333333333333676e-02
3.200000000000000067e-01
1.673333333333333117e+00
9.000000000000001055e-02
2.333333333333333093e-01
1.166666666666666546e-01
4.333333333333333481e-02
8.333333333333332871e-02
5.066666666666667096e-01
6.666666666666667095e-03
0.000000000000000000e+00
4.866666666666666363e-01
0.000000000000000000e+00
4.666666666666666879e-02
8.333333333333332871e-02
2.666666666666666630e-01
2.399999999999999911e-01
6.666666666666667095e-03
1.866666666666666752e-01
6.199999999999999956e-01
1.933333333333333293e-01
2.000000000000000389e-01
1.463333333333333153e+00
1.320000000000000062e+00
4.666666666666666879e-02
2.333333333333333093e-01
2.166666666666666741e-01
2.166666666666666741e-01
4.000000000000000083e-02
1.106666666666666687e+00
2.000000000000000042e-02
4.633333333333333748e-01
8.000000000000000167e-02
9.666666666666667851e-02
1.766666666666666663e-01
1.399999999999999856e-01
4.000000000000000083e-02
1.330000000000000071e+00
3.066666666666666985e-01
0.000000000000000000e+00
3.333333333333333287e-02
6.666666666666666574e-02
6.666666666666666574e-02
2.666666666666666838e-02
0.000000000000000000e+00
1.666666666666666644e-02
1.000000000000000021e-02
1.000000000000000021e-02
0.000000000000000000e+00
1.666666666666666644e-02
6.600000000000000311e-01
5.333333333333333676e-02
1.133333333333333415e-01
2.466666666666666730e-01
1.133333333333333276e-01
4.733333333333333282e-01
2.999999999999999889e-01
1.266666666666666774e-01
1.469999999999999973e+00
1.339999999999999858e+00
7.233333333333332726e-01
4.000000000000000083e-02
1.666666666666666644e-02
1.566666666666666485e-01
3.766666666666666496e-01
2.666666666666666838e-02
0.000000000000000000e+00
4.733333333333333282e-01
5.333333333333334370e-02
0.000000000000000000e+00
1.000000000000000021e-02
9.666666666666666463e-02
1.000000000000000194e-01
4.666666666666666879e-02
1.199999999999999956e-01
2.600000000000000089e-01
1.533333333333333215e-01
8.666666666666666963e-02
4.933333333333333459e-01
2.999999999999999889e-02
1.133333333333333276e-01
1.333333333333333419e-02
5.333333333333334370e-02
1.000000000000000021e-02
3.333333333333333547e-03
6.666666666666666574e-02
0.000000000000000000e+00
2.199999999999999734e-01
4.933333333333333459e-01
6.666666666666667095e-03
1.566666666666666485e-01
7.799999999999999156e-01
2.633333333333333637e-01
3.333333333333333547e-03
1.033333333333333465e-01
9.666666666666667851e-02
2.000000000000000042e-02
1.733333333333333393e-01
5.166666666666667185e-01
5.999999999999999778e-01
4.299999999999999933e-01
4.000000000000000083e-02
2.266666666666666552e-01
1.600000000000000033e-01
2.666666666666666838e-02
2.533333333333333548e-01
6.000000000000000472e-02
5.333333333333333676e-02
2.666666666666666630e-01
0.000000000000000000e+00
8.000000000000000167e-02
1.233333333333333365e-01
1.233333333333333365e-01
8.999999999999998279e-02
3.333333333333333547e-03
7.333333333333333925e-01
1.303333333333333455e+00
1.133333333333333415e-01
0.000000000000000000e+00
2.700000000000000178e-01
4.699999999999999734e-01
8.000000000000000167e-02
2.033333333333333215e+00
6.666666666666666574e-02
1.866666666666666752e-01
1.133333333333333276e-01
5.233333333333333171e-01
1.000000000000000021e-02
6.666666666666666574e-02
1.406666666666666954e+00
6.666666666666666574e-02
1.000000000000000021e-02
3.400000000000000244e-01
9.533333333333332549e-01
1.233333333333333365e-01
1.033333333333333326e-01
5.899999999999999689e-01
1.736666666666666581e+00
2.266666666666666552e-01
4.000000000000000083e-02
9.133333333333334414e-01
5.999999999999999778e-02
1.099999999999999867e+00
1.493333333333333179e+00
1.469999999999999973e+00
