1.349999999999999867e+00
3.366666666666666696e-01
1.866666666666666752e-01
1.656666666666666510e+00
7.333333333333333370e-02
1.333333333333333315e-01
1.223333333333333384e+00
1.253333333333333188e+00
4.333333333333333481e-02
1.006666666666666599e+00
5.333333333333333676e-02
1.766666666666666663e-01
6.333333333333333870e-02
1.233333333333333393e+00
9.300000000000000488e-01
2.333333333333333093e-02
1.066666666666666735e-01
9.000000000000001055e-02
1.333333333333333419e-02
6.666666666666666297e-01
7.666666666666667185e-01
8.000000000000000167e-02
1.066666666666666735e-01
4.000000000000000083e-02
1.033333333333333465e-01
1.333333333333333419e-02
1.000000000000000021e-02
1.266666666666666774e-01
1.666666666666666644e-02
2.333333333333333440e-02
2.333333333333333440e-02
5.999999999999999778e-02
4.466666666666667118e-01
3.333333333333333547e-03
1.033333333333333326e-01
8.333333333333332871e-02
1.633333333333333304e-01
2.666666666666666838e-02
6.666666666666666574e-02
3.300000000000000155e-01
1.800000000000000211e-01
5.000000000000000971e-02
1.333333333333333419e-02
6.433333333333334236e-01
3.766666666666667052e-01
1.070000000000000062e+00
4.666666666666666879e-02
5.866666666666666696e-01
5.666666666666665408e-01
1.800000000000000211e-01
1.123333333333333295e+00
1.429999999999999938e+00
3.266666666666666607e-01
2.766666666666666718e-01
3.433333333333333237e-01
9.000000000000001055e-02
1.100000000000000006e-01
1.733333333333333393e-01
6.666666666666667095e-03
7.333333333333333370e-02
7.633333333333333082e-01
2.699999999999999623e-01
6.333333333333333870e-02
1.000000000000000021e-02
9.333333333333333759e-02
1.533333333333333492e-01
1.899999999999999745e-01
1.433333333333333404e-01
8.666666666666666963e-02
2.399999999999999911e-01
2.000000000000000042e-02
9.000000000000001055e-02
2.666666666666666630e-01
1.066666666666666735e-01
1.333333333333333419e-02
5.833333333333333703e-01
7.200000000000000844e-01
1.760000000000000009e+00
3.066666666666666985e-01
1.073333333333333250e+00
5.333333333333333676e-02
6.500000000000000222e-01
1.453333333333333366e+00
3.866666666666667140e-01
1.276666666666666616e+00
4.833333333333333370e-01
9.233333333333333393e-01
8.000000000000000167e-02
2.366666666666666641e-01
4.400000000000000022e-01
3.733333333333332948e-01
1.166666666666666546e-01
2.000000000000000042e-02
3.233333333333333059e-01
5.933333333333333792e-01
1.000000000000000021e-02
2.333333333333333440e-02
8.000000000000000167e-02
1.399999999999999856e-01
1.000000000000000021e-02
1.666666666666666644e-02
2.299999999999999822e-01
1.166666666666666546e-01
1.000000000000000021e-02
6.666666666666666574e-02
9.799999999999999822e-01
2.000000000000000042e-02
3.000000000000000236e-02
2.233333333333333004e-01
2.033333333333333381e-01
4.433333333333333570e-01
3.366666666666666696e-01
2.526666666666666838e+00
6.400000000000000133e-01
6.566666666666666208e-01
7.000000000000000666e-01
1.316666666666666652e+00
1.266666666666666774e-01
1.166666666666666546e-01
9.333333333333333759e-02
9.333333333333333759e-02
3.700000000000000511e-01
1.733333333333333393e-01
5.799999999999999600e-01
7.000000000000000666e-02
1.209999999999999964e+00
5.933333333333332682e-01
1.733333333333333393e-01
7.700000000000000178e-01
9.000000000000001055e-02
1.233333333333333365e-01
9.700000000000000844e-01
3.333333333333333547e-03
6.666666666666666574e-02
9.333333333333333759e-02
1.000000000000000021e-02
6.666666666666667095e-03
1.000000000000000021e-02
1.933333333333333570e-01
9.333333333333333759e-02
5.999999999999999778e-02
3.833333333333333037e-01
3.099999999999999978e-01
9.700000000000000844e-01
8.666666666666666963e-02
1.246666666666666812e+00
1.306666666666666643e+00
