1.000000000000000000e+00
9.333333333333333759e-02
9.700000000000000844e-01
1.199999999999999956e-01
7.333333333333333925e-01
9.933333333333332904e-01
5.066666666666667096e-01
1.306666666666666865e+00
2.333333333333333093e-01
2.266666666666666552e-01
1.033333333333333326e-01
8.499999999999999778e-01
5.699999999999999512e-01
1.389999999999999902e+00
2.399999999999999911e-01
4.000000000000000083e-02
5.233333333333333171e-01
2.333333333333333093e-01
8.066666666666666430e-01
1.823333333333333472e+00
1.303333333333333455e+00
1.666666666666666574e-01
3.533333333333333326e-01
2.533333333333333548e-01
5.333333333333333676e-02
1.806666666666666643e+00
4.833333333333333370e-01
8.333333333333332871e-02
2.733333333333333726e-01
8.000000000000000167e-02
1.999999999999999833e-01
3.200000000000000067e-01
1.333333333333333315e-01
2.000000000000000042e-02
9.333333333333333759e-02
2.600000000000000089e-01
3.466666666666666785e-01
8.000000000000000167e-02
3.899999999999999578e-01
8.666666666666666963e-01
7.000000000000000666e-02
1.666666666666666574e-01
3.233333333333333059e-01
1.103333333333333277e+00
6.933333333333333570e-01
7.433333333333332904e-01
1.900000000000000300e-01
1.083333333333333481e+00
1.000000000000000021e-02
1.000000000000000194e-01
1.466666666666666674e-01
6.666666666666666297e-01
9.899999999999998801e-01
3.433333333333332682e-01
1.033333333333333326e-01
2.500000000000000000e-01
6.333333333333333037e-01
2.166666666666666741e-01
3.766666666666666496e-01
9.333333333333333759e-02
1.233333333333333365e-01
1.003333333333333410e+00
1.333333333333333419e-02
6.333333333333333870e-02
1.666666666666666574e-01
2.633333333333333637e-01
4.199999999999999845e-01
9.599999999999999645e-01
1.199999999999999956e-01
1.053333333333333455e+00
2.266666666666666829e-01
9.033333333333333215e-01
1.666666666666666574e-01
1.033333333333333465e-01
1.199999999999999956e-01
1.033333333333333326e-01
2.000000000000000042e-02
5.200000000000000178e-01
3.633333333333332860e-01
1.633333333333333304e-01
4.000000000000000083e-02
3.799999999999999489e-01
2.200000000000000011e-01
9.333333333333333759e-02
8.566666666666665764e-01
2.466666666666666730e-01
6.999999999999999278e-02
4.999999999999999584e-02
1.466666666666666674e-01
1.080000000000000071e+00
1.410000000000000142e+00
4.666666666666666879e-02
4.533333333333333104e-01
3.300000000000000155e-01
2.466666666666666730e-01
2.800000000000000266e-01
2.366666666666666641e-01
5.866666666666666696e-01
1.033333333333333326e-01
4.566666666666667207e-01
1.633333333333333304e-01
3.766666666666666496e-01
1.193333333333333357e+00
7.666666666666667462e-02
3.499999999999999223e-01
2.633333333333333082e-01
3.600000000000000422e-01
4.000000000000000083e-02
3.666666666666666685e-02
5.333333333333333676e-02
9.666666666666666741e-01
1.833333333333333481e-01
7.000000000000000666e-02
1.333333333333333315e-01
4.700000000000000289e-01
1.183333333333333348e+00
5.666666666666666519e-01
7.866666666666666252e-01
2.600000000000000089e-01
1.366666666666666863e-01
4.199999999999999845e-01
5.666666666666667629e-01
6.766666666666667496e-01
5.233333333333333171e-01
1.186666666666666758e+00
3.000000000000000444e-01
7.333333333333333925e-01
