5.966666666666666785e-01
1.036666666666666625e+00
8.100000000000000533e-01
3.866666666666667140e-01
0.000000000000000000e+00
2.466666666666666730e-01
1.993333333333333179e+00
3.333333333333333287e-02
2.666666666666666838e-02
1.756666666666666599e+00
8.466666666666666785e-01
0.000000000000000000e+00
6.533333333333333215e-01
8.333333333333333703e-01
9.000000000000001055e-02
1.566666666666666485e-01
8.066666666666666430e-01
9.233333333333333393e-01
8.266666666666666607e-01
1.366666666666666863e-01
1.933333333333333293e-01
4.166666666666666852e-01
1.466666666666666397e-01
1.000000000000000021e-02
2.800000000000000266e-01
1.193333333333333357e+00
2.333333333333333648e-01
0.000000000000000000e+00
1.096666666666666679e+00
7.799999999999999156e-01
1.666666666666666644e-02
9.599999999999999645e-01
1.399999999999999856e-01
9.999999999999999167e-02
3.666666666666666685e-02
2.000000000000000042e-02
1.466666666666666674e-01
1.366666666666666585e-01
1.486666666666666581e+00
1.000000000000000021e-02
3.000000000000000236e-02
3.733333333333333504e-01
2.199999999999999734e-01
0.000000000000000000e+00
1.256666666666666599e+00
6.666666666666667095e-03
2.333333333333333093e-02
1.400000000000000133e-01
8.333333333333332871e-02
0.000000000000000000e+00
9.999999999999999167e-02
5.000000000000000971e-02
6.666666666666667095e-03
1.020000000000000018e+00
1.763333333333332975e+00
2.766666666666666718e-01
9.999999999999999167e-02
5.100000000000000089e-01
2.066666666666666652e-01
7.433333333333332904e-01
5.733333333333333615e-01
7.333333333333333370e-02
3.099999999999999978e-01
2.133333333333332915e-01
4.666666666666666879e-02
0.000000000000000000e+00
1.053333333333333455e+00
1.700000000000000122e-01
1.333333333333333419e-02
9.333333333333333759e-02
1.286666666666666625e+00
1.633333333333333304e-01
4.333333333333333481e-02
5.966666666666666785e-01
1.206666666666666776e+00
2.066666666666666652e-01
2.099999999999999922e-01
1.456666666666666776e+00
2.933333333333332793e-01
1.199999999999999956e-01
4.266666666666666941e-01
2.333333333333333440e-02
1.433333333333333404e-01
1.066666666666666735e-01
1.700000000000000122e-01
1.399999999999999856e-01
4.066666666666666763e-01
4.199999999999999845e-01
9.933333333333332904e-01
3.899999999999999578e-01
1.533333333333333492e-01
2.083333333333333481e+00
4.533333333333333659e-01
6.666666666666666574e-02
1.123333333333333295e+00
6.966666666666667673e-01
1.096666666666666679e+00
4.033333333333333215e-01
4.199999999999999845e-01
1.033333333333333326e-01
1.000000000000000000e+00
5.400000000000000355e-01
1.099999999999999867e-01
1.666666666666666644e-02
1.133333333333333415e-01
3.633333333333333415e-01
8.233333333333332504e-01
3.366666666666666141e-01
1.466666666666666785e+00
1.383333333333333526e+00
6.000000000000000888e-01
1.530000000000000027e+00
1.506666666666666821e+00
2.196666666666666767e+00
2.766666666666666163e+00
1.516666666666666607e+00
