4.526666666666666394e+00
2.066666666666666929e-01
2.266666666666666552e-01
5.533333333333333437e-01
9.733333333333332726e-01
1.333333333333333315e-01
1.366666666666666863e-01
1.050000000000000044e+00
7.699999999999999067e-01
4.333333333333333481e-02
1.433333333333333404e-01
4.099999999999999756e-01
1.000000000000000021e-02
9.999999999999999167e-02
5.733333333333333615e-01
1.626666666666666705e+00
0.000000000000000000e+00
1.466666666666666674e-01
3.666666666666666685e-02
1.196666666666666545e+00
5.033333333333332993e-01
3.899999999999999578e-01
3.666666666666667379e-02
1.866666666666666752e-01
9.700000000000000844e-01
1.333333333333333419e-02
6.333333333333333870e-02
4.233333333333333393e-01
0.000000000000000000e+00
4.333333333333333481e-02
5.999999999999999778e-02
9.733333333333332726e-01
0.000000000000000000e+00
7.000000000000000666e-02
1.433333333333333126e-01
5.733333333333332504e-01
8.666666666666666963e-02
1.033333333333333326e-01
4.633333333333333748e-01
2.899999999999999800e-01
8.900000000000000133e-01
3.666666666666667379e-02
5.699999999999999512e-01
2.533333333333333548e-01
4.000000000000000083e-02
3.000000000000000444e-01
2.869999999999999662e+00
7.033333333333332549e-01
1.809999999999999831e+00
