1.153333333333333321e+00
1.633333333333333304e-01
2.166666666666666741e-01
7.333333333333334758e-02
4.899999999999999911e-01
3.133333333333332971e-01
2.766666666666666718e-01
1.713333333333333597e+00
9.466666666666666563e-01
9.066666666666666208e-01
3.366666666666666696e-01
3.499999999999999223e-01
3.333333333333333547e-03
7.999999999999999334e-01
1.333333333333333419e-02
9.033333333333333215e-01
4.000000000000000083e-02
4.000000000000000083e-02
1.000000000000000194e-01
1.000000000000000021e-02
5.999999999999999778e-02
0.000000000000000000e+00
1.933333333333333570e-01
6.533333333333333215e-01
2.666666666666666838e-02
0.000000000000000000e+00
6.666666666666666574e-02
4.633333333333333748e-01
3.333333333333333547e-03
1.133333333333333415e-01
1.200000000000000094e-01
2.266666666666666552e-01
2.199999999999999734e-01
1.323333333333333472e+00
1.166666666666666546e-01
2.766666666666666718e-01
4.166666666666666852e-01
7.033333333333332549e-01
3.666666666666666685e-02
4.466666666666666008e-01
9.033333333333333215e-01
1.233333333333333365e-01
6.233333333333334059e-01
1.533333333333333492e-01
1.050000000000000044e+00
8.333333333333332871e-02
2.466666666666667007e-01
1.176666666666666750e+00
2.666666666666666838e-02
1.033333333333333326e-01
4.666666666666666879e-02
1.633333333333333304e-01
5.233333333333333171e-01
8.433333333333333792e-01
1.433333333333333404e-01
2.500000000000000000e-01
2.333333333333333440e-02
0.000000000000000000e+00
8.900000000000000133e-01
0.000000000000000000e+00
3.400000000000000244e-01
1.333333333333333419e-02
1.330000000000000071e+00
2.333333333333333093e-01
2.833333333333333259e-01
1.866666666666666752e-01
1.100000000000000006e-01
1.066666666666666735e-01
8.866666666666667140e-01
1.899999999999999745e-01
7.666666666666667462e-02
7.000000000000000666e-02
1.933333333333333293e-01
5.999999999999999778e-02
6.166666666666666963e-01
8.666666666666666963e-02
2.666666666666666838e-02
0.000000000000000000e+00
5.399999999999999245e-01
1.093333333333333268e+00
3.333333333333333547e-03
1.166666666666666546e-01
1.533333333333333215e-01
3.366666666666666696e-01
0.000000000000000000e+00
3.600000000000000422e-01
1.933333333333333293e-01
4.000000000000000083e-02
0.000000000000000000e+00
1.000000000000000194e-01
1.833333333333333204e-01
4.333333333333333481e-01
5.433333333333333348e-01
9.000000000000001055e-02
1.666666666666666644e-02
6.066666666666666874e-01
2.766666666666666718e-01
6.666666666666667095e-03
3.333333333333333287e-02
2.766666666666666163e-01
6.666666666666666574e-02
3.600000000000000422e-01
1.166666666666666824e-01
2.333333333333333093e-01
5.033333333333332993e-01
2.266666666666666552e-01
7.099999999999999645e-01
1.566666666666666485e-01
7.600000000000001199e-01
1.233333333333333365e-01
2.700000000000000178e-01
1.933333333333333570e-01
3.833333333333333037e-01
1.839999999999999858e+00
2.466666666666666730e-01
1.303333333333333455e+00
1.433333333333333404e-01
1.700000000000000122e-01
3.600000000000000422e-01
1.566666666666666763e-01
4.366666666666667029e-01
5.633333333333333526e-01
1.410000000000000142e+00
4.500000000000000111e-01
1.400000000000000133e-01
1.233333333333333365e-01
3.066666666666666430e-01
4.733333333333333282e-01
1.619999999999999885e+00
