6.933333333333333570e-01
4.433333333333333570e-01
5.666666666666665408e-01
5.733333333333333615e-01
2.266666666666666552e-01
1.110000000000000098e+00
3.899999999999999578e-01
6.666666666666666574e-02
1.803333333333333455e+00
1.333333333333333315e-01
9.333333333333333759e-02
8.666666666666666963e-02
1.800000000000000211e-01
3.333333333333333287e-02
5.566666666666666430e-01
2.766666666666666718e-01
3.366666666666666696e-01
6.099999999999999867e-01
7.766666666666667274e-01
9.333333333333333759e-02
1.400000000000000133e-01
0.000000000000000000e+00
4.000000000000000083e-02
6.666666666666666297e-01
0.000000000000000000e+00
0.000000000000000000e+00
0.000000000000000000e+00
2.600000000000000089e-01
1.333333333333333419e-02
9.000000000000001055e-02
2.266666666666666552e-01
4.666666666666666879e-02
4.000000000000000083e-02
2.333333333333333440e-02
9.633333333333332638e-01
1.086666666666666670e+00
5.066666666666667096e-01
1.233333333333333365e-01
1.506666666666666821e+00
4.233333333333333393e-01
2.200000000000000011e-01
4.566666666666667207e-01
2.999999999999999889e-02
1.776666666666666616e+00
2.966666666666666896e-01
9.666666666666667851e-02
4.433333333333333570e-01
1.669999999999999929e+00
1.276666666666666616e+00
6.566666666666666208e-01
8.666666666666666963e-02
2.233333333333333004e-01
0.000000000000000000e+00
4.000000000000000083e-02
1.333333333333333315e-01
1.000000000000000021e-02
1.300000000000000044e-01
1.000000000000000021e-02
6.333333333333333037e-01
2.666666666666666838e-02
9.933333333333332904e-01
2.299999999999999822e-01
2.266666666666666552e-01
1.999999999999999833e-01
2.833333333333333814e-01
3.333333333333333547e-03
2.000000000000000042e-02
6.666666666666667095e-03
0.000000000000000000e+00
0.000000000000000000e+00
8.666666666666666963e-02
2.399999999999999911e-01
1.780000000000000027e+00
1.056666666666666643e+00
9.333333333333333759e-02
8.666666666666666963e-02
7.266666666666666829e-01
1.833333333333333481e-01
9.666666666666667851e-02
2.233333333333333004e-01
5.666666666666667074e-02
4.999999999999999584e-02
0.000000000000000000e+00
1.966666666666666841e-01
5.133333333333333082e-01
8.766666666666665941e-01
2.033333333333333381e-01
1.466666666666666674e-01
1.506666666666666821e+00
8.399999999999999689e-01
5.333333333333333676e-02
2.666666666666666838e-02
4.333333333333333481e-02
9.333333333333333759e-02
3.333333333333333287e-02
2.333333333333333093e-02
4.000000000000000083e-02
9.700000000000000844e-01
3.233333333333333059e-01
0.000000000000000000e+00
6.000000000000000472e-02
3.333333333333333547e-03
7.000000000000000666e-02
2.000000000000000042e-02
1.266666666666666774e-01
1.033333333333333326e-01
6.333333333333333870e-02
1.000000000000000021e-02
3.033333333333333437e-01
6.666666666666666574e-02
3.333333333333333547e-03
5.000000000000000971e-02
1.933333333333333570e-01
3.266666666666666607e-01
1.033333333333333326e-01
6.466666666666666119e-01
4.000000000000000083e-02
8.233333333333332504e-01
6.666666666666667095e-03
1.320000000000000062e+00
9.666666666666666463e-02
3.366666666666666696e-01
2.666666666666666838e-02
5.133333333333333082e-01
1.333333333333333315e-01
6.666666666666667095e-03
9.000000000000000222e-01
4.000000000000000083e-02
5.033333333333332993e-01
0.000000000000000000e+00
2.099999999999999922e-01
5.333333333333333676e-02
6.266666666666667052e-01
8.666666666666666963e-02
1.199999999999999956e-01
2.533333333333333548e-01
2.333333333333333440e-02
1.800000000000000211e-01
1.300000000000000044e-01
1.726666666666666572e+00
3.566666666666666319e-01
0.000000000000000000e+00
4.600000000000000200e-01
0.000000000000000000e+00
3.333333333333333547e-03
6.666666666666667095e-03
7.000000000000000666e-02
0.000000000000000000e+00
5.666666666666666519e-01
2.000000000000000042e-02
7.233333333333332726e-01
8.666666666666666963e-02
1.533333333333333492e-01
1.000000000000000021e-02
1.199999999999999956e-01
1.166666666666666546e-01
2.233333333333333004e-01
6.300000000000000044e-01
5.333333333333333676e-02
1.933333333333333570e-01
3.666666666666666685e-02
3.200000000000000067e-01
0.000000000000000000e+00
1.499999999999999944e-01
1.000000000000000021e-02
1.033333333333333326e-01
0.000000000000000000e+00
6.666666666666666574e-02
6.666666666666667095e-03
6.699999999999999289e-01
2.233333333333333004e-01
8.099999999999999423e-01
