1.060000000000000053e+00
3.999999999999999667e-01
1.440000000000000169e+00
1.290000000000000036e+00
6.233333333333334059e-01
1.966666666666666563e-01
9.899999999999998801e-01
8.700000000000001066e-01
1.433333333333333404e-01
3.499999999999999223e-01
6.300000000000000044e-01
2.066666666666666652e-01
1.600000000000000033e-01
6.333333333333333870e-02
6.333333333333333870e-02
3.333333333333333287e-02
0.000000000000000000e+00
0.000000000000000000e+00
2.000000000000000042e-02
6.666666666666666574e-02
0.000000000000000000e+00
0.000000000000000000e+00
1.000000000000000021e-02
1.666666666666666644e-02
1.000000000000000021e-02
9.000000000000001055e-02
3.333333333333333547e-03
1.066666666666666735e-01
9.000000000000001055e-02
1.566666666666666485e-01
2.033333333333333381e-01
5.333333333333333676e-02
2.500000000000000000e-01
7.000000000000000666e-02
5.066666666666667096e-01
3.333333333333333287e-02
2.333333333333333093e-02
1.159999999999999920e+00
3.533333333333333326e-01
3.733333333333332948e-01
3.666666666666666685e-02
4.899999999999999911e-01
1.600000000000000033e-01
1.199999999999999956e-01
0.000000000000000000e+00
3.333333333333333148e-01
5.333333333333333676e-02
2.666666666666666838e-02
1.000000000000000021e-02
1.243333333333333401e+00
1.000000000000000021e-02
8.666666666666666963e-02
9.899999999999998801e-01
1.266666666666666774e-01
2.666666666666666838e-02
4.333333333333333481e-02
3.333333333333333287e-02
0.000000000000000000e+00
0.000000000000000000e+00
6.666666666666667095e-03
0.000000000000000000e+00
0.000000000000000000e+00
7.333333333333334758e-02
6.333333333333333870e-02
0.000000000000000000e+00
3.333333333333333287e-02
2.666666666666666838e-02
1.000000000000000021e-02
1.666666666666666644e-02
1.666666666666666574e-01
3.666666666666666408e-01
1.533333333333333215e-01
3.733333333333333504e-01
2.666666666666666630e-01
1.323333333333333472e+00
6.933333333333333570e-01
3.166666666666667074e-01
2.003333333333333410e+00
2.099999999999999922e-01
6.000000000000000472e-02
1.366666666666666863e-01
4.866666666666666363e-01
0.000000000000000000e+00
1.000000000000000021e-02
2.666666666666666838e-02
1.000000000000000021e-02
2.999999999999999889e-02
2.199999999999999734e-01
1.333333333333333419e-02
1.633333333333333304e-01
3.333333333333333547e-03
3.333333333333333287e-02
2.000000000000000042e-02
2.000000000000000042e-02
0.000000000000000000e+00
6.666666666666667095e-03
0.000000000000000000e+00
0.000000000000000000e+00
4.333333333333333481e-02
2.333333333333333440e-02
4.333333333333333481e-02
2.666666666666666838e-02
8.599999999999999867e-01
7.666666666666666075e-02
1.366666666666666863e-01
3.466666666666666785e-01
2.666666666666666838e-02
7.333333333333334758e-02
2.933333333333332793e-01
1.300000000000000044e-01
7.166666666666666741e-01
7.133333333333333748e-01
2.966666666666666896e-01
6.333333333333333870e-02
4.199999999999999845e-01
5.666666666666667074e-02
5.999999999999999778e-02
6.633333333333332194e-01
1.700000000000000122e-01
3.766666666666666496e-01
7.233333333333332726e-01
3.366666666666666696e-01
2.806666666666666643e+00
4.366666666666667029e-01
2.299999999999999822e-01
1.566666666666666763e-01
2.166666666666666741e-01
5.333333333333333676e-02
4.000000000000000083e-02
1.309999999999999831e+00
2.666666666666666838e-02
1.000000000000000021e-02
2.933333333333333903e-01
5.366666666666666252e-01
3.333333333333333287e-02
1.000000000000000021e-02
4.666666666666666879e-02
1.366666666666666863e-01
9.666666666666667851e-02
0.000000000000000000e+00
4.333333333333333481e-02
6.666666666666667095e-03
0.000000000000000000e+00
2.000000000000000042e-02
7.000000000000000666e-02
2.833333333333333259e-01
5.000000000000000971e-02
4.133333333333333304e-01
6.333333333333333870e-02
8.333333333333332871e-02
7.000000000000000666e-02
0.000000000000000000e+00
2.000000000000000042e-02
6.333333333333333870e-02
2.000000000000000042e-02
0.000000000000000000e+00
7.333333333333333370e-02
2.666666666666666838e-02
1.000000000000000021e-02
0.000000000000000000e+00
7.000000000000000666e-02
1.000000000000000021e-02
0.000000000000000000e+00
6.666666666666667095e-03
2.166666666666666741e-01
3.333333333333333547e-03
9.000000000000001055e-02
4.666666666666666186e-01
1.266666666666666774e-01
2.266666666666666607e+00
1.166666666666666546e-01
1.393333333333333313e+00
9.400000000000000577e-01
1.000000000000000021e-02
1.083333333333333259e+00
1.336666666666666670e+00
6.666666666666666574e-02
0.000000000000000000e+00
5.666666666666666519e-01
2.033333333333333659e-01
2.000000000000000042e-02
2.999999999999999889e-02
1.073333333333333250e+00
1.000000000000000021e-02
0.000000000000000000e+00
1.899999999999999745e-01
2.000000000000000042e-02
1.000000000000000021e-02
6.666666666666667095e-03
1.320000000000000062e+00
2.666666666666666838e-02
2.000000000000000042e-02
5.799999999999999600e-01
1.320000000000000062e+00
4.666666666666666879e-02
1.333333333333333419e-02
1.033333333333333326e-01
2.333333333333333440e-02
0.000000000000000000e+00
3.666666666666666685e-02
9.000000000000001055e-02
1.966666666666666563e-01
0.000000000000000000e+00
1.333333333333333419e-02
4.333333333333333481e-02
0.000000000000000000e+00
1.333333333333333419e-02
2.333333333333333440e-02
3.333333333333333547e-03
1.000000000000000021e-02
0.000000000000000000e+00
3.333333333333333547e-03
4.566666666666667207e-01
2.333333333333333440e-02
1.000000000000000021e-02
1.000000000000000021e-02
1.079999999999999849e+00
3.966666666666666674e-01
1.266666666666666774e-01
1.666666666666666574e-01
8.566666666666665764e-01
0.000000000000000000e+00
1.000000000000000021e-02
3.333333333333333287e-02
1.066666666666666735e-01
1.000000000000000021e-02
1.000000000000000021e-02
3.166666666666667074e-01
0.000000000000000000e+00
0.000000000000000000e+00
1.000000000000000021e-02
6.999999999999999278e-02
1.833333333333333481e-01
2.333333333333333440e-02
1.333333333333333419e-02
6.666666666666667095e-03
8.000000000000000167e-02
1.000000000000000021e-02
0.000000000000000000e+00
5.666666666666667074e-02
3.666666666666666685e-02
2.000000000000000042e-02
2.000000000000000042e-02
2.000000000000000042e-02
1.666666666666666574e-01
1.000000000000000021e-02
1.000000000000000021e-02
3.333333333333333547e-03
1.000000000000000021e-02
7.999999999999999334e-01
2.666666666666666838e-02
9.000000000000001055e-02
2.366666666666666641e-01
2.133333333333333470e-01
1.003333333333333410e+00
6.000000000000000472e-02
3.666666666666666685e-02
2.399999999999999911e-01
8.000000000000000167e-02
1.533333333333333215e-01
9.433333333333333570e-01
1.669999999999999929e+00
1.333333333333333419e-02
9.100000000000000311e-01
1.016666666666666607e+00
0.000000000000000000e+00
1.433333333333333404e-01
1.499999999999999944e-01
4.999999999999999584e-02
2.333333333333333440e-02
5.999999999999999778e-02
2.166666666666666741e-01
1.499999999999999944e-01
4.566666666666667207e-01
3.466666666666666785e-01
5.000000000000000000e-01
2.166666666666666741e-01
8.666666666666666963e-02
1.333333333333333315e-01
1.766666666666666663e-01
2.266666666666666829e-01
6.666666666666666574e-02
3.333333333333333287e-02
5.333333333333333676e-02
1.196666666666666545e+00
2.000000000000000042e-02
1.666666666666666644e-02
1.699999999999999956e+00
1.463333333333333153e+00
1.433333333333333126e-01
1.666666666666666574e-01
2.700000000000000178e-01
3.533333333333333326e-01
1.110000000000000098e+00
1.300000000000000044e-01
1.000000000000000021e-02
1.800000000000000211e-01
8.333333333333332871e-02
4.000000000000000083e-02
0.000000000000000000e+00
2.666666666666666838e-02
9.333333333333333759e-02
6.666666666666667095e-03
6.666666666666667095e-03
1.566666666666666485e-01
3.833333333333333037e-01
3.666666666666667379e-02
3.433333333333333237e-01
1.966666666666666563e-01
3.566666666666666874e-01
1.466666666666666674e-01
9.333333333333333759e-02
0.000000000000000000e+00
6.666666666666667095e-03
1.533333333333333215e-01
0.000000000000000000e+00
0.000000000000000000e+00
8.000000000000000167e-02
0.000000000000000000e+00
0.000000000000000000e+00
5.999999999999999778e-02
0.000000000000000000e+00
3.333333333333333547e-03
4.999999999999999584e-02
4.799999999999999822e-01
0.000000000000000000e+00
6.666666666666666574e-02
5.000000000000000971e-02
6.333333333333333870e-02
7.566666666666667096e-01
3.066666666666666430e-01
2.533333333333333548e-01
1.233333333333333365e-01
2.333333333333333093e-02
1.033333333333333326e-01
1.166666666666666546e-01
2.333333333333333440e-02
1.000000000000000021e-02
2.000000000000000042e-02
1.000000000000000021e-02
0.000000000000000000e+00
0.000000000000000000e+00
1.333333333333333419e-02
1.333333333333333419e-02
1.333333333333333419e-02
0.000000000000000000e+00
2.999999999999999889e-02
1.066666666666666735e-01
0.000000000000000000e+00
5.999999999999999778e-02
1.266666666666666774e-01
9.333333333333333759e-02
2.066666666666666652e-01
6.699999999999999289e-01
2.233333333333333004e-01
1.133333333333333415e-01
3.666666666666666685e-02
6.000000000000000472e-02
6.666666666666667095e-03
2.666666666666666838e-02
0.000000000000000000e+00
0.000000000000000000e+00
8.666666666666666963e-02
3.333333333333333547e-03
9.000000000000001055e-02
1.530000000000000027e+00
1.499999999999999944e-01
1.900000000000000300e-01
3.566666666666666874e-01
7.033333333333332549e-01
1.030000000000000027e+00
1.233333333333333365e-01
1.026666666666666616e+00
1.090000000000000080e+00
7.666666666666666075e-01
1.099999999999999867e-01
8.000000000000000167e-02
8.000000000000000167e-02
2.999999999999999889e-02
0.000000000000000000e+00
6.666666666666667095e-03
3.333333333333333547e-03
0.000000000000000000e+00
0.000000000000000000e+00
2.333333333333333440e-02
0.000000000000000000e+00
0.000000000000000000e+00
4.499999999999999556e-01
1.166666666666666546e-01
2.666666666666666838e-02
4.666666666666666879e-02
3.033333333333332882e-01
2.333333333333333440e-02
1.000000000000000021e-02
4.966666666666665897e-01
1.366666666666666863e-01
1.999999999999999833e-01
5.000000000000000971e-02
3.433333333333333237e-01
6.000000000000000472e-02
1.333333333333333419e-02
1.000000000000000021e-02
1.533333333333333215e-01
2.999999999999999889e-02
0.000000000000000000e+00
0.000000000000000000e+00
6.666666666666666574e-02
6.666666666666667095e-03
0.000000000000000000e+00
0.000000000000000000e+00
6.333333333333333870e-02
1.483333333333333393e+00
1.566666666666666485e-01
2.819999999999999840e+00
