9.099999999999998090e-01
2.199999999999999734e-01
1.276666666666666616e+00
1.599999999999999867e+00
6.633333333333333304e-01
6.133333333333332860e-01
1.733333333333333393e+00
2.266666666666666829e-01
2.566666666666666541e-01
4.299999999999999933e-01
1.566666666666666763e-01
3.400000000000000244e-01
7.500000000000000000e-01
2.000000000000000042e-02
1.013333333333333419e+00
6.666666666666666574e-02
2.023333333333333428e+00
3.366666666666666696e-01
7.099999999999999645e-01
6.733333333333333393e-01
1.356666666666666687e+00
1.536666666666666847e+00
3.666666666666666685e-02
8.033333333333333437e-01
1.066666666666666735e-01
1.099999999999999867e-01
1.533333333333333215e-01
4.000000000000000777e-01
1.700000000000000122e-01
9.233333333333333393e-01
8.333333333333332871e-02
1.666666666666666644e-02
4.000000000000000083e-02
9.900000000000001021e-01
9.333333333333333759e-02
1.000000000000000021e-02
1.133333333333333415e-01
9.666666666666667851e-01
1.633333333333333304e-01
5.833333333333333703e-01
7.833333333333333259e-01
0.000000000000000000e+00
4.333333333333333481e-01
2.000000000000000042e-02
1.666666666666666644e-02
3.333333333333333287e-02
1.036666666666666625e+00
5.000000000000000000e-01
2.250000000000000000e+00
1.466666666666666952e-01
1.536666666666666403e+00
2.299999999999999822e-01
1.200000000000000094e-01
1.566666666666666485e-01
5.499999999999999334e-01
1.566666666666666485e-01
1.536666666666666847e+00
9.833333333333332815e-01
6.666666666666667095e-03
1.066666666666666735e-01
1.169999999999999929e+00
1.466666666666666397e-01
1.666666666666666644e-02
7.200000000000000844e-01
3.666666666666666408e-01
4.000000000000000083e-02
4.700000000000000289e-01
8.333333333333332871e-02
2.533333333333333548e-01
1.333333333333333419e-02
3.333333333333333148e-01
1.690000000000000169e+00
9.133333333333334414e-01
6.666666666666667095e-03
2.933333333333333903e-01
1.700000000000000122e-01
1.566666666666666485e-01
5.233333333333333171e-01
5.899999999999999689e-01
5.999999999999999778e-02
1.266666666666666829e+00
1.233333333333333365e-01
8.866666666666667140e-01
1.033333333333333326e-01
1.123333333333333295e+00
3.400000000000000244e-01
3.333333333333333547e-03
3.133333333333332971e-01
1.333333333333333419e-02
6.666666666666667095e-03
0.000000000000000000e+00
0.000000000000000000e+00
2.233333333333333004e-01
8.766666666666665941e-01
1.979999999999999760e+00
2.446666666666666767e+00
2.543333333333333002e+00
