1.773333333333333428e+00
1.399999999999999856e-01
6.333333333333333870e-02
1.673333333333333117e+00
4.033333333333333215e-01
1.000000000000000194e-01
1.000000000000000021e-02
7.533333333333332993e-01
2.133333333333333470e-01
5.100000000000000089e-01
1.766666666666666663e-01
1.266666666666666774e-01
5.666666666666667074e-02
1.966666666666666563e-01
7.166666666666666741e-01
1.399999999999999856e-01
2.133333333333333470e-01
5.466666666666667451e-01
7.766666666666667274e-01
1.666666666666666574e-01
5.733333333333333615e-01
6.033333333333333881e-01
2.000000000000000042e-02
6.666666666666667095e-03
8.433333333333332682e-01
1.096666666666666679e+00
0.000000000000000000e+00
9.000000000000001055e-02
5.300000000000000266e-01
1.000000000000000021e-02
7.000000000000000666e-02
5.066666666666667096e-01
5.566666666666667540e-01
0.000000000000000000e+00
7.600000000000001199e-01
5.066666666666667096e-01
4.666666666666666879e-02
1.099999999999999867e-01
1.330000000000000071e+00
7.399999999999998801e-01
1.566666666666666763e-01
6.766666666666667496e-01
1.286666666666666625e+00
1.639999999999999902e+00
1.600000000000000033e-01
4.666666666666666879e-02
1.596666666666666679e+00
3.899999999999999578e-01
3.333333333333333547e-03
1.333333333333333419e-02
9.300000000000000488e-01
4.900000000000000466e-01
0.000000000000000000e+00
3.666666666666666963e-01
9.466666666666666563e-01
1.033333333333333326e-01
1.000000000000000021e-02
3.899999999999999578e-01
7.466666666666667007e-01
2.566666666666666541e-01
5.899999999999999689e-01
3.233333333333333059e-01
1.033333333333333326e-01
7.000000000000000666e-02
3.466666666666666785e-01
8.199999999999999512e-01
2.333333333333333440e-02
3.766666666666666496e-01
1.100000000000000089e+00
2.466666666666666730e-01
5.300000000000000266e-01
3.600000000000000422e-01
4.299999999999999933e-01
4.466666666666667118e-01
8.333333333333332871e-02
6.366666666666667140e-01
4.866666666666666363e-01
1.800000000000000211e-01
7.600000000000001199e-01
8.666666666666666963e-01
0.000000000000000000e+00
2.999999999999999889e-02
1.330000000000000071e+00
2.266666666666666552e-01
1.333333333333333419e-02
4.333333333333333481e-01
2.000000000000000042e-02
1.000000000000000021e-02
3.333333333333333547e-03
0.000000000000000000e+00
5.999999999999999778e-02
6.099999999999999867e-01
0.000000000000000000e+00
3.333333333333333287e-02
1.113333333333333286e+00
3.333333333333333287e-02
5.599999999999999423e-01
5.899999999999999689e-01
7.266666666666665719e-01
1.900000000000000300e-01
9.333333333333333759e-02
5.800000000000000711e-01
5.666666666666667074e-02
7.666666666666667462e-02
5.800000000000000711e-01
4.766666666666667385e-01
4.333333333333333481e-02
4.999999999999999584e-02
7.799999999999999156e-01
1.033333333333333326e-01
1.666666666666666644e-02
1.199999999999999956e-01
1.166666666666666546e-01
5.666666666666666380e-02
1.000000000000000021e-02
2.466666666666666730e-01
1.566666666666666485e-01
4.666666666666666879e-02
2.566666666666666541e-01
1.303333333333333455e+00
0.000000000000000000e+00
5.366666666666666252e-01
1.106666666666666687e+00
6.666666666666667095e-03
2.700000000000000178e-01
1.086666666666666670e+00
1.679999999999999938e+00
7.666666666666667462e-02
1.596666666666666679e+00
7.966666666666667451e-01
1.410000000000000142e+00
2.833333333333333814e-01
9.666666666666667851e-02
1.820000000000000062e+00
4.166666666666666852e-01
1.333333333333333315e-01
6.666666666666667095e-03
1.406666666666666954e+00
1.110000000000000098e+00
0.000000000000000000e+00
3.133333333333332971e-01
9.333333333333332371e-01
4.666666666666666879e-02
4.000000000000000083e-02
4.799999999999999822e-01
5.999999999999999778e-01
1.033333333333333326e-01
7.466666666666667007e-01
6.600000000000000311e-01
1.333333333333333419e-02
9.999999999999999167e-02
8.866666666666667140e-01
8.900000000000000133e-01
1.000000000000000021e-02
1.000000000000000021e-02
9.166666666666666297e-01
7.866666666666666252e-01
1.333333333333333315e-01
3.500000000000000333e-01
7.599999999999998979e-01
2.866666666666666807e-01
1.600000000000000033e-01
1.483333333333333393e+00
3.666666666666666963e-01
2.999999999999999889e-02
2.666666666666666838e-02
8.999999999999999112e-01
1.800000000000000211e-01
1.000000000000000021e-02
1.173333333333333339e+00
9.333333333333333759e-02
2.333333333333333440e-02
4.733333333333333282e-01
1.016666666666666829e+00
