9.599999999999999645e-01
7.566666666666667096e-01
1.063333333333333242e+00
1.766666666666666663e-01
2.633333333333333637e-01
2.233333333333333004e-01
0.000000000000000000e+00
4.099999999999999756e-01
0.000000000000000000e+00
3.899999999999999578e-01
1.016666666666666607e+00
8.466666666666666785e-01
6.466666666666666119e-01
2.233333333333333559e-01
8.666666666666666963e-02
5.466666666666667451e-01
6.699999999999999289e-01
9.000000000000000222e-01
3.933333333333333126e-01
2.466666666666666730e-01
4.666666666666666879e-02
5.033333333333332993e-01
7.000000000000000666e-01
1.099999999999999867e-01
1.343333333333333490e+00
1.000000000000000194e-01
9.000000000000001055e-02
9.666666666666667851e-02
1.833333333333333481e-01
8.333333333333332871e-02
4.333333333333333481e-02
3.333333333333333287e-02
1.266666666666666774e-01
1.286666666666666847e+00
2.399999999999999911e-01
1.800000000000000211e-01
1.533333333333333215e-01
5.133333333333333082e-01
7.000000000000000666e-02
1.320000000000000062e+00
5.000000000000000000e-01
3.099999999999999978e-01
0.000000000000000000e+00
4.000000000000000083e-02
1.566666666666666485e-01
7.200000000000000844e-01
0.000000000000000000e+00
7.700000000000000178e-01
1.633333333333333526e+00
1.566666666666666763e-01
3.333333333333333287e-02
5.033333333333332993e-01
7.233333333333332726e-01
3.766666666666666496e-01
2.666666666666666630e-01
6.666666666666667095e-03
1.999999999999999833e-01
8.000000000000000167e-02
1.966666666666666841e-01
2.600000000000000089e-01
2.633333333333333637e-01
2.266666666666666829e-01
2.333333333333333440e-02
8.633333333333332860e-01
3.333333333333333287e-02
5.366666666666667362e-01
1.263333333333333419e+00
