9.533333333333332549e-01
3.333333333333333148e-01
3.333333333333333148e-01
5.333333333333333676e-02
8.633333333333332860e-01
1.533333333333333492e-01
0.000000000000000000e+00
2.133333333333333470e-01
5.400000000000000355e-01
3.333333333333333287e-02
9.999999999999999167e-02
1.639999999999999902e+00
2.000000000000000042e-02
7.333333333333333370e-02
8.866666666666667140e-01
2.600000000000000089e-01
1.533333333333333215e-01
8.099999999999999423e-01
1.626666666666666705e+00
7.666666666666667462e-02
1.666666666666666644e-02
2.633333333333333637e-01
1.193333333333333357e+00
1.333333333333333419e-02
3.333333333333333547e-03
1.600000000000000033e-01
7.933333333333333348e-01
1.263333333333333419e+00
1.166666666666666546e-01
1.669999999999999929e+00
4.199999999999999845e-01
1.600000000000000033e-01
8.999999999999999112e-01
1.333333333333333419e-02
1.666666666666666574e-01
1.100000000000000006e-01
9.333333333333333759e-02
6.633333333333334414e-01
3.833333333333333037e-01
5.299999999999999156e-01
1.100000000000000006e-01
4.533333333333333659e-01
3.233333333333333059e-01
3.666666666666667379e-02
6.999999999999998446e-01
4.633333333333333193e-01
1.233333333333333365e-01
4.166666666666666852e-01
7.333333333333334758e-02
3.333333333333333547e-03
1.200000000000000094e-01
6.666666666666667095e-03
0.000000000000000000e+00
1.666666666666666574e-01
1.286666666666666847e+00
4.666666666666666879e-02
2.999999999999999889e-02
0.000000000000000000e+00
1.499999999999999944e-01
4.666666666666666879e-02
5.333333333333334370e-02
6.199999999999999956e-01
4.433333333333333570e-01
1.403333333333333321e+00
3.666666666666666685e-02
1.266666666666666774e-01
2.999999999999999889e-02
3.333333333333333547e-03
1.700000000000000122e-01
1.666666666666666574e-01
1.133333333333333276e-01
8.100000000000000533e-01
3.500000000000000333e-01
4.299999999999999933e-01
1.300000000000000044e-01
1.300000000000000044e-01
3.333333333333333547e-03
1.133333333333333276e-01
9.666666666666666463e-02
1.633333333333333304e-01
1.566666666666666763e-01
1.233333333333333365e-01
4.099999999999999756e-01
9.666666666666667851e-02
1.196666666666666545e+00
8.666666666666666963e-02
1.100000000000000006e-01
8.133333333333334636e-01
0.000000000000000000e+00
3.166666666666666519e-01
4.333333333333333481e-02
3.766666666666666496e-01
6.666666666666667095e-03
5.300000000000000266e-01
0.000000000000000000e+00
1.800000000000000211e-01
6.333333333333333870e-02
2.500000000000000000e-01
3.333333333333333547e-03
2.299999999999999822e-01
0.000000000000000000e+00
5.333333333333333676e-02
5.200000000000000178e-01
9.000000000000001055e-02
1.016666666666666829e+00
7.933333333333333348e-01
6.833333333333332371e-01
3.099999999999999978e-01
3.333333333333333287e-02
3.433333333333332682e-01
5.899999999999999689e-01
0.000000000000000000e+00
1.333333333333333419e-02
1.043333333333333224e+00
3.400000000000000244e-01
5.533333333333333437e-01
1.800000000000000211e-01
1.566666666666666652e+00
8.666666666666666963e-02
7.333333333333333370e-02
5.633333333333333526e-01
1.633333333333333304e-01
1.666666666666666644e-02
1.533333333333333215e-01
1.833333333333333481e-01
1.033333333333333326e-01
7.666666666666667462e-02
1.003333333333333188e+00
5.666666666666667074e-02
4.400000000000000022e-01
2.566666666666666541e-01
1.100000000000000006e-01
7.333333333333334758e-02
1.113333333333333286e+00
1.116666666666666474e+00
