9.100000000000000311e-01
2.066666666666666652e-01
3.633333333333332860e-01
3.833333333333333592e-01
2.399999999999999911e-01
1.466666666666666674e-01
2.533333333333333548e-01
6.666666666666666574e-02
6.333333333333333870e-02
3.600000000000000422e-01
2.999999999999999889e-01
2.666666666666666838e-02
6.333333333333333037e-01
6.466666666666666119e-01
9.599999999999999645e-01
0.000000000000000000e+00
3.999999999999999667e-01
4.933333333333333459e-01
1.666666666666666644e-02
1.000000000000000021e-02
2.799999999999999711e-01
2.133333333333332915e-01
3.233333333333333059e-01
2.999999999999999889e-02
1.200000000000000094e-01
9.666666666666666463e-02
5.733333333333333615e-01
1.633333333333333304e-01
8.666666666666666963e-02
6.666666666666666574e-02
6.333333333333333870e-02
0.000000000000000000e+00
7.333333333333334758e-02
8.566666666666667984e-01
6.666666666666667095e-03
1.333333333333333419e-02
1.933333333333333570e-01
1.233333333333333365e-01
4.333333333333333481e-02
1.686666666666666758e+00
7.700000000000000178e-01
3.666666666666666963e-01
2.766666666666666718e-01
9.666666666666666463e-02
3.366666666666666696e-01
1.010000000000000009e+00
1.386666666666666714e+00
6.666666666666666574e-02
5.000000000000000971e-02
1.756666666666666599e+00
2.116666666666666696e+00
2.000000000000000042e-02
2.133333333333333304e+00
1.000000000000000021e-02
1.333333333333333419e-02
1.583333333333333259e+00
7.000000000000000666e-02
0.000000000000000000e+00
8.333333333333332871e-02
1.166666666666666824e-01
0.000000000000000000e+00
6.366666666666667140e-01
1.059999999999999831e+00
5.433333333333333348e-01
1.433333333333333404e-01
1.103333333333333277e+00
1.100000000000000006e-01
1.093333333333333490e+00
6.533333333333333215e-01
0.000000000000000000e+00
6.666666666666666574e-02
1.686666666666666536e+00
1.196666666666666545e+00
0.000000000000000000e+00
2.866666666666666807e-01
1.386666666666666714e+00
5.000000000000000971e-02
3.333333333333333547e-03
1.033333333333333437e+00
1.333333333333333315e-01
5.666666666666667074e-02
3.500000000000000333e-01
1.209999999999999964e+00
1.033333333333333326e-01
2.700000000000000178e-01
1.169999999999999929e+00
2.833333333333333814e-01
4.966666666666666452e-01
5.033333333333332993e-01
1.590000000000000080e+00
