8.366666666666667806e-01
3.700000000000000511e-01
1.500000000000000000e+00
4.799999999999999822e-01
3.966666666666666674e-01
1.106666666666666687e+00
1.566666666666666485e-01
2.333333333333333093e-01
6.099999999999999867e-01
6.066666666666666874e-01
3.766666666666666496e-01
1.566666666666666485e-01
1.433333333333333404e-01
8.333333333333333703e-01
7.166666666666666741e-01
6.600000000000000311e-01
1.149999999999999911e+00
1.766666666666666663e-01
2.446666666666666767e+00
2.793333333333333002e+00
