8.466666666666666785e-01
2.433333333333333182e-01
3.966666666666666674e-01
8.533333333333333881e-01
2.500000000000000000e-01
5.033333333333332993e-01
0.000000000000000000e+00
7.799999999999999156e-01
2.033333333333333381e-01
0.000000000000000000e+00
8.100000000000000533e-01
5.333333333333333676e-02
1.000000000000000021e-02
1.566666666666666485e-01
4.099999999999999756e-01
3.333333333333333287e-02
0.000000000000000000e+00
8.766666666666665941e-01
2.600000000000000089e-01
3.333333333333333547e-03
2.666666666666666838e-02
2.333333333333333093e-01
1.396666666666666501e+00
7.166666666666666741e-01
2.600000000000000089e-01
1.723333333333333384e+00
3.033333333333332882e-01
1.333333333333333419e-02
6.333333333333333870e-02
2.333333333333333093e-02
3.833333333333333037e-01
3.000000000000000444e-01
4.000000000000000083e-02
2.600000000000000089e-01
1.866666666666666752e-01
7.500000000000000000e-01
3.400000000000000244e-01
1.300000000000000044e-01
6.733333333333333393e-01
2.233333333333333004e-01
0.000000000000000000e+00
1.433333333333333404e-01
9.999999999999999167e-02
4.199999999999999845e-01
1.766666666666666663e-01
1.533333333333333215e-01
4.333333333333333481e-02
1.600000000000000033e-01
2.799999999999999711e-01
1.666666666666666574e-01
1.766666666666666663e-01
4.666666666666666879e-02
9.000000000000001055e-02
8.100000000000000533e-01
3.333333333333333547e-03
2.099999999999999922e-01
4.333333333333332926e-01
2.000000000000000042e-02
4.333333333333333481e-02
2.166666666666666741e-01
1.499999999999999944e-01
2.666666666666666838e-02
1.000000000000000021e-02
9.633333333333332638e-01
2.199999999999999734e-01
0.000000000000000000e+00
2.000000000000000042e-02
2.799999999999999711e-01
6.666666666666667095e-03
5.666666666666667074e-02
2.533333333333333548e-01
1.190000000000000169e+00
1.100000000000000006e-01
1.106666666666666687e+00
2.866666666666666807e-01
6.133333333333333970e-01
6.266666666666667052e-01
5.333333333333333676e-02
1.690000000000000169e+00
1.866666666666666752e-01
1.233333333333333365e-01
4.000000000000000083e-02
3.233333333333333059e-01
3.333333333333333287e-02
4.366666666666667029e-01
7.700000000000000178e-01
1.076666666666666661e+00
5.466666666666667451e-01
5.333333333333333676e-02
7.866666666666666252e-01
3.866666666666666585e-01
1.333333333333333419e-02
1.499999999999999944e-01
4.433333333333333570e-01
8.000000000000000167e-02
9.999999999999999167e-02
5.066666666666667096e-01
1.083333333333333259e+00
9.333333333333333759e-02
3.566666666666666874e-01
1.476666666666666794e+00
1.653333333333333321e+00
9.333333333333332371e-02
1.600000000000000033e-01
2.766666666666666718e-01
1.233333333333333365e-01
4.033333333333333215e-01
2.199999999999999734e-01
4.666666666666666879e-02
6.333333333333334147e-01
2.833333333333333259e-01
1.066666666666666735e-01
3.800000000000000600e-01
1.199999999999999956e-01
6.666666666666667095e-03
5.166666666666667185e-01
2.033333333333333381e-01
1.300000000000000044e-01
2.033333333333333381e-01
8.333333333333332871e-02
1.933333333333333293e-01
1.000000000000000021e-02
2.333333333333333440e-02
6.333333333333333870e-02
1.066666666666666735e-01
1.000000000000000021e-02
1.866666666666666752e-01
1.213333333333333375e+00
6.199999999999999956e-01
1.016666666666666607e+00
7.000000000000000666e-02
5.000000000000000971e-02
8.000000000000000167e-02
2.000000000000000042e-02
0.000000000000000000e+00
2.333333333333333440e-02
1.000000000000000021e-02
6.666666666666667095e-03
2.000000000000000042e-02
2.166666666666666741e-01
6.333333333333333037e-01
2.999999999999999889e-02
1.666666666666666644e-02
8.333333333333332871e-02
1.370000000000000107e+00
4.666666666666666879e-02
4.666666666666666879e-02
1.173333333333333117e+00
8.666666666666666963e-02
6.666666666666667095e-03
6.666666666666666574e-02
1.199999999999999956e-01
8.466666666666666785e-01
5.666666666666667074e-02
5.300000000000000266e-01
1.000000000000000194e-01
2.999999999999999889e-02
1.166666666666666824e-01
1.399999999999999856e-01
1.166666666666666741e+00
3.669999999999999929e+00
