8.366666666666665586e-01
7.200000000000000844e-01
4.233333333333333393e-01
5.866666666666666696e-01
5.566666666666666430e-01
1.833333333333333481e-01
0.000000000000000000e+00
9.899999999999998801e-01
9.000000000000001055e-02
6.666666666666667095e-03
0.000000000000000000e+00
1.093333333333333268e+00
8.133333333333334636e-01
2.666666666666666838e-02
2.666666666666666838e-02
1.233333333333333365e-01
1.010000000000000009e+00
3.333333333333333287e-02
9.999999999999999167e-02
6.266666666666665941e-01
2.000000000000000042e-02
2.000000000000000042e-02
2.900000000000000355e-01
2.766666666666666718e-01
2.333333333333333440e-02
9.999999999999999167e-02
1.233333333333333504e-01
3.333333333333333547e-03
4.666666666666666879e-02
4.666666666666666879e-02
3.333333333333333287e-02
1.333333333333333315e-01
2.199999999999999734e-01
1.233333333333333365e-01
1.999999999999999833e-01
5.266666666666667274e-01
1.033333333333333326e-01
1.076666666666666661e+00
6.366666666666666030e-01
3.333333333333333287e-02
5.666666666666667074e-02
1.666666666666666574e-01
8.133333333333333526e-01
7.666666666666667462e-02
1.199999999999999956e-01
7.633333333333333082e-01
2.666666666666666838e-02
3.333333333333333547e-03
7.000000000000000666e-02
5.333333333333333259e-01
9.999999999999999167e-02
1.100000000000000006e-01
2.000000000000000389e-01
6.666666666666666574e-02
1.400000000000000133e-01
9.333333333333332371e-01
4.533333333333333659e-01
5.666666666666666380e-02
4.333333333333333481e-02
7.200000000000000844e-01
9.666666666666666463e-02
0.000000000000000000e+00
5.100000000000000089e-01
1.666666666666666574e-01
5.333333333333333676e-02
2.833333333333333259e-01
1.133333333333333415e-01
1.713333333333333153e+00
9.433333333333333570e-01
0.000000000000000000e+00
6.333333333333333037e-01
3.233333333333333059e-01
5.899999999999999689e-01
1.733333333333333393e-01
0.000000000000000000e+00
5.300000000000000266e-01
8.466666666666666785e-01
2.999999999999999889e-02
0.000000000000000000e+00
7.766666666666667274e-01
1.266666666666666774e-01
3.333333333333333547e-03
1.499999999999999944e-01
3.433333333333333237e-01
4.033333333333333215e-01
4.666666666666666186e-01
3.866666666666667140e-01
3.066666666666666430e-01
1.800000000000000211e-01
1.266666666666666774e-01
1.800000000000000211e-01
1.733333333333333393e-01
1.050000000000000044e+00
9.533333333333332549e-01
1.066666666666666735e-01
1.003333333333333188e+00
9.000000000000000222e-01
1.333333333333333419e-02
5.566666666666666430e-01
4.866666666666666363e-01
0.000000000000000000e+00
1.399999999999999856e-01
2.199999999999999734e-01
2.999999999999999889e-02
3.333333333333333547e-03
2.000000000000000042e-02
5.333333333333333676e-02
2.666666666666666838e-02
3.233333333333333059e-01
3.833333333333333037e-01
4.833333333333333370e-01
1.233333333333333365e-01
1.283333333333333437e+00
6.333333333333333870e-02
6.999999999999999278e-02
1.266666666666666774e-01
1.700000000000000122e-01
1.133333333333333276e-01
1.233333333333333365e-01
1.066666666666666458e-01
2.833333333333333259e-01
3.899999999999999578e-01
2.333333333333333440e-02
1.133333333333333276e-01
3.933333333333333126e-01
2.133333333333333470e-01
1.650000000000000133e+00
2.166666666666666741e-01
1.000000000000000021e-02
3.333333333333333547e-03
7.133333333333333748e-01
4.333333333333333481e-02
5.666666666666667074e-02
2.500000000000000000e-01
1.593333333333333490e+00
2.366666666666666641e-01
1.433333333333333404e-01
5.133333333333333082e-01
2.266666666666666552e-01
1.966666666666666841e-01
1.133333333333333276e-01
1.733333333333333393e-01
2.233333333333333004e-01
1.133333333333333415e-01
1.833333333333333204e-01
0.000000000000000000e+00
3.433333333333333237e-01
1.073333333333333250e+00
6.666666666666667095e-03
1.566666666666666485e-01
1.500000000000000222e-01
2.733333333333333171e-01
1.070000000000000062e+00
1.333333333333333419e-02
0.000000000000000000e+00
7.799999999999999156e-01
2.366666666666666641e-01
2.000000000000000042e-02
2.133333333333332915e-01
2.066666666666666652e-01
1.033333333333333326e-01
5.333333333333333676e-02
1.133333333333333276e-01
9.533333333333332549e-01
5.000000000000000971e-02
2.666666666666666838e-02
3.966666666666666674e-01
3.333333333333333287e-02
3.033333333333332882e-01
1.366666666666666863e-01
6.833333333333332371e-01
2.000000000000000042e-02
0.000000000000000000e+00
8.599999999999999867e-01
6.333333333333333870e-02
1.666666666666666574e-01
5.333333333333333259e-01
2.200000000000000011e-01
1.196666666666666545e+00
6.333333333333333870e-02
5.666666666666666380e-02
2.999999999999999889e-02
2.299999999999999822e-01
1.266666666666666774e-01
7.466666666666667007e-01
7.233333333333332726e-01
2.299999999999999822e-01
1.610000000000000098e+00
2.866666666666666807e-01
1.276666666666666616e+00
2.000000000000000042e-02
2.673333333333333339e+00
9.333333333333332371e-02
1.733333333333333393e-01
5.366666666666666252e-01
1.899999999999999745e-01
2.000000000000000042e-02
7.433333333333332904e-01
4.599999999999999645e-01
3.366666666666666696e-01
1.973333333333333384e+00
1.406666666666666510e+00
2.933333333333333903e-01
6.333333333333333870e-02
2.433333333333333182e-01
8.433333333333332682e-01
3.666666666666667379e-02
0.000000000000000000e+00
5.999999999999999778e-01
1.013333333333333419e+00
6.666666666666667095e-03
4.999999999999999584e-02
1.266666666666666774e-01
9.899999999999998801e-01
1.000000000000000021e-02
5.566666666666666430e-01
2.133333333333333470e-01
3.333333333333333547e-03
1.666666666666666644e-02
6.333333333333333870e-02
5.666666666666667074e-02
2.000000000000000042e-02
0.000000000000000000e+00
6.666666666666667095e-03
1.166666666666666546e-01
0.000000000000000000e+00
0.000000000000000000e+00
9.333333333333333759e-02
6.466666666666667229e-01
0.000000000000000000e+00
8.333333333333332871e-02
7.400000000000001021e-01
4.333333333333333481e-02
4.000000000000000083e-02
7.666666666666666075e-02
2.600000000000000089e-01
1.166666666666666546e-01
0.000000000000000000e+00
4.333333333333333481e-02
4.000000000000000083e-02
3.333333333333333547e-03
0.000000000000000000e+00
0.000000000000000000e+00
0.000000000000000000e+00
0.000000000000000000e+00
1.966666666666666563e-01
1.333333333333333419e-02
1.666666666666666644e-02
3.666666666666667379e-02
6.666666666666667095e-03
5.899999999999999689e-01
7.000000000000000666e-02
1.313333333333333242e+00
9.000000000000001055e-02
9.333333333333332371e-01
5.299999999999999156e-01
1.166666666666666546e-01
4.366666666666667029e-01
7.933333333333333348e-01
0.000000000000000000e+00
3.833333333333333037e-01
2.366666666666666641e-01
9.666666666666667851e-02
1.333333333333333419e-02
3.099999999999999978e-01
2.500000000000000000e-01
1.766666666666666663e-01
1.333333333333333315e-01
3.666666666666666963e-01
7.099999999999999645e-01
2.433333333333333182e-01
9.166666666666666297e-01
4.266666666666665830e-01
9.300000000000000488e-01
2.999999999999999889e-02
1.566666666666666485e-01
6.733333333333333393e-01
5.000000000000000971e-02
0.000000000000000000e+00
8.666666666666666963e-02
1.016666666666666829e+00
5.766666666666666607e-01
2.299999999999999822e-01
1.733333333333333393e-01
4.633333333333333748e-01
2.000000000000000042e-02
1.203333333333333366e+00
7.200000000000000844e-01
3.333333333333333547e-03
4.999999999999999584e-02
9.333333333333334592e-01
6.999999999999999278e-02
0.000000000000000000e+00
5.133333333333333082e-01
8.099999999999999423e-01
6.333333333333333870e-02
6.666666666666667095e-03
3.366666666666666696e-01
3.333333333333333287e-02
0.000000000000000000e+00
1.066666666666666735e-01
1.433333333333333404e-01
1.366666666666666585e-01
8.866666666666667140e-01
4.000000000000000083e-02
7.000000000000000666e-02
9.333333333333332371e-01
2.066666666666666929e-01
0.000000000000000000e+00
7.200000000000000844e-01
1.639999999999999902e+00
1.399999999999999856e-01
8.000000000000000167e-02
2.300000000000000100e-01
8.666666666666666963e-02
4.199999999999999845e-01
6.566666666666666208e-01
6.933333333333333570e-01
1.399999999999999856e-01
1.106666666666666687e+00
3.366666666666666696e-01
2.130000000000000338e+00
1.783333333333333215e+00
7.199999999999998623e-01
1.416666666666666741e+00
4.266666666666666941e-01
1.410000000000000142e+00
2.366666666666666918e-01
5.733333333333332504e-01
8.666666666666666963e-02
3.366666666666666696e-01
8.766666666666665941e-01
3.333333333333333287e-02
1.133333333333333276e-01
1.020000000000000018e+00
1.066666666666666735e-01
5.066666666666667096e-01
4.166666666666666852e-01
3.866666666666667140e-01
4.333333333333333481e-02
6.466666666666666119e-01
2.299999999999999822e-01
0.000000000000000000e+00
1.066666666666666735e-01
5.166666666666667185e-01
1.199999999999999956e-01
1.499999999999999944e-01
8.666666666666666963e-02
7.733333333333334281e-01
3.366666666666666696e-01
2.000000000000000042e-02
8.333333333333332871e-02
6.666666666666666574e-02
1.333333333333333419e-02
0.000000000000000000e+00
1.633333333333333304e-01
9.666666666666666463e-02
3.333333333333333287e-02
6.666666666666667095e-03
6.666666666666666297e-01
0.000000000000000000e+00
7.333333333333333370e-02
2.433333333333333182e-01
3.533333333333333326e-01
2.333333333333333440e-02
4.999999999999999584e-02
1.099999999999999867e-01
2.233333333333333004e-01
1.733333333333333393e-01
1.566666666666666485e-01
1.333333333333333315e-01
4.400000000000000022e-01
1.199999999999999956e-01
1.333333333333333419e-02
4.266666666666666941e-01
3.333333333333333148e-01
1.000000000000000021e-02
2.000000000000000042e-02
6.666666666666667095e-03
1.123333333333333295e+00
0.000000000000000000e+00
3.333333333333333547e-03
5.066666666666667096e-01
5.866666666666667806e-01
0.000000000000000000e+00
1.366666666666666863e-01
1.666666666666666644e-02
7.500000000000000000e-01
0.000000000000000000e+00
6.666666666666667095e-03
2.666666666666666838e-02
1.366666666666666585e-01
6.666666666666667095e-03
0.000000000000000000e+00
2.000000000000000042e-02
6.666666666666666574e-02
1.400000000000000133e-01
3.466666666666666785e-01
2.066666666666666652e-01
6.666666666666667095e-03
4.333333333333333481e-01
2.066666666666666652e-01
3.899999999999999578e-01
1.300000000000000044e-01
3.333333333333333287e-02
5.000000000000000971e-02
3.466666666666666785e-01
1.600000000000000033e-01
8.033333333333333437e-01
7.333333333333334758e-02
5.566666666666666430e-01
1.406666666666666954e+00
3.333333333333333148e-01
2.899999999999999800e-01
4.099999999999999756e-01
4.666666666666666879e-02
3.133333333333332971e-01
2.333333333333333440e-02
1.333333333333333419e-02
6.333333333333333870e-02
0.000000000000000000e+00
1.166666666666666546e-01
7.299999999999999822e-01
2.999999999999999889e-02
0.000000000000000000e+00
2.000000000000000042e-02
1.066666666666666735e-01
6.666666666666667095e-03
0.000000000000000000e+00
2.333333333333333440e-02
2.666666666666666838e-02
1.666666666666666644e-02
0.000000000000000000e+00
2.633333333333333637e-01
0.000000000000000000e+00
3.666666666666667379e-02
1.333333333333333419e-02
0.000000000000000000e+00
0.000000000000000000e+00
2.433333333333333182e-01
0.000000000000000000e+00
3.666666666666667379e-02
1.899999999999999745e-01
6.999999999999999278e-02
0.000000000000000000e+00
1.066666666666666735e-01
1.759999999999999787e+00
1.333333333333333315e-01
7.466666666666667007e-01
8.000000000000000167e-02
4.233333333333333393e-01
1.300000000000000044e+00
2.166666666666666963e+00
5.033333333333332993e-01
5.333333333333333676e-02
3.000000000000000236e-02
7.500000000000000000e-01
7.700000000000000178e-01
4.333333333333333481e-02
6.033333333333332771e-01
7.833333333333333259e-01
8.333333333333332871e-02
3.400000000000000244e-01
1.233333333333333365e-01
1.316666666666666652e+00
1.000000000000000021e-02
7.000000000000000666e-02
0.000000000000000000e+00
1.166666666666666546e-01
2.999999999999999889e-02
1.999999999999999833e-01
1.366666666666666863e-01
1.800000000000000211e-01
1.900000000000000300e-01
7.066666666666666652e-01
9.699999999999998623e-01
7.099999999999999645e-01
2.433333333333333182e-01
1.026666666666666616e+00
0.000000000000000000e+00
9.333333333333333759e-02
0.000000000000000000e+00
1.666666666666666644e-02
5.333333333333334370e-02
6.666666666666667095e-03
3.099999999999999978e-01
3.666666666666667379e-02
5.000000000000000971e-02
1.333333333333333419e-02
8.000000000000000167e-02
2.299999999999999822e-01
3.099999999999999978e-01
2.999999999999999889e-02
0.000000000000000000e+00
1.666666666666666644e-02
4.533333333333333104e-01
7.399999999999998801e-01
1.666666666666666644e-02
0.000000000000000000e+00
5.066666666666667096e-01
0.000000000000000000e+00
4.000000000000000083e-02
0.000000000000000000e+00
3.333333333333333547e-03
1.300000000000000044e-01
8.000000000000000167e-02
0.000000000000000000e+00
8.333333333333332871e-02
6.600000000000000311e-01
2.000000000000000042e-02
0.000000000000000000e+00
0.000000000000000000e+00
5.266666666666666163e-01
1.333333333333333419e-02
1.333333333333333419e-02
7.066666666666666652e-01
2.466666666666666730e-01
1.709999999999999964e+00
7.666666666666667462e-02
1.366666666666666863e-01
2.933333333333333348e-01
1.833333333333333481e-01
6.300000000000000044e-01
6.666666666666667095e-03
5.699999999999999512e-01
1.666666666666666644e-02
3.433333333333333237e-01
4.900000000000000466e-01
1.666666666666666644e-02
3.600000000000000422e-01
5.066666666666667096e-01
0.000000000000000000e+00
0.000000000000000000e+00
4.233333333333333393e-01
5.966666666666666785e-01
0.000000000000000000e+00
2.533333333333333548e-01
1.466666666666666952e-01
2.999999999999999889e-02
1.066666666666666458e-01
5.666666666666666380e-02
2.099999999999999922e-01
5.333333333333333676e-02
5.133333333333333082e-01
3.333333333333333287e-02
7.166666666666667851e-01
1.033333333333333326e-01
4.666666666666666879e-02
0.000000000000000000e+00
1.200000000000000094e-01
0.000000000000000000e+00
2.333333333333333440e-02
7.933333333333333348e-01
1.003333333333333188e+00
1.666666666666666644e-02
5.799999999999999600e-01
2.666666666666666630e-01
4.566666666666667207e-01
4.666666666666666186e-01
3.366666666666666696e-01
5.999999999999999778e-02
6.366666666666666030e-01
7.000000000000000666e-02
1.686666666666666536e+00
1.433333333333333404e-01
2.000000000000000042e-02
2.500000000000000000e-01
3.666666666666666963e-01
7.000000000000000666e-02
0.000000000000000000e+00
1.313333333333333464e+00
8.666666666666666963e-02
0.000000000000000000e+00
1.866666666666666752e-01
2.399999999999999911e-01
8.666666666666666963e-02
0.000000000000000000e+00
6.533333333333333215e-01
8.366666666666665586e-01
2.833333333333333814e-01
1.000000000000000021e-02
1.023333333333333206e+00
3.300000000000000155e-01
1.733333333333333393e-01
9.666666666666667851e-02
1.666666666666666574e-01
4.999999999999999584e-02
9.666666666666666463e-02
6.000000000000000472e-02
1.466666666666666674e-01
2.299999999999999822e-01
1.000000000000000194e-01
2.099999999999999922e-01
2.099999999999999922e-01
1.590000000000000080e+00
4.566666666666667207e-01
2.433333333333333182e-01
1.099999999999999867e-01
3.099999999999999978e-01
0.000000000000000000e+00
1.366666666666666863e-01
6.666666666666667095e-03
2.999999999999999889e-02
5.000000000000000971e-02
2.999999999999999889e-02
1.666666666666666644e-02
6.666666666666667095e-03
2.200000000000000011e-01
1.866666666666666752e-01
1.566666666666666485e-01
1.033333333333333326e-01
4.000000000000000083e-02
4.766666666666666274e-01
6.333333333333333870e-02
1.666666666666666574e-01
1.729999999999999760e+00
9.666666666666667851e-02
8.233333333333332504e-01
4.033333333333333215e-01
1.866666666666666474e-01
3.433333333333333237e-01
1.866666666666666474e-01
9.333333333333333759e-02
3.333333333333333287e-02
3.500000000000000333e-01
5.666666666666666380e-02
3.433333333333333237e-01
3.366666666666666696e-01
2.899999999999999800e-01
1.300000000000000044e-01
1.666666666666666574e-01
5.333333333333333676e-02
1.096666666666666679e+00
8.666666666666666963e-02
2.666666666666666838e-02
1.700000000000000122e-01
3.333333333333333287e-02
3.333333333333333287e-02
5.666666666666666380e-02
3.633333333333333415e-01
2.900000000000000355e-01
1.066666666666666735e-01
2.700000000000000178e-01
7.666666666666667462e-02
1.053333333333333455e+00
6.333333333333333870e-02
7.933333333333333348e-01
6.500000000000000222e-01
1.966666666666666841e-01
3.466666666666666785e-01
8.399999999999999689e-01
0.000000000000000000e+00
1.199999999999999956e-01
5.799999999999999600e-01
1.333333333333333315e-01
1.233333333333333365e-01
3.600000000000000422e-01
4.333333333333333481e-02
4.166666666666666852e-01
2.999999999999999889e-02
7.366666666666666918e-01
2.433333333333333182e-01
4.666666666666666879e-02
2.600000000000000089e-01
7.666666666666667462e-02
2.666666666666666630e-01
2.833333333333333814e-01
2.066666666666666929e-01
2.999999999999999889e-02
2.566666666666666541e-01
1.020000000000000018e+00
2.666666666666666838e-02
7.000000000000000666e-02
1.199999999999999956e-01
1.266666666666666774e-01
1.600000000000000033e-01
8.166666666666667629e-01
1.666666666666666644e-02
8.866666666666666030e-01
3.799999999999999489e-01
1.000000000000000021e-02
4.666666666666666879e-02
3.333333333333333547e-03
5.000000000000000971e-02
7.000000000000000666e-02
4.099999999999999756e-01
9.900000000000001021e-01
1.900000000000000300e-01
3.166666666666666519e-01
3.166666666666666519e-01
7.000000000000000666e-02
2.333333333333333093e-02
2.433333333333333182e-01
1.333333333333333419e-02
4.000000000000000083e-02
0.000000000000000000e+00
3.333333333333333287e-02
0.000000000000000000e+00
3.333333333333333547e-03
6.666666666666666574e-02
1.566666666666666763e-01
1.040000000000000036e+00
2.500000000000000000e-01
5.699999999999999512e-01
7.366666666666666918e-01
1.866666666666666752e-01
4.599999999999999645e-01
5.666666666666666380e-02
5.666666666666667074e-02
6.333333333333333870e-02
0.000000000000000000e+00
3.333333333333333148e-01
1.166666666666666546e-01
2.033333333333333381e-01
4.900000000000000466e-01
2.566666666666666541e-01
2.096666666666667123e+00
7.666666666666667462e-02
3.666666666666666963e-01
1.199999999999999956e-01
5.666666666666667074e-02
4.000000000000000083e-02
0.000000000000000000e+00
5.666666666666666380e-02
7.333333333333333370e-02
1.453333333333333366e+00
