9.666666666666666741e-01
2.700000000000000178e-01
5.000000000000000000e-01
2.800000000000000266e-01
2.933333333333333903e-01
8.333333333333332871e-02
1.133333333333333276e-01
3.000000000000000236e-02
1.166666666666666546e-01
1.733333333333333393e-01
2.933333333333333348e-01
1.199999999999999956e-01
1.333333333333333419e-02
6.666666666666667095e-03
2.666666666666666838e-02
1.219999999999999973e+00
2.800000000000000266e-01
1.100000000000000006e-01
2.833333333333333814e-01
5.333333333333333676e-02
6.666666666666667095e-03
1.633333333333333304e-01
3.333333333333333287e-02
1.633333333333333304e-01
9.799999999999999822e-01
8.000000000000000167e-02
3.333333333333333287e-02
5.333333333333333676e-02
5.866666666666665586e-01
1.766666666666666663e-01
3.666666666666667379e-02
5.600000000000000533e-01
1.333333333333333315e-01
1.600000000000000033e-01
3.700000000000000511e-01
1.399999999999999856e-01
3.533333333333333326e-01
1.166666666666666546e-01
1.440000000000000169e+00
