1.389999999999999902e+00
1.199999999999999956e-01
1.766666666666666663e-01
1.433333333333333404e-01
1.666666666666666574e-01
4.333333333333333481e-02
2.266666666666666552e-01
1.263333333333333419e+00
1.239999999999999991e+00
5.399999999999999245e-01
1.289999999999999813e+00
4.766666666666666274e-01
3.666666666666667379e-02
6.766666666666666385e-01
3.766666666666666496e-01
9.000000000000001055e-02
0.000000000000000000e+00
3.333333333333333547e-03
1.333333333333333419e-02
1.333333333333333419e-02
8.333333333333332871e-02
1.199999999999999956e-01
3.333333333333333287e-02
8.333333333333332871e-02
2.000000000000000042e-02
2.666666666666666838e-02
0.000000000000000000e+00
0.000000000000000000e+00
6.666666666666666574e-02
6.666666666666666574e-02
2.066666666666666652e-01
8.900000000000000133e-01
8.699999999999999956e-01
3.333333333333333148e-01
9.666666666666667851e-02
6.999999999999999278e-02
2.000000000000000042e-02
7.666666666666667462e-02
0.000000000000000000e+00
1.833333333333333481e-01
1.199999999999999956e-01
9.999999999999999167e-02
1.333333333333333315e-01
4.500000000000000111e-01
1.133333333333333276e-01
5.066666666666665986e-01
3.333333333333333287e-02
1.170000000000000151e+00
1.333333333333333419e-02
1.700000000000000122e-01
1.300000000000000044e-01
2.033333333333333381e-01
1.133333333333333276e-01
2.699999999999999623e-01
6.700000000000000400e-01
1.440000000000000169e+00
3.300000000000000155e-01
2.399999999999999911e-01
4.299999999999999933e-01
1.219999999999999973e+00
4.399999999999999467e-01
1.033333333333333326e-01
2.866666666666666252e-01
3.333333333333333547e-03
2.933333333333333903e-01
6.933333333333333570e-01
1.400000000000000133e-01
3.266666666666666607e-01
1.473333333333333384e+00
7.266666666666666829e-01
4.333333333333333481e-02
7.233333333333332726e-01
3.066666666666666985e-01
0.000000000000000000e+00
1.433333333333333404e-01
6.833333333333332371e-01
1.666666666666666644e-02
3.333333333333333547e-03
7.000000000000000666e-02
0.000000000000000000e+00
9.999999999999999167e-02
1.866666666666666752e-01
8.666666666666666963e-02
2.200000000000000011e-01
3.333333333333333148e-01
1.000000000000000021e-02
2.566666666666666541e-01
2.999999999999999889e-02
1.366666666666666863e-01
5.999999999999999778e-02
2.766666666666666718e-01
2.333333333333333440e-02
0.000000000000000000e+00
7.666666666666667462e-02
2.766666666666666718e-01
3.333333333333333287e-02
0.000000000000000000e+00
5.800000000000000711e-01
1.450000000000000178e+00
9.333333333333333759e-02
8.000000000000000167e-02
1.716666666666666563e+00
8.166666666666667629e-01
6.000000000000000472e-02
1.086666666666666670e+00
1.933333333333333570e-01
2.733333333333333726e-01
