5.100000000000000089e-01
2.486666666666666803e+00
2.600000000000000089e-01
1.793333333333333224e+00
5.799999999999999600e-01
1.686666666666666536e+00
1.300000000000000044e+00
7.700000000000000178e-01
9.266666666666667496e-01
7.133333333333333748e-01
2.850000000000000089e+00
2.700000000000000178e-01
6.900000000000000577e-01
8.633333333333332860e-01
4.099999999999999756e-01
7.833333333333332149e-01
2.866666666666666252e-01
2.433333333333333182e-01
1.113333333333333508e+00
3.533333333333333326e-01
1.026666666666666616e+00
1.333333333333333419e-02
1.466666666666666952e-01
4.299999999999999933e-01
4.000000000000000083e-02
1.100000000000000006e-01
1.063333333333333242e+00
2.000000000000000389e-01
1.033333333333333326e-01
2.333333333333333093e-01
2.833333333333333814e-01
1.533333333333333492e-01
8.699999999999999956e-01
1.733333333333333393e-01
4.233333333333333393e-01
1.079999999999999849e+00
