1.280000000000000027e+00
8.666666666666666963e-02
3.600000000000000422e-01
3.833333333333333037e-01
2.033333333333333381e-01
1.333333333333333315e-01
5.133333333333333082e-01
1.619999999999999885e+00
4.500000000000000111e-01
2.900000000000000355e-01
9.000000000000001055e-02
4.466666666666666008e-01
1.510000000000000009e+00
2.700000000000000178e-01
5.666666666666667629e-01
7.200000000000000844e-01
5.066666666666667096e-01
2.966666666666666896e-01
2.233333333333333004e-01
1.666666666666666574e-01
7.633333333333333082e-01
5.799999999999999600e-01
8.333333333333333703e-01
1.303333333333333455e+00
8.900000000000000133e-01
9.533333333333332549e-01
7.333333333333333370e-02
1.333333333333333419e-02
1.119999999999999885e+00
5.566666666666666430e-01
0.000000000000000000e+00
1.366666666666666863e-01
9.833333333333333925e-01
3.666666666666666685e-02
6.666666666666667095e-03
5.100000000000000089e-01
1.796666666666666856e+00
2.566666666666666541e-01
9.333333333333333759e-02
2.666666666666666838e-02
1.566666666666666485e-01
5.533333333333333437e-01
2.000000000000000042e-02
1.286666666666666847e+00
1.019999999999999796e+00
1.333333333333333419e-02
4.199999999999999845e-01
2.666666666666666838e-02
5.366666666666666252e-01
1.333333333333333315e-01
1.199999999999999956e-01
7.033333333333334769e-01
1.199999999999999956e-01
4.199999999999999845e-01
0.000000000000000000e+00
7.666666666666667462e-02
0.000000000000000000e+00
9.333333333333333759e-02
2.999999999999999889e-02
7.133333333333333748e-01
1.366666666666666863e-01
1.099999999999999867e-01
3.166666666666666519e-01
2.766666666666666718e-01
9.366666666666666474e-01
6.333333333333333870e-02
2.399999999999999911e-01
0.000000000000000000e+00
4.700000000000000289e-01
0.000000000000000000e+00
0.000000000000000000e+00
1.000000000000000021e-02
3.000000000000000236e-02
0.000000000000000000e+00
1.000000000000000021e-02
1.800000000000000211e-01
0.000000000000000000e+00
1.866666666666666752e-01
2.333333333333333093e-01
5.666666666666667074e-02
9.333333333333333759e-02
3.333333333333333547e-03
0.000000000000000000e+00
2.966666666666666341e-01
2.966666666666666896e-01
5.866666666666667806e-01
0.000000000000000000e+00
9.833333333333332815e-01
1.233333333333333365e-01
1.566666666666666485e-01
3.066666666666666430e-01
3.133333333333332971e-01
5.166666666666666075e-01
3.133333333333333526e-01
4.500000000000000111e-01
1.666666666666666644e-02
3.066666666666666430e-01
5.666666666666667074e-02
3.000000000000000236e-02
2.133333333333333470e-01
1.666666666666666644e-02
6.766666666666666385e-01
2.033333333333333381e-01
9.333333333333333759e-02
3.000000000000000236e-02
3.466666666666666785e-01
6.666666666666667095e-03
1.199999999999999956e-01
5.333333333333333676e-02
1.333333333333333419e-02
6.666666666666667095e-03
4.633333333333333193e-01
4.500000000000000111e-01
2.099999999999999922e-01
5.833333333333333703e-01
1.300000000000000044e-01
1.033333333333333326e-01
2.333333333333333440e-02
1.100000000000000006e-01
9.000000000000001055e-02
8.000000000000000167e-02
1.266666666666666774e-01
1.136666666666666714e+00
2.000000000000000042e-02
4.000000000000000083e-02
6.566666666666666208e-01
1.333333333333333419e-02
0.000000000000000000e+00
2.633333333333333637e-01
8.666666666666666963e-02
2.133333333333333470e-01
0.000000000000000000e+00
1.073333333333333250e+00
4.666666666666666879e-02
5.333333333333333676e-02
3.233333333333333059e-01
8.333333333333333703e-01
1.666666666666666644e-02
4.566666666666667207e-01
1.099999999999999867e-01
1.000000000000000021e-02
4.999999999999999584e-02
3.333333333333333287e-02
0.000000000000000000e+00
2.000000000000000042e-02
3.333333333333333547e-03
1.866666666666666752e-01
8.133333333333333526e-01
1.916666666666666741e+00
5.933333333333332682e-01
1.223333333333333384e+00
6.099999999999999867e-01
7.766666666666667274e-01
2.633333333333333637e-01
3.133333333333333526e-01
1.043333333333333446e+00
1.643333333333333313e+00
