5.399999999999999245e-01
7.666666666666667462e-02
5.666666666666666380e-02
2.333333333333333440e-02
1.766666666666666663e-01
8.000000000000000167e-02
2.000000000000000042e-02
2.000000000000000042e-02
2.666666666666666838e-02
2.333333333333333440e-02
1.000000000000000021e-02
2.000000000000000042e-02
3.666666666666666685e-02
0.000000000000000000e+00
4.000000000000000083e-02
0.000000000000000000e+00
4.333333333333333481e-02
6.333333333333333870e-02
4.000000000000000083e-02
1.499999999999999944e-01
4.666666666666666879e-02
1.033333333333333326e-01
1.366666666666666863e-01
6.199999999999999956e-01
8.333333333333332871e-02
1.499999999999999944e-01
2.466666666666666730e-01
8.533333333333333881e-01
1.566666666666666485e-01
1.453333333333333366e+00
1.300000000000000044e-01
2.999999999999999889e-01
5.999999999999999778e-02
1.533333333333333215e-01
7.666666666666666075e-02
0.000000000000000000e+00
2.999999999999999889e-02
2.066666666666666652e-01
2.833333333333333814e-01
3.666666666666666685e-02
8.599999999999999867e-01
1.600000000000000033e-01
0.000000000000000000e+00
1.353333333333333499e+00
3.033333333333332882e-01
2.666666666666666838e-02
0.000000000000000000e+00
4.833333333333333370e-01
1.300000000000000044e-01
1.333333333333333419e-02
1.399999999999999856e-01
1.900000000000000300e-01
6.833333333333332371e-01
2.866666666666666807e-01
1.666666666666666574e-01
1.333333333333333315e-01
1.333333333333333315e-01
2.666666666666666838e-02
9.000000000000001055e-02
2.166666666666666741e-01
6.199999999999999956e-01
4.666666666666667296e-01
1.900000000000000300e-01
8.566666666666667984e-01
7.333333333333333370e-02
8.333333333333332871e-02
7.833333333333333259e-01
2.833333333333333259e-01
8.666666666666666963e-02
4.366666666666667029e-01
6.333333333333333870e-02
1.066666666666666735e-01
7.299999999999999822e-01
1.356666666666666687e+00
7.666666666666666075e-02
1.030000000000000027e+00
2.333333333333333093e-01
1.656666666666666510e+00
3.533333333333333326e-01
4.333333333333333481e-01
3.500000000000000333e-01
4.566666666666667207e-01
2.099999999999999922e-01
6.666666666666666574e-02
1.199999999999999956e-01
1.333333333333333315e-01
1.666666666666666644e-02
1.199999999999999956e-01
4.333333333333333481e-02
2.966666666666666896e-01
2.366666666666666641e-01
4.000000000000000083e-02
1.733333333333333393e-01
2.899999999999999800e-01
1.999999999999999833e-01
1.533333333333333215e-01
1.366666666666666863e-01
5.333333333333333676e-02
3.133333333333332971e-01
2.133333333333333470e-01
2.299999999999999822e-01
3.433333333333332682e-01
3.899999999999999578e-01
1.433333333333333404e-01
0.000000000000000000e+00
2.999999999999999889e-02
7.000000000000000666e-02
1.000000000000000021e-02
5.000000000000000971e-02
0.000000000000000000e+00
3.833333333333333037e-01
1.433333333333333404e-01
0.000000000000000000e+00
3.033333333333333992e-01
9.833333333333333925e-01
4.666666666666666879e-02
3.666666666666666685e-02
1.100000000000000006e-01
1.700000000000000122e-01
1.233333333333333365e-01
6.600000000000000311e-01
2.199999999999999734e-01
3.599999999999999312e-01
4.533333333333333104e-01
4.066666666666666763e-01
1.533333333333333492e-01
6.333333333333333870e-02
1.300000000000000044e-01
4.333333333333333481e-02
3.366666666666666141e-01
1.966666666666666563e-01
6.133333333333332860e-01
1.833333333333333204e-01
2.600000000000000089e-01
7.799999999999999156e-01
3.600000000000000422e-01
1.270000000000000018e+00
3.066666666666666430e-01
9.666666666666666463e-02
5.499999999999999334e-01
6.633333333333334414e-01
3.666666666666666963e-01
6.566666666666666208e-01
4.666666666666666879e-02
3.533333333333333326e-01
3.533333333333333326e-01
5.299999999999999156e-01
2.666666666666666838e-02
6.833333333333332371e-01
1.433333333333333404e-01
3.733333333333333504e-01
4.666666666666666879e-02
1.999999999999999833e-01
8.699999999999999956e-01
2.099999999999999922e-01
1.196666666666666545e+00
1.666666666666666574e-01
3.500000000000000333e-01
3.133333333333332971e-01
3.133333333333332971e-01
1.566666666666666485e-01
5.100000000000000089e-01
8.466666666666666785e-01
5.433333333333333348e-01
2.473333333333333162e+00
