3.586666666666666448e+00
1.499999999999999944e-01
3.600000000000000422e-01
1.033333333333333465e-01
1.006666666666666599e+00
4.500000000000000111e-01
8.866666666666667140e-01
1.833333333333333481e-01
1.080000000000000071e+00
1.899999999999999745e-01
2.700000000000000178e-01
1.466666666666666397e-01
4.333333333333332926e-01
1.199999999999999956e+00
1.866666666666666474e-01
1.966666666666666563e-01
1.433333333333333404e-01
2.533333333333333548e-01
2.299999999999999822e-01
1.233333333333333365e-01
1.399999999999999856e-01
1.466666666666666952e-01
8.233333333333332504e-01
1.766666666666666663e-01
3.333333333333333547e-03
1.100000000000000006e-01
1.199999999999999956e-01
2.766666666666666718e-01
9.633333333333333748e-01
2.999999999999999889e-01
2.666666666666666838e-02
1.066666666666666735e-01
6.566666666666666208e-01
2.133333333333333470e-01
4.666666666666666186e-02
2.700000000000000178e-01
1.020000000000000240e+00
4.766666666666667385e-01
2.999999999999999889e-01
8.333333333333333703e-01
