9.566666666666666652e-01
5.099999999999998979e-01
6.633333333333333304e-01
1.533333333333333215e-01
0.000000000000000000e+00
4.333333333333333481e-02
4.999999999999999584e-02
3.333333333333333287e-02
2.999999999999999889e-02
1.466666666666666397e-01
5.033333333333332993e-01
6.333333333333332482e-02
2.533333333333333548e-01
2.133333333333333470e-01
1.999999999999999833e-01
4.466666666666667118e-01
1.523333333333333428e+00
1.593333333333333490e+00
6.466666666666666119e-01
1.063333333333333242e+00
1.330000000000000071e+00
1.800000000000000211e-01
7.799999999999999156e-01
1.766666666666666663e-01
6.666666666666667095e-03
7.666666666666667462e-02
2.899999999999999800e-01
2.333333333333333093e-02
0.000000000000000000e+00
1.000000000000000021e-02
5.300000000000000266e-01
4.333333333333333481e-02
1.000000000000000021e-02
1.033333333333333437e+00
1.233333333333333365e-01
3.333333333333333547e-03
3.666666666666666963e-01
6.000000000000000472e-02
2.133333333333333470e-01
3.099999999999999978e-01
1.796666666666666856e+00
7.166666666666666741e-01
1.123333333333333295e+00
1.023333333333333206e+00
1.399999999999999856e-01
7.033333333333334769e-01
7.733333333333333171e-01
6.666666666666666574e-02
1.786666666666666847e+00
2.800000000000000266e-01
8.166666666666667629e-01
6.000000000000000472e-02
8.499999999999999778e-01
1.466666666666666674e-01
0.000000000000000000e+00
9.000000000000001055e-02
9.599999999999999645e-01
7.600000000000001199e-01
0.000000000000000000e+00
4.000000000000000083e-02
1.666666666666666574e-01
3.600000000000000422e-01
8.800000000000000044e-01
1.000000000000000021e-02
3.000000000000000236e-02
1.466666666666666674e-01
2.600000000000000089e-01
0.000000000000000000e+00
0.000000000000000000e+00
7.366666666666666918e-01
8.666666666666666963e-02
0.000000000000000000e+00
1.000000000000000021e-02
6.666666666666667095e-03
1.633333333333333304e-01
1.176666666666666750e+00
7.666666666666667462e-02
1.833333333333333481e-01
1.499999999999999944e-01
1.433333333333333404e-01
2.233333333333333559e-01
7.033333333333332549e-01
5.300000000000000266e-01
3.400000000000000244e-01
1.893333333333333313e+00
1.016666666666666607e+00
1.966666666666666841e-01
9.566666666666666652e-01
9.566666666666666652e-01
2.033333333333333381e-01
4.000000000000000083e-02
2.333333333333333093e-02
3.333333333333333547e-03
6.666666666666666574e-02
1.546666666666666856e+00
1.133333333333333276e-01
1.000000000000000021e-02
8.000000000000000167e-02
8.000000000000000167e-02
1.700000000000000122e-01
2.533333333333333548e-01
3.366666666666666696e-01
1.666666666666666644e-02
3.333333333333333287e-02
1.473333333333333384e+00
9.533333333333332549e-01
1.000000000000000021e-02
1.173333333333333339e+00
6.266666666666665941e-01
1.799999999999999656e-01
0.000000000000000000e+00
4.466666666666667118e-01
1.900000000000000300e-01
4.700000000000000289e-01
2.200000000000000178e+00
