4.196666666666666323e+00
1.900000000000000300e-01
2.733333333333333726e-01
4.500000000000000111e-01
1.183333333333333348e+00
1.533333333333333215e-01
1.233333333333333365e-01
1.533333333333333492e-01
1.466666666666666674e-01
5.999999999999999778e-02
9.999999999999999167e-02
2.266666666666666552e-01
3.233333333333333059e-01
2.833333333333333814e-01
8.766666666666665941e-01
1.610000000000000098e+00
1.869999999999999885e+00
1.106666666666666687e+00
3.799999999999999489e-01
2.080000000000000071e+00
1.666666666666666574e-01
6.633333333333333304e-01
2.666666666666666838e-02
1.400000000000000133e-01
7.000000000000000666e-02
5.933333333333332682e-01
6.299999999999998934e-01
1.703333333333333144e+00
5.000000000000000000e-01
6.666666666666666574e-02
1.989999999999999991e+00
2.033333333333333381e-01
4.066666666666666763e-01
9.633333333333332638e-01
3.500000000000000333e-01
1.060000000000000053e+00
2.500000000000000000e-01
3.333333333333333547e-03
1.536666666666666847e+00
0.000000000000000000e+00
1.426666666666666750e+00
0.000000000000000000e+00
4.299999999999999933e-01
4.000000000000000083e-02
2.933333333333332793e-01
1.766666666666666663e-01
3.900000000000000688e-01
9.999999999999999167e-02
2.800000000000000266e-01
1.300000000000000044e-01
9.466666666666666563e-01
1.866666666666666474e-01
2.833333333333333259e-01
5.666666666666666380e-02
1.766666666666666663e-01
2.999999999999999889e-02
2.399999999999999911e-01
1.366666666666666863e-01
5.633333333333333526e-01
2.399999999999999911e-01
5.666666666666666380e-02
1.876666666666666705e+00
1.943333333333333357e+00
2.066666666666666652e-01
1.183333333333333348e+00
1.056666666666666643e+00
5.699999999999999512e-01
1.389999999999999902e+00
7.133333333333333748e-01
1.540000000000000036e+00
6.300000000000000044e-01
3.666666666666666963e-01
3.000000000000000236e-02
1.700000000000000122e-01
2.999999999999999889e-02
6.600000000000000311e-01
4.333333333333333481e-02
1.236666666666666581e+00
9.000000000000001055e-02
9.266666666666667496e-01
5.766666666666666607e-01
7.033333333333334769e-01
1.400000000000000133e+00
7.999999999999999334e-01
5.766666666666666607e-01
9.366666666666666474e-01
5.366666666666667362e-01
1.266666666666666774e-01
3.500000000000000333e-01
0.000000000000000000e+00
5.500000000000000444e-01
0.000000000000000000e+00
1.333333333333333419e-02
6.666666666666666574e-02
9.699999999999998623e-01
1.466666666666666952e-01
3.200000000000000067e-01
1.183333333333333348e+00
5.000000000000000971e-02
2.733333333333333726e-01
1.166666666666666546e-01
8.933333333333334236e-01
3.400000000000000244e-01
1.106666666666666687e+00
9.666666666666667851e-02
1.036666666666666625e+00
3.333333333333333287e-02
9.300000000000000488e-01
2.600000000000000089e-01
1.633333333333333304e-01
3.600000000000000422e-01
3.133333333333332971e-01
1.236666666666666581e+00
4.166666666666666852e-01
2.033333333333333381e-01
7.033333333333334769e-01
4.366666666666667029e-01
1.743333333333333401e+00
1.566666666666666652e+00
