5.333333333333333259e-01
1.643333333333333535e+00
7.966666666666667451e-01
1.666666666666666644e-02
0.000000000000000000e+00
1.000000000000000021e-02
4.000000000000000083e-02
1.099999999999999867e-01
3.433333333333333237e-01
2.566666666666666541e-01
6.933333333333333570e-01
3.566666666666666874e-01
8.333333333333332871e-02
0.000000000000000000e+00
8.966666666666666119e-01
1.476666666666666572e+00
2.000000000000000389e-01
0.000000000000000000e+00
6.400000000000000133e-01
1.143333333333333313e+00
1.666666666666666644e-02
1.066666666666666735e-01
3.000000000000000236e-02
4.599999999999999645e-01
9.000000000000001055e-02
2.200000000000000011e-01
1.440000000000000169e+00
6.933333333333333570e-01
6.933333333333333570e-01
1.126666666666666705e+00
1.499999999999999944e-01
2.800000000000000266e-01
6.733333333333333393e-01
1.003333333333333188e+00
5.833333333333333703e-01
0.000000000000000000e+00
6.666666666666667095e-03
9.666666666666667851e-02
3.133333333333333526e-01
2.999999999999999889e-02
3.366666666666666696e-01
1.719999999999999973e+00
4.666666666666666879e-02
6.166666666666666963e-01
0.000000000000000000e+00
0.000000000000000000e+00
1.000000000000000021e-02
3.666666666666667379e-02
1.673333333333333561e+00
5.733333333333332504e-01
3.300000000000000155e-01
3.500000000000000333e-01
1.969999999999999973e+00
0.000000000000000000e+00
1.566666666666666763e-01
6.666666666666666574e-02
8.666666666666666963e-02
0.000000000000000000e+00
2.666666666666666838e-02
2.500000000000000000e-01
2.666666666666666838e-02
6.666666666666667095e-03
1.889999999999999902e+00
1.559999999999999831e+00
1.100000000000000006e-01
2.566666666666666541e-01
7.666666666666667462e-02
1.333333333333333419e-02
3.333333333333333547e-03
2.799999999999999711e-01
2.000000000000000042e-02
3.666666666666667379e-02
2.399999999999999911e-01
7.333333333333333370e-02
1.666666666666666574e-01
6.033333333333333881e-01
1.966666666666666563e-01
8.333333333333332871e-02
5.333333333333333259e-01
9.000000000000001055e-02
9.566666666666666652e-01
2.333333333333333093e-02
0.000000000000000000e+00
1.266666666666666774e-01
1.316666666666666652e+00
1.329999999999999849e+00
6.000000000000000472e-02
3.666666666666667379e-02
9.000000000000001055e-02
4.666666666666666879e-02
5.999999999999999778e-02
2.533333333333333548e-01
1.199999999999999956e-01
1.146666666666666723e+00
1.429999999999999938e+00
1.266666666666666774e-01
1.199999999999999956e-01
5.000000000000000971e-02
5.633333333333333526e-01
7.000000000000000666e-02
0.000000000000000000e+00
0.000000000000000000e+00
2.500000000000000000e-01
0.000000000000000000e+00
0.000000000000000000e+00
0.000000000000000000e+00
0.000000000000000000e+00
2.999999999999999889e-02
0.000000000000000000e+00
0.000000000000000000e+00
3.333333333333333547e-03
3.333333333333333287e-02
0.000000000000000000e+00
2.666666666666666838e-02
3.900000000000000688e-01
0.000000000000000000e+00
6.666666666666667095e-03
7.000000000000000666e-02
0.000000000000000000e+00
2.000000000000000042e-02
3.333333333333333287e-02
4.333333333333333481e-02
1.233333333333333504e-01
8.933333333333332016e-01
7.766666666666667274e-01
2.099999999999999922e-01
1.346666666666666679e+00
1.163333333333333330e+00
1.863333333333333286e+00
7.666666666666667185e-01
1.623333333333333295e+00
1.676666666666666528e+00
2.600000000000000089e-01
7.333333333333333370e-02
2.333333333333333440e-02
2.133333333333333470e-01
1.366666666666666863e-01
0.000000000000000000e+00
3.733333333333333504e-01
9.333333333333333759e-02
3.899999999999999578e-01
8.000000000000000167e-02
1.000000000000000021e-02
0.000000000000000000e+00
2.000000000000000042e-02
0.000000000000000000e+00
1.000000000000000021e-02
0.000000000000000000e+00
3.366666666666666696e-01
2.046666666666666412e+00
1.866666666666666752e-01
0.000000000000000000e+00
8.066666666666666430e-01
6.933333333333333570e-01
1.000000000000000021e-02
3.333333333333333547e-03
9.666666666666667851e-02
8.333333333333332871e-02
0.000000000000000000e+00
5.566666666666666430e-01
1.366666666666666863e-01
3.666666666666666685e-02
1.666666666666666644e-02
6.666666666666667095e-03
9.633333333333333748e-01
1.099999999999999867e-01
6.666666666666667095e-03
0.000000000000000000e+00
1.433333333333333404e-01
2.366666666666666641e-01
2.066666666666666652e-01
4.333333333333332926e-01
2.133333333333333470e-01
1.833333333333333481e-01
1.300000000000000044e-01
1.093333333333333268e+00
1.300000000000000044e-01
0.000000000000000000e+00
2.333333333333333440e-02
4.666666666666666879e-02
1.466666666666666674e-01
6.666666666666666574e-02
1.000000000000000021e-02
2.900000000000000355e-01
1.466666666666666952e-01
3.666666666666667379e-02
9.333333333333332371e-02
1.200000000000000094e-01
2.163333333333333552e+00
6.199999999999999956e-01
6.666666666666667095e-03
1.133333333333333276e-01
2.866666666666666807e-01
2.333333333333333648e-01
6.666666666666667095e-03
4.399999999999999467e-01
0.000000000000000000e+00
1.000000000000000021e-02
1.000000000000000021e-02
6.666666666666667095e-03
1.133333333333333415e-01
3.333333333333333547e-03
1.233333333333333365e-01
2.600000000000000089e-01
1.399999999999999856e-01
2.099999999999999922e-01
1.066666666666666735e-01
3.333333333333333547e-03
1.300000000000000044e-01
1.000000000000000021e-02
6.000000000000000472e-02
2.333333333333333440e-02
2.833333333333333259e-01
1.073333333333333250e+00
2.033333333333333381e-01
3.333333333333333287e-02
6.666666666666666574e-02
2.200000000000000011e-01
4.766666666666667385e-01
5.999999999999999778e-02
7.933333333333333348e-01
8.866666666666667140e-01
3.666666666666666685e-02
6.666666666666667095e-03
5.033333333333332993e-01
0.000000000000000000e+00
1.000000000000000021e-02
7.000000000000000666e-02
7.666666666666667462e-02
1.166666666666666824e-01
1.146666666666666723e+00
1.033333333333333326e-01
7.666666666666666075e-02
3.333333333333333547e-03
9.666666666666666463e-02
5.400000000000000355e-01
4.733333333333333282e-01
9.000000000000001055e-02
2.466666666666666730e-01
4.000000000000000083e-02
5.333333333333333676e-02
1.553333333333333455e+00
6.666666666666667095e-03
1.000000000000000021e-02
2.299999999999999822e-01
3.766666666666666496e-01
3.666666666666666685e-02
8.333333333333332871e-02
0.000000000000000000e+00
6.333333333333333870e-02
6.666666666666667095e-03
0.000000000000000000e+00
0.000000000000000000e+00
5.666666666666666380e-02
2.999999999999999889e-02
2.666666666666666838e-02
3.333333333333333287e-02
3.899999999999999578e-01
9.333333333333332371e-01
1.046666666666666634e+00
1.633333333333333304e-01
1.300000000000000044e-01
1.676666666666666528e+00
1.063333333333333242e+00
6.266666666666665941e-01
4.066666666666666763e-01
2.333333333333333440e-02
7.666666666666666075e-02
3.600000000000000422e-01
1.966666666666666563e-01
8.499999999999999778e-01
1.833333333333333204e-01
5.666666666666667074e-02
2.999999999999999889e-02
2.000000000000000042e-02
6.666666666666667095e-03
1.033333333333333326e-01
5.399999999999999245e-01
6.000000000000000472e-02
0.000000000000000000e+00
1.533333333333333215e-01
9.000000000000001055e-02
5.999999999999999778e-02
2.253333333333333410e+00
1.966666666666666563e-01
2.000000000000000042e-02
3.500000000000000333e-01
2.933333333333332793e-01
1.966666666666666785e+00
3.333333333333333547e-03
0.000000000000000000e+00
1.036666666666666625e+00
6.733333333333333393e-01
1.000000000000000021e-02
0.000000000000000000e+00
2.566666666666666541e-01
4.033333333333333215e-01
3.333333333333333287e-02
1.399999999999999856e-01
1.209999999999999964e+00
1.166666666666666546e-01
1.040000000000000036e+00
1.243333333333333401e+00
1.870000000000000107e+00
1.199999999999999956e+00
0.000000000000000000e+00
0.000000000000000000e+00
2.000000000000000042e-02
1.100000000000000006e-01
6.666666666666666574e-02
8.933333333333332016e-01
6.400000000000000133e-01
6.933333333333333570e-01
2.566666666666666541e-01
1.199999999999999956e-01
0.000000000000000000e+00
9.599999999999999645e-01
8.666666666666666963e-01
5.666666666666667074e-02
0.000000000000000000e+00
3.733333333333333504e-01
6.666666666666666297e-01
6.999999999999999278e-02
5.000000000000000971e-02
5.999999999999999778e-02
1.166666666666666546e-01
7.000000000000000666e-02
1.933333333333333293e-01
8.766666666666665941e-01
1.263333333333333419e+00
1.199999999999999956e+00
1.376666666666666705e+00
6.199999999999999956e-01
5.133333333333333082e-01
6.833333333333332371e-01
1.133333333333333526e+00
6.199999999999999956e-01
1.666666666666666644e-02
0.000000000000000000e+00
2.333333333333333093e-02
4.266666666666666941e-01
4.000000000000000083e-02
3.300000000000000155e-01
7.200000000000000844e-01
1.066666666666666735e-01
3.433333333333333237e-01
0.000000000000000000e+00
0.000000000000000000e+00
0.000000000000000000e+00
2.333333333333333440e-02
6.833333333333332371e-01
1.933333333333333293e-01
4.333333333333332926e-01
7.000000000000000666e-02
8.466666666666666785e-01
7.666666666666667462e-02
3.633333333333332860e-01
8.333333333333332871e-02
6.000000000000000472e-02
3.333333333333333547e-03
7.666666666666666075e-02
1.700000000000000122e-01
1.333333333333333419e-02
4.000000000000000083e-02
8.466666666666666785e-01
1.790000000000000036e+00
1.600000000000000033e-01
4.400000000000000022e-01
0.000000000000000000e+00
0.000000000000000000e+00
0.000000000000000000e+00
1.166666666666666546e-01
4.333333333333333481e-02
1.000000000000000021e-02
3.800000000000000600e-01
1.633333333333333304e-01
1.766666666666666663e-01
6.633333333333333304e-01
1.600000000000000033e-01
1.833333333333333481e-01
6.266666666666667052e-01
3.533333333333333326e-01
9.766666666666665719e-01
4.166666666666666852e-01
2.600000000000000089e-01
2.766666666666666718e-01
1.669999999999999929e+00
2.456666666666666554e+00
1.566666666666666485e-01
6.000000000000000472e-02
1.033333333333333326e-01
9.666666666666667851e-02
1.133333333333333415e-01
1.366666666666666585e-01
0.000000000000000000e+00
4.166666666666666852e-01
1.559999999999999831e+00
1.133333333333333415e-01
1.600000000000000033e-01
3.666666666666666685e-02
4.899999999999999911e-01
1.666666666666666644e-02
6.666666666666667095e-03
0.000000000000000000e+00
8.333333333333332871e-02
1.333333333333333419e-02
3.333333333333333547e-03
0.000000000000000000e+00
0.000000000000000000e+00
2.666666666666666838e-02
0.000000000000000000e+00
3.333333333333333547e-03
0.000000000000000000e+00
0.000000000000000000e+00
3.333333333333333547e-03
2.933333333333333348e-01
2.433333333333333182e-01
3.333333333333333287e-02
0.000000000000000000e+00
3.666666666666667379e-02
6.666666666666667095e-03
0.000000000000000000e+00
1.033333333333333326e-01
2.233333333333333559e-01
2.333333333333333440e-02
8.366666666666665586e-01
9.933333333333335124e-01
1.166666666666666546e-01
1.586666666666666892e+00
7.999999999999999334e-01
1.326666666666666883e+00
1.276666666666666616e+00
2.036666666666666625e+00
2.116666666666666696e+00
4.533333333333333104e-01
5.333333333333333259e-01
7.666666666666666075e-02
3.866666666666667140e-01
6.400000000000000133e-01
3.333333333333333287e-02
5.066666666666667096e-01
2.000000000000000389e-01
3.933333333333333681e-01
5.666666666666667074e-02
3.333333333333333287e-02
1.666666666666666644e-02
4.066666666666666763e-01
1.166666666666666546e-01
1.000000000000000021e-02
1.633333333333333581e-01
1.700000000000000122e-01
8.666666666666666963e-01
5.666666666666666380e-02
7.000000000000000666e-02
4.733333333333333282e-01
2.666666666666666838e-02
3.666666666666666685e-02
0.000000000000000000e+00
1.399999999999999856e-01
2.933333333333333348e-01
0.000000000000000000e+00
2.399999999999999911e-01
4.666666666666666879e-02
3.333333333333333547e-03
8.333333333333332871e-02
1.000000000000000021e-02
1.070000000000000062e+00
1.366666666666666585e-01
6.666666666666666574e-02
0.000000000000000000e+00
9.000000000000001055e-02
2.733333333333333726e-01
1.566666666666666485e-01
3.133333333333333526e-01
4.133333333333332749e-01
2.366666666666666641e-01
1.866666666666666752e-01
9.766666666666666829e-01
2.799999999999999711e-01
1.666666666666666644e-02
2.000000000000000042e-02
7.666666666666667462e-02
1.966666666666666841e-01
1.000000000000000021e-02
1.300000000000000044e-01
1.600000000000000033e-01
1.433333333333333404e-01
3.666666666666666685e-02
4.666666666666666879e-02
2.266666666666666552e-01
1.696666666666666545e+00
9.166666666666666297e-01
2.999999999999999889e-02
2.999999999999999889e-01
1.566666666666666485e-01
2.299999999999999822e-01
6.666666666666667095e-03
1.966666666666666563e-01
0.000000000000000000e+00
2.666666666666666838e-02
4.000000000000000083e-02
1.666666666666666644e-02
2.233333333333333004e-01
7.333333333333334758e-02
7.966666666666667451e-01
2.133333333333333470e-01
1.199999999999999956e-01
4.666666666666666879e-02
1.266666666666666774e-01
4.000000000000000083e-02
1.499999999999999944e-01
4.000000000000000083e-02
6.666666666666666574e-02
9.333333333333333759e-02
1.933333333333333293e-01
2.699999999999999623e-01
9.999999999999999167e-02
1.099999999999999867e-01
1.466666666666666674e-01
1.666666666666666574e-01
4.133333333333333304e-01
2.633333333333333637e-01
6.066666666666666874e-01
1.339999999999999858e+00
7.000000000000000666e-02
8.000000000000000167e-02
5.300000000000000266e-01
6.666666666666667095e-03
3.333333333333333547e-03
1.300000000000000044e-01
1.700000000000000122e-01
2.200000000000000011e-01
1.589999999999999858e+00
3.333333333333333287e-02
2.000000000000000042e-02
3.333333333333333547e-03
8.000000000000000167e-02
3.066666666666666985e-01
7.200000000000000844e-01
8.000000000000000167e-02
0.000000000000000000e+00
0.000000000000000000e+00
7.000000000000000666e-02
5.699999999999999512e-01
1.333333333333333419e-02
1.666666666666666644e-02
2.933333333333333348e-01
1.266666666666666774e-01
6.333333333333333870e-02
1.733333333333333393e-01
1.333333333333333419e-02
1.300000000000000044e-01
0.000000000000000000e+00
0.000000000000000000e+00
3.333333333333333547e-03
1.000000000000000194e-01
1.899999999999999745e-01
2.299999999999999822e-01
1.026666666666666616e+00
3.600000000000000422e-01
1.356666666666666687e+00
1.883333333333333526e+00
2.800000000000000266e-01
1.966666666666666563e-01
2.020000000000000018e+00
1.596666666666666679e+00
1.173333333333333339e+00
6.666666666666666574e-02
5.333333333333333676e-02
1.033333333333333326e-01
1.713333333333333153e+00
2.833333333333332704e-01
1.113333333333333286e+00
2.266666666666666829e-01
0.000000000000000000e+00
0.000000000000000000e+00
0.000000000000000000e+00
0.000000000000000000e+00
3.333333333333333547e-03
7.866666666666666252e-01
4.333333333333333481e-02
2.666666666666666838e-02
3.833333333333333037e-01
1.666666666666666644e-02
0.000000000000000000e+00
2.396666666666666945e+00
3.233333333333333059e-01
2.000000000000000042e-02
9.000000000000001055e-02
3.466666666666666785e-01
2.413333333333333552e+00
1.666666666666666644e-02
6.666666666666667095e-03
7.099999999999999645e-01
5.733333333333333615e-01
1.333333333333333419e-02
0.000000000000000000e+00
2.199999999999999734e-01
9.333333333333332371e-02
0.000000000000000000e+00
2.233333333333333004e-01
1.510000000000000009e+00
1.133333333333333276e-01
1.863333333333333286e+00
