3.366666666666666696e-01
1.533333333333333215e-01
1.046666666666666634e+00
4.333333333333333481e-02
5.800000000000000711e-01
3.333333333333333547e-03
1.000000000000000194e-01
0.000000000000000000e+00
5.699999999999999512e-01
5.333333333333333676e-02
1.733333333333333393e-01
1.316666666666666652e+00
5.166666666666667185e-01
7.333333333333333370e-02
7.000000000000000666e-02
4.000000000000000083e-02
5.566666666666667540e-01
0.000000000000000000e+00
8.666666666666666963e-02
2.000000000000000042e-02
4.666666666666666186e-02
1.666666666666666644e-02
1.366666666666666585e-01
1.833333333333333481e-01
1.999999999999999833e-01
4.666666666666666879e-02
5.266666666666667274e-01
1.633333333333333304e-01
3.033333333333332882e-01
0.000000000000000000e+00
2.833333333333333814e-01
0.000000000000000000e+00
1.999999999999999833e-01
5.499999999999999334e-01
2.299999999999999822e-01
4.666666666666666879e-02
2.466666666666666730e-01
1.133333333333333415e-01
1.703333333333333366e+00
4.066666666666666763e-01
2.699999999999999623e-01
2.390000000000000124e+00
1.036666666666666625e+00
3.666666666666667379e-02
2.299999999999999822e-01
1.133333333333333276e-01
1.063333333333333242e+00
6.666666666666667095e-03
3.133333333333332971e-01
1.000000000000000021e-02
1.000000000000000194e-01
1.566666666666666763e-01
1.713333333333333153e+00
7.799999999999999156e-01
1.633333333333333304e-01
2.666666666666666838e-02
4.933333333333333459e-01
6.666666666666667095e-03
4.333333333333333481e-02
3.333333333333333547e-03
9.666666666666666463e-02
3.333333333333333547e-03
1.666666666666666644e-02
4.000000000000000083e-02
2.200000000000000011e-01
3.433333333333333237e-01
7.333333333333333370e-02
2.299999999999999822e-01
8.000000000000000167e-02
1.100000000000000006e-01
8.666666666666666963e-02
1.266666666666666774e-01
3.666666666666667379e-02
3.333333333333333287e-02
9.633333333333332638e-01
4.633333333333333748e-01
4.999999999999999584e-02
9.700000000000000844e-01
1.166666666666666824e-01
0.000000000000000000e+00
8.333333333333332871e-02
5.733333333333333615e-01
1.199999999999999956e-01
1.566666666666666485e-01
1.366666666666666863e-01
2.999999999999999889e-02
1.123333333333333295e+00
1.600000000000000033e-01
9.766666666666666829e-01
3.333333333333333287e-02
3.300000000000000155e-01
6.666666666666667095e-03
1.800000000000000211e-01
7.666666666666667462e-02
5.000000000000000971e-02
1.086666666666666670e+00
8.933333333333332016e-01
1.366666666666666863e-01
2.966666666666666896e-01
4.199999999999999845e-01
1.966666666666666563e-01
3.933333333333333681e-01
6.733333333333333393e-01
6.033333333333333881e-01
7.666666666666667462e-02
4.233333333333333393e-01
1.290000000000000036e+00
5.466666666666667451e-01
7.666666666666667462e-02
2.133333333333333470e-01
1.133333333333333304e+00
6.400000000000000133e-01
2.666666666666666838e-02
1.099999999999999867e-01
6.366666666666667140e-01
0.000000000000000000e+00
1.000000000000000021e-02
6.666666666666666574e-02
7.000000000000000666e-02
2.000000000000000042e-02
1.000000000000000021e-02
1.159999999999999920e+00
2.333333333333333440e-02
2.999999999999999889e-02
2.333333333333333440e-02
5.666666666666667629e-01
3.333333333333333287e-02
6.233333333333332948e-01
9.666666666666666463e-02
8.333333333333332871e-02
2.600000000000000089e-01
2.900000000000000355e-01
6.666666666666666574e-02
1.333333333333333315e-01
5.666666666666666380e-02
1.766666666666666663e-01
7.566666666666667096e-01
7.700000000000000178e-01
2.333333333333333440e-02
2.000000000000000042e-02
2.133333333333333470e-01
2.266666666666666552e-01
3.133333333333333526e-01
1.629999999999999893e+00
8.333333333333332871e-02
6.666666666666666574e-02
7.666666666666667462e-02
1.643333333333333313e+00
4.666666666666666879e-02
1.223333333333333384e+00
2.633333333333333637e-01
6.333333333333333870e-02
9.466666666666666563e-01
3.066666666666666430e-01
5.666666666666667074e-02
2.399999999999999911e-01
1.979999999999999760e+00
