8.666666666666665853e-01
5.133333333333333082e-01
2.133333333333333470e-01
1.033333333333333326e-01
2.266666666666666552e-01
2.999999999999999889e-02
0.000000000000000000e+00
1.933333333333333293e-01
6.666666666666667095e-03
1.800000000000000211e-01
1.999999999999999833e-01
3.339999999999999858e+00
1.933333333333333293e-01
5.666666666666667074e-02
1.366666666666666863e-01
7.666666666666666075e-02
1.199999999999999956e-01
1.966666666666666841e-01
1.666666666666666574e-01
1.313333333333333464e+00
7.733333333333333171e-01
9.266666666666667496e-01
1.396666666666666723e+00
3.600000000000000422e-01
5.766666666666666607e-01
4.933333333333333459e-01
7.466666666666667007e-01
3.833333333333333037e-01
5.300000000000000266e-01
2.533333333333333548e-01
3.533333333333333326e-01
2.600000000000000089e-01
6.000000000000000888e-01
0.000000000000000000e+00
7.833333333333333259e-01
3.333333333333333287e-02
1.700000000000000122e-01
1.613333333333333286e+00
1.066666666666666652e+00
4.666666666666666879e-02
4.099999999999999756e-01
1.833333333333333481e-01
2.533333333333333548e-01
3.066666666666666430e-01
5.066666666666667096e-01
1.063333333333333242e+00
1.050000000000000044e+00
6.899999999999999467e-01
5.466666666666667451e-01
2.099999999999999922e-01
2.733333333333333726e-01
4.433333333333333015e-01
7.166666666666666741e-01
9.400000000000000577e-01
2.600000000000000089e-01
1.056666666666666865e+00
2.166666666666666741e-01
1.206666666666666776e+00
1.666666666666666644e-02
8.000000000000000167e-02
4.333333333333333481e-02
1.179999999999999938e+00
6.666666666666666574e-02
9.333333333333333759e-02
2.163333333333333552e+00
1.700000000000000122e-01
4.433333333333333570e-01
5.600000000000000533e-01
8.666666666666666963e-02
9.000000000000001055e-02
8.333333333333332871e-02
2.233333333333333004e-01
1.766666666666666663e-01
8.333333333333332871e-02
4.366666666666667029e-01
3.000000000000000236e-02
2.200000000000000011e-01
4.349999999999999645e+00
