7.000000000000000666e-01
2.833333333333333814e-01
3.300000000000000155e-01
1.866666666666666752e-01
5.999999999999999778e-02
1.666666666666666644e-02
5.133333333333333082e-01
4.733333333333333282e-01
3.333333333333333287e-02
5.999999999999999778e-02
7.666666666666667462e-02
8.333333333333333703e-01
0.000000000000000000e+00
5.066666666666667096e-01
1.300000000000000044e-01
1.866666666666666752e-01
9.000000000000001055e-02
1.666666666666666574e-01
2.600000000000000089e-01
2.500000000000000000e-01
1.266666666666666774e-01
1.333333333333333315e-01
2.533333333333333548e-01
7.666666666666667462e-02
0.000000000000000000e+00
1.000000000000000021e-02
2.566666666666666541e-01
9.333333333333333759e-02
0.000000000000000000e+00
6.666666666666667095e-03
7.333333333333333370e-02
0.000000000000000000e+00
0.000000000000000000e+00
0.000000000000000000e+00
1.533333333333333492e-01
2.000000000000000042e-02
3.666666666666666685e-02
1.666666666666666644e-02
2.333333333333333093e-01
9.333333333333333759e-02
1.266666666666666774e-01
1.600000000000000033e-01
1.410000000000000142e+00
1.000000000000000194e-01
6.333333333333333870e-02
9.666666666666667851e-02
1.300000000000000044e-01
4.000000000000000083e-02
1.066666666666666735e-01
1.500000000000000222e-01
2.666666666666666838e-02
6.400000000000000133e-01
9.933333333333335124e-01
8.333333333333332871e-02
1.033333333333333326e-01
3.333333333333333547e-03
1.999999999999999833e-01
4.999999999999999584e-02
1.199999999999999956e-01
4.000000000000000083e-02
1.000000000000000021e-02
4.666666666666666879e-02
6.933333333333333570e-01
0.000000000000000000e+00
3.066666666666666430e-01
1.466666666666666674e-01
9.666666666666667851e-02
0.000000000000000000e+00
1.300000000000000044e-01
4.400000000000000022e-01
2.333333333333333093e-01
0.000000000000000000e+00
5.666666666666667074e-02
1.266666666666666774e-01
1.739999999999999991e+00
7.666666666666666075e-02
1.533333333333333215e-01
2.000000000000000042e-02
2.066666666666666652e-01
2.000000000000000042e-02
4.000000000000000083e-02
3.066666666666666985e-01
6.833333333333332371e-01
1.366666666666666863e-01
1.633333333333333304e-01
2.000000000000000042e-02
0.000000000000000000e+00
2.200000000000000011e-01
2.000000000000000042e-02
0.000000000000000000e+00
0.000000000000000000e+00
1.499999999999999944e-01
2.233333333333333559e-01
0.000000000000000000e+00
3.666666666666667379e-02
1.333333333333333315e-01
6.500000000000000222e-01
2.333333333333333093e-02
2.099999999999999922e-01
4.500000000000000111e-01
4.133333333333333304e-01
2.376666666666666483e+00
