9.133333333333334414e-01
3.633333333333332860e-01
1.833333333333333481e-01
2.999999999999999889e-01
2.566666666666666541e-01
1.106666666666666687e+00
2.066666666666666929e-01
2.800000000000000266e-01
5.366666666666666252e-01
2.366666666666666641e-01
5.200000000000000178e-01
1.303333333333333455e+00
1.266666666666666774e-01
8.933333333333334236e-01
6.333333333333333870e-02
3.066666666666666430e-01
0.000000000000000000e+00
6.666666666666666574e-02
1.266666666666666774e-01
1.966666666666666563e-01
4.566666666666666097e-01
0.000000000000000000e+00
1.666666666666666644e-02
1.190000000000000169e+00
3.333333333333333287e-02
9.000000000000001055e-02
6.333333333333333870e-02
4.366666666666667029e-01
1.290000000000000036e+00
4.000000000000000083e-02
2.333333333333333093e-01
3.666666666666667379e-02
1.600000000000000033e-01
4.566666666666667207e-01
3.333333333333333148e-01
0.000000000000000000e+00
2.333333333333333093e-02
1.429999999999999938e+00
3.300000000000000155e-01
3.099999999999999978e-01
2.966666666666666341e-01
2.666666666666666838e-02
1.999999999999999833e-01
1.000000000000000021e-02
1.633333333333333304e-01
5.999999999999999778e-02
3.799999999999999489e-01
3.133333333333332971e-01
7.366666666666666918e-01
3.133333333333332971e-01
2.833333333333333814e-01
1.366666666666666863e-01
8.333333333333332871e-02
1.466666666666666397e-01
9.000000000000001055e-02
2.999999999999999889e-02
3.333333333333333287e-02
1.100000000000000006e-01
0.000000000000000000e+00
2.166666666666666741e-01
1.333333333333333419e-02
4.666666666666666879e-02
1.666666666666666644e-02
3.166666666666666519e-01
4.599999999999999645e-01
5.766666666666666607e-01
8.233333333333333615e-01
1.633333333333333304e-01
1.333333333333333419e-02
3.466666666666666785e-01
7.400000000000001021e-01
0.000000000000000000e+00
5.600000000000000533e-01
6.066666666666666874e-01
6.000000000000000472e-02
4.000000000000000083e-02
1.633333333333333304e-01
3.366666666666666696e-01
1.023333333333333206e+00
3.233333333333333059e-01
1.003333333333333410e+00
6.066666666666665764e-01
4.299999999999999933e-01
5.666666666666667629e-01
1.169999999999999929e+00
2.673333333333333339e+00
