1.733333333333333393e-01
1.630000000000000115e+00
4.633333333333333193e-01
1.510000000000000009e+00
1.073333333333333472e+00
5.733333333333333615e-01
6.633333333333333304e-01
2.966666666666666896e-01
3.733333333333333504e-01
1.063333333333333464e+00
4.833333333333333370e-01
7.666666666666666075e-02
1.146666666666666723e+00
7.700000000000000178e-01
4.933333333333333459e-01
4.333333333333333481e-02
1.733333333333333393e-01
7.666666666666666075e-02
6.666666666666667095e-03
3.166666666666666519e-01
1.106666666666666687e+00
3.033333333333332882e-01
2.666666666666666838e-02
7.066666666666666652e-01
1.366666666666666474e+00
3.766666666666666496e-01
1.176666666666666528e+00
3.033333333333333437e-01
1.233333333333333365e-01
8.000000000000000167e-02
5.133333333333333082e-01
6.133333333333332860e-01
2.033333333333333381e-01
7.666666666666667462e-02
4.333333333333333481e-02
8.833333333333334147e-01
3.300000000000000155e-01
9.466666666666666563e-01
1.666666666666666644e-02
2.566666666666666541e-01
3.899999999999999578e-01
5.400000000000000355e-01
5.033333333333332993e-01
6.199999999999999956e-01
1.406666666666666954e+00
9.133333333333334414e-01
1.566666666666666652e+00
1.526666666666666616e+00
1.266666666666666607e+00
8.066666666666666430e-01
4.366666666666667029e-01
5.933333333333332682e-01
3.666666666666666963e-01
1.196666666666666545e+00
5.466666666666667451e-01
1.143333333333333313e+00
2.180000000000000160e+00
4.700000000000000289e-01
1.503333333333333188e+00
1.213333333333333597e+00
