7.099999999999999645e-01
5.300000000000000266e-01
2.366666666666666641e-01
9.466666666666666563e-01
4.999999999999999584e-02
2.966666666666666341e-01
2.233333333333333004e-01
1.966666666666666785e+00
1.333333333333333315e-01
1.666666666666666644e-02
2.000000000000000042e-02
1.633333333333333304e-01
5.566666666666666430e-01
2.899999999999999800e-01
2.366666666666666641e-01
3.433333333333333237e-01
0.000000000000000000e+00
7.033333333333332549e-01
1.833333333333333481e-01
0.000000000000000000e+00
7.000000000000000666e-02
7.500000000000000000e-01
4.000000000000000083e-02
0.000000000000000000e+00
1.266666666666666774e-01
5.000000000000000971e-02
0.000000000000000000e+00
6.666666666666667095e-03
1.000000000000000194e-01
4.000000000000000083e-02
1.133333333333333276e-01
2.333333333333333440e-02
1.000000000000000021e-02
1.666666666666666574e-01
3.833333333333333037e-01
2.033333333333333381e-01
5.100000000000000089e-01
5.566666666666667540e-01
1.300000000000000044e-01
4.966666666666666452e-01
6.800000000000000488e-01
3.666666666666667379e-02
3.466666666666666785e-01
1.666666666666666574e-01
7.666666666666667462e-02
3.333333333333333547e-03
1.193333333333333357e+00
2.800000000000000266e-01
3.333333333333333547e-03
1.733333333333333393e-01
5.933333333333333792e-01
4.333333333333333481e-02
2.999999999999999889e-02
4.566666666666667207e-01
8.766666666666665941e-01
2.466666666666666730e-01
5.066666666666667096e-01
1.410000000000000142e+00
2.266666666666666552e-01
6.999999999999998446e-01
1.176666666666666750e+00
3.233333333333333059e-01
1.666666666666666574e-01
2.633333333333333637e-01
2.900000000000000355e-01
1.233333333333333365e-01
1.600000000000000033e-01
1.733333333333333393e-01
6.666666666666666574e-02
6.666666666666667095e-03
2.000000000000000042e-02
1.766666666666666663e-01
7.666666666666667462e-02
3.333333333333333547e-03
0.000000000000000000e+00
3.333333333333333287e-02
8.666666666666666963e-02
1.000000000000000021e-02
0.000000000000000000e+00
1.083333333333333259e+00
1.366666666666666863e-01
0.000000000000000000e+00
0.000000000000000000e+00
1.166666666666666546e-01
8.033333333333333437e-01
1.290000000000000036e+00
4.333333333333333481e-01
3.833333333333333037e-01
4.566666666666667207e-01
4.066666666666666763e-01
2.200000000000000011e-01
2.666666666666666838e-02
1.433333333333333404e-01
4.599999999999999645e-01
1.333333333333333419e-02
3.499999999999999223e-01
1.000000000000000021e-02
0.000000000000000000e+00
1.966666666666666563e-01
8.699999999999999956e-01
0.000000000000000000e+00
0.000000000000000000e+00
2.800000000000000266e-01
3.666666666666667379e-02
0.000000000000000000e+00
5.999999999999999778e-02
2.233333333333333004e-01
1.266666666666666774e-01
6.999999999999999278e-02
2.000000000000000042e-02
1.199999999999999956e-01
1.600000000000000033e-01
1.600000000000000033e-01
1.300000000000000044e-01
5.666666666666666380e-02
1.833333333333333481e-01
3.433333333333333237e-01
3.333333333333333547e-03
2.333333333333333093e-02
1.163333333333333330e+00
3.333333333333333547e-03
5.000000000000000000e-01
2.666666666666666838e-02
1.666666666666666644e-02
1.333333333333333419e-02
3.333333333333333287e-02
2.000000000000000042e-02
2.999999999999999889e-02
0.000000000000000000e+00
1.000000000000000021e-02
4.999999999999999584e-02
5.999999999999999778e-02
4.999999999999999584e-02
5.000000000000000000e-01
1.826666666666666883e+00
1.066666666666666735e-01
4.299999999999999933e-01
2.083333333333333481e+00
