1.403333333333333321e+00
6.566666666666666208e-01
2.323333333333333250e+00
1.783333333333333437e+00
4.899999999999999911e-01
3.666666666666667379e-02
6.466666666666666119e-01
3.133333333333332971e-01
2.266666666666666829e-01
1.823333333333333472e+00
4.000000000000000083e-02
8.666666666666666963e-02
7.333333333333333370e-02
1.766666666666666663e-01
1.166666666666666546e-01
1.766666666666666663e-01
3.300000000000000155e-01
8.466666666666666785e-01
8.166666666666667629e-01
1.493333333333333401e+00
