8.699999999999999956e-01
1.103333333333333277e+00
4.466666666666667118e-01
1.233333333333333365e-01
1.410000000000000142e+00
4.633333333333333193e-01
1.143333333333333313e+00
5.666666666666666380e-02
4.333333333333333481e-02
1.400000000000000133e-01
5.666666666666666380e-02
1.899999999999999745e-01
7.333333333333334758e-02
2.233333333333333004e-01
2.766666666666666718e-01
3.866666666666667140e-01
2.333333333333333648e-01
4.733333333333333282e-01
2.600000000000000089e-01
1.800000000000000211e-01
9.666666666666667851e-02
3.133333333333333526e-01
1.166666666666666546e-01
1.433333333333333126e-01
9.000000000000001055e-02
7.266666666666665719e-01
2.099999999999999922e-01
2.033333333333333381e-01
1.533333333333333492e-01
1.126666666666666705e+00
6.633333333333334414e-01
1.100000000000000006e-01
2.833333333333333814e-01
1.546666666666666856e+00
1.066666666666666735e-01
5.799999999999999600e-01
1.433333333333333404e-01
8.633333333333332860e-01
1.000000000000000021e-02
1.166666666666666546e-01
7.733333333333333171e-01
3.166666666666667074e-01
3.333333333333333287e-02
6.666666666666666574e-02
7.099999999999999645e-01
2.000000000000000042e-02
0.000000000000000000e+00
4.333333333333332926e-01
1.466666666666666952e-01
3.666666666666666685e-02
4.199999999999999845e-01
1.253333333333333188e+00
5.800000000000000711e-01
2.333333333333333440e-02
2.999999999999999889e-02
3.133333333333333526e-01
2.333333333333333440e-02
0.000000000000000000e+00
0.000000000000000000e+00
1.013333333333333419e+00
1.000000000000000021e-02
5.666666666666667629e-01
5.833333333333333703e-01
6.333333333333333870e-02
2.000000000000000042e-02
2.566666666666666541e-01
2.866666666666666807e-01
8.333333333333332871e-02
3.666666666666667379e-02
9.000000000000001055e-02
7.033333333333332549e-01
1.160000000000000142e+00
2.099999999999999922e-01
1.866666666666666752e-01
7.400000000000001021e-01
4.133333333333332749e-01
1.300000000000000044e-01
1.520000000000000240e+00
1.000000000000000021e-02
6.666666666666667095e-03
3.899999999999999578e-01
1.733333333333333393e-01
1.766666666666666663e-01
2.633333333333333637e-01
8.666666666666666963e-02
2.000000000000000042e-02
1.333333333333333315e-01
1.709999999999999964e+00
2.633333333333333637e-01
2.566666666666666541e-01
2.256666666666666821e+00
4.599999999999999645e-01
1.419999999999999929e+00
1.913333333333333330e+00
1.533333333333333215e-01
2.833333333333333259e-01
6.166666666666666963e-01
3.800000000000000600e-01
7.700000000000000178e-01
2.033333333333333381e-01
2.266666666666666552e-01
5.633333333333333526e-01
1.729999999999999760e+00
6.466666666666667229e-01
1.899999999999999745e-01
6.400000000000000133e-01
3.666666666666666685e-02
4.999999999999999584e-02
1.000000000000000021e-02
1.033333333333333326e-01
1.066666666666666735e-01
1.086666666666666670e+00
4.000000000000000083e-02
1.666666666666666644e-02
7.633333333333333082e-01
6.666666666666666574e-02
3.333333333333333547e-03
1.166666666666666546e-01
2.600000000000000089e-01
3.333333333333333547e-03
4.000000000000000083e-02
2.999999999999999889e-01
6.333333333333333870e-02
7.000000000000000666e-02
1.463333333333333597e+00
8.066666666666666430e-01
2.299999999999999822e-01
2.999999999999999889e-02
1.933333333333333293e-01
1.513333333333333419e+00
0.000000000000000000e+00
0.000000000000000000e+00
5.299999999999999156e-01
1.066666666666666735e-01
9.333333333333333759e-02
5.666666666666667074e-02
1.700000000000000122e-01
2.000000000000000042e-02
0.000000000000000000e+00
8.766666666666665941e-01
2.000000000000000042e-02
0.000000000000000000e+00
3.166666666666667074e-01
1.316666666666666652e+00
1.000000000000000021e-02
3.200000000000000067e-01
2.099999999999999922e-01
9.999999999999999167e-02
8.800000000000000044e-01
2.333333333333333440e-02
0.000000000000000000e+00
3.266666666666666607e-01
1.100000000000000006e-01
1.000000000000000021e-02
2.000000000000000389e-01
8.566666666666665764e-01
4.266666666666666941e-01
0.000000000000000000e+00
7.400000000000001021e-01
4.266666666666666941e-01
0.000000000000000000e+00
1.866666666666666474e-01
5.999999999999999778e-02
3.899999999999999578e-01
1.666666666666666574e-01
2.520000000000000018e+00
2.933333333333333126e+00
