8.966666666666666119e-01
7.966666666666667451e-01
1.033333333333333326e-01
2.166666666666666463e-01
1.566666666666666763e-01
1.000000000000000194e-01
3.233333333333333059e-01
2.299999999999999822e-01
3.066666666666666985e-01
3.633333333333332860e-01
3.666666666666667379e-02
1.999999999999999833e-01
2.833333333333333814e-01
2.113333333333333286e+00
2.166666666666666741e-01
1.076666666666666661e+00
1.999999999999999833e-01
2.466666666666666730e-01
0.000000000000000000e+00
8.333333333333332871e-02
8.333333333333332871e-02
1.199999999999999956e-01
4.033333333333333215e-01
4.433333333333333570e-01
1.433333333333333404e-01
1.566666666666666485e-01
6.333333333333333870e-02
8.000000000000000167e-02
1.366666666666666863e-01
4.000000000000000083e-02
4.799999999999999822e-01
1.199999999999999956e-01
1.133333333333333276e-01
3.233333333333333615e-01
5.566666666666666430e-01
5.366666666666666252e-01
1.700000000000000122e-01
6.666666666666667095e-03
5.666666666666666380e-02
4.233333333333333393e-01
2.333333333333333093e-01
5.333333333333333676e-02
1.566666666666666763e-01
1.823333333333333250e+00
1.999999999999999833e-01
3.099999999999999978e-01
7.099999999999999645e-01
9.666666666666667851e-02
2.299999999999999822e-01
4.333333333333333481e-02
1.666666666666666574e-01
7.666666666666666075e-02
2.466666666666666730e-01
1.666666666666666644e-02
1.099999999999999867e-01
4.666666666666666879e-02
1.600000000000000033e-01
1.100000000000000006e-01
1.300000000000000044e+00
3.333333333333333287e-02
1.156666666666666510e+00
1.166666666666666824e-01
1.199999999999999956e-01
1.166666666666666546e-01
7.099999999999999645e-01
9.333333333333333759e-02
3.400000000000000244e-01
6.333333333333333870e-02
3.000000000000000236e-02
1.383333333333333526e+00
1.266666666666666774e-01
1.433333333333333404e-01
6.866666666666666474e-01
2.999999999999999889e-02
0.000000000000000000e+00
6.666666666666666297e-01
