1.266666666666666774e-01
7.200000000000000844e-01
3.766666666666666496e-01
7.333333333333334758e-02
2.333333333333333440e-02
7.400000000000001021e-01
1.533333333333333215e-01
0.000000000000000000e+00
4.666666666666666879e-02
9.966666666666665897e-01
3.000000000000000236e-02
1.000000000000000021e-02
2.666666666666666838e-02
1.466666666666666952e-01
1.533333333333333215e-01
1.696666666666666545e+00
1.966666666666666841e-01
3.033333333333332882e-01
1.740000000000000213e+00
1.866666666666666752e-01
1.000000000000000021e-02
1.000000000000000021e-02
4.166666666666666852e-01
4.333333333333333481e-02
0.000000000000000000e+00
1.000000000000000021e-02
2.333333333333333093e-01
0.000000000000000000e+00
1.366666666666666863e-01
7.466666666666667007e-01
2.566666666666666541e-01
3.666666666666666685e-02
1.533333333333333215e-01
1.700000000000000122e-01
2.600000000000000089e-01
4.666666666666666879e-02
4.400000000000000022e-01
4.400000000000000022e-01
9.666666666666666741e-01
1.000000000000000021e-02
0.000000000000000000e+00
5.533333333333333437e-01
0.000000000000000000e+00
1.333333333333333419e-02
2.000000000000000042e-02
3.333333333333333287e-02
1.200000000000000094e-01
5.133333333333333082e-01
1.233333333333333365e-01
2.666666666666666838e-02
5.666666666666667074e-02
3.999999999999999667e-01
1.203333333333333366e+00
0.000000000000000000e+00
8.133333333333333526e-01
1.370000000000000107e+00
1.633333333333333304e-01
3.266666666666666607e-01
3.166666666666666519e-01
0.000000000000000000e+00
4.699999999999999734e-01
2.999999999999999889e-02
8.499999999999999778e-01
2.266666666666666552e-01
3.800000000000000600e-01
1.900000000000000300e-01
4.666666666666666879e-02
1.166666666666666546e-01
1.866666666666666474e-01
8.566666666666667984e-01
8.666666666666666963e-02
2.899999999999999800e-01
2.333333333333333093e-01
1.033333333333333326e-01
9.666666666666667851e-02
0.000000000000000000e+00
1.633333333333333304e-01
1.233333333333333365e-01
1.173333333333333339e+00
1.733333333333333393e-01
1.653333333333333321e+00
2.066666666666666652e-01
2.600000000000000089e-01
5.666666666666667074e-02
1.333333333333333419e-02
1.000000000000000021e-02
4.000000000000000083e-02
1.666666666666666644e-02
0.000000000000000000e+00
0.000000000000000000e+00
9.033333333333333215e-01
3.333333333333333547e-03
0.000000000000000000e+00
5.166666666666666075e-01
9.333333333333333759e-02
0.000000000000000000e+00
0.000000000000000000e+00
8.999999999999998279e-02
1.000000000000000021e-02
2.666666666666666838e-02
8.666666666666666963e-02
8.000000000000000167e-02
1.533333333333333215e-01
4.133333333333333304e-01
5.166666666666667185e-01
1.566666666666666485e-01
4.699999999999999734e-01
1.466666666666666952e-01
5.999999999999999778e-02
3.566666666666666319e-01
3.600000000000000422e-01
7.666666666666667462e-02
1.266666666666666774e-01
4.099999999999999756e-01
4.899999999999999356e-01
2.000000000000000042e-02
3.699999999999999400e-01
2.000000000000000042e-02
1.316666666666666652e+00
