3.359999999999999876e+00
5.533333333333333437e-01
8.000000000000000167e-02
3.933333333333333681e-01
9.399999999999999467e-01
1.333333333333333419e-02
2.000000000000000042e-02
2.666666666666666838e-02
6.666666666666667095e-03
3.333333333333333547e-03
1.223333333333333384e+00
3.333333333333333287e-02
1.333333333333333419e-02
2.000000000000000042e-02
3.333333333333333547e-03
3.333333333333333547e-03
0.000000000000000000e+00
9.000000000000000222e-01
7.533333333333332993e-01
2.666666666666666838e-02
9.666666666666666463e-02
9.799999999999999822e-01
1.633333333333333304e-01
2.433333333333333182e-01
2.133333333333332915e-01
5.999999999999999778e-01
2.366666666666666641e-01
4.199999999999999845e-01
2.366666666666666641e-01
6.666666666666667095e-03
9.999999999999999167e-02
1.050000000000000044e+00
0.000000000000000000e+00
0.000000000000000000e+00
2.999999999999999889e-02
5.666666666666666380e-02
0.000000000000000000e+00
0.000000000000000000e+00
1.366666666666666863e-01
6.800000000000000488e-01
4.999999999999999584e-02
1.496666666666666812e+00
4.633333333333333193e-01
5.899999999999999689e-01
3.733333333333333504e-01
1.999999999999999833e-01
6.533333333333333215e-01
7.000000000000000666e-02
1.286666666666666847e+00
4.500000000000000111e-01
1.033333333333333465e-01
1.833333333333333481e-01
7.799999999999999156e-01
0.000000000000000000e+00
3.333333333333333547e-03
1.466666666666666674e-01
1.366666666666666863e-01
0.000000000000000000e+00
1.533333333333333492e-01
9.333333333333332371e-01
0.000000000000000000e+00
0.000000000000000000e+00
1.366666666666666474e+00
3.066666666666666985e-01
7.333333333333333370e-02
1.333333333333333419e-02
1.233333333333333365e-01
2.733333333333333726e-01
1.000000000000000021e-02
6.300000000000000044e-01
1.006666666666666821e+00
1.433333333333333404e-01
3.666666666666667379e-02
8.000000000000000167e-02
1.133333333333333276e-01
6.400000000000000133e-01
4.466666666666666008e-01
6.666666666666667095e-03
2.399999999999999911e-01
1.483333333333333393e+00
1.000000000000000021e-02
3.099999999999999978e-01
9.433333333333333570e-01
1.833333333333333481e-01
2.666666666666666838e-02
1.166666666666666824e-01
1.303333333333333455e+00
4.999999999999999584e-02
8.000000000000000167e-02
5.866666666666666696e-01
1.366666666666666863e-01
2.266666666666666552e-01
3.333333333333333547e-03
9.000000000000001055e-02
1.666666666666666644e-02
8.000000000000000167e-02
0.000000000000000000e+00
5.000000000000000971e-02
8.666666666666666963e-02
0.000000000000000000e+00
3.333333333333333547e-03
6.666666666666667095e-03
1.733333333333333393e-01
0.000000000000000000e+00
1.300000000000000044e-01
9.666666666666667851e-02
1.666666666666666574e-01
2.366666666666666641e-01
8.199999999999999512e-01
1.000000000000000021e-02
3.600000000000000422e-01
3.366666666666666696e-01
2.000000000000000042e-02
8.499999999999999778e-01
1.536666666666666403e+00
5.666666666666666380e-02
1.933333333333333293e-01
8.733333333333331838e-01
3.066666666666666430e-01
9.000000000000001055e-02
1.566666666666666485e-01
2.466666666666666730e-01
1.733333333333333393e-01
3.333333333333333287e-02
1.393333333333333535e+00
6.666666666666667095e-03
4.666666666666666879e-02
6.999999999999999278e-02
1.399999999999999856e-01
2.999999999999999889e-02
1.100000000000000006e-01
5.366666666666667362e-01
1.333333333333333419e-02
2.200000000000000011e-01
2.999999999999999889e-02
4.000000000000000083e-02
2.099999999999999922e-01
2.866666666666666807e-01
5.333333333333333676e-02
1.333333333333333419e-02
6.999999999999999278e-02
2.233333333333333004e-01
6.533333333333333215e-01
0.000000000000000000e+00
1.726666666666666572e+00
1.836666666666666670e+00
3.633333333333332860e-01
6.333333333333333870e-02
6.566666666666666208e-01
1.213333333333333375e+00
5.666666666666667629e-01
1.199999999999999956e+00
4.966666666666666452e-01
1.533333333333333437e+00
2.033333333333333381e-01
3.133333333333332971e-01
2.646666666666666501e+00
2.566666666666666541e-01
4.833333333333333370e-01
4.833333333333333370e-01
1.866666666666666752e-01
1.600000000000000033e-01
6.666666666666666574e-02
6.666666666666667095e-03
2.766666666666666718e-01
6.666666666666666574e-02
6.666666666666666574e-02
4.333333333333333481e-02
3.433333333333333237e-01
1.666666666666666644e-02
5.333333333333333676e-02
2.966666666666666341e-01
3.566666666666666319e-01
1.033333333333333326e-01
1.000000000000000021e-02
8.233333333333332504e-01
2.966666666666666896e-01
1.133333333333333276e-01
1.366666666666666863e-01
3.233333333333333059e-01
2.066666666666666652e-01
2.800000000000000266e-01
1.283333333333333437e+00
7.699999999999999067e-01
3.233333333333333059e-01
7.099999999999999645e-01
2.633333333333333637e-01
1.396666666666666723e+00
5.000000000000000000e-01
1.916666666666666741e+00
8.166666666666667629e-01
2.366666666666666641e-01
1.423333333333333561e+00
3.333333333333333547e-03
1.966666666666666563e-01
2.399999999999999911e-01
2.000000000000000042e-02
1.179999999999999938e+00
5.899999999999999689e-01
3.333333333333333547e-03
1.433333333333333126e-01
4.066666666666666763e-01
8.666666666666666963e-02
1.666666666666666574e-01
1.666666666666666644e-02
3.433333333333333237e-01
8.666666666666666963e-02
6.666666666666667095e-03
1.800000000000000211e-01
1.626666666666666927e+00
1.000000000000000021e-02
6.666666666666667095e-03
3.300000000000000155e-01
2.066666666666666652e-01
1.333333333333333419e-02
8.333333333333332871e-02
4.000000000000000083e-02
1.133333333333333415e-01
2.000000000000000042e-02
6.333333333333333870e-02
8.799999999999998934e-01
9.800000000000000933e-01
2.066666666666666652e-01
0.000000000000000000e+00
3.666666666666667379e-02
1.099999999999999867e-01
1.300000000000000044e-01
0.000000000000000000e+00
6.666666666666666574e-02
8.666666666666666963e-01
1.133333333333333276e-01
3.333333333333333287e-02
1.999999999999999833e-01
1.280000000000000027e+00
5.000000000000000971e-02
2.773333333333333428e+00
2.266666666666666552e-01
4.099999999999999756e-01
1.100000000000000006e-01
0.000000000000000000e+00
1.366666666666666863e-01
1.146666666666666723e+00
2.600000000000000089e-01
1.666666666666666644e-02
0.000000000000000000e+00
1.000000000000000000e+00
3.333333333333333547e-03
1.000000000000000194e-01
2.333333333333333440e-02
6.166666666666666963e-01
1.266666666666666774e-01
6.666666666666667095e-03
1.333333333333333315e-01
7.633333333333333082e-01
6.199999999999999956e-01
5.333333333333334370e-02
6.666666666666666574e-02
2.666666666666666838e-02
5.500000000000000444e-01
2.666666666666666838e-02
1.666666666666666644e-02
1.639999999999999902e+00
5.599999999999999423e-01
7.333333333333331983e-02
1.166666666666666546e-01
6.333333333333333870e-02
1.000000000000000021e-02
2.333333333333333440e-02
1.099999999999999867e-01
1.306666666666666643e+00
1.666666666666666574e-01
7.233333333333332726e-01
1.499999999999999944e-01
3.333333333333333148e-01
7.666666666666666075e-02
4.633333333333333193e-01
9.666666666666667851e-02
6.466666666666666119e-01
9.666666666666666463e-02
8.333333333333332871e-02
1.033333333333333326e-01
1.399999999999999856e-01
6.666666666666667095e-03
4.000000000000000083e-02
2.633333333333333637e-01
5.000000000000000000e-01
1.166666666666666741e+00
7.666666666666666075e-02
2.666666666666666630e-01
5.533333333333333437e-01
5.433333333333333348e-01
2.000000000000000389e-01
1.326666666666666883e+00
1.526666666666666616e+00
4.100000000000000533e+00
1.143333333333333313e+00
4.766666666666667385e-01
4.500000000000000111e-01
1.499999999999999944e-01
3.333333333333333547e-03
2.800000000000000266e-01
9.666666666666667851e-02
1.013333333333333419e+00
1.966666666666666563e-01
3.500000000000000333e-01
2.000000000000000042e-02
1.099999999999999867e-01
4.899999999999999911e-01
1.366666666666666863e-01
1.766666666666666829e+00
1.179999999999999938e+00
3.766666666666667052e-01
2.900000000000000355e-01
1.500000000000000222e-01
1.666666666666666574e-01
1.156666666666666510e+00
1.966666666666666563e-01
2.359999999999999876e+00
4.233333333333333393e-01
9.466666666666667673e-01
1.639999999999999902e+00
4.833333333333333370e-01
7.833333333333332149e-01
2.053333333333333233e+00
6.633333333333332194e-01
9.366666666666666474e-01
1.333333333333333419e-02
2.999999999999999889e-02
4.000000000000000083e-02
7.000000000000000666e-02
1.133333333333333276e-01
4.566666666666667207e-01
6.666666666666666574e-02
3.366666666666666696e-01
1.266666666666666774e-01
6.666666666666667095e-03
9.833333333333333925e-01
3.333333333333333547e-03
3.333333333333333287e-02
3.333333333333333547e-03
8.666666666666666963e-02
0.000000000000000000e+00
9.333333333333332371e-01
6.666666666666666574e-02
7.099999999999999645e-01
2.533333333333333548e-01
5.000000000000000971e-02
8.466666666666666785e-01
2.033333333333333215e+00
2.633333333333333637e-01
8.933333333333334236e-01
2.566666666666666541e-01
1.800000000000000211e-01
5.333333333333333676e-02
8.000000000000000167e-02
5.033333333333332993e-01
0.000000000000000000e+00
1.033333333333333326e-01
1.333333333333333419e-02
1.000000000000000021e-02
0.000000000000000000e+00
1.000000000000000021e-02
0.000000000000000000e+00
1.966666666666666563e-01
1.066666666666666735e-01
2.633333333333333637e-01
7.733333333333333171e-01
5.166666666666666075e-01
1.736666666666666581e+00
1.999999999999999833e-01
1.300000000000000044e-01
2.333333333333333093e-01
4.599999999999999645e-01
5.466666666666667451e-01
1.000000000000000194e-01
5.000000000000000971e-02
2.566666666666666541e-01
6.999999999999999278e-02
1.433333333333333404e-01
1.233333333333333365e-01
1.490000000000000213e+00
6.666666666666667095e-03
1.833333333333333481e-01
2.166666666666666741e-01
1.166666666666666546e-01
4.333333333333333481e-02
9.266666666666667496e-01
3.066666666666666985e-01
3.366666666666666696e-01
2.700000000000000178e-01
3.300000000000000155e-01
1.566666666666666485e-01
2.033333333333333381e-01
7.000000000000000666e-02
1.206666666666666776e+00
5.333333333333333676e-02
4.533333333333333659e-01
0.000000000000000000e+00
1.406666666666666510e+00
2.766666666666666718e-01
2.000000000000000042e-02
1.776666666666666616e+00
8.666666666666666963e-02
1.260000000000000009e+00
1.666666666666666574e-01
6.466666666666666119e-01
1.166666666666666546e-01
8.000000000000000167e-02
6.300000000000000044e-01
2.999999999999999889e-02
1.333333333333333315e-01
1.733333333333333393e-01
4.333333333333333481e-02
1.053333333333333455e+00
0.000000000000000000e+00
2.999999999999999889e-01
2.333333333333333093e-02
9.666666666666667851e-02
0.000000000000000000e+00
3.433333333333333237e-01
0.000000000000000000e+00
7.333333333333333370e-02
0.000000000000000000e+00
1.566666666666666485e-01
6.533333333333333215e-01
1.030000000000000027e+00
3.466666666666666785e-01
2.133333333333333470e-01
5.300000000000000266e-01
7.333333333333334758e-02
2.500000000000000000e-01
1.383333333333333526e+00
5.799999999999999600e-01
1.340000000000000080e+00
4.333333333333333481e-01
8.666666666666666963e-02
3.433333333333332682e-01
2.666666666666666838e-02
1.266666666666666774e-01
2.333333333333333093e-01
3.133333333333332971e-01
1.716666666666666785e+00
4.566666666666666097e-01
1.866666666666666752e-01
6.099999999999999867e-01
2.256666666666666377e+00
4.700000000000000289e-01
2.733333333333333726e-01
1.199999999999999956e-01
2.399999999999999911e-01
2.733333333333333171e-01
1.246666666666666812e+00
3.133333333333332971e-01
8.333333333333333703e-01
0.000000000000000000e+00
0.000000000000000000e+00
2.633333333333333637e-01
2.016666666666666607e+00
1.729999999999999760e+00
1.033333333333333326e-01
1.233333333333333365e-01
6.666666666666666574e-02
5.333333333333333676e-02
4.166666666666666852e-01
7.666666666666666075e-02
7.333333333333333370e-02
2.033333333333333381e-01
2.033333333333333381e-01
4.099999999999999756e-01
4.333333333333333481e-02
4.033333333333333215e-01
5.666666666666667074e-02
3.633333333333333415e-01
2.466666666666666730e-01
1.903333333333333099e+00
1.166666666666666546e-01
2.533333333333333548e-01
1.333333333333333419e-02
2.266666666666666552e-01
2.333333333333333440e-02
7.099999999999999645e-01
1.333333333333333419e-02
3.300000000000000155e-01
7.666666666666667462e-02
2.999999999999999889e-01
4.899999999999999911e-01
7.333333333333334758e-02
1.306666666666666643e+00
1.700000000000000122e-01
1.596666666666666679e+00
4.000000000000000083e-02
1.656666666666666510e+00
9.799999999999999822e-01
0.000000000000000000e+00
2.066666666666666652e-01
4.000000000000000083e-02
3.333333333333333287e-02
1.666666666666666644e-02
5.666666666666667074e-02
1.066666666666666735e-01
5.566666666666666430e-01
0.000000000000000000e+00
1.499999999999999944e-01
2.000000000000000042e-02
8.666666666666666963e-02
8.666666666666666963e-02
5.333333333333333676e-02
5.333333333333333676e-02
8.666666666666666963e-02
2.233333333333333004e-01
2.700000000000000178e-01
5.333333333333333259e-01
9.066666666666666208e-01
2.866666666666666807e-01
1.110000000000000098e+00
5.200000000000000178e-01
8.000000000000000167e-02
2.366666666666666641e-01
2.470000000000000195e+00
5.999999999999999778e-02
8.099999999999999423e-01
0.000000000000000000e+00
9.000000000000001055e-02
2.500000000000000000e-01
1.099999999999999867e-01
1.499999999999999944e-01
7.000000000000000666e-02
4.433333333333333570e-01
1.793333333333333224e+00
9.000000000000001055e-02
1.433333333333333404e-01
1.000000000000000021e-02
5.333333333333333676e-02
1.900000000000000300e-01
1.133333333333333276e-01
9.833333333333333925e-01
6.999999999999999278e-02
1.833333333333333481e-01
4.333333333333333481e-02
2.133333333333333470e-01
4.966666666666666452e-01
5.066666666666667096e-01
1.903333333333333544e+00
8.666666666666666963e-02
1.333333333333333315e-01
3.366666666666666141e-01
1.199999999999999956e-01
9.266666666666667496e-01
1.723333333333333384e+00
1.083333333333333259e+00
9.333333333333333759e-02
8.666666666666666963e-02
8.466666666666666785e-01
3.133333333333332971e-01
0.000000000000000000e+00
1.366666666666666863e-01
6.333333333333333870e-02
1.573333333333333250e+00
1.000000000000000021e-02
1.033333333333333326e-01
1.333333333333333419e-02
3.333333333333333547e-03
1.000000000000000021e-02
0.000000000000000000e+00
0.000000000000000000e+00
2.666666666666666838e-02
4.333333333333333481e-02
1.536666666666666847e+00
6.933333333333333570e-01
1.700000000000000122e-01
3.233333333333333059e-01
1.966666666666666563e-01
2.333333333333333440e-02
6.999999999999999278e-02
3.566666666666666874e-01
1.966666666666666841e-01
1.266666666666666774e-01
1.166666666666666741e+00
2.999999999999999889e-02
3.033333333333333437e-01
6.666666666666667095e-03
2.799999999999999711e-01
4.166666666666666852e-01
2.633333333333333082e-01
4.333333333333333481e-02
1.433333333333333404e-01
2.303333333333333233e+00
6.633333333333334414e-01
1.366666666666666585e-01
1.010000000000000009e+00
9.566666666666666652e-01
3.200000000000000067e-01
2.999999999999999889e-02
6.099999999999999867e-01
1.000000000000000194e-01
7.999999999999999334e-01
3.233333333333333059e-01
1.223333333333333384e+00
4.500000000000000111e-01
1.400000000000000133e-01
1.566666666666666485e-01
2.200000000000000011e-01
1.199999999999999956e-01
9.666666666666667851e-02
1.800000000000000211e-01
1.733333333333333393e-01
1.410000000000000142e+00
1.263333333333333419e+00
4.633333333333333193e-01
6.533333333333334325e-01
1.066666666666666735e-01
8.666666666666666963e-02
1.700000000000000122e-01
4.099999999999999756e-01
3.666666666666666685e-02
8.666666666666666963e-02
5.000000000000000971e-02
7.233333333333332726e-01
0.000000000000000000e+00
2.733333333333333726e-01
7.000000000000000666e-02
9.133333333333334414e-01
1.933333333333333570e-01
1.199999999999999956e-01
6.733333333333333393e-01
1.133333333333333415e-01
9.033333333333333215e-01
2.200000000000000011e-01
1.066666666666666735e-01
3.733333333333333504e-01
1.933333333333333570e-01
4.199999999999999845e-01
3.899999999999999578e-01
1.133333333333333526e+00
4.199999999999999289e-01
3.400000000000000244e-01
2.099999999999999645e-01
6.666666666666667095e-03
8.300000000000000711e-01
2.066666666666666929e-01
2.000000000000000042e-02
3.800000000000000600e-01
7.599999999999998979e-01
6.666666666666667095e-03
2.000000000000000042e-02
2.566666666666666541e-01
9.066666666666667318e-01
2.899999999999999800e-01
4.266666666666665830e-01
2.633333333333333082e-01
2.213333333333333375e+00
1.499999999999999944e-01
5.833333333333333703e-01
6.666666666666667095e-03
4.000000000000000083e-02
7.000000000000000666e-02
6.000000000000000472e-02
7.333333333333331983e-02
1.566666666666666485e-01
1.363333333333333286e+00
3.133333333333332971e-01
3.300000000000000155e-01
1.766666666666666663e-01
6.099999999999999867e-01
1.300000000000000044e+00
1.063333333333333464e+00
2.399999999999999911e-01
8.533333333333333881e-01
1.143333333333333313e+00
8.333333333333332871e-02
1.633333333333333304e-01
1.833333333333333481e-01
1.199999999999999956e-01
4.466666666666666008e-01
6.166666666666666963e-01
2.000000000000000042e-02
3.333333333333333547e-03
6.666666666666667095e-03
7.099999999999999645e-01
7.133333333333332638e-01
2.333333333333333440e-02
2.000000000000000042e-02
1.253333333333333410e+00
2.366666666666666641e-01
0.000000000000000000e+00
0.000000000000000000e+00
1.666666666666666574e-01
1.633333333333333304e-01
7.666666666666667462e-02
2.066666666666666652e-01
3.000000000000000236e-02
5.066666666666667096e-01
5.733333333333333615e-01
1.833333333333333204e-01
1.266666666666666774e-01
9.266666666666667496e-01
6.666666666666667095e-03
3.333333333333333547e-03
6.666666666666667095e-03
1.099999999999999867e-01
6.666666666666667095e-03
4.000000000000000083e-02
6.666666666666666297e-01
1.436666666666666758e+00
2.766666666666666718e-01
4.299999999999999933e-01
6.333333333333333037e-01
1.600000000000000033e-01
5.333333333333333259e-01
5.000000000000000971e-02
8.366666666666665586e-01
1.243333333333333401e+00
1.983333333333333393e+00
