3.266666666666666607e-01
1.873333333333333295e+00
2.533333333333333548e-01
2.933333333333332793e-01
9.000000000000001055e-02
4.199999999999999289e-01
8.000000000000000167e-02
1.333333333333333315e-01
1.666666666666666574e-01
1.743333333333333401e+00
1.173333333333333339e+00
3.133333333333332971e-01
7.333333333333333370e-02
7.000000000000000666e-02
6.766666666666667496e-01
3.966666666666666674e-01
9.533333333333332549e-01
1.866666666666666752e-01
4.000000000000000083e-02
4.500000000000000111e-01
8.033333333333333437e-01
4.000000000000000083e-02
1.966666666666666563e-01
9.199999999999999289e-01
