8.900000000000000133e-01
2.666666666666666630e-01
4.066666666666667318e-01
2.333333333333333093e-01
9.533333333333332549e-01
1.026666666666666616e+00
1.033333333333333326e-01
0.000000000000000000e+00
4.000000000000000083e-02
0.000000000000000000e+00
0.000000000000000000e+00
4.999999999999999584e-02
2.000000000000000042e-02
2.333333333333333440e-02
1.510000000000000009e+00
1.116666666666666474e+00
1.666666666666666644e-02
7.299999999999999822e-01
2.699999999999999623e-01
8.199999999999999512e-01
3.333333333333333547e-03
0.000000000000000000e+00
1.300000000000000044e-01
2.000000000000000042e-02
0.000000000000000000e+00
0.000000000000000000e+00
1.233333333333333365e-01
4.999999999999999584e-02
6.666666666666666574e-02
1.000000000000000021e-02
8.866666666666667140e-01
1.333333333333333419e-02
3.066666666666666985e-01
2.233333333333333559e-01
1.933333333333333293e-01
3.333333333333333148e-01
2.233333333333333004e-01
2.000000000000000042e-02
4.999999999999999584e-02
4.000000000000000083e-02
6.600000000000000311e-01
7.299999999999999822e-01
3.699999999999999400e-01
1.533333333333333215e+00
8.366666666666665586e-01
1.700000000000000122e-01
8.933333333333332016e-01
4.666666666666666879e-02
2.666666666666666838e-02
0.000000000000000000e+00
1.000000000000000021e-02
0.000000000000000000e+00
9.666666666666667851e-02
0.000000000000000000e+00
1.410000000000000142e+00
1.000000000000000000e+00
0.000000000000000000e+00
1.459999999999999964e+00
1.300000000000000044e-01
0.000000000000000000e+00
5.000000000000000971e-02
2.666666666666666838e-02
0.000000000000000000e+00
1.400000000000000133e-01
1.313333333333333242e+00
9.666666666666667851e-02
1.000000000000000021e-02
3.200000000000000067e-01
1.033333333333333215e+00
3.333333333333333287e-02
1.303333333333333455e+00
4.000000000000000083e-02
1.700000000000000122e-01
2.233333333333333004e-01
1.243333333333333401e+00
3.366666666666666141e-01
0.000000000000000000e+00
5.466666666666667451e-01
0.000000000000000000e+00
6.333333333333333870e-02
1.900000000000000300e-01
2.000000000000000042e-02
9.333333333333332371e-01
7.333333333333333370e-02
1.533333333333333492e-01
8.266666666666666607e-01
2.500000000000000000e-01
2.443333333333333357e+00
2.146666666666666501e+00
1.559999999999999831e+00
1.760000000000000009e+00
1.333333333333333259e+00
4.333333333333333481e-02
1.766666666666666663e-01
6.099999999999999867e-01
1.666666666666666644e-02
2.366666666666666641e-01
1.700000000000000122e-01
2.033333333333333381e-01
1.746666666666666812e+00
1.466666666666666785e+00
6.333333333333333037e-01
6.000000000000000888e-01
2.243333333333333623e+00
1.059999999999999831e+00
1.133333333333333526e+00
8.166666666666665408e-01
5.300000000000000266e-01
2.033333333333333215e+00
4.199999999999999289e-01
1.610000000000000098e+00
1.466666666666666674e-01
3.666666666666667379e-02
6.933333333333333570e-01
1.333333333333333419e-02
1.933333333333333570e-01
1.729999999999999760e+00
4.233333333333333393e-01
1.476666666666666794e+00
1.290000000000000036e+00
5.766666666666666607e-01
6.666666666666667095e-03
2.633333333333333637e-01
4.333333333333333481e-02
1.760000000000000009e+00
1.633333333333333304e-01
9.566666666666666652e-01
6.733333333333333393e-01
2.633333333333333082e-01
8.666666666666666963e-02
1.273333333333333428e+00
2.566666666666666541e-01
1.666666666666666644e-02
1.666666666666666574e-01
2.933333333333333903e-01
1.499999999999999944e-01
6.666666666666667095e-03
2.900000000000000355e-01
3.766666666666666496e-01
3.666666666666666963e-01
1.800000000000000211e-01
1.506666666666666821e+00
4.000000000000000777e-01
1.333333333333333315e-01
1.333333333333333315e-01
2.966666666666666341e-01
3.200000000000000067e-01
1.333333333333333419e-02
8.966666666666668339e-01
4.666666666666666186e-01
6.666666666666666574e-02
4.866666666666666363e-01
1.576666666666666883e+00
3.923333333333333339e+00
