9.799999999999998712e-01
2.900000000000000355e-01
1.100000000000000006e-01
1.493333333333333401e+00
6.466666666666666119e-01
1.800000000000000211e-01
7.833333333333332149e-01
0.000000000000000000e+00
6.666666666666667095e-03
4.833333333333333370e-01
9.666666666666667851e-02
2.000000000000000042e-02
4.066666666666666763e-01
7.933333333333333348e-01
6.333333333333333870e-02
6.666666666666666574e-02
2.000000000000000042e-02
5.066666666666667096e-01
2.666666666666666838e-02
1.933333333333333570e-01
1.006666666666666599e+00
6.666666666666666574e-02
6.666666666666666574e-02
3.233333333333333059e-01
1.966666666666666563e-01
1.333333333333333419e-02
2.666666666666666838e-02
1.133333333333333276e-01
3.333333333333333547e-03
0.000000000000000000e+00
6.333333333333333870e-02
0.000000000000000000e+00
8.233333333333332504e-01
8.399999999999999689e-01
8.666666666666666963e-01
1.000000000000000021e-02
1.266666666666666774e-01
8.333333333333332871e-02
8.333333333333332871e-02
1.666666666666666644e-02
1.266666666666666607e+00
6.666666666666667095e-03
9.000000000000001055e-02
2.366666666666666641e-01
2.433333333333333182e-01
4.666666666666666186e-01
3.666666666666667379e-02
1.533333333333333215e-01
1.853333333333333499e+00
8.533333333333333881e-01
1.066666666666666458e-01
4.000000000000000083e-02
1.033333333333333326e-01
6.666666666666667095e-03
0.000000000000000000e+00
5.333333333333333676e-02
8.666666666666666963e-02
2.333333333333333093e-02
1.533333333333333492e-01
3.366666666666666696e-01
1.000000000000000021e-02
8.900000000000000133e-01
5.766666666666666607e-01
2.399999999999999911e-01
1.433333333333333404e-01
1.366666666666666863e-01
9.000000000000001055e-02
2.666666666666666838e-02
3.966666666666666674e-01
9.666666666666667851e-02
1.266666666666666774e-01
1.199999999999999956e-01
1.666666666666666574e-01
1.633333333333333304e-01
2.366666666666666641e-01
1.266666666666666774e-01
6.666666666666667095e-03
5.866666666666665586e-01
4.499999999999999556e-01
1.633333333333333304e-01
6.666666666666667095e-03
2.333333333333333440e-02
1.233333333333333365e-01
1.800000000000000211e-01
3.333333333333333287e-02
3.233333333333333059e-01
1.433333333333333404e-01
1.966666666666666563e-01
8.333333333333332871e-02
1.133333333333333276e-01
5.899999999999999689e-01
2.333333333333333440e-02
3.333333333333333547e-03
2.433333333333333182e-01
3.333333333333333547e-03
4.000000000000000083e-02
3.033333333333332882e-01
4.600000000000000200e-01
5.666666666666666380e-02
4.999999999999999584e-02
1.116666666666666474e+00
1.800000000000000211e-01
1.733333333333333393e-01
2.933333333333333903e-01
5.666666666666667074e-02
4.666666666666666879e-02
3.666666666666666408e-01
9.999999999999999167e-02
6.533333333333333215e-01
7.933333333333333348e-01
3.133333333333333526e-01
9.333333333333333759e-02
6.366666666666667140e-01
6.666666666666666297e-01
1.123333333333333295e+00
1.000000000000000021e-02
3.566666666666666874e-01
3.333333333333333148e-01
1.456666666666666776e+00
1.213333333333333375e+00
1.433333333333333126e-01
1.256666666666666599e+00
4.866666666666666363e-01
1.466666666666666397e-01
1.300000000000000044e-01
2.166666666666666741e-01
1.666666666666666574e-01
4.333333333333333481e-02
1.133333333333333276e-01
6.699999999999999289e-01
