9.966666666666665897e-01
1.233333333333333365e-01
2.900000000000000355e-01
2.200000000000000011e-01
1.263333333333333419e+00
1.499999999999999944e-01
6.466666666666667229e-01
2.099999999999999922e-01
7.933333333333333348e-01
8.366666666666665586e-01
2.933333333333333348e-01
2.000000000000000042e-02
1.233333333333333365e-01
6.833333333333332371e-01
2.999999999999999889e-02
0.000000000000000000e+00
7.333333333333333370e-02
3.099999999999999978e-01
1.300000000000000044e-01
6.266666666666667052e-01
2.133333333333333470e-01
1.173333333333333339e+00
1.000000000000000021e-02
1.700000000000000122e-01
3.699999999999999400e-01
5.566666666666667540e-01
2.200000000000000011e-01
9.999999999999999167e-02
3.666666666666666685e-02
1.333333333333333419e-02
2.999999999999999889e-02
1.866666666666666752e-01
0.000000000000000000e+00
1.666666666666666644e-02
4.000000000000000083e-02
2.733333333333333726e-01
8.333333333333332871e-02
1.910000000000000142e+00
2.666666666666666630e-01
4.600000000000000200e-01
2.009999999999999787e+00
2.333333333333333093e-01
2.033333333333333381e-01
8.966666666666666119e-01
9.399999999999999467e-01
2.700000000000000178e-01
1.733333333333333393e-01
5.533333333333333437e-01
5.233333333333333171e-01
8.000000000000000167e-02
3.666666666666666685e-02
9.266666666666666385e-01
1.333333333333333419e-02
6.666666666666667095e-03
3.566666666666666319e-01
4.033333333333333215e-01
4.333333333333333481e-02
1.966666666666666841e-01
1.000000000000000000e+00
3.666666666666666963e-01
3.800000000000000600e-01
4.833333333333333370e-01
5.600000000000000533e-01
1.033333333333333326e-01
1.666666666666666644e-02
0.000000000000000000e+00
9.233333333333333393e-01
6.666666666666666297e-01
1.866666666666666752e-01
1.173333333333333339e+00
2.033333333333333381e-01
1.333333333333333419e-02
1.300000000000000044e-01
3.333333333333333547e-03
0.000000000000000000e+00
3.333333333333333547e-03
1.666666666666666644e-02
1.199999999999999956e-01
3.333333333333333547e-03
1.333333333333333419e-02
2.333333333333333440e-02
1.293333333333333224e+00
1.729999999999999760e+00
5.999999999999999778e-02
0.000000000000000000e+00
1.966666666666666563e-01
5.499999999999999334e-01
4.000000000000000083e-02
1.366666666666666863e-01
1.313333333333333242e+00
9.700000000000000844e-01
0.000000000000000000e+00
4.966666666666666452e-01
2.033333333333333381e-01
2.066666666666666652e-01
8.333333333333332871e-02
5.899999999999999689e-01
2.733333333333333726e-01
3.733333333333333504e-01
1.933333333333333570e-01
3.200000000000000067e-01
9.666666666666666463e-02
1.343333333333333490e+00
5.866666666666666696e-01
1.199999999999999956e-01
1.000000000000000021e-02
2.333333333333333440e-02
3.066666666666666985e-01
1.113333333333333286e+00
1.033333333333333326e-01
2.433333333333333182e-01
9.000000000000001055e-02
9.333333333333332371e-01
4.799999999999999822e-01
8.133333333333334636e-01
1.449999999999999956e+00
2.199999999999999734e-01
1.276666666666666616e+00
9.799999999999999822e-01
8.666666666666666963e-02
6.333333333333333870e-02
5.366666666666666252e-01
3.133333333333334081e-01
0.000000000000000000e+00
7.133333333333332638e-01
8.799999999999998934e-01
4.000000000000000083e-02
0.000000000000000000e+00
9.500000000000000666e-01
