9.333333333333332371e-01
5.999999999999999778e-02
2.900000000000000355e-01
1.633333333333333304e-01
2.199999999999999734e-01
3.233333333333333059e-01
7.233333333333332726e-01
6.800000000000000488e-01
4.933333333333333459e-01
5.766666666666666607e-01
1.666666666666666574e-01
9.000000000000001055e-02
1.400000000000000133e-01
1.833333333333333481e-01
2.366666666666666918e-01
1.166666666666666546e-01
1.936666666666666758e+00
1.833333333333333481e-01
5.666666666666666519e-01
5.333333333333333259e-01
2.066666666666666652e-01
1.233333333333333365e-01
1.413333333333333330e+00
4.733333333333333282e-01
5.000000000000000000e-01
4.766666666666666274e-01
1.666666666666666644e-02
9.233333333333332282e-01
1.933333333333333293e-01
8.866666666666666030e-01
1.733333333333333393e-01
2.299999999999999822e-01
6.333333333333333870e-02
5.999999999999999778e-01
5.300000000000000266e-01
1.100000000000000006e-01
3.933333333333333681e-01
2.666666666666666838e-02
3.400000000000000244e-01
9.799999999999999822e-01
1.100000000000000006e-01
1.066666666666666735e-01
8.366666666666665586e-01
5.999999999999999778e-02
2.999999999999999889e-02
7.433333333333332904e-01
7.600000000000001199e-01
1.466666666666666785e+00
2.266666666666666552e-01
1.800000000000000211e-01
4.000000000000000777e-01
1.613333333333333286e+00
2.766666666666666718e-01
3.033333333333333437e-01
1.003333333333333188e+00
1.133333333333333276e-01
3.333333333333333547e-03
1.466666666666666674e-01
1.666666666666666644e-02
1.166666666666666546e-01
9.000000000000001055e-02
6.333333333333333037e-01
8.666666666666666963e-02
7.299999999999999822e-01
1.666666666666666644e-02
0.000000000000000000e+00
4.166666666666666852e-01
1.000000000000000021e-02
4.333333333333333481e-02
5.933333333333332682e-01
1.073333333333333250e+00
8.000000000000000167e-02
7.900000000000000355e-01
1.620000000000000107e+00
3.566666666666666874e-01
4.833333333333333370e-01
6.466666666666666119e-01
2.233333333333333559e-01
1.483333333333333393e+00
1.199999999999999956e+00
8.333333333333332871e-02
2.333333333333333093e-01
2.200000000000000011e-01
1.106666666666666687e+00
0.000000000000000000e+00
4.033333333333333215e-01
0.000000000000000000e+00
2.000000000000000042e-02
2.133333333333332915e-01
9.000000000000000222e-01
1.166666666666666546e-01
1.003333333333333410e+00
9.333333333333333759e-02
0.000000000000000000e+00
2.466666666666667007e-01
1.066666666666666735e-01
0.000000000000000000e+00
3.666666666666667379e-02
3.166666666666666519e-01
3.066666666666666985e-01
1.023333333333333206e+00
1.533333333333333215e-01
3.600000000000000422e-01
1.026666666666666616e+00
6.066666666666666874e-01
5.833333333333333703e-01
2.166666666666666741e-01
9.433333333333333570e-01
1.466666666666666952e-01
1.459999999999999964e+00
4.199999999999999845e-01
4.266666666666666941e-01
1.123333333333333295e+00
3.796666666666666856e+00
