5.033333333333332993e-01
5.000000000000000000e-01
5.300000000000001377e-01
2.899999999999999800e-01
1.033333333333333326e-01
5.000000000000000971e-02
3.166666666666666519e-01
5.666666666666666380e-02
3.566666666666666319e-01
4.566666666666667207e-01
3.699999999999999400e-01
2.199999999999999734e-01
1.166666666666666546e-01
2.686666666666666980e+00
5.066666666666667096e-01
1.499999999999999944e-01
2.000000000000000389e-01
2.066666666666666652e-01
1.700000000000000122e-01
2.966666666666666896e-01
3.566666666666666874e-01
7.933333333333333348e-01
2.433333333333333182e-01
7.000000000000000666e-02
6.666666666666666574e-02
1.199999999999999956e+00
8.566666666666665764e-01
2.666666666666666630e-01
2.733333333333333726e-01
3.000000000000000236e-02
2.933333333333333348e-01
1.700000000000000122e-01
5.866666666666665586e-01
3.166666666666666519e-01
1.066666666666666735e-01
4.366666666666667029e-01
1.499999999999999944e-01
1.333333333333333419e-02
6.566666666666666208e-01
2.333333333333333440e-02
3.333333333333333287e-02
1.900000000000000300e-01
1.466666666666666674e-01
2.633333333333333637e-01
3.600000000000000422e-01
4.666666666666666879e-02
2.099999999999999922e-01
1.730000000000000204e+00
2.566666666666666541e-01
4.766666666666666274e-01
3.533333333333333326e-01
2.966666666666666341e-01
1.499999999999999944e-01
4.000000000000000083e-02
1.666666666666666644e-02
1.533333333333333492e-01
9.000000000000001055e-02
1.489999999999999991e+00
2.666666666666666838e-02
0.000000000000000000e+00
1.050000000000000044e+00
1.766666666666666663e-01
1.263333333333333419e+00
4.666666666666666879e-02
3.333333333333333547e-03
4.499999999999999556e-01
7.266666666666665719e-01
1.333333333333333419e-02
2.366666666666666641e-01
0.000000000000000000e+00
1.466666666666666674e-01
0.000000000000000000e+00
3.833333333333333592e-01
0.000000000000000000e+00
1.066666666666666735e-01
2.933333333333332793e-01
1.443333333333333357e+00
6.266666666666667052e-01
3.166666666666666519e-01
5.333333333333333259e-01
2.966666666666666896e-01
1.133333333333333276e-01
1.533333333333333215e-01
7.000000000000000666e-02
7.333333333333334758e-02
3.666666666666667379e-02
9.333333333333332371e-02
3.033333333333333437e-01
1.133333333333333276e-01
1.436666666666666758e+00
1.250000000000000000e+00
4.566666666666667207e-01
1.133333333333333276e-01
8.666666666666666963e-02
2.333333333333333440e-02
6.999999999999999278e-02
9.333333333333333759e-02
1.666666666666666574e-01
2.066666666666666652e-01
3.333333333333333547e-03
3.500000000000000333e-01
1.800000000000000211e-01
4.099999999999999756e-01
4.333333333333333481e-02
1.199999999999999956e-01
1.066666666666666735e-01
1.123333333333333295e+00
1.233333333333333365e-01
7.333333333333333370e-02
0.000000000000000000e+00
1.433333333333333404e-01
5.000000000000000971e-02
1.533333333333333215e-01
6.800000000000000488e-01
2.566666666666666541e-01
9.000000000000001055e-02
6.666666666666667095e-03
2.366666666666666641e-01
1.263333333333333419e+00
4.999999999999999584e-02
3.366666666666666696e-01
3.099999999999999978e-01
4.000000000000000083e-02
2.999999999999999889e-01
1.233333333333333365e-01
1.576666666666666883e+00
1.506666666666666821e+00
2.099999999999999922e-01
6.199999999999999956e-01
2.833333333333333259e-01
4.166666666666666852e-01
4.666666666666666186e-02
7.400000000000001021e-01
1.266666666666666774e-01
6.666666666666666574e-02
1.400000000000000133e-01
1.466666666666666785e+00
3.166666666666666519e-01
1.799999999999999656e-01
1.280000000000000027e+00
2.000000000000000042e-02
1.533333333333333492e-01
4.133333333333333304e-01
5.133333333333333082e-01
4.199999999999999845e-01
4.333333333333333481e-01
9.333333333333332371e-02
1.199999999999999956e-01
4.333333333333333481e-02
2.166666666666666741e-01
2.433333333333333182e-01
2.866666666666666807e-01
7.966666666666667451e-01
2.900000000000000355e-01
0.000000000000000000e+00
0.000000000000000000e+00
1.000000000000000021e-02
0.000000000000000000e+00
0.000000000000000000e+00
2.066666666666666652e-01
3.000000000000000236e-02
1.499999999999999944e-01
5.766666666666666607e-01
1.600000000000000033e-01
4.000000000000000083e-02
1.300000000000000044e-01
1.199999999999999956e-01
8.333333333333332871e-02
3.333333333333333547e-03
7.333333333333331983e-02
4.333333333333333481e-02
0.000000000000000000e+00
5.233333333333333171e-01
0.000000000000000000e+00
2.000000000000000042e-02
1.433333333333333404e-01
9.700000000000000844e-01
3.066666666666666985e-01
0.000000000000000000e+00
1.133333333333333415e-01
1.340000000000000080e+00
4.999999999999999584e-02
7.333333333333333370e-02
1.833333333333333481e-01
1.933333333333333570e-01
6.666666666666666574e-02
0.000000000000000000e+00
2.500000000000000000e-01
2.000000000000000042e-02
4.933333333333333459e-01
7.999999999999999334e-01
4.666666666666666879e-02
1.833333333333333481e-01
2.666666666666666838e-02
7.666666666666667462e-02
5.999999999999999778e-02
1.173333333333333339e+00
4.899999999999999911e-01
2.399999999999999911e-01
1.366666666666666585e-01
1.333333333333333315e-01
1.666666666666666574e-01
1.833333333333333481e-01
9.666666666666667851e-02
1.610000000000000098e+00
6.666666666666666574e-02
2.566666666666666541e-01
1.433333333333333404e-01
6.666666666666666574e-02
2.800000000000000266e-01
1.333333333333333315e-01
1.666666666666666644e-02
9.500000000000000666e-01
1.166666666666666741e+00
7.666666666666667462e-02
5.733333333333333615e-01
3.899999999999999578e-01
5.033333333333334103e-01
1.800000000000000211e-01
2.900000000000000355e-01
1.000000000000000021e-02
9.999999999999999167e-02
0.000000000000000000e+00
5.999999999999999778e-02
2.000000000000000042e-02
7.966666666666667451e-01
1.666666666666666644e-02
1.446666666666666545e+00
1.033333333333333465e-01
1.233333333333333365e-01
4.000000000000000083e-02
1.700000000000000122e-01
3.633333333333332860e-01
1.400000000000000133e-01
8.300000000000000711e-01
9.000000000000001055e-02
3.633333333333333415e-01
2.333333333333333440e-02
8.966666666666666119e-01
1.300000000000000044e-01
0.000000000000000000e+00
2.366666666666666641e-01
1.133333333333333276e-01
1.199999999999999956e-01
1.033333333333333326e-01
9.899999999999998801e-01
3.200000000000000067e-01
6.000000000000000472e-02
1.233333333333333365e-01
1.900000000000000300e-01
0.000000000000000000e+00
9.566666666666666652e-01
3.333333333333333287e-02
0.000000000000000000e+00
1.600000000000000033e-01
3.633333333333332860e-01
2.333333333333333440e-02
6.666666666666667095e-03
2.099999999999999922e-01
1.833333333333333481e-01
1.833333333333333481e-01
3.300000000000000155e-01
7.833333333333333259e-01
9.666666666666667851e-02
4.666666666666666186e-01
8.366666666666665586e-01
2.900000000000000355e-01
5.333333333333333676e-02
1.633333333333333304e-01
4.133333333333333304e-01
2.000000000000000042e-02
1.999999999999999833e-01
1.433333333333333404e-01
1.433333333333333404e-01
8.333333333333332871e-02
9.233333333333333393e-01
1.433333333333333404e-01
3.300000000000000155e-01
2.566666666666666541e-01
1.196666666666666545e+00
4.666666666666666879e-02
4.000000000000000083e-02
2.466666666666666730e-01
4.366666666666667029e-01
1.133333333333333415e-01
2.299999999999999822e-01
1.333333333333333315e-01
1.719999999999999973e+00
7.500000000000000000e-01
9.666666666666667851e-02
3.733333333333333504e-01
3.733333333333333504e-01
2.866666666666666807e-01
7.666666666666667462e-02
1.543333333333333668e+00
1.766666666666666663e-01
1.900000000000000300e-01
9.999999999999999167e-02
7.133333333333333748e-01
1.053333333333333233e+00
9.000000000000001055e-02
6.999999999999999278e-02
0.000000000000000000e+00
8.333333333333332871e-02
1.300000000000000044e-01
2.966666666666666341e-01
5.666666666666666380e-02
1.499999999999999944e-01
1.433333333333333404e-01
4.333333333333333481e-02
3.233333333333333059e-01
2.233333333333333559e-01
1.166666666666666546e-01
1.066666666666666652e+00
2.200000000000000011e-01
3.633333333333332860e-01
1.066666666666666735e-01
3.433333333333333237e-01
1.099999999999999867e+00
2.599999999999999534e-01
1.099999999999999867e-01
1.333333333333333419e-02
1.133333333333333276e-01
0.000000000000000000e+00
1.023333333333333428e+00
4.333333333333333481e-02
1.733333333333333393e-01
1.866666666666666752e-01
6.333333333333333870e-02
1.396666666666666723e+00
7.666666666666666075e-01
5.999999999999999778e-02
0.000000000000000000e+00
1.566666666666666763e-01
3.766666666666667052e-01
2.253333333333333410e+00
1.866666666666666752e-01
8.666666666666666963e-02
1.166666666666666546e-01
1.966666666666666841e-01
1.433333333333333404e-01
2.000000000000000042e-02
1.333333333333333419e-02
6.666666666666667095e-03
4.833333333333333370e-01
6.666666666666666574e-02
1.033333333333333326e-01
4.666666666666666879e-02
2.133333333333333470e-01
2.500000000000000000e-01
1.780000000000000027e+00
8.000000000000000167e-02
7.333333333333334758e-02
9.666666666666666463e-02
2.166666666666666741e-01
1.783333333333333215e+00
1.166666666666666546e-01
1.800000000000000211e-01
9.799999999999999822e-01
2.266666666666666552e-01
1.333333333333333419e-02
1.466666666666666674e-01
2.933333333333333903e-01
1.000000000000000021e-02
3.266666666666666607e-01
6.233333333333334059e-01
3.400000000000000244e-01
3.133333333333332971e-01
8.000000000000000167e-02
1.366666666666666863e-01
6.133333333333332860e-01
1.133333333333333526e+00
9.999999999999999167e-02
8.900000000000000133e-01
0.000000000000000000e+00
5.666666666666667074e-02
0.000000000000000000e+00
1.100000000000000006e-01
8.566666666666667984e-01
3.666666666666667379e-02
4.433333333333333570e-01
1.100000000000000006e-01
3.433333333333333237e-01
2.333333333333333440e-02
3.000000000000000444e-01
6.333333333333333870e-02
2.999999999999999889e-02
6.666666666666667095e-03
3.233333333333333059e-01
3.333333333333333547e-03
1.833333333333333481e-01
1.000000000000000021e-02
4.000000000000000083e-02
0.000000000000000000e+00
3.666666666666666685e-02
0.000000000000000000e+00
1.266666666666666774e-01
1.059999999999999831e+00
4.933333333333333459e-01
1.133333333333333415e-01
3.899999999999999578e-01
4.799999999999999822e-01
4.533333333333333659e-01
2.899999999999999800e-01
3.899999999999999578e-01
2.566666666666666541e-01
1.333333333333333419e-02
1.966666666666666841e-01
1.600000000000000033e-01
3.533333333333333326e-01
6.666666666666666574e-02
1.800000000000000211e-01
1.666666666666666644e-02
1.933333333333333293e-01
3.666666666666666963e-01
2.133333333333333470e-01
2.533333333333333548e-01
0.000000000000000000e+00
1.099999999999999867e-01
9.999999999999999167e-02
2.333333333333333440e-02
2.899999999999999800e-01
8.333333333333332871e-02
1.666666666666666644e-02
1.033333333333333326e-01
1.199999999999999956e-01
5.333333333333333676e-02
2.033333333333333381e-01
7.266666666666665719e-01
1.133333333333333415e-01
5.333333333333333676e-02
3.499999999999999223e-01
6.333333333333333870e-02
6.333333333333333870e-02
1.233333333333333365e-01
2.999999999999999889e-02
0.000000000000000000e+00
3.333333333333333547e-03
3.666666666666667379e-02
3.133333333333332971e-01
6.666666666666667095e-03
8.866666666666667140e-01
1.766666666666666663e-01
5.333333333333333676e-02
1.566666666666666485e-01
4.000000000000000083e-02
9.000000000000001055e-02
1.066666666666666735e-01
5.666666666666667074e-02
1.666666666666666574e-01
4.000000000000000083e-02
9.000000000000001055e-02
0.000000000000000000e+00
1.333333333333333419e-02
2.000000000000000042e-02
9.333333333333333759e-02
3.066666666666666430e-01
1.016666666666666607e+00
1.106666666666666687e+00
5.733333333333333615e-01
1.666666666666666574e-01
3.966666666666666674e-01
5.333333333333333259e-01
2.866666666666666807e-01
1.066666666666666735e-01
2.333333333333333093e-01
1.100000000000000006e-01
7.666666666666666075e-02
1.063333333333333464e+00
0.000000000000000000e+00
9.666666666666667851e-02
3.333333333333333287e-02
1.666666666666666644e-02
1.666666666666666644e-02
5.666666666666666380e-02
2.366666666666666641e-01
2.333333333333333440e-02
3.466666666666666785e-01
1.333333333333333315e-01
9.666666666666667851e-02
7.200000000000000844e-01
1.533333333333333215e-01
7.333333333333334758e-02
5.999999999999999778e-02
1.400000000000000133e-01
7.333333333333333370e-02
0.000000000000000000e+00
0.000000000000000000e+00
0.000000000000000000e+00
6.666666666666667095e-03
3.233333333333333059e-01
0.000000000000000000e+00
3.766666666666667052e-01
1.000000000000000021e-02
3.666666666666666963e-01
2.066666666666666652e-01
1.000000000000000021e-02
5.499999999999999334e-01
6.666666666666667095e-03
1.513333333333333419e+00
2.033333333333333659e-01
8.333333333333332871e-02
1.266666666666666774e-01
7.333333333333333925e-01
6.999999999999999278e-02
2.066666666666666652e-01
5.666666666666667074e-02
3.200000000000000067e-01
3.333333333333333287e-02
1.833333333333333481e-01
3.300000000000000155e-01
9.566666666666666652e-01
5.000000000000000971e-02
3.933333333333333126e-01
4.666666666666666879e-02
9.000000000000001055e-02
9.999999999999999167e-02
7.000000000000000666e-02
4.333333333333333481e-02
8.433333333333333792e-01
1.219999999999999973e+00
1.239999999999999991e+00
1.999999999999999833e-01
2.399999999999999911e-01
1.760000000000000009e+00
