1.453333333333333366e+00
1.016666666666666607e+00
1.199999999999999956e-01
7.666666666666667462e-02
3.033333333333333437e-01
8.833333333333333037e-01
9.000000000000001055e-02
3.733333333333333504e-01
1.700000000000000122e-01
3.333333333333333287e-02
1.233333333333333365e-01
2.166666666666666741e-01
1.540000000000000036e+00
1.000000000000000194e-01
1.333333333333333419e-02
5.333333333333333676e-02
1.150000000000000133e+00
2.633333333333333637e-01
1.066666666666666735e-01
2.399999999999999911e-01
3.333333333333333287e-02
2.466666666666666730e-01
1.159999999999999920e+00
7.666666666666666075e-02
1.199999999999999956e-01
1.166666666666666546e-01
1.500000000000000222e-01
3.600000000000000422e-01
1.356666666666666687e+00
1.900000000000000300e-01
1.666666666666666574e-01
1.366666666666666863e-01
1.026666666666666616e+00
