4.000000000000000083e-02
3.333333333333333287e-02
4.333333333333333481e-01
0.000000000000000000e+00
0.000000000000000000e+00
3.333333333333333547e-03
3.333333333333333547e-03
4.000000000000000083e-02
1.316666666666666652e+00
8.033333333333333437e-01
5.000000000000000971e-02
4.033333333333333215e-01
2.666666666666666838e-02
5.000000000000000971e-02
6.666666666666667095e-03
0.000000000000000000e+00
1.966666666666666563e-01
6.666666666666667095e-03
4.333333333333333481e-01
4.000000000000000083e-02
5.999999999999999778e-02
1.666666666666666644e-02
7.566666666666667096e-01
0.000000000000000000e+00
3.400000000000000244e-01
1.366666666666666585e-01
7.000000000000000666e-01
2.899999999999999800e-01
3.666666666666667379e-02
2.333333333333333648e-01
9.000000000000001055e-02
1.266666666666666774e-01
4.000000000000000083e-02
4.000000000000000083e-02
1.666666666666666644e-02
6.666666666666667095e-03
0.000000000000000000e+00
0.000000000000000000e+00
7.000000000000000666e-02
5.666666666666666519e-01
1.000000000000000021e-02
1.000000000000000021e-02
9.333333333333332371e-02
6.333333333333333870e-02
4.000000000000000083e-02
4.966666666666666452e-01
4.333333333333333481e-02
2.666666666666666838e-02
1.666666666666666644e-02
6.366666666666666030e-01
6.666666666666667095e-03
1.000000000000000021e-02
4.000000000000000083e-02
3.333333333333333547e-03
0.000000000000000000e+00
5.133333333333333082e-01
1.333333333333333419e-02
9.833333333333333925e-01
2.743333333333333623e+00
4.966666666666666452e-01
0.000000000000000000e+00
1.169999999999999929e+00
5.000000000000000971e-02
2.500000000000000000e-01
1.033333333333333326e-01
5.333333333333333676e-02
3.366666666666666141e-01
1.393333333333333313e+00
1.776666666666666616e+00
1.133333333333333415e-01
9.566666666666666652e-01
5.666666666666667074e-02
1.033333333333333326e-01
1.666666666666666644e-02
1.666666666666666644e-02
1.033333333333333326e-01
9.000000000000001055e-02
9.099999999999998090e-01
9.999999999999999167e-02
9.000000000000001055e-02
1.766666666666666663e-01
1.169999999999999929e+00
1.233333333333333365e-01
2.333333333333333648e-01
3.099999999999999978e-01
1.026666666666666616e+00
2.800000000000000266e-01
2.000000000000000042e-02
5.000000000000000971e-02
4.000000000000000083e-02
4.000000000000000083e-02
5.666666666666666380e-02
5.999999999999999778e-02
8.666666666666666963e-02
5.333333333333333676e-02
2.999999999999999889e-02
9.000000000000001055e-02
1.433333333333333404e-01
9.833333333333332815e-01
2.266666666666666829e-01
1.233333333333333365e-01
5.999999999999999778e-01
9.666666666666667851e-02
2.366666666666666641e-01
7.933333333333334458e-01
4.666666666666666879e-02
7.666666666666667462e-02
1.199999999999999956e-01
1.626666666666666705e+00
1.466666666666666674e-01
9.000000000000001055e-02
2.500000000000000000e-01
4.466666666666666008e-01
4.066666666666666763e-01
1.436666666666666758e+00
3.799999999999999489e-01
1.976666666666666572e+00
3.250000000000000000e+00
9.233333333333333393e-01
2.099999999999999922e-01
9.633333333333332638e-01
2.666666666666666838e-02
7.000000000000000666e-02
7.666666666666667462e-02
8.333333333333332871e-02
2.666666666666666838e-02
1.126666666666666705e+00
1.063333333333333464e+00
1.533333333333333492e-01
6.300000000000000044e-01
9.000000000000001055e-02
2.666666666666666838e-02
8.000000000000000167e-02
4.000000000000000083e-02
2.133333333333333470e-01
4.333333333333333481e-02
9.300000000000000488e-01
2.999999999999999889e-02
4.000000000000000083e-02
6.333333333333333870e-02
1.473333333333333384e+00
2.566666666666666541e-01
3.600000000000000422e-01
2.966666666666666896e-01
9.300000000000000488e-01
1.600000000000000033e-01
2.166666666666666741e-01
8.333333333333332871e-02
7.000000000000000666e-02
1.400000000000000133e-01
1.999999999999999833e-01
1.066666666666666735e-01
4.333333333333333481e-02
1.533333333333333215e-01
3.666666666666667379e-02
5.666666666666666380e-02
1.866666666666666474e-01
8.566666666666665764e-01
5.333333333333333676e-02
1.766666666666666663e-01
8.333333333333332871e-02
7.333333333333333370e-02
1.033333333333333326e-01
1.273333333333333428e+00
1.099999999999999867e-01
5.666666666666666380e-02
2.999999999999999889e-02
9.300000000000000488e-01
2.000000000000000042e-02
8.333333333333332871e-02
1.066666666666666735e-01
1.266666666666666774e-01
0.000000000000000000e+00
8.133333333333333526e-01
3.066666666666666430e-01
9.500000000000000666e-01
2.069999999999999840e+00
