7.399999999999998801e-01
1.533333333333333492e-01
5.399999999999999245e-01
1.199999999999999956e-01
2.666666666666666838e-02
1.000000000000000021e-02
0.000000000000000000e+00
1.000000000000000021e-02
6.666666666666666297e-01
8.366666666666665586e-01
4.066666666666666763e-01
1.169999999999999929e+00
5.666666666666667074e-02
1.333333333333333419e-02
1.313333333333333242e+00
1.233333333333333365e-01
1.000000000000000021e-02
1.166666666666666546e-01
9.433333333333333570e-01
5.566666666666666430e-01
2.000000000000000042e-02
7.533333333333334103e-01
7.399999999999998801e-01
7.400000000000001021e-01
4.333333333333333481e-02
3.766666666666666496e-01
5.833333333333333703e-01
2.433333333333333182e-01
5.166666666666667185e-01
2.099999999999999922e-01
1.433333333333333404e-01
5.833333333333333703e-01
2.700000000000000178e-01
5.333333333333333259e-01
9.433333333333333570e-01
2.899999999999999800e-01
1.333333333333333419e-02
2.299999999999999822e-01
6.666666666666666297e-01
8.266666666666666607e-01
0.000000000000000000e+00
1.426666666666666750e+00
7.933333333333333348e-01
1.159999999999999920e+00
4.000000000000000083e-02
8.000000000000000167e-02
2.299999999999999822e-01
6.666666666666666574e-02
3.000000000000000236e-02
1.900000000000000300e-01
0.000000000000000000e+00
2.200000000000000011e-01
2.333333333333333440e-02
6.366666666666666030e-01
2.866666666666666807e-01
1.163333333333333330e+00
1.696666666666666545e+00
9.999999999999999167e-02
2.000000000000000042e-02
3.666666666666666685e-02
5.666666666666666519e-01
0.000000000000000000e+00
0.000000000000000000e+00
8.633333333333332860e-01
2.399999999999999911e-01
6.666666666666667095e-03
1.499999999999999944e-01
1.183333333333333348e+00
1.166666666666666546e-01
1.133333333333333276e-01
7.333333333333333370e-02
1.316666666666666652e+00
1.600000000000000033e-01
4.666666666666666879e-02
3.333333333333333287e-02
3.333333333333333547e-03
2.333333333333333440e-02
1.166666666666666546e-01
1.099999999999999867e+00
1.209999999999999964e+00
3.733333333333333504e-01
2.066666666666666652e-01
9.000000000000001055e-02
4.666666666666666186e-01
4.999999999999999584e-02
0.000000000000000000e+00
1.223333333333333384e+00
4.500000000000000111e-01
1.133333333333333415e-01
8.333333333333332871e-02
2.333333333333333093e-01
1.300000000000000044e+00
6.666666666666666574e-02
1.033333333333333326e-01
4.666666666666666879e-02
8.466666666666666785e-01
7.166666666666667851e-01
3.333333333333333547e-03
5.299999999999999156e-01
5.133333333333333082e-01
6.099999999999999867e-01
8.466666666666666785e-01
5.933333333333332682e-01
0.000000000000000000e+00
3.066666666666666430e-01
1.243333333333333401e+00
6.666666666666667095e-03
5.000000000000000971e-02
4.566666666666666097e-01
8.666666666666666963e-01
5.999999999999999778e-02
5.000000000000000971e-02
9.266666666666666385e-01
9.933333333333332904e-01
7.000000000000000666e-02
1.333333333333333419e-02
2.133333333333332915e-01
1.866666666666666752e-01
1.586666666666666670e+00
5.366666666666667362e-01
1.290000000000000036e+00
1.596666666666666679e+00
9.366666666666666474e-01
5.433333333333333348e-01
2.273333333333333428e+00
