9.333333333333332371e-01
2.866666666666666807e-01
1.166666666666666546e-01
1.379999999999999893e+00
5.333333333333333676e-02
6.666666666666666574e-02
1.233333333333333365e-01
1.000000000000000021e-02
1.000000000000000021e-02
3.899999999999999578e-01
1.666666666666666644e-02
4.000000000000000083e-02
5.666666666666666380e-02
1.099999999999999867e-01
2.000000000000000042e-02
4.666666666666666879e-02
9.666666666666667851e-02
1.666666666666666644e-02
1.000000000000000021e-02
7.333333333333333370e-02
7.666666666666667462e-02
5.999999999999999778e-02
3.000000000000000236e-02
1.866666666666666474e-01
1.566666666666666763e-01
2.066666666666666652e-01
2.566666666666666541e-01
9.033333333333333215e-01
2.786666666666666625e+00
4.533333333333333215e+00
