7.900000000000000355e-01
1.366666666666666863e-01
1.233333333333333365e-01
1.633333333333333526e+00
3.533333333333333326e-01
1.199999999999999956e-01
2.966666666666666896e-01
1.266666666666666774e-01
8.666666666666666963e-02
3.666666666666666685e-02
2.666666666666666630e-01
3.333333333333333287e-02
5.266666666666667274e-01
9.900000000000001021e-01
1.166666666666666546e-01
4.000000000000000083e-02
3.333333333333333287e-02
1.666666666666666574e-01
8.399999999999999689e-01
6.666666666666667095e-03
4.666666666666666879e-02
1.833333333333333481e-01
1.000000000000000021e-02
1.000000000000000021e-02
8.666666666666666963e-02
1.033333333333333326e-01
0.000000000000000000e+00
9.666666666666666463e-02
2.700000000000000178e-01
8.666666666666666963e-02
1.886666666666666714e+00
6.533333333333333215e-01
2.600000000000000089e-01
3.300000000000000155e-01
3.666666666666666685e-02
1.033333333333333326e-01
1.400000000000000133e-01
1.433333333333333404e-01
0.000000000000000000e+00
2.333333333333333440e-02
2.099999999999999922e-01
9.800000000000000933e-01
1.000000000000000021e-02
1.866666666666666752e-01
7.600000000000001199e-01
1.000000000000000021e-02
1.000000000000000021e-02
5.666666666666667074e-02
1.233333333333333365e-01
1.099999999999999867e-01
1.306666666666666643e+00
6.666666666666666574e-02
2.500000000000000000e-01
2.176666666666666305e+00
3.023333333333333428e+00
1.209999999999999964e+00
1.566666666666666763e-01
2.633333333333333637e-01
8.333333333333332871e-02
2.999999999999999889e-02
1.199999999999999956e-01
2.999999999999999889e-02
9.000000000000001055e-02
1.666666666666666644e-02
7.000000000000000666e-02
4.666666666666666879e-02
0.000000000000000000e+00
3.333333333333333287e-02
0.000000000000000000e+00
0.000000000000000000e+00
0.000000000000000000e+00
1.333333333333333419e-02
2.600000000000000089e-01
3.533333333333333326e-01
1.666666666666666644e-02
1.120000000000000107e+00
5.899999999999999689e-01
4.999999999999999584e-02
2.700000000000000178e-01
6.533333333333333215e-01
1.700000000000000122e-01
6.766666666666666385e-01
1.333333333333333315e-01
1.400000000000000133e-01
1.666666666666666644e-02
1.800000000000000211e-01
6.333333333333333870e-02
3.333333333333333547e-03
5.999999999999999778e-02
9.666666666666667851e-02
5.666666666666667074e-02
5.033333333333332993e-01
3.366666666666666696e-01
7.466666666666667007e-01
2.633333333333333637e-01
3.799999999999999489e-01
9.033333333333333215e-01
4.099999999999999756e-01
1.733333333333333393e-01
7.333333333333333370e-02
1.766666666666666663e-01
1.136666666666666714e+00
6.566666666666666208e-01
4.866666666666666363e-01
9.966666666666667007e-01
2.300000000000000100e-01
6.266666666666665941e-01
3.333333333333333547e-03
1.199999999999999956e-01
3.666666666666666685e-02
2.800000000000000266e-01
1.100000000000000006e-01
4.000000000000000777e-01
8.333333333333332871e-02
2.900000000000000355e-01
5.166666666666667185e-01
2.866666666666666252e-01
5.400000000000000355e-01
