9.400000000000000577e-01
7.366666666666666918e-01
1.023333333333333428e+00
1.486666666666666581e+00
5.366666666666667362e-01
8.166666666666667629e-01
2.633333333333333637e-01
1.486666666666666581e+00
1.833333333333333481e-01
4.566666666666667207e-01
1.100000000000000006e-01
8.333333333333332871e-02
6.999999999999999278e-02
1.533333333333333492e-01
1.633333333333333304e-01
2.999999999999999889e-01
1.033333333333333465e-01
2.099999999999999922e-01
1.733333333333333393e-01
2.666666666666666838e-02
8.366666666666665586e-01
7.766666666666667274e-01
9.999999999999999167e-02
5.000000000000000971e-02
7.000000000000000666e-02
1.033333333333333326e-01
1.476666666666666572e+00
1.870000000000000107e+00
1.000000000000000021e-02
7.666666666666666075e-01
9.666666666666666463e-02
2.999999999999999889e-02
9.999999999999999167e-02
1.933333333333333293e-01
4.333333333333333481e-02
3.666666666666667379e-02
1.966666666666666785e+00
8.633333333333332860e-01
1.333333333333333315e-01
1.536666666666666403e+00
1.900000000000000300e-01
5.466666666666665231e-01
1.036666666666666625e+00
1.526666666666666616e+00
7.000000000000000666e-02
5.999999999999999778e-02
0.000000000000000000e+00
1.333333333333333419e-02
2.033333333333333381e-01
1.899999999999999745e-01
1.899999999999999745e-01
7.900000000000000355e-01
6.666666666666666574e-02
5.666666666666667074e-02
3.133333333333332971e-01
1.700000000000000122e-01
3.666666666666666963e-01
3.666666666666667379e-02
6.733333333333332282e-01
0.000000000000000000e+00
1.533333333333333215e-01
3.866666666666666585e-01
1.033333333333333326e-01
8.000000000000000167e-02
8.000000000000000167e-02
9.999999999999999167e-02
9.000000000000001055e-02
1.533333333333333215e-01
1.366666666666666863e-01
2.136666666666666714e+00
1.466666666666666952e-01
5.833333333333333703e-01
4.533333333333333659e-01
8.900000000000000133e-01
6.633333333333332194e-01
9.333333333333332371e-01
1.666666666666666644e-02
6.466666666666666119e-01
1.833333333333333481e-01
2.500000000000000000e+00
3.589999999999999858e+00
