1.059999999999999831e+00
2.300000000000000100e-01
2.126666666666666483e+00
3.666666666666666963e-01
9.133333333333332194e-01
2.333333333333333440e-02
1.000000000000000021e-02
1.233333333333333365e-01
4.133333333333333859e-01
1.600000000000000033e-01
2.866666666666666807e-01
1.233333333333333365e-01
1.700000000000000122e-01
3.333333333333333287e-02
4.199999999999999845e-01
1.383333333333333526e+00
3.333333333333333547e-03
3.833333333333333037e-01
1.003333333333333410e+00
6.666666666666667095e-03
0.000000000000000000e+00
1.496666666666666812e+00
3.599999999999999312e-01
1.166666666666666546e-01
6.633333333333332194e-01
1.290000000000000036e+00
1.700000000000000122e-01
2.700000000000000178e-01
1.000000000000000021e-02
5.000000000000000971e-02
5.433333333333333348e-01
2.999999999999999889e-02
2.933333333333333348e-01
2.999999999999999889e-02
1.000000000000000021e-02
1.866666666666666474e-01
8.000000000000000167e-02
1.133333333333333276e-01
1.266666666666666774e-01
2.933333333333332793e-01
0.000000000000000000e+00
3.333333333333333547e-03
5.133333333333333082e-01
2.033333333333333381e-01
3.333333333333333547e-03
1.000000000000000021e-02
1.466666666666666952e-01
1.333333333333333419e-02
0.000000000000000000e+00
0.000000000000000000e+00
4.666666666666666879e-02
1.333333333333333419e-02
8.000000000000000167e-02
4.000000000000000083e-02
2.466666666666666730e-01
6.099999999999999867e-01
4.533333333333333104e-01
4.666666666666666186e-01
6.133333333333333970e-01
2.333333333333333440e-02
1.000000000000000000e+00
3.866666666666667140e-01
0.000000000000000000e+00
0.000000000000000000e+00
2.600000000000000089e-01
4.333333333333333481e-02
0.000000000000000000e+00
8.033333333333333437e-01
9.499999999999998446e-01
2.083333333333333481e+00
1.080000000000000071e+00
3.666666666666667379e-02
1.300000000000000044e-01
8.866666666666666030e-01
3.099999999999999978e-01
1.333333333333333419e-02
2.333333333333333093e-01
8.199999999999999512e-01
7.933333333333333348e-01
8.633333333333332860e-01
4.166666666666666852e-01
1.366666666666666585e-01
6.933333333333333570e-01
4.666666666666666186e-01
4.666666666666666879e-02
9.199999999999999289e-01
2.566666666666666541e-01
3.033333333333333437e-01
1.466666666666666952e-01
4.966666666666666452e-01
1.476666666666666572e+00
3.666666666666666963e-01
6.666666666666667095e-03
4.566666666666667207e-01
8.666666666666666963e-01
1.146666666666666723e+00
1.066666666666666458e-01
2.133333333333332915e-01
5.999999999999999778e-02
2.900000000000000355e-01
1.433333333333333404e-01
4.066666666666666763e-01
1.366666666666666863e-01
1.899999999999999745e-01
4.433333333333333570e-01
9.666666666666666741e-01
7.000000000000000666e-02
4.000000000000000083e-02
4.366666666666667029e-01
1.433333333333333348e+00
2.266666666666666829e-01
2.166666666666666463e-01
1.650000000000000133e+00
5.999999999999999778e-02
1.000000000000000021e-02
4.000000000000000083e-02
1.666666666666666644e-02
1.000000000000000021e-02
1.733333333333333393e-01
4.033333333333333215e-01
0.000000000000000000e+00
0.000000000000000000e+00
1.499999999999999944e-01
4.666666666666666879e-02
8.666666666666666963e-02
1.333333333333333419e-02
6.933333333333333570e-01
3.333333333333333547e-03
6.666666666666667095e-03
1.096666666666666679e+00
1.233333333333333365e-01
1.033333333333333326e-01
1.580000000000000071e+00
4.833333333333333370e-01
1.366666666666666863e-01
9.799999999999999822e-01
4.366666666666667029e-01
5.200000000000000178e-01
2.079999999999999627e+00
8.833333333333334147e-01
3.746666666666666590e+00
