4.266666666666666941e-01
2.533333333333333548e-01
2.633333333333333637e-01
9.866666666666666918e-01
1.000000000000000021e-02
7.099999999999999645e-01
5.566666666666666430e-01
9.333333333333333759e-02
0.000000000000000000e+00
9.366666666666666474e-01
8.533333333333331661e-01
0.000000000000000000e+00
1.666666666666666644e-02
2.666666666666666838e-02
0.000000000000000000e+00
0.000000000000000000e+00
8.733333333333334059e-01
1.199999999999999956e+00
8.166666666666667629e-01
9.999999999999999167e-02
4.666666666666666879e-02
1.600000000000000033e-01
2.666666666666666838e-02
1.173333333333333339e+00
1.499999999999999944e-01
2.666666666666666838e-02
0.000000000000000000e+00
0.000000000000000000e+00
0.000000000000000000e+00
6.666666666666667095e-03
4.000000000000000083e-02
1.433333333333333404e-01
2.266666666666666552e-01
3.866666666666667140e-01
4.666666666666666879e-02
7.833333333333332149e-01
1.933333333333333293e-01
1.886666666666666714e+00
2.333333333333333440e-02
1.000000000000000021e-02
0.000000000000000000e+00
0.000000000000000000e+00
0.000000000000000000e+00
4.333333333333333481e-02
4.000000000000000083e-02
8.766666666666665941e-01
2.099999999999999922e-01
1.666666666666666574e-01
2.633333333333333637e-01
2.666666666666666630e-01
0.000000000000000000e+00
6.700000000000000400e-01
1.159999999999999920e+00
0.000000000000000000e+00
1.333333333333333419e-02
1.086666666666666670e+00
9.500000000000000666e-01
0.000000000000000000e+00
5.466666666666666341e-01
6.933333333333333570e-01
7.466666666666667007e-01
5.666666666666667074e-02
3.766666666666667052e-01
1.876666666666666705e+00
8.333333333333332871e-02
2.199999999999999734e-01
5.999999999999999778e-02
8.599999999999999867e-01
1.833333333333333481e-01
7.666666666666667462e-02
1.139999999999999902e+00
5.799999999999999600e-01
1.623333333333333295e+00
2.430000000000000160e+00
1.386666666666666714e+00
1.199999999999999956e-01
3.099999999999999978e-01
1.343333333333333490e+00
1.030000000000000027e+00
1.333333333333333419e-02
1.366666666666666585e-01
6.400000000000000133e-01
1.253333333333333188e+00
4.333333333333333481e-02
6.133333333333333970e-01
9.833333333333333925e-01
8.833333333333333037e-01
9.333333333333333759e-02
1.400000000000000133e-01
2.699999999999999623e-01
1.000000000000000021e-02
1.499999999999999944e-01
3.333333333333333287e-02
1.533333333333333215e-01
1.666666666666666574e-01
0.000000000000000000e+00
2.253333333333333410e+00
1.033333333333333326e-01
9.766666666666665719e-01
1.110000000000000098e+00
3.233333333333333059e-01
0.000000000000000000e+00
1.540000000000000036e+00
7.533333333333332993e-01
3.333333333333333287e-02
9.666666666666667851e-02
3.033333333333332882e-01
7.933333333333333348e-01
1.466666666666666397e-01
7.099999999999999645e-01
5.799999999999999600e-01
6.666666666666666297e-01
8.466666666666666785e-01
1.333333333333333315e-01
1.866666666666666752e-01
6.600000000000000311e-01
9.333333333333333759e-02
1.766666666666666663e-01
1.396666666666666501e+00
3.433333333333333237e-01
5.400000000000000355e-01
3.533333333333333326e-01
2.199999999999999734e-01
5.499999999999999334e-01
1.113333333333333286e+00
