3.966666666666666674e-01
1.866666666666666752e-01
4.133333333333333304e-01
1.033333333333333465e-01
1.629999999999999893e+00
1.933333333333333293e-01
1.033333333333333326e-01
3.333333333333333547e-03
5.466666666666667451e-01
3.566666666666666874e-01
1.646666666666666723e+00
1.799999999999999656e-01
0.000000000000000000e+00
1.633333333333333304e-01
2.666666666666666838e-02
1.700000000000000122e-01
1.333333333333333419e-02
1.866666666666666752e-01
1.033333333333333326e-01
9.266666666666667496e-01
8.333333333333332871e-02
2.066666666666666652e-01
1.886666666666666714e+00
4.099999999999999756e-01
7.000000000000000666e-02
3.666666666666666963e-01
0.000000000000000000e+00
1.766666666666666663e-01
1.366666666666666585e-01
1.133333333333333304e+00
5.766666666666666607e-01
1.099999999999999867e-01
0.000000000000000000e+00
9.666666666666667851e-02
1.366666666666666863e-01
1.816666666666666430e+00
1.980000000000000204e+00
