2.436666666666666536e+00
4.066666666666667318e-01
2.299999999999999822e-01
1.400000000000000133e-01
9.000000000000001055e-02
1.366666666666666585e-01
3.966666666666666674e-01
1.000000000000000021e-02
4.333333333333333481e-02
7.000000000000000666e-02
6.666666666666666574e-02
2.000000000000000042e-02
3.333333333333333287e-02
0.000000000000000000e+00
2.333333333333333440e-02
2.999999999999999889e-02
0.000000000000000000e+00
0.000000000000000000e+00
2.000000000000000042e-02
1.333333333333333419e-02
1.333333333333333419e-02
0.000000000000000000e+00
2.333333333333333440e-02
0.000000000000000000e+00
1.666666666666666644e-02
2.000000000000000042e-02
1.066666666666666735e-01
8.000000000000000167e-02
1.400000000000000133e-01
3.433333333333332682e-01
5.463333333333333819e+00
1.410000000000000142e+00
3.866666666666667140e-01
4.999999999999999584e-02
2.566666666666666541e-01
1.600000000000000033e-01
1.266666666666666774e-01
2.000000000000000042e-02
1.233333333333333365e-01
2.000000000000000042e-02
1.666666666666666644e-02
1.000000000000000021e-02
4.333333333333333481e-02
1.199999999999999956e-01
2.000000000000000042e-02
0.000000000000000000e+00
7.666666666666667462e-02
0.000000000000000000e+00
0.000000000000000000e+00
4.000000000000000083e-02
4.333333333333333481e-02
2.333333333333333093e-02
0.000000000000000000e+00
2.000000000000000042e-02
4.666666666666666879e-02
2.000000000000000042e-02
2.000000000000000042e-02
1.100000000000000006e-01
3.700000000000000511e-01
1.733333333333333393e-01
4.133333333333333304e-01
4.996666666666667034e+00
2.740000000000000213e+00
1.766666666666666663e-01
6.666666666666666574e-02
2.266666666666666552e-01
2.766666666666666718e-01
1.300000000000000044e-01
6.666666666666666574e-02
1.000000000000000021e-02
1.333333333333333419e-02
3.333333333333333547e-03
1.333333333333333419e-02
8.333333333333332871e-02
5.666666666666666380e-02
0.000000000000000000e+00
1.666666666666666644e-02
4.666666666666666879e-02
0.000000000000000000e+00
0.000000000000000000e+00
4.666666666666666186e-02
3.666666666666667379e-02
6.666666666666667095e-03
0.000000000000000000e+00
1.000000000000000021e-02
1.000000000000000021e-02
7.000000000000000666e-02
1.266666666666666774e-01
1.900000000000000300e-01
1.666666666666666574e-01
1.566666666666666485e-01
6.166666666666666963e-01
2.699999999999999734e+00
2.380000000000000338e+00
2.899999999999999800e-01
5.666666666666667074e-02
2.933333333333332793e-01
1.000000000000000194e-01
1.733333333333333393e-01
3.333333333333333547e-03
2.999999999999999889e-02
5.000000000000000971e-02
3.333333333333333547e-03
0.000000000000000000e+00
2.000000000000000042e-02
7.333333333333334758e-02
0.000000000000000000e+00
0.000000000000000000e+00
4.333333333333333481e-02
0.000000000000000000e+00
0.000000000000000000e+00
6.666666666666666574e-02
1.000000000000000021e-02
1.000000000000000021e-02
0.000000000000000000e+00
2.000000000000000042e-02
6.666666666666667095e-03
1.166666666666666824e-01
9.999999999999999167e-02
7.333333333333333370e-02
2.866666666666666807e-01
1.166666666666666546e-01
4.833333333333333925e-01
2.546666666666666412e+00
2.073333333333333695e+00
4.299999999999999933e-01
1.000000000000000021e-02
9.999999999999999167e-02
3.600000000000000422e-01
1.333333333333333419e-02
2.666666666666666838e-02
2.333333333333333440e-02
1.333333333333333419e-02
2.999999999999999889e-02
0.000000000000000000e+00
1.033333333333333326e-01
2.999999999999999889e-02
2.333333333333333440e-02
0.000000000000000000e+00
6.666666666666666574e-02
0.000000000000000000e+00
0.000000000000000000e+00
6.333333333333333870e-02
1.333333333333333419e-02
1.666666666666666644e-02
0.000000000000000000e+00
2.000000000000000042e-02
6.666666666666667095e-03
1.333333333333333419e-02
2.666666666666666838e-02
1.333333333333333315e-01
2.333333333333333093e-01
7.000000000000000666e-02
1.733333333333333393e-01
3.106666666666666909e+00
