1.213333333333333153e+00
1.323333333333333472e+00
8.066666666666666430e-01
1.966666666666666563e-01
8.800000000000000044e-01
6.999999999999999278e-02
6.333333333333333870e-02
1.000000000000000021e-02
6.666666666666667095e-03
5.000000000000000971e-02
5.433333333333333348e-01
1.666666666666666741e+00
4.666666666666666879e-02
4.266666666666666941e-01
3.466666666666666785e-01
1.833333333333333481e-01
8.566666666666667984e-01
3.366666666666666696e-01
5.566666666666666430e-01
1.066666666666666735e-01
4.400000000000000022e-01
1.433333333333333126e-01
5.666666666666666380e-02
5.333333333333333676e-02
6.000000000000000472e-02
6.200000000000001066e-01
1.666666666666666644e-02
1.016666666666666607e+00
3.333333333333333287e-02
6.999999999999999278e-02
9.566666666666666652e-01
1.600000000000000033e-01
1.199999999999999956e-01
6.000000000000000472e-02
1.833333333333333481e-01
1.033333333333333326e-01
2.999999999999999889e-02
6.000000000000000472e-02
5.000000000000000971e-02
2.099999999999999922e-01
5.333333333333333676e-02
1.999999999999999833e-01
0.000000000000000000e+00
0.000000000000000000e+00
7.000000000000000666e-02
7.200000000000000844e-01
2.233333333333333559e-01
2.999999999999999889e-02
4.333333333333333481e-02
3.333333333333333547e-03
8.366666666666665586e-01
3.333333333333333547e-03
1.000000000000000000e+00
1.080000000000000071e+00
4.799999999999999822e-01
3.533333333333333326e-01
3.070000000000000284e+00
3.666666666666666963e-01
5.100000000000000089e-01
5.733333333333333615e-01
2.000000000000000042e-02
0.000000000000000000e+00
0.000000000000000000e+00
0.000000000000000000e+00
2.333333333333333440e-02
3.333333333333333287e-02
7.666666666666666075e-02
4.666666666666666879e-02
2.500000000000000000e-01
1.333333333333333419e-02
7.133333333333333748e-01
3.333333333333333287e-02
4.466666666666666008e-01
1.589999999999999858e+00
1.633333333333333304e-01
1.333333333333333419e-02
6.666666666666667095e-03
2.333333333333333093e-02
0.000000000000000000e+00
5.833333333333333703e-01
1.166666666666666546e-01
5.666666666666666380e-02
4.866666666666666363e-01
5.499999999999999334e-01
1.199999999999999956e-01
1.596666666666666679e+00
6.733333333333333393e-01
2.999999999999999889e-01
7.866666666666666252e-01
2.999999999999999889e-01
7.666666666666666075e-02
2.329999999999999627e+00
0.000000000000000000e+00
6.466666666666666119e-01
1.333333333333333419e-02
4.333333333333333481e-02
4.733333333333333282e-01
2.066666666666666652e-01
1.130000000000000115e+00
0.000000000000000000e+00
4.033333333333333215e-01
1.373333333333333295e+00
4.333333333333333481e-01
8.666666666666666963e-02
3.366666666666666696e-01
9.333333333333333759e-02
4.066666666666667318e-01
5.266666666666667274e-01
9.666666666666666741e-01
2.373333333333333073e+00
4.000000000000000083e-02
7.299999999999999822e-01
4.099999999999999756e-01
1.360000000000000098e+00
2.576666666666666661e+00
2.000000000000000042e-02
9.666666666666666463e-02
4.133333333333333304e-01
3.666666666666667379e-02
3.333333333333333547e-03
5.666666666666665408e-01
3.799999999999999489e-01
0.000000000000000000e+00
6.333333333333333870e-02
2.000000000000000042e-02
6.966666666666666563e-01
1.199999999999999956e-01
1.366666666666666863e-01
0.000000000000000000e+00
0.000000000000000000e+00
1.923333333333333117e+00
7.833333333333333259e-01
3.553333333333333233e+00
1.023333333333333206e+00
1.420000000000000151e+00
4.099999999999999756e-01
2.000000000000000042e-02
3.966666666666666674e-01
0.000000000000000000e+00
0.000000000000000000e+00
7.333333333333331983e-02
1.000000000000000021e-02
1.666666666666666644e-02
2.166666666666666741e-01
9.233333333333333393e-01
1.000000000000000021e-02
1.933333333333333570e-01
2.133333333333332915e-01
5.000000000000000000e-01
7.166666666666666741e-01
3.866666666666666585e-01
4.966666666666666452e-01
3.333333333333333547e-03
2.799999999999999711e-01
4.999999999999999584e-02
0.000000000000000000e+00
1.233333333333333365e-01
3.333333333333333287e-02
8.466666666666666785e-01
4.333333333333333481e-02
1.346666666666666679e+00
1.999999999999999833e-01
1.466666666666666674e-01
9.566666666666666652e-01
8.666666666666666963e-02
4.999999999999999584e-02
7.333333333333333370e-02
3.500000000000000333e-01
1.766666666666666663e-01
2.533333333333333548e-01
1.733333333333333393e-01
4.000000000000000083e-02
1.400000000000000133e-01
6.333333333333333870e-02
1.966666666666666841e-01
1.333333333333333419e-02
8.666666666666666963e-02
1.066666666666666458e-01
9.000000000000000222e-01
1.366666666666666863e-01
2.000000000000000042e-02
3.666666666666667379e-02
6.666666666666667095e-03
5.200000000000000178e-01
0.000000000000000000e+00
7.500000000000000000e-01
1.493333333333333401e+00
1.366666666666666863e-01
1.333333333333333315e-01
1.110000000000000098e+00
1.533333333333333492e-01
3.033333333333333437e-01
1.866666666666666752e-01
2.999999999999999889e-02
4.000000000000000083e-02
1.566666666666666485e-01
1.033333333333333326e-01
2.366666666666666918e-01
8.333333333333332871e-02
1.233333333333333365e-01
0.000000000000000000e+00
8.666666666666666963e-02
2.666666666666666838e-02
9.233333333333333393e-01
3.933333333333333126e-01
1.073333333333333250e+00
9.366666666666666474e-01
0.000000000000000000e+00
4.000000000000000083e-02
6.666666666666666574e-02
2.666666666666666838e-02
6.999999999999999278e-02
7.466666666666665897e-01
2.866666666666666807e-01
1.800000000000000211e-01
8.433333333333332682e-01
1.186666666666666758e+00
6.666666666666667095e-03
9.599999999999999645e-01
1.156666666666666510e+00
1.366666666666666863e-01
8.800000000000000044e-01
2.433333333333333182e-01
2.566666666666666541e-01
1.449999999999999956e+00
3.333333333333333547e-03
8.133333333333333526e-01
1.333333333333333315e-01
2.999999999999999889e-02
4.600000000000000200e-01
7.233333333333332726e-01
1.466666666666666785e+00
6.666666666666667095e-03
4.299999999999999933e-01
1.276666666666666616e+00
2.319999999999999840e+00
1.166666666666666546e-01
2.299999999999999822e-01
3.966666666666666674e-01
5.633333333333333526e-01
9.166666666666666297e-01
1.593333333333333490e+00
1.499999999999999944e-01
4.633333333333333193e-01
2.533333333333333548e-01
6.533333333333333215e-01
1.903333333333333321e+00
1.666666666666666741e+00
1.666666666666666644e-02
3.233333333333333059e-01
1.899999999999999745e-01
1.233333333333333365e-01
2.999999999999999889e-02
5.400000000000000355e-01
8.433333333333332682e-01
1.333333333333333419e-02
8.333333333333332871e-02
4.999999999999999584e-02
1.396666666666666723e+00
5.000000000000000971e-02
2.233333333333333559e-01
0.000000000000000000e+00
0.000000000000000000e+00
1.003333333333333410e+00
2.666666666666666630e-01
1.733333333333333393e+00
