1.239999999999999991e+00
1.536666666666666847e+00
3.166666666666666519e-01
9.333333333333333759e-02
9.999999999999999167e-02
8.900000000000000133e-01
7.333333333333333370e-02
2.000000000000000042e-02
9.000000000000001055e-02
4.433333333333333570e-01
2.533333333333333548e-01
3.300000000000000155e-01
1.733333333333333393e-01
4.533333333333333104e-01
9.000000000000001055e-02
3.466666666666666785e-01
4.033333333333333215e-01
0.000000000000000000e+00
3.533333333333332771e-01
1.043333333333333224e+00
1.533333333333333492e-01
9.333333333333333759e-02
1.480000000000000204e+00
2.366666666666666641e-01
2.200000000000000011e-01
2.366666666666666918e-01
2.700000000000000178e-01
1.503333333333333188e+00
