1.463333333333333597e+00
1.096666666666666679e+00
1.733333333333333393e-01
2.266666666666666552e-01
1.000000000000000000e+00
1.860000000000000098e+00
4.000000000000000083e-02
9.000000000000001055e-02
9.000000000000001055e-02
2.666666666666666838e-02
1.366666666666666863e-01
3.500000000000000333e-01
1.399999999999999856e-01
4.199999999999999845e-01
7.299999999999999822e-01
1.086666666666666670e+00
6.666666666666666574e-02
1.899999999999999745e-01
9.366666666666666474e-01
8.666666666666665853e-01
5.133333333333333082e-01
4.633333333333333748e-01
6.199999999999999956e-01
0.000000000000000000e+00
1.666666666666666644e-02
1.366666666666666585e-01
6.866666666666666474e-01
1.633333333333333304e-01
6.333333333333333870e-02
2.766666666666666718e-01
4.433333333333333570e-01
0.000000000000000000e+00
1.666666666666666644e-02
0.000000000000000000e+00
2.166666666666666741e-01
6.833333333333334592e-01
3.366666666666666141e-01
4.199999999999999845e-01
2.999999999999999889e-02
1.199999999999999956e+00
1.066666666666666458e-01
1.333333333333333419e-02
1.300000000000000044e-01
5.333333333333333676e-02
8.666666666666666963e-02
1.233333333333333365e-01
1.956666666666666776e+00
3.200000000000000067e-01
1.166666666666666546e-01
1.360000000000000098e+00
1.399999999999999856e-01
1.443333333333333357e+00
1.280000000000000027e+00
8.466666666666666785e-01
5.000000000000000000e-01
1.776666666666666616e+00
5.033333333333332993e-01
6.133333333333332860e-01
9.466666666666666563e-01
3.833333333333333037e-01
5.233333333333333171e-01
1.873333333333333073e+00
