1.146666666666666723e+00
4.366666666666667029e-01
2.566666666666666541e-01
2.300000000000000100e-01
6.233333333333332948e-01
7.000000000000000666e-01
3.899999999999999578e-01
4.999999999999999584e-02
0.000000000000000000e+00
1.966666666666666841e-01
1.833333333333333204e-01
1.433333333333333404e-01
3.400000000000000244e-01
7.233333333333332726e-01
2.566666666666666541e-01
1.700000000000000122e-01
1.876666666666666705e+00
1.800000000000000211e-01
2.333333333333333440e-02
1.000000000000000021e-02
0.000000000000000000e+00
1.333333333333333419e-02
1.276666666666666616e+00
2.666666666666666838e-02
4.733333333333333282e-01
4.566666666666666097e-01
1.386666666666666714e+00
5.833333333333333703e-01
1.766666666666666663e-01
1.833333333333333481e-01
1.866666666666666918e+00
1.400000000000000133e-01
1.280000000000000027e+00
1.400000000000000133e-01
6.666666666666666574e-02
3.533333333333333326e-01
2.299999999999999822e-01
0.000000000000000000e+00
1.766666666666666663e-01
0.000000000000000000e+00
0.000000000000000000e+00
1.600000000000000033e-01
9.333333333333334592e-01
1.499999999999999944e-01
3.466666666666666785e-01
3.833333333333333037e-01
8.966666666666666119e-01
3.266666666666666607e-01
1.899999999999999745e-01
6.000000000000000472e-02
1.203333333333333366e+00
2.133333333333333470e-01
5.666666666666667074e-02
9.333333333333333759e-02
1.333333333333333419e-02
0.000000000000000000e+00
0.000000000000000000e+00
5.999999999999999778e-02
1.173333333333333339e+00
1.626666666666666705e+00
5.466666666666666341e-01
1.729999999999999760e+00
1.766666666666666663e-01
2.666666666666666838e-02
2.633333333333333637e-01
5.000000000000000971e-02
6.000000000000000472e-02
5.999999999999999778e-02
3.066666666666666985e-01
4.899999999999999911e-01
1.033333333333333465e-01
1.033333333333333326e-01
2.333333333333333093e-01
6.999999999999999278e-02
1.933333333333333570e-01
2.666666666666666838e-02
2.133333333333333470e-01
1.466666666666666674e-01
1.036666666666666847e+00
1.000000000000000021e-02
1.533333333333333492e-01
6.166666666666666963e-01
1.233333333333333365e-01
8.766666666666665941e-01
8.833333333333334147e-01
5.333333333333333676e-02
2.266666666666666552e-01
4.733333333333333282e-01
3.333333333333333547e-03
6.666666666666666574e-02
6.666666666666667095e-03
4.000000000000000083e-02
1.416666666666666741e+00
1.449999999999999956e+00
1.866666666666666752e-01
1.033333333333333326e-01
1.566666666666666485e-01
6.300000000000000044e-01
1.666666666666666644e-02
3.600000000000000422e-01
4.799999999999999822e-01
6.466666666666666119e-01
1.066666666666666735e-01
1.666666666666666644e-02
5.166666666666667185e-01
4.433333333333333570e-01
8.666666666666666963e-02
1.070000000000000062e+00
1.999999999999999833e-01
0.000000000000000000e+00
1.266666666666666774e-01
3.000000000000000236e-02
1.766666666666666663e-01
3.333333333333333287e-02
8.000000000000000167e-02
7.666666666666667462e-02
5.999999999999999778e-02
6.666666666666667095e-03
8.666666666666666963e-02
0.000000000000000000e+00
3.333333333333333547e-03
0.000000000000000000e+00
6.666666666666667095e-03
1.333333333333333419e-02
0.000000000000000000e+00
0.000000000000000000e+00
4.000000000000000083e-02
2.399999999999999911e-01
3.033333333333333437e-01
1.396666666666666723e+00
0.000000000000000000e+00
1.333333333333333419e-02
2.166666666666666519e+00
1.143333333333333313e+00
2.333333333333333440e-02
8.366666666666667806e-01
3.233333333333333059e-01
0.000000000000000000e+00
2.333333333333333440e-02
1.166666666666666824e-01
1.100000000000000006e-01
4.333333333333333481e-02
1.000000000000000021e-02
6.666666666666667095e-03
2.470000000000000195e+00
5.433333333333333348e-01
3.666666666666667379e-02
9.000000000000001055e-02
2.166666666666666741e-01
2.666666666666666838e-02
3.666666666666667379e-02
3.099999999999999978e-01
2.600000000000000089e-01
1.503333333333333188e+00
9.000000000000001055e-02
8.333333333333332871e-02
2.633333333333333637e-01
3.166666666666666519e-01
5.233333333333333171e-01
1.666666666666666644e-02
9.333333333333333759e-02
4.299999999999999933e-01
1.330000000000000071e+00
1.476666666666666794e+00
3.133333333333332971e-01
6.666666666666666574e-02
2.333333333333333440e-02
9.000000000000000222e-01
4.666666666666666879e-02
1.000000000000000021e-02
1.143333333333333535e+00
5.133333333333333082e-01
5.000000000000000971e-02
0.000000000000000000e+00
1.300000000000000044e-01
3.500000000000000333e-01
2.366666666666666641e-01
9.000000000000001055e-02
1.666666666666666644e-02
0.000000000000000000e+00
2.933333333333332793e-01
8.933333333333334236e-01
5.100000000000000089e-01
1.033333333333333326e-01
5.566666666666666430e-01
1.433333333333333348e+00
2.399999999999999911e-01
2.033333333333333659e+00
1.199999999999999956e-01
1.316666666666666652e+00
8.333333333333332871e-02
1.133333333333333276e-01
4.099999999999999756e-01
6.333333333333333870e-02
4.999999999999999584e-02
9.899999999999998801e-01
1.499999999999999944e-01
2.666666666666666838e-02
2.900000000000000355e-01
0.000000000000000000e+00
1.433333333333333404e-01
2.010000000000000231e+00
1.059999999999999831e+00
2.333333333333333093e-02
7.333333333333331983e-02
2.533333333333333548e-01
6.666666666666666297e-01
8.433333333333332682e-01
1.333333333333333419e-02
4.700000000000000289e-01
3.233333333333333059e-01
9.466666666666666563e-01
4.733333333333333282e-01
2.999999999999999889e-02
2.000000000000000042e-02
0.000000000000000000e+00
0.000000000000000000e+00
6.666666666666667095e-03
0.000000000000000000e+00
6.666666666666667095e-03
2.766666666666666718e-01
1.233333333333333365e-01
1.313333333333333242e+00
1.266666666666666774e-01
1.000000000000000021e-02
2.666666666666666838e-02
3.133333333333332971e-01
2.666666666666666838e-02
6.033333333333333881e-01
9.333333333333333759e-02
1.033333333333333326e-01
3.333333333333333547e-03
1.286666666666666847e+00
6.900000000000000577e-01
5.300000000000000266e-01
6.666666666666666574e-02
1.333333333333333419e-02
2.400000000000000189e-01
1.410000000000000142e+00
8.333333333333332871e-02
2.066666666666666652e-01
6.366666666666666030e-01
2.000000000000000389e-01
1.653333333333333321e+00
9.666666666666666463e-02
3.333333333333333547e-03
5.333333333333333676e-02
2.999999999999999889e-02
2.666666666666666838e-02
4.099999999999999756e-01
5.800000000000000711e-01
1.556666666666666643e+00
2.766666666666666718e-01
5.699999999999999512e-01
3.733333333333333504e-01
1.716666666666666785e+00
3.706666666666666998e+00
