7.633333333333333082e-01
6.533333333333333215e-01
7.700000000000000178e-01
3.366666666666666696e-01
4.133333333333333304e-01
6.833333333333332371e-01
7.933333333333333348e-01
3.733333333333333504e-01
5.000000000000000971e-02
3.666666666666666685e-02
1.136666666666666714e+00
1.266666666666666774e-01
5.733333333333333615e-01
7.000000000000000666e-01
1.666666666666666644e-02
1.899999999999999745e-01
3.866666666666667140e-01
8.000000000000000167e-02
1.066666666666666735e-01
4.799999999999999822e-01
2.173333333333333339e+00
1.183333333333333348e+00
3.733333333333332948e-01
1.826666666666666883e+00
1.100000000000000006e-01
7.200000000000000844e-01
5.333333333333333676e-02
1.199999999999999956e-01
5.333333333333333676e-02
1.159999999999999920e+00
7.533333333333332993e-01
3.333333333333333547e-03
0.000000000000000000e+00
7.333333333333333370e-02
1.033333333333333326e-01
0.000000000000000000e+00
6.533333333333333215e-01
6.333333333333333870e-02
0.000000000000000000e+00
2.000000000000000042e-02
2.666666666666666838e-02
1.433333333333333404e-01
2.666666666666666838e-02
5.999999999999999778e-02
1.159999999999999920e+00
8.000000000000000167e-02
1.666666666666666644e-02
1.000000000000000021e-02
2.933333333333333348e-01
8.299999999999999600e-01
1.000000000000000021e-02
0.000000000000000000e+00
6.133333333333333970e-01
1.959999999999999964e+00
9.333333333333333759e-02
1.166666666666666546e-01
4.000000000000000777e-01
1.933333333333333348e+00
2.133333333333333470e-01
8.333333333333333703e-01
1.666666666666666574e-01
4.033333333333333215e-01
0.000000000000000000e+00
7.700000000000000178e-01
1.366666666666666863e-01
1.833333333333333481e-01
1.833333333333333204e-01
0.000000000000000000e+00
3.000000000000000236e-02
2.200000000000000011e-01
3.333333333333333547e-03
0.000000000000000000e+00
2.333333333333333440e-02
1.123333333333333295e+00
6.333333333333333870e-02
1.600000000000000033e-01
1.469999999999999973e+00
1.050000000000000044e+00
2.433333333333333182e-01
2.066666666666666430e+00
1.166666666666666546e-01
1.360000000000000098e+00
1.790000000000000036e+00
4.333333333333333481e-02
1.333333333333333419e-02
1.459999999999999964e+00
4.566666666666667207e-01
0.000000000000000000e+00
9.000000000000001055e-02
1.143333333333333313e+00
3.333333333333333287e-02
6.999999999999999278e-02
2.999999999999999889e-02
1.580000000000000071e+00
1.376666666666666705e+00
4.000000000000000083e-02
2.866666666666666807e-01
7.000000000000000666e-02
5.600000000000000533e-01
0.000000000000000000e+00
7.333333333333334758e-02
1.499999999999999944e-01
9.666666666666667851e-02
8.366666666666665586e-01
0.000000000000000000e+00
7.200000000000000844e-01
6.833333333333332371e-01
2.000000000000000042e-02
6.666666666666667095e-03
1.433333333333333404e-01
1.100000000000000006e-01
2.000000000000000042e-02
2.066666666666666652e-01
1.866666666666666752e-01
1.440000000000000169e+00
1.966666666666666563e-01
3.066666666666666985e-01
7.566666666666667096e-01
1.150000000000000133e+00
5.366666666666666252e-01
0.000000000000000000e+00
6.933333333333333570e-01
9.899999999999998801e-01
2.000000000000000042e-02
0.000000000000000000e+00
1.013333333333333419e+00
8.299999999999999600e-01
2.666666666666666838e-02
1.366666666666666863e-01
1.273333333333333428e+00
2.496666666666666590e+00
1.233333333333333365e-01
1.243333333333333401e+00
4.666666666666666879e-02
3.866666666666667140e-01
1.000000000000000021e-02
1.199999999999999956e-01
1.166666666666666546e-01
1.476666666666666572e+00
3.300000000000000155e-01
4.666666666666666186e-02
2.333333333333333093e-02
2.566666666666666541e-01
4.000000000000000083e-02
8.333333333333332871e-02
2.433333333333333182e-01
1.533333333333333492e-01
1.123333333333333295e+00
2.866666666666666807e-01
7.799999999999999156e-01
1.999999999999999833e-01
4.733333333333333282e-01
4.999999999999999584e-02
6.733333333333333393e-01
6.999999999999999278e-02
4.666666666666666879e-02
5.333333333333333676e-02
1.800000000000000211e-01
0.000000000000000000e+00
0.000000000000000000e+00
0.000000000000000000e+00
0.000000000000000000e+00
0.000000000000000000e+00
5.733333333333333615e-01
1.133333333333333276e-01
1.666666666666666644e-02
2.699999999999999623e-01
8.166666666666667629e-01
3.200000000000000067e-01
1.776666666666666616e+00
