1.150000000000000133e+00
6.833333333333332371e-01
2.033333333333333381e-01
2.199999999999999734e-01
2.899999999999999800e-01
1.999999999999999833e-01
1.033333333333333326e-01
4.666666666666666879e-02
3.333333333333333547e-03
5.466666666666667451e-01
6.000000000000000472e-02
1.133333333333333415e-01
5.999999999999999778e-01
8.433333333333333792e-01
1.333333333333333419e-02
1.600000000000000033e-01
6.666666666666666574e-02
3.666666666666666685e-02
1.833333333333333481e-01
3.966666666666666674e-01
2.233333333333333004e-01
1.633333333333333526e+00
4.666666666666666186e-01
7.000000000000000666e-02
1.003333333333333188e+00
1.733333333333333393e-01
0.000000000000000000e+00
1.933333333333333570e-01
2.000000000000000042e-02
1.000000000000000194e-01
3.800000000000000600e-01
4.533333333333333104e-01
9.666666666666667851e-02
1.360000000000000098e+00
2.600000000000000089e-01
2.533333333333333548e-01
7.066666666666666652e-01
5.233333333333333171e-01
3.466666666666666785e-01
1.423333333333333117e+00
2.099999999999999922e-01
1.826666666666666883e+00
4.933333333333333459e-01
5.666666666666667629e-01
5.000000000000000000e-01
2.676666666666667194e+00
5.133333333333333082e-01
4.899999999999999911e-01
1.066666666666666735e-01
2.999999999999999889e-01
9.000000000000001055e-02
5.666666666666667074e-02
4.766666666666666274e-01
1.040000000000000036e+00
8.000000000000000167e-02
3.499999999999999223e-01
1.800000000000000211e-01
1.999999999999999833e-01
1.266666666666666774e-01
5.699999999999999512e-01
4.433333333333333570e-01
1.419999999999999929e+00
3.366666666666666696e-01
7.666666666666666075e-02
2.699999999999999623e-01
1.123333333333333295e+00
2.566666666666666541e-01
7.366666666666666918e-01
5.466666666666666341e-01
8.666666666666666963e-02
2.299999999999999822e-01
7.533333333333332993e-01
6.266666666666665941e-01
6.266666666666665941e-01
1.083333333333333259e+00
3.899999999999999578e-01
3.966666666666666674e-01
7.733333333333333171e-01
