1.383333333333333526e+00
2.416666666666666519e+00
1.846666666666666679e+00
4.199999999999999289e-01
3.966666666666666674e-01
3.066666666666666985e-01
6.566666666666666208e-01
1.766666666666666663e-01
5.366666666666666252e-01
6.899999999999999467e-01
1.476666666666666572e+00
2.666666666666666630e-01
6.966666666666666563e-01
6.199999999999999956e-01
7.000000000000000666e-01
1.123333333333333295e+00
1.123333333333333295e+00
2.666666666666666630e-01
3.966666666666666674e-01
1.233333333333333365e-01
1.533333333333333215e-01
2.266666666666666552e-01
9.333333333333333759e-02
1.199999999999999956e-01
1.499999999999999944e-01
2.033333333333333381e-01
3.366666666666666696e-01
6.866666666666666474e-01
4.299999999999999933e-01
7.633333333333333082e-01
4.000000000000000083e-02
5.933333333333333792e-01
7.333333333333333370e-02
3.666666666666666963e-01
6.999999999999999278e-02
7.833333333333333259e-01
6.666666666666667095e-03
1.199999999999999956e-01
1.666666666666666574e-01
2.666666666666666838e-02
2.999999999999999889e-02
0.000000000000000000e+00
8.666666666666666963e-02
3.666666666666666685e-02
3.666666666666666685e-02
1.333333333333333419e-02
8.266666666666666607e-01
7.333333333333333370e-02
1.313333333333333242e+00
0.000000000000000000e+00
3.566666666666666874e-01
1.100000000000000006e-01
1.766666666666666663e-01
9.266666666666666385e-01
3.333333333333333287e-02
1.099999999999999867e-01
2.033333333333333381e-01
1.250000000000000000e+00
3.000000000000000236e-02
7.333333333333334758e-02
6.666666666666667095e-03
1.400000000000000133e-01
1.933333333333333570e-01
9.899999999999998801e-01
2.666666666666666838e-02
2.299999999999999822e-01
9.666666666666667851e-02
5.666666666666667074e-02
8.399999999999999689e-01
6.500000000000000222e-01
7.000000000000000666e-02
1.223333333333333384e+00
1.000000000000000021e-02
1.616666666666666474e+00
4.999999999999999584e-02
8.033333333333333437e-01
2.000000000000000042e-02
3.666666666666666685e-02
9.333333333333333759e-02
3.333333333333333287e-02
8.666666666666666963e-02
1.333333333333333419e-02
2.266666666666666552e-01
1.919999999999999929e+00
9.000000000000001055e-02
2.199999999999999734e-01
1.000000000000000021e-02
5.566666666666666430e-01
2.999999999999999889e-02
5.166666666666666075e-01
3.333333333333333547e-03
9.133333333333334414e-01
5.666666666666667074e-02
4.733333333333333282e-01
