7.500000000000000000e-01
1.499999999999999944e-01
1.066666666666666735e-01
5.999999999999999778e-02
5.799999999999999600e-01
1.273333333333333428e+00
2.833333333333333259e-01
1.136666666666666714e+00
3.766666666666666496e-01
1.040000000000000036e+00
4.566666666666667207e-01
6.666666666666667095e-03
4.733333333333333282e-01
2.133333333333333470e-01
0.000000000000000000e+00
2.099999999999999922e-01
1.000000000000000021e-02
9.000000000000001055e-02
2.999999999999999889e-02
1.633333333333333304e-01
8.000000000000000167e-02
4.333333333333333481e-02
1.399999999999999856e-01
1.733333333333333393e-01
3.899999999999999578e-01
4.366666666666667029e-01
1.666666666666666644e-02
2.366666666666666641e-01
6.333333333333333037e-01
6.099999999999999867e-01
6.966666666666666563e-01
3.333333333333333547e-03
3.333333333333333148e-01
7.000000000000000666e-01
1.666666666666666644e-02
3.666666666666667379e-02
5.433333333333333348e-01
5.133333333333333082e-01
3.666666666666667379e-02
5.999999999999999778e-02
8.333333333333333703e-01
2.333333333333333440e-02
2.633333333333333637e-01
1.513333333333333419e+00
9.999999999999999167e-02
1.370000000000000107e+00
2.130000000000000338e+00
4.699999999999999734e-01
1.733333333333333393e-01
5.066666666666667096e-01
6.866666666666666474e-01
3.799999999999999489e-01
3.766666666666666496e-01
1.666666666666666644e-02
1.633333333333333304e-01
7.700000000000000178e-01
6.000000000000000472e-02
1.666666666666666644e-02
2.333333333333333093e-01
2.266666666666666552e-01
1.933333333333333293e-01
2.033333333333333215e+00
