1.480000000000000204e+00
2.233333333333333559e-01
1.803333333333333455e+00
1.110000000000000098e+00
3.166666666666666519e-01
1.076666666666666883e+00
2.933333333333333348e-01
8.333333333333333703e-01
2.199999999999999734e-01
3.600000000000000422e-01
1.226666666666666794e+00
5.366666666666666252e-01
9.666666666666667851e-02
4.433333333333333570e-01
2.833333333333333259e-01
1.499999999999999944e-01
5.333333333333333676e-02
3.066666666666666430e-01
7.666666666666666075e-02
1.856666666666666687e+00
1.933333333333333293e-01
6.666666666666667095e-03
4.366666666666667029e-01
2.299999999999999822e-01
6.666666666666667095e-03
1.446666666666666545e+00
9.333333333333333759e-02
3.733333333333333504e-01
1.330000000000000071e+00
3.333333333333333148e-01
7.000000000000000666e-02
1.100000000000000006e-01
6.066666666666665764e-01
1.000000000000000021e-02
1.366666666666666585e-01
5.400000000000000355e-01
1.333333333333333315e-01
7.333333333333334758e-02
6.666666666666667095e-03
2.433333333333333182e-01
0.000000000000000000e+00
4.700000000000000289e-01
7.666666666666667462e-02
5.766666666666666607e-01
1.370000000000000107e+00
1.433333333333333404e-01
2.050000000000000266e+00
8.466666666666666785e-01
9.333333333333333759e-02
1.033333333333333326e-01
4.333333333333333481e-02
3.766666666666666496e-01
9.333333333333333759e-02
9.966666666666667007e-01
6.066666666666666874e-01
3.300000000000000155e-01
2.899999999999999800e-01
0.000000000000000000e+00
2.666666666666666838e-02
5.333333333333333259e-01
0.000000000000000000e+00
7.666666666666667462e-02
6.199999999999999956e-01
5.899999999999999689e-01
3.933333333333333126e-01
2.026666666666666838e+00
8.066666666666666430e-01
5.233333333333333171e-01
3.533333333333333326e-01
4.399999999999999467e-01
5.300000000000000266e-01
9.333333333333332371e-01
7.999999999999999334e-01
9.266666666666667496e-01
2.166666666666666741e-01
5.499999999999999334e-01
1.080000000000000071e+00
3.633333333333332860e-01
1.066666666666666652e+00
2.256666666666666377e+00
3.533333333333333326e-01
3.533333333333333326e-01
3.233333333333333059e-01
1.466666666666666397e-01
2.133333333333333470e-01
5.100000000000000089e-01
1.700000000000000122e-01
1.899999999999999745e-01
1.333333333333333419e-02
1.546666666666666856e+00
9.233333333333332282e-01
4.633333333333333748e-01
2.500000000000000000e-01
3.866666666666667140e-01
1.273333333333333428e+00
