7.200000000000000844e-01
8.466666666666666785e-01
1.833333333333333481e-01
3.533333333333333326e-01
1.833333333333333481e-01
3.333333333333333287e-02
3.000000000000000236e-02
0.000000000000000000e+00
8.100000000000000533e-01
2.366666666666666641e-01
2.666666666666666838e-02
1.066666666666666735e-01
2.199999999999999734e-01
6.633333333333333304e-01
6.666666666666666574e-02
5.466666666666666341e-01
1.099999999999999867e-01
9.466666666666666563e-01
7.333333333333333370e-02
6.666666666666667095e-03
2.000000000000000042e-02
1.333333333333333419e-02
1.566666666666666485e-01
5.000000000000000971e-02
6.666666666666667095e-03
4.666666666666666879e-02
5.666666666666667074e-02
3.333333333333333287e-02
4.366666666666667029e-01
1.799999999999999656e-01
2.999999999999999889e-01
3.400000000000000244e-01
2.700000000000000178e-01
1.033333333333333326e-01
5.666666666666667074e-02
9.566666666666666652e-01
1.666666666666666644e-02
7.333333333333333370e-02
7.700000000000000178e-01
3.466666666666666785e-01
1.416666666666666741e+00
1.966666666666666841e-01
6.666666666666666574e-02
3.166666666666667074e-01
1.899999999999999745e-01
4.333333333333333481e-02
1.453333333333333366e+00
4.333333333333333481e-02
1.833333333333333481e-01
0.000000000000000000e+00
1.533333333333333215e-01
2.333333333333333440e-02
4.400000000000000022e-01
1.433333333333333404e-01
3.466666666666666785e-01
3.600000000000000422e-01
1.300000000000000044e-01
7.099999999999999645e-01
1.666666666666666644e-02
2.666666666666666838e-02
4.333333333333333481e-02
0.000000000000000000e+00
1.333333333333333419e-02
4.333333333333333481e-02
1.666666666666666644e-02
4.000000000000000083e-02
3.533333333333333326e-01
1.199999999999999956e-01
7.666666666666666075e-02
4.366666666666665919e-01
2.066666666666666652e-01
4.599999999999999645e-01
2.200000000000000011e-01
2.433333333333333182e-01
1.466666666666666397e-01
1.303333333333333455e+00
1.199999999999999956e-01
1.266666666666666607e+00
7.333333333333334758e-02
1.333333333333333419e-02
3.099999999999999978e-01
8.000000000000000167e-02
8.033333333333333437e-01
1.900000000000000300e-01
1.566666666666666485e-01
8.266666666666666607e-01
2.733333333333333726e-01
7.900000000000000355e-01
