1.063333333333333242e+00
4.233333333333333393e-01
1.050000000000000044e+00
3.533333333333333326e-01
2.199999999999999734e-01
1.159999999999999920e+00
1.233333333333333365e-01
7.666666666666667462e-02
1.233333333333333365e-01
1.550000000000000044e+00
5.766666666666666607e-01
1.666666666666666574e-01
3.366666666666666696e-01
3.300000000000000155e-01
1.293333333333333224e+00
1.999999999999999833e-01
3.666666666666666408e-01
5.333333333333333676e-02
8.433333333333333792e-01
9.333333333333333759e-02
3.999999999999999667e-01
2.999999999999999889e-02
0.000000000000000000e+00
8.000000000000000167e-02
2.500000000000000000e-01
1.300000000000000044e-01
0.000000000000000000e+00
1.600000000000000033e-01
3.666666666666666408e-01
3.200000000000000067e-01
3.899999999999999578e-01
1.536666666666666847e+00
3.133333333333333526e-01
4.666666666666666879e-02
5.500000000000000444e-01
9.999999999999999167e-02
4.233333333333333393e-01
3.133333333333332971e-01
1.906666666666666510e+00
5.500000000000000444e-01
0.000000000000000000e+00
1.000000000000000021e-02
1.076666666666666661e+00
1.333333333333333419e-02
4.666666666666666879e-02
1.016666666666666607e+00
1.400000000000000133e-01
1.633333333333333304e-01
1.399999999999999856e-01
7.199999999999998623e-01
4.299999999999999933e-01
9.666666666666667851e-02
1.100000000000000006e-01
7.333333333333333370e-02
1.716666666666666785e+00
7.399999999999998801e-01
2.000000000000000042e-02
2.366666666666666641e-01
6.933333333333333570e-01
0.000000000000000000e+00
3.666666666666667379e-02
1.793333333333333224e+00
4.000000000000000083e-02
1.333333333333333419e-02
2.133333333333333470e-01
2.580000000000000071e+00
1.650000000000000133e+00
1.233333333333333365e-01
5.866666666666665586e-01
2.666666666666666838e-02
5.599999999999999423e-01
1.399999999999999856e-01
1.459999999999999964e+00
3.033333333333333437e-01
1.233333333333333393e+00
1.506666666666666821e+00
1.333333333333333419e-02
1.499999999999999944e-01
2.333333333333333440e-02
4.999999999999999584e-02
9.999999999999999167e-02
1.666666666666666644e-02
4.333333333333333481e-01
1.066666666666666735e-01
6.666666666666666297e-01
1.239999999999999991e+00
6.900000000000000577e-01
9.599999999999999645e-01
8.366666666666665586e-01
2.136666666666666714e+00
9.999999999999999167e-02
1.283333333333333215e+00
6.766666666666666385e-01
2.279999999999999805e+00
1.716666666666666785e+00
1.633333333333333304e-01
2.333333333333333093e-01
6.366666666666666030e-01
1.213333333333333153e+00
1.353333333333333499e+00
2.366666666666666641e-01
9.166666666666666297e-01
7.666666666666667462e-02
3.533333333333333326e-01
4.999999999999999584e-02
8.799999999999998934e-01
1.333333333333333419e-02
1.333333333333333419e-02
4.000000000000000083e-02
3.566666666666666319e-01
8.666666666666666963e-02
7.333333333333333370e-02
2.166666666666666741e-01
1.633333333333333304e-01
1.800000000000000211e-01
1.423333333333333561e+00
2.166666666666666463e-01
1.650000000000000133e+00
3.300000000000000155e-01
5.066666666666667096e-01
2.266666666666666552e-01
1.163333333333333330e+00
8.366666666666667806e-01
5.000000000000000000e-01
2.683333333333333570e+00
