1.186666666666666758e+00
1.669999999999999929e+00
2.206666666666666554e+00
9.033333333333333215e-01
1.266666666666666774e-01
4.333333333333333481e-02
8.199999999999999512e-01
9.733333333333332726e-01
1.000000000000000021e-02
1.000000000000000021e-02
1.033333333333333326e-01
4.599999999999999645e-01
2.000000000000000042e-02
1.199999999999999956e-01
9.133333333333332194e-01
7.666666666666666075e-02
7.333333333333334758e-02
2.133333333333333470e-01
1.199999999999999956e-01
1.666666666666666644e-02
5.633333333333333526e-01
6.133333333333332860e-01
3.333333333333333547e-03
5.499999999999999334e-01
2.899999999999999800e-01
2.666666666666666838e-02
4.333333333333333481e-02
1.400000000000000133e+00
1.159999999999999920e+00
5.999999999999999778e-02
1.666666666666666574e-01
3.433333333333332682e-01
1.436666666666666536e+00
1.533333333333333215e-01
1.566666666666666485e-01
1.833333333333333204e-01
7.600000000000001199e-01
0.000000000000000000e+00
0.000000000000000000e+00
3.366666666666666696e-01
5.333333333333334370e-02
0.000000000000000000e+00
2.333333333333333440e-02
1.133333333333333304e+00
1.066666666666666735e-01
7.333333333333333370e-02
1.233333333333333365e-01
1.466666666666666952e-01
1.526666666666666616e+00
1.399999999999999856e-01
1.699999999999999956e+00
1.966666666666666841e-01
0.000000000000000000e+00
9.666666666666666741e-01
9.733333333333332726e-01
4.333333333333333481e-02
5.000000000000000971e-02
1.623333333333333295e+00
7.266666666666665719e-01
1.809999999999999831e+00
1.410000000000000142e+00
4.679999999999999716e+00
