1.086666666666666670e+00
3.833333333333333592e-01
1.133333333333333276e-01
2.366666666666666641e-01
2.999999999999999889e-02
2.633333333333333082e-01
5.999999999999999778e-02
4.000000000000000083e-02
6.999999999999999278e-02
8.666666666666666963e-01
6.666666666666667095e-03
2.866666666666666807e-01
1.316666666666666652e+00
4.033333333333333215e-01
3.333333333333333547e-03
7.666666666666667462e-02
1.199999999999999956e-01
0.000000000000000000e+00
1.006666666666666599e+00
6.333333333333334147e-01
0.000000000000000000e+00
3.333333333333333287e-02
9.666666666666667851e-02
5.999999999999999778e-02
0.000000000000000000e+00
1.266666666666666774e-01
1.633333333333333304e-01
1.333333333333333419e-02
8.333333333333332871e-02
7.099999999999999645e-01
2.333333333333333093e-01
0.000000000000000000e+00
1.566666666666666763e-01
6.966666666666666563e-01
2.000000000000000042e-02
5.999999999999999778e-02
6.300000000000000044e-01
3.533333333333332771e-01
2.000000000000000389e-01
7.666666666666667462e-02
1.966666666666666563e-01
1.733333333333333393e-01
9.000000000000001055e-02
1.209999999999999964e+00
7.866666666666666252e-01
1.666666666666666644e-02
7.333333333333333370e-02
6.333333333333333870e-02
6.666666666666667095e-03
0.000000000000000000e+00
6.333333333333333870e-02
9.333333333333333759e-02
0.000000000000000000e+00
1.366666666666666863e-01
1.433333333333333404e-01
1.133333333333333415e-01
1.000000000000000021e-02
4.599999999999999645e-01
3.433333333333333237e-01
1.666666666666666644e-02
9.633333333333332638e-01
1.803333333333333455e+00
9.333333333333333759e-02
1.666666666666666644e-02
8.700000000000001066e-01
0.000000000000000000e+00
3.333333333333333547e-03
2.766666666666666718e-01
6.666666666666666574e-02
0.000000000000000000e+00
8.666666666666666963e-02
1.389999999999999902e+00
5.733333333333332504e-01
4.333333333333333481e-02
8.966666666666666119e-01
6.433333333333334236e-01
7.333333333333334758e-02
3.433333333333332682e-01
1.160000000000000142e+00
4.966666666666666452e-01
2.666666666666666838e-02
7.399999999999998801e-01
1.303333333333333455e+00
3.333333333333333287e-02
2.333333333333333440e-02
2.466666666666667007e-01
7.133333333333333748e-01
1.639999999999999902e+00
1.899999999999999745e-01
6.333333333333333870e-02
1.800000000000000211e-01
5.266666666666667274e-01
1.000000000000000021e-02
1.050000000000000044e+00
1.000000000000000021e-02
1.333333333333333419e-02
0.000000000000000000e+00
9.666666666666667851e-02
1.300000000000000044e-01
0.000000000000000000e+00
4.333333333333333481e-01
3.833333333333333037e-01
3.300000000000000155e-01
7.000000000000000666e-02
9.966666666666667007e-01
7.266666666666666829e-01
6.333333333333333870e-02
1.399999999999999856e-01
2.999999999999999889e-01
4.666666666666666879e-02
3.333333333333333547e-03
9.466666666666666563e-01
4.333333333333332926e-01
0.000000000000000000e+00
3.099999999999999978e-01
1.110000000000000098e+00
1.433333333333333126e-01
2.000000000000000042e-02
3.966666666666666674e-01
8.333333333333332871e-02
2.399999999999999911e-01
3.300000000000000155e-01
3.366666666666666696e-01
6.000000000000000472e-02
1.233333333333333365e-01
2.399999999999999911e-01
2.000000000000000042e-02
2.333333333333333440e-02
3.033333333333333437e-01
9.566666666666666652e-01
0.000000000000000000e+00
9.700000000000000844e-01
2.899999999999999800e-01
7.666666666666667462e-02
5.466666666666667451e-01
8.799999999999998934e-01
1.800000000000000211e-01
2.333333333333333440e-02
1.020000000000000018e+00
1.050000000000000044e+00
4.966666666666666452e-01
6.666666666666667095e-03
2.333333333333333440e-02
3.933333333333333126e-01
0.000000000000000000e+00
1.000000000000000021e-02
3.366666666666667251e-01
2.099999999999999645e-01
1.000000000000000021e-02
9.566666666666666652e-01
1.833333333333333481e-01
3.333333333333333547e-03
2.333333333333333440e-02
2.300000000000000100e-01
2.899999999999999800e-01
0.000000000000000000e+00
4.666666666666666879e-02
9.999999999999999167e-02
1.066666666666666735e-01
1.110000000000000098e+00
6.466666666666666119e-01
5.666666666666667074e-02
1.080000000000000071e+00
1.433333333333333404e-01
8.266666666666666607e-01
5.066666666666667096e-01
4.233333333333333393e-01
9.033333333333333215e-01
1.716666666666666785e+00
