1.456666666666666776e+00
2.066666666666666929e-01
3.733333333333333504e-01
3.300000000000000155e-01
1.333333333333333315e-01
3.166666666666666519e-01
9.700000000000000844e-01
1.233333333333333393e+00
6.666666666666666574e-02
1.100000000000000006e-01
6.666666666666666574e-02
2.666666666666666144e-02
4.733333333333333282e-01
1.000000000000000021e-02
8.000000000000000167e-02
4.133333333333333859e-01
2.166666666666666741e-01
1.033333333333333326e-01
6.333333333333333037e-01
8.333333333333332871e-02
7.333333333333333370e-02
5.466666666666667451e-01
1.400000000000000133e-01
4.333333333333333481e-02
2.299999999999999822e-01
1.353333333333333499e+00
6.666666666666667095e-03
3.033333333333332882e-01
1.333333333333333419e-02
8.333333333333332871e-02
0.000000000000000000e+00
0.000000000000000000e+00
5.800000000000000711e-01
1.366666666666666863e-01
3.486666666666666803e+00
3.566666666666666874e-01
1.526666666666666616e+00
1.026666666666666616e+00
7.666666666666667462e-02
2.566666666666666541e-01
8.266666666666666607e-01
4.566666666666666097e-01
1.919999999999999929e+00
2.099999999999999922e-01
1.099999999999999867e-01
1.056666666666666643e+00
7.999999999999999334e-01
0.000000000000000000e+00
5.066666666666667096e-01
5.666666666666667074e-02
1.499999999999999944e-01
1.199999999999999956e-01
2.166666666666666741e-01
1.666666666666666644e-02
6.666666666666667095e-03
6.066666666666666874e-01
9.000000000000001055e-02
0.000000000000000000e+00
8.333333333333332871e-02
0.000000000000000000e+00
1.633333333333333304e-01
7.866666666666666252e-01
9.166666666666666297e-01
2.899999999999999800e-01
1.850000000000000311e+00
6.666666666666667095e-03
2.999999999999999889e-02
0.000000000000000000e+00
1.000000000000000021e-02
4.233333333333333393e-01
3.333333333333333547e-03
9.833333333333332815e-01
5.266666666666667274e-01
1.899999999999999745e-01
5.999999999999999778e-01
1.333333333333333419e-02
2.466666666666666730e-01
0.000000000000000000e+00
4.000000000000000083e-02
7.666666666666666075e-02
4.500000000000000111e-01
2.833333333333333259e-01
5.999999999999999778e-01
1.246666666666666812e+00
2.733333333333333726e-01
7.000000000000000666e-02
1.173333333333333339e+00
2.666666666666666838e-02
2.266666666666666829e-01
1.600000000000000033e-01
2.666666666666666838e-02
6.000000000000000472e-02
7.766666666666667274e-01
8.000000000000000167e-02
2.000000000000000389e-01
5.000000000000000971e-02
1.966666666666666841e-01
1.933333333333333570e-01
1.333333333333333419e-02
4.466666666666667118e-01
0.000000000000000000e+00
7.699999999999999067e-01
1.066666666666666735e-01
6.866666666666666474e-01
9.666666666666667851e-01
1.399999999999999856e-01
5.866666666666666696e-01
4.900000000000000466e-01
1.800000000000000211e-01
2.333333333333333440e-02
1.469999999999999973e+00
3.666666666666666963e-01
1.666666666666666644e-02
4.533333333333333659e-01
9.000000000000001055e-02
1.700000000000000178e+00
4.933333333333333459e-01
2.066666666666666374e-01
4.199999999999999845e-01
5.333333333333333676e-02
3.666666666666667379e-02
0.000000000000000000e+00
1.133333333333333415e-01
3.633333333333332860e-01
1.100000000000000006e-01
2.699999999999999623e-01
6.666666666666667095e-03
9.300000000000000488e-01
0.000000000000000000e+00
1.433333333333333126e-01
1.100000000000000006e-01
1.499999999999999944e-01
6.066666666666665764e-01
3.666666666666667379e-02
2.066666666666666652e-01
2.833333333333333814e-01
3.433333333333333237e-01
0.000000000000000000e+00
5.366666666666666252e-01
4.566666666666667207e-01
1.099999999999999867e-01
2.333333333333333440e-02
5.333333333333333676e-02
5.966666666666666785e-01
1.000000000000000021e-02
1.333333333333333419e-02
1.000000000000000021e-02
5.133333333333333082e-01
7.033333333333332549e-01
1.073333333333333250e+00
3.066666666666666985e-01
2.100000000000000477e-01
3.333333333333333148e-01
1.166666666666666546e-01
8.133333333333333526e-01
2.000000000000000042e-02
2.066666666666666652e-01
2.000000000000000042e-02
5.766666666666666607e-01
0.000000000000000000e+00
4.266666666666666941e-01
2.000000000000000042e-02
1.766666666666666663e-01
2.633333333333333637e-01
9.000000000000001055e-02
1.333333333333333419e-02
1.499999999999999944e-01
1.766666666666666663e-01
1.566666666666666485e-01
2.060000000000000053e+00
1.333333333333333315e-01
3.300000000000000155e-01
5.766666666666666607e-01
3.333333333333333547e-03
1.016666666666666829e+00
1.660000000000000142e+00
1.233333333333333365e-01
1.703333333333333366e+00
8.199999999999999512e-01
1.183333333333333348e+00
1.666666666666666741e+00
9.999999999999999167e-02
1.233333333333333365e-01
1.006666666666666599e+00
3.833333333333333037e-01
4.833333333333333370e-01
9.666666666666667851e-02
1.666666666666666644e-02
6.099999999999999867e-01
1.006666666666666599e+00
2.069999999999999840e+00
6.366666666666667140e-01
1.066666666666666652e+00
0.000000000000000000e+00
3.333333333333333287e-02
1.306666666666666865e+00
7.333333333333333370e-02
8.699999999999999956e-01
1.276666666666666616e+00
1.453333333333333366e+00
1.979999999999999760e+00
3.466666666666666785e-01
1.233333333333333365e-01
2.966666666666666896e-01
2.666666666666666838e-02
4.933333333333333459e-01
8.333333333333332871e-02
1.000000000000000194e-01
0.000000000000000000e+00
0.000000000000000000e+00
9.999999999999999167e-02
7.599999999999998979e-01
1.233333333333333365e-01
2.333333333333333440e-02
7.333333333333333370e-02
1.000000000000000021e-02
0.000000000000000000e+00
3.333333333333333547e-03
7.166666666666666741e-01
8.666666666666666963e-02
4.966666666666666452e-01
6.766666666666667496e-01
7.000000000000000666e-02
1.666666666666666644e-02
9.599999999999999645e-01
2.633333333333333637e-01
1.036666666666666625e+00
0.000000000000000000e+00
1.000000000000000000e+00
4.566666666666666097e-01
0.000000000000000000e+00
2.029999999999999805e+00
2.800000000000000266e-01
6.666666666666667095e-03
2.999999999999999889e-02
0.000000000000000000e+00
3.933333333333333681e-01
2.166666666666666741e-01
2.233333333333333559e-01
4.666666666666666879e-02
0.000000000000000000e+00
1.666666666666666644e-02
3.333333333333333148e-01
1.333333333333333419e-02
1.666666666666666574e-01
3.666666666666666685e-02
1.966666666666666563e-01
6.366666666666667140e-01
1.199999999999999956e-01
2.133333333333333470e-01
8.333333333333332871e-02
9.199999999999999289e-01
3.333333333333333547e-03
1.733333333333333393e-01
1.666666666666666644e-02
5.000000000000000000e-01
1.073333333333333250e+00
2.933333333333332793e-01
9.300000000000000488e-01
4.500000000000000111e-01
9.466666666666666563e-01
2.633333333333333637e-01
5.366666666666667362e-01
2.536666666666666625e+00
