6.400000000000000133e-01
1.066666666666666735e-01
2.333333333333333093e-01
6.666666666666667095e-03
4.000000000000000083e-02
4.333333333333333481e-02
3.666666666666667379e-02
3.666666666666666685e-02
3.666666666666666685e-02
1.333333333333333419e-02
1.000000000000000021e-02
3.333333333333333547e-03
2.666666666666666838e-02
1.000000000000000021e-02
0.000000000000000000e+00
1.666666666666666644e-02
1.000000000000000021e-02
1.333333333333333419e-02
1.400000000000000133e-01
1.433333333333333404e-01
1.733333333333333393e-01
5.999999999999999778e-02
2.566666666666666541e-01
9.800000000000000933e-01
1.276666666666666616e+00
1.700000000000000122e-01
5.133333333333333082e-01
1.056666666666666643e+00
2.666666666666666838e-02
1.666666666666666644e-02
9.700000000000000844e-01
1.266666666666666774e-01
1.366666666666666863e-01
3.333333333333333287e-02
1.196666666666666545e+00
5.333333333333333676e-02
1.233333333333333365e-01
1.173333333333333339e+00
1.766666666666666663e-01
9.999999999999999167e-02
4.966666666666665897e-01
8.999999999999999112e-01
9.666666666666666463e-02
2.099999999999999645e-01
1.896666666666666723e+00
1.330000000000000071e+00
1.999999999999999833e-01
1.356666666666666687e+00
4.433333333333333570e-01
2.089999999999999858e+00
9.133333333333332194e-01
2.356666666666666909e+00
1.119999999999999885e+00
