8.466666666666666785e-01
2.500000000000000555e-01
3.899999999999999578e-01
1.866666666666666474e-01
2.399999999999999911e-01
4.333333333333333481e-02
2.000000000000000042e-02
1.533333333333333215e-01
9.100000000000000311e-01
0.000000000000000000e+00
5.333333333333333676e-02
2.233333333333333004e-01
1.233333333333333365e-01
2.333333333333333440e-02
5.733333333333333615e-01
1.070000000000000062e+00
2.333333333333333648e-01
1.179999999999999938e+00
3.066666666666666985e-01
0.000000000000000000e+00
2.533333333333333548e-01
4.500000000000000111e-01
6.333333333333333870e-02
0.000000000000000000e+00
5.999999999999999778e-01
2.833333333333333814e-01
1.169999999999999929e+00
1.633333333333333526e+00
1.299999999999999767e-01
1.566666666666666763e-01
6.733333333333333393e-01
5.533333333333333437e-01
1.149999999999999911e+00
1.776666666666666616e+00
1.686666666666666758e+00
1.766666666666666663e-01
9.933333333333332904e-01
6.666666666666667095e-03
2.533333333333333548e-01
1.866666666666666752e-01
8.900000000000000133e-01
2.266666666666666829e-01
4.133333333333333304e-01
3.033333333333332882e-01
3.200000000000000067e-01
7.599999999999998979e-01
1.303333333333333455e+00
4.199999999999999845e-01
2.766666666666666718e-01
1.606666666666666687e+00
1.766666666666666663e-01
2.066666666666666874e+00
4.033333333333333215e-01
3.933333333333333681e-01
6.366666666666667140e-01
1.000000000000000021e-02
1.566666666666666485e-01
3.266666666666666607e-01
7.399999999999998801e-01
5.333333333333333676e-02
1.600000000000000033e-01
6.533333333333333215e-01
8.900000000000000133e-01
5.000000000000000971e-02
9.666666666666666741e-01
2.299999999999999822e-01
4.666666666666666879e-02
1.966666666666666563e-01
4.199999999999999845e-01
0.000000000000000000e+00
1.370000000000000107e+00
8.333333333333332871e-02
9.666666666666666463e-02
1.333333333333333419e-02
4.533333333333333659e-01
5.333333333333333676e-02
1.090000000000000080e+00
1.123333333333333295e+00
5.166666666666666075e-01
1.233333333333333504e-01
2.333333333333333093e-02
2.366666666666666641e-01
7.333333333333334758e-02
1.666666666666666574e-01
1.366666666666666863e-01
6.866666666666665364e-01
0.000000000000000000e+00
5.833333333333333703e-01
8.166666666666667629e-01
2.500000000000000000e-01
9.066666666666667318e-01
1.500000000000000222e-01
8.066666666666666430e-01
6.199999999999999956e-01
5.133333333333333082e-01
8.666666666666666963e-02
7.966666666666667451e-01
1.499999999999999944e-01
3.966666666666666674e-01
3.666666666666666963e-01
2.666666666666666838e-02
2.299999999999999822e-01
0.000000000000000000e+00
1.933333333333333293e-01
2.466666666666666730e-01
3.333333333333333148e-01
6.666666666666666574e-02
7.166666666666666741e-01
1.016666666666666607e+00
8.066666666666666430e-01
5.299999999999999156e-01
4.666666666666666186e-01
6.666666666666666574e-02
3.066666666666666985e-01
2.640000000000000124e+00
