1.023333333333333206e+00
2.880000000000000338e+00
1.633333333333333304e-01
2.733333333333333726e-01
2.799999999999999711e-01
3.666666666666667379e-02
1.066666666666666735e-01
2.033333333333333381e-01
3.666666666666666685e-02
6.333333333333333870e-02
2.666666666666666630e-01
9.533333333333332549e-01
3.026666666666666838e+00
9.166666666666666297e-01
7.066666666666666652e-01
0.000000000000000000e+00
1.966666666666666563e-01
7.999999999999999334e-01
3.333333333333333547e-03
0.000000000000000000e+00
5.666666666666666380e-02
2.133333333333332915e-01
0.000000000000000000e+00
4.299999999999999933e-01
2.900000000000000355e-01
1.000000000000000021e-02
3.333333333333333547e-03
1.033333333333333326e-01
3.666666666666667379e-02
3.333333333333333547e-03
4.666666666666666186e-01
5.766666666666666607e-01
9.999999999999999167e-02
9.999999999999999167e-02
1.666666666666666644e-02
8.566666666666665764e-01
3.666666666666666408e-01
0.000000000000000000e+00
0.000000000000000000e+00
8.566666666666667984e-01
0.000000000000000000e+00
0.000000000000000000e+00
4.266666666666666941e-01
1.016666666666666607e+00
4.000000000000000083e-02
0.000000000000000000e+00
4.633333333333333748e-01
0.000000000000000000e+00
0.000000000000000000e+00
5.133333333333333082e-01
8.766666666666665941e-01
1.633333333333333304e-01
2.466666666666666730e-01
2.253333333333333410e+00
1.666666666666666574e-01
5.299999999999999156e-01
1.709999999999999964e+00
4.899999999999999911e-01
1.659999999999999920e+00
2.299999999999999822e-01
8.733333333333334059e-01
8.466666666666666785e-01
3.333333333333333547e-03
1.066666666666666735e-01
7.700000000000000178e-01
1.666666666666666644e-02
3.333333333333333547e-03
6.433333333333334236e-01
6.666666666666667095e-03
0.000000000000000000e+00
0.000000000000000000e+00
4.666666666666666186e-02
0.000000000000000000e+00
0.000000000000000000e+00
3.333333333333333547e-03
0.000000000000000000e+00
0.000000000000000000e+00
5.000000000000000971e-02
1.000000000000000021e-02
0.000000000000000000e+00
2.800000000000000266e-01
9.566666666666665542e-01
4.099999999999999756e-01
2.333333333333333440e-02
7.000000000000000666e-02
1.469999999999999973e+00
8.733333333333334059e-01
0.000000000000000000e+00
0.000000000000000000e+00
8.533333333333333881e-01
1.333333333333333419e-02
0.000000000000000000e+00
8.333333333333332871e-02
7.399999999999998801e-01
0.000000000000000000e+00
0.000000000000000000e+00
6.566666666666666208e-01
1.000000000000000021e-02
1.333333333333333419e-02
3.666666666666667379e-02
8.199999999999999512e-01
2.333333333333333093e-02
1.066666666666666735e-01
6.433333333333334236e-01
1.199999999999999956e-01
1.700000000000000122e-01
1.353333333333333499e+00
2.116666666666666696e+00
6.199999999999999956e-01
9.000000000000001055e-02
1.260000000000000009e+00
9.966666666666667007e-01
1.000000000000000194e-01
2.333333333333333440e-02
1.293333333333333224e+00
0.000000000000000000e+00
0.000000000000000000e+00
7.600000000000001199e-01
1.666666666666666644e-02
0.000000000000000000e+00
0.000000000000000000e+00
6.333333333333333870e-02
1.000000000000000021e-02
1.666666666666666644e-02
3.333333333333333547e-03
3.333333333333333547e-03
1.666666666666666644e-02
2.333333333333333440e-02
1.666666666666666644e-02
0.000000000000000000e+00
5.899999999999999689e-01
8.033333333333333437e-01
1.800000000000000211e-01
1.300000000000000044e-01
1.700000000000000122e-01
1.510000000000000009e+00
1.276666666666666616e+00
0.000000000000000000e+00
3.333333333333333547e-03
7.733333333333334281e-01
3.333333333333333547e-03
1.666666666666666644e-02
1.133333333333333415e-01
6.233333333333334059e-01
1.000000000000000021e-02
1.666666666666666644e-02
2.399999999999999911e-01
2.666666666666666838e-02
0.000000000000000000e+00
2.999999999999999889e-02
9.433333333333333570e-01
4.000000000000000083e-02
5.000000000000000971e-02
3.966666666666666674e-01
2.466666666666666730e-01
7.566666666666667096e-01
5.533333333333333437e-01
1.716666666666666785e+00
1.419999999999999929e+00
1.833333333333333481e-01
1.873333333333333295e+00
1.339999999999999858e+00
3.666666666666667379e-02
1.333333333333333419e-02
1.466666666666666785e+00
1.000000000000000222e+00
1.333333333333333419e-02
2.099999999999999922e-01
2.433333333333333182e-01
0.000000000000000000e+00
0.000000000000000000e+00
1.499999999999999944e-01
3.333333333333333547e-03
0.000000000000000000e+00
8.000000000000000167e-02
5.333333333333333676e-02
0.000000000000000000e+00
0.000000000000000000e+00
1.033333333333333326e-01
0.000000000000000000e+00
5.333333333333333676e-02
8.133333333333333526e-01
2.866666666666666807e-01
1.000000000000000021e-02
9.666666666666667851e-02
7.600000000000001199e-01
7.233333333333332726e-01
8.866666666666667140e-01
0.000000000000000000e+00
1.413333333333333330e+00
1.540000000000000036e+00
6.666666666666667095e-03
1.000000000000000021e-02
1.123333333333333295e+00
5.899999999999999689e-01
0.000000000000000000e+00
6.933333333333333570e-01
3.066666666666666985e-01
7.000000000000000666e-02
1.000000000000000194e-01
1.400000000000000133e+00
1.743333333333333401e+00
9.000000000000001055e-02
5.733333333333332504e-01
