7.399999999999998801e-01
2.133333333333333470e-01
5.000000000000000000e-01
2.183333333333333126e+00
2.399999999999999911e-01
2.366666666666666641e-01
1.513333333333333419e+00
3.266666666666666607e-01
7.799999999999999156e-01
5.166666666666666075e-01
5.399999999999999245e-01
1.333333333333333419e-02
5.066666666666667096e-01
2.133333333333333470e-01
4.799999999999999822e-01
5.066666666666667096e-01
8.666666666666666963e-01
4.733333333333333282e-01
4.533333333333333104e-01
2.700000000000000178e-01
8.800000000000000044e-01
2.233333333333333004e-01
9.566666666666666652e-01
6.866666666666666474e-01
2.933333333333332793e-01
1.000000000000000021e-02
3.233333333333333059e-01
2.000000000000000042e-02
1.333333333333333315e-01
8.000000000000000167e-02
1.040000000000000036e+00
1.250000000000000000e+00
7.000000000000000666e-02
2.766666666666666718e-01
4.000000000000000083e-02
4.966666666666665897e-01
9.333333333333333759e-02
1.833333333333333481e-01
7.366666666666666918e-01
2.733333333333333726e-01
1.396666666666666723e+00
3.799999999999999489e-01
1.733333333333333393e-01
3.966666666666666674e-01
5.066666666666667096e-01
2.600000000000000089e-01
5.066666666666667096e-01
2.846666666666666234e+00
