2.146666666666666501e+00
1.016666666666666607e+00
5.666666666666667074e-02
1.333333333333333315e-01
3.666666666666666685e-02
0.000000000000000000e+00
0.000000000000000000e+00
4.000000000000000083e-02
1.000000000000000021e-02
4.333333333333333481e-02
1.266666666666666774e-01
5.666666666666666380e-02
1.266666666666666774e-01
1.333333333333333315e-01
1.233333333333333365e-01
9.333333333333333759e-02
4.499999999999999556e-01
6.033333333333333881e-01
1.199999999999999956e-01
3.966666666666666674e-01
0.000000000000000000e+00
3.366666666666667251e-01
1.150000000000000133e+00
6.300000000000000044e-01
7.199999999999998623e-01
2.200000000000000011e-01
3.366666666666666696e-01
8.000000000000000167e-02
1.966666666666666841e-01
8.666666666666666963e-02
1.063333333333333242e+00
1.366666666666666863e-01
1.440000000000000169e+00
1.766666666666666663e-01
7.666666666666666075e-02
2.899999999999999800e-01
0.000000000000000000e+00
1.033333333333333326e-01
0.000000000000000000e+00
2.266666666666666552e-01
6.300000000000000044e-01
2.666666666666666838e-02
5.666666666666666380e-02
7.733333333333334281e-01
1.166666666666666546e-01
4.166666666666666852e-01
2.333333333333333093e-02
7.433333333333332904e-01
9.666666666666666463e-02
1.700000000000000122e-01
6.666666666666666574e-02
0.000000000000000000e+00
2.833333333333333259e-01
8.033333333333333437e-01
7.333333333333333370e-02
3.333333333333333547e-03
2.666666666666666630e-01
1.333333333333333259e+00
5.499999999999999334e-01
1.986666666666667025e+00
2.333333333333333093e-01
9.700000000000000844e-01
6.633333333333332194e-01
7.000000000000000666e-02
3.200000000000000067e-01
1.899999999999999745e-01
2.133333333333333470e-01
8.000000000000000167e-02
4.666666666666666186e-01
3.533333333333333326e-01
1.366666666666666863e-01
1.356666666666666687e+00
1.099999999999999867e+00
5.000000000000000971e-02
2.433333333333333182e-01
1.209999999999999964e+00
1.133333333333333276e-01
4.000000000000000083e-02
2.266666666666666829e-01
7.633333333333333082e-01
1.703333333333333366e+00
2.899999999999999800e-01
1.709999999999999964e+00
4.333333333333332926e-01
2.199999999999999734e-01
1.700000000000000122e-01
1.666666666666666644e-02
1.106666666666666687e+00
1.000000000000000021e-02
8.233333333333332504e-01
4.133333333333333304e-01
1.033333333333333326e-01
3.699999999999999400e-01
1.866666666666666752e-01
2.333333333333333440e-02
3.333333333333333547e-03
2.000000000000000042e-02
2.666666666666666838e-02
0.000000000000000000e+00
2.666666666666666838e-02
1.666666666666666574e-01
1.173333333333333339e+00
3.066666666666666430e-01
7.833333333333333259e-01
8.966666666666666119e-01
6.600000000000000311e-01
1.173333333333333339e+00
1.566666666666666485e-01
1.466666666666666952e-01
1.566666666666666763e-01
1.623333333333333295e+00
5.300000000000000266e-01
5.433333333333333348e-01
9.333333333333333759e-02
1.000000000000000021e-02
8.666666666666666963e-02
6.666666666666667095e-03
3.333333333333333547e-03
2.333333333333333093e-02
6.666666666666666574e-02
4.333333333333333481e-02
6.666666666666667095e-03
9.000000000000001055e-02
3.933333333333333126e-01
1.999999999999999833e-01
5.666666666666667074e-02
1.563333333333333464e+00
2.399999999999999911e-01
4.566666666666667207e-01
7.000000000000000666e-02
4.133333333333333304e-01
1.036666666666666625e+00
1.000000000000000021e-02
1.499999999999999944e-01
6.666666666666667095e-03
2.500000000000000000e-01
0.000000000000000000e+00
1.933333333333333570e-01
1.499999999999999944e-01
1.366666666666666863e-01
8.333333333333332871e-02
1.766666666666666663e-01
1.113333333333333286e+00
2.460000000000000409e+00
2.700000000000000178e-01
6.666666666666667095e-03
2.833333333333332704e-01
5.499999999999999334e-01
2.463333333333333375e+00
2.900000000000000355e-01
3.799999999999999489e-01
7.000000000000000666e-02
2.800000000000000266e-01
