1.110000000000000098e+00
8.033333333333333437e-01
2.399999999999999911e-01
6.466666666666666119e-01
9.199999999999999289e-01
7.666666666666666075e-02
3.099999999999999978e-01
5.266666666666667274e-01
8.700000000000001066e-01
2.266666666666666829e-01
2.099999999999999645e-01
2.866666666666666807e-01
4.599999999999999645e-01
3.000000000000000444e-01
1.250000000000000000e+00
1.553333333333333455e+00
1.000000000000000194e-01
1.566666666666666652e+00
1.333333333333333315e-01
1.000000000000000021e-02
1.233333333333333365e-01
1.333333333333333315e-01
3.200000000000000067e-01
9.400000000000000577e-01
5.800000000000000711e-01
1.600000000000000033e-01
1.153333333333333321e+00
1.186666666666666758e+00
6.533333333333333215e-01
8.266666666666666607e-01
5.266666666666667274e-01
2.333333333333333093e-01
9.599999999999999645e-01
2.766666666666666718e-01
1.713333333333333597e+00
3.333333333333333148e-01
1.199999999999999956e-01
1.563333333333333242e+00
1.356666666666666687e+00
1.033333333333333326e-01
2.099999999999999922e-01
2.200000000000000011e-01
2.096666666666666679e+00
1.140000000000000124e+00
3.400000000000000244e-01
4.166666666666666852e-01
1.523333333333333428e+00
2.866666666666666807e-01
2.333333333333333093e-02
8.866666666666667140e-01
5.666666666666667074e-02
1.133333333333333276e-01
2.500000000000000000e-01
0.000000000000000000e+00
6.666666666666666574e-02
9.666666666666667851e-02
5.800000000000000711e-01
1.933333333333333293e-01
1.090000000000000080e+00
1.653333333333333321e+00
1.766666666666666663e-01
6.899999999999999467e-01
9.199999999999999289e-01
9.333333333333333759e-02
1.900000000000000300e-01
1.700000000000000122e-01
1.533333333333333437e+00
1.333333333333333315e-01
2.500000000000000000e-01
1.683333333333333348e+00
1.696666666666666545e+00
1.666666666666666574e-01
4.499999999999999556e-01
1.133333333333333276e-01
1.733333333333333393e-01
2.733333333333333726e-01
1.849999999999999867e+00
