1.276666666666666616e+00
2.433333333333333182e-01
4.433333333333333570e-01
1.233333333333333365e-01
4.466666666666667118e-01
1.700000000000000122e-01
6.833333333333332371e-01
1.000000000000000021e-02
2.000000000000000042e-02
1.033333333333333326e-01
7.999999999999999334e-01
7.033333333333332549e-01
1.666666666666666644e-02
1.266666666666666774e-01
2.633333333333333637e-01
8.666666666666666963e-02
4.199999999999999845e-01
1.266666666666666607e+00
2.500000000000000000e-01
9.566666666666666652e-01
4.833333333333333925e-01
9.000000000000001055e-02
1.540000000000000036e+00
2.566666666666666541e-01
7.999999999999999334e-01
2.673333333333333339e+00
