9.633333333333333748e-01
1.633333333333333304e-01
1.100000000000000006e-01
2.733333333333333726e-01
6.666666666666666574e-02
1.360000000000000098e+00
6.666666666666666297e-01
3.266666666666666607e-01
2.600000000000000089e-01
3.200000000000000067e-01
1.399999999999999856e-01
2.233333333333333004e-01
1.233333333333333365e-01
2.033333333333333381e-01
6.966666666666666563e-01
1.933333333333333293e-01
3.600000000000000422e-01
3.500000000000000333e-01
2.100000000000000477e-01
2.833333333333333259e-01
8.666666666666666963e-02
6.000000000000000472e-02
1.533333333333333215e-01
5.999999999999999778e-02
2.000000000000000042e-02
1.333333333333333419e-02
8.000000000000000167e-02
1.133333333333333276e-01
2.333333333333333440e-02
1.166666666666666824e-01
1.466666666666666952e-01
3.666666666666666685e-02
9.333333333333333759e-02
1.666666666666666644e-02
1.866666666666666752e-01
1.233333333333333365e-01
8.000000000000000167e-02
1.230000000000000204e+00
9.666666666666667851e-02
1.000000000000000021e-02
4.899999999999999911e-01
1.600000000000000033e-01
4.999999999999999584e-02
2.366666666666666641e-01
1.013333333333333419e+00
1.900000000000000300e-01
6.666666666666667095e-03
1.483333333333333393e+00
1.666666666666666741e+00
2.600000000000000089e-01
3.666666666666666685e-02
3.333333333333333287e-02
6.766666666666667496e-01
3.333333333333333287e-02
0.000000000000000000e+00
6.999999999999998446e-01
6.000000000000000472e-02
7.333333333333333370e-02
1.499999999999999944e-01
6.666666666666666297e-01
4.000000000000000083e-02
0.000000000000000000e+00
1.333333333333333419e-02
6.199999999999999956e-01
8.333333333333332871e-02
1.000000000000000021e-02
1.199999999999999956e-01
4.966666666666667562e-01
1.033333333333333326e-01
2.300000000000000100e-01
1.333333333333333315e-01
6.966666666666666563e-01
3.733333333333332948e-01
0.000000000000000000e+00
1.199999999999999956e-01
1.166666666666666546e-01
6.999999999999999278e-02
1.666666666666666644e-02
5.666666666666667074e-02
5.666666666666666380e-02
5.000000000000000971e-02
1.199999999999999956e-01
2.333333333333333440e-02
2.000000000000000042e-02
0.000000000000000000e+00
5.333333333333334370e-02
1.933333333333333570e-01
5.733333333333333615e-01
4.533333333333333659e-01
8.666666666666666963e-01
6.666666666666666574e-02
1.666666666666666644e-02
6.099999999999999867e-01
9.999999999999999167e-02
1.433333333333333404e-01
7.666666666666667462e-02
0.000000000000000000e+00
1.033333333333333326e-01
1.066666666666666735e-01
6.333333333333333870e-02
1.333333333333333315e-01
5.333333333333333676e-02
4.333333333333333481e-02
6.333333333333333870e-02
1.666666666666666644e-02
3.666666666666665991e-02
0.000000000000000000e+00
9.666666666666667851e-02
1.666666666666666644e-02
2.766666666666666718e-01
3.600000000000000422e-01
7.500000000000000000e-01
2.233333333333333559e-01
1.933333333333333293e-01
4.666666666666666879e-02
3.999999999999999667e-01
2.166666666666666741e-01
7.233333333333332726e-01
7.666666666666667462e-02
0.000000000000000000e+00
5.666666666666666380e-02
7.666666666666666075e-02
3.333333333333333547e-03
0.000000000000000000e+00
4.166666666666666852e-01
1.153333333333333321e+00
4.000000000000000083e-02
1.000000000000000021e-02
1.033333333333333326e-01
3.866666666666667140e-01
1.199999999999999956e-01
3.833333333333333037e-01
1.266666666666666774e-01
1.733333333333333393e-01
0.000000000000000000e+00
1.163333333333333330e+00
1.273333333333333428e+00
2.366666666666666918e-01
7.666666666666667462e-02
1.370000000000000107e+00
8.599999999999999867e-01
1.233333333333333393e+00
1.263333333333333419e+00
5.100000000000000089e-01
3.733333333333332948e-01
7.833333333333333259e-01
3.600000000000000422e-01
1.806666666666666643e+00
5.933333333333332682e-01
2.066666666666666929e-01
1.266666666666666774e-01
8.000000000000000167e-02
1.099999999999999867e-01
3.400000000000000244e-01
7.333333333333333370e-02
5.000000000000000971e-02
8.333333333333333703e-01
1.866666666666666752e-01
4.833333333333333370e-01
3.600000000000000422e-01
2.966666666666666896e-01
4.199999999999999845e-01
2.833333333333333814e-01
4.666666666666666879e-02
1.066666666666666735e-01
1.333333333333333419e-02
8.000000000000000167e-02
2.000000000000000042e-02
3.666666666666666685e-02
7.000000000000000666e-02
1.300000000000000044e-01
3.333333333333333547e-03
1.566666666666666485e-01
2.266666666666666829e-01
1.800000000000000211e-01
1.000000000000000021e-02
3.866666666666666585e-01
1.433333333333333404e-01
9.999999999999999167e-02
1.726666666666666572e+00
3.000000000000000444e-01
2.000000000000000042e-02
5.166666666666666075e-01
6.699999999999999289e-01
1.199999999999999956e-01
5.466666666666667451e-01
1.506666666666666821e+00
4.299999999999999933e-01
4.599999999999999645e-01
1.763333333333333419e+00
1.820000000000000062e+00
5.266666666666666163e-01
1.433333333333333404e-01
3.333333333333333148e-01
1.853333333333333499e+00
1.866666666666666752e-01
0.000000000000000000e+00
1.136666666666666714e+00
8.666666666666666963e-02
4.000000000000000083e-02
2.333333333333333440e-02
6.366666666666666030e-01
8.333333333333332871e-02
1.000000000000000021e-02
1.666666666666666644e-02
9.700000000000000844e-01
1.333333333333333315e-01
0.000000000000000000e+00
1.399999999999999856e-01
2.899999999999999800e-01
3.033333333333333992e-01
8.666666666666666963e-02
6.666666666666666574e-02
7.799999999999999156e-01
2.833333333333333259e-01
2.000000000000000042e-02
8.666666666666666963e-02
1.300000000000000044e-01
2.333333333333333440e-02
0.000000000000000000e+00
2.999999999999999889e-02
1.000000000000000021e-02
1.333333333333333419e-02
7.666666666666667462e-02
1.666666666666666644e-02
6.666666666666667095e-03
1.000000000000000021e-02
8.333333333333332871e-02
1.100000000000000006e-01
2.833333333333333259e-01
4.699999999999999734e-01
1.190000000000000169e+00
9.399999999999999467e-01
1.900000000000000300e-01
5.699999999999999512e-01
1.233333333333333365e-01
3.666666666666666685e-02
3.333333333333333547e-03
2.200000000000000011e-01
6.666666666666666574e-02
1.333333333333333419e-02
9.999999999999999167e-02
1.766666666666666663e-01
6.666666666666667095e-03
9.999999999999999167e-02
7.333333333333334758e-02
2.333333333333333093e-02
1.000000000000000021e-02
3.333333333333333287e-02
3.333333333333333148e-01
4.666666666666666879e-02
1.666666666666666574e-01
2.266666666666666552e-01
1.340000000000000080e+00
4.666666666666666879e-02
5.966666666666666785e-01
5.333333333333333676e-02
4.133333333333333304e-01
1.199999999999999956e-01
1.296666666666666856e+00
3.500000000000000333e-01
0.000000000000000000e+00
7.000000000000000666e-02
1.300000000000000044e-01
4.999999999999999584e-02
0.000000000000000000e+00
1.056666666666666643e+00
1.196666666666666545e+00
2.333333333333333440e-02
3.333333333333333547e-03
9.800000000000000933e-01
1.036666666666666847e+00
1.533333333333333215e-01
4.966666666666666452e-01
1.033333333333333326e-01
2.999999999999999889e-02
4.000000000000000083e-02
1.463333333333333597e+00
1.410000000000000142e+00
5.299999999999999156e-01
5.266666666666666163e-01
2.546666666666666856e+00
1.376666666666666705e+00
8.299999999999999600e-01
