9.700000000000000844e-01
1.933333333333333570e-01
4.366666666666667029e-01
6.866666666666666474e-01
1.466666666666666785e+00
1.213333333333333375e+00
2.333333333333333440e-02
5.999999999999999778e-01
2.666666666666666838e-02
0.000000000000000000e+00
7.000000000000000666e-02
1.163333333333333330e+00
5.400000000000000355e-01
1.333333333333333315e-01
1.933333333333333570e-01
1.000000000000000194e-01
7.000000000000000666e-02
2.166666666666666741e-01
4.433333333333333570e-01
1.233333333333333365e-01
1.666666666666666644e-02
2.666666666666666838e-02
9.333333333333332371e-02
2.166666666666666741e-01
5.999999999999999778e-02
6.133333333333333970e-01
8.666666666666666963e-02
2.666666666666666838e-02
4.099999999999999756e-01
1.666666666666666644e-02
4.266666666666666941e-01
1.333333333333333315e-01
1.233333333333333365e-01
2.466666666666666730e-01
2.066666666666666652e-01
4.933333333333333459e-01
1.100000000000000006e-01
2.966666666666666896e-01
5.466666666666667451e-01
9.633333333333332638e-01
2.333333333333333093e-01
2.233333333333333004e-01
9.433333333333333570e-01
2.433333333333333182e-01
4.333333333333333481e-02
8.266666666666666607e-01
8.000000000000000167e-02
2.289999999999999591e+00
5.800000000000000711e-01
4.633333333333333193e-01
6.666666666666667095e-03
1.499999999999999944e-01
1.400000000000000133e+00
1.250000000000000000e+00
1.633333333333333304e-01
7.399999999999998801e-01
0.000000000000000000e+00
1.333333333333333315e-01
1.666666666666666644e-02
1.333333333333333419e-02
7.000000000000000666e-02
7.666666666666667462e-02
1.066666666666666735e-01
3.666666666666666685e-02
1.166666666666666546e-01
2.399999999999999911e-01
2.566666666666666541e-01
8.666666666666665853e-01
3.400000000000000244e-01
2.799999999999999711e-01
1.000000000000000021e-02
3.500000000000000333e-01
5.666666666666667074e-02
6.300000000000000044e-01
0.000000000000000000e+00
3.033333333333332882e-01
1.016666666666666607e+00
4.366666666666667029e-01
5.466666666666667451e-01
4.466666666666666008e-01
8.866666666666667140e-01
2.433333333333333182e-01
2.033333333333333381e-01
3.433333333333333237e-01
1.600000000000000033e-01
9.000000000000001055e-02
1.599999999999999867e+00
2.083333333333333481e+00
1.633333333333333304e-01
3.300000000000000155e-01
4.333333333333333481e-02
1.000000000000000021e-02
5.000000000000000971e-02
7.333333333333333925e-01
2.766666666666666718e-01
4.899999999999999911e-01
2.333333333333333440e-02
2.666666666666666838e-02
1.933333333333333570e-01
1.466666666666666674e-01
7.200000000000000844e-01
9.333333333333332371e-01
1.510000000000000009e+00
2.376666666666666483e+00
1.570000000000000284e+00
1.866666666666666752e-01
3.733333333333332948e-01
9.666666666666667851e-02
8.000000000000000167e-02
2.033333333333333659e-01
2.833333333333333814e-01
1.130000000000000115e+00
5.366666666666666252e-01
2.513333333333333197e+00
1.300000000000000044e+00
