2.863333333333333286e+00
3.433333333333333237e-01
5.866666666666666696e-01
1.633333333333333304e-01
1.353333333333333499e+00
1.066666666666666735e-01
1.700000000000000122e-01
0.000000000000000000e+00
1.333333333333333419e-02
0.000000000000000000e+00
2.333333333333333093e-01
7.299999999999999822e-01
9.333333333333333759e-02
1.199999999999999956e-01
3.300000000000000155e-01
1.263333333333333419e+00
2.243333333333333623e+00
4.833333333333333370e-01
3.300000000000000155e-01
2.766666666666666718e-01
1.400000000000000133e-01
3.466666666666666785e-01
1.033333333333333326e-01
1.966666666666666563e-01
2.533333333333333548e-01
1.199999999999999956e-01
3.666666666666667379e-02
7.333333333333333370e-02
2.600000000000000089e-01
3.366666666666666696e-01
0.000000000000000000e+00
1.033333333333333326e-01
1.396666666666666723e+00
1.499999999999999944e-01
0.000000000000000000e+00
0.000000000000000000e+00
1.066666666666666735e-01
0.000000000000000000e+00
0.000000000000000000e+00
2.966666666666666896e-01
4.000000000000000083e-02
0.000000000000000000e+00
0.000000000000000000e+00
1.800000000000000211e-01
1.500000000000000222e-01
2.666666666666666838e-02
1.000000000000000194e-01
1.066666666666666458e-01
8.866666666666667140e-01
3.166666666666666519e-01
1.000000000000000021e-02
2.666666666666666838e-02
0.000000000000000000e+00
5.666666666666667074e-02
7.000000000000000666e-01
1.290000000000000036e+00
4.666666666666666186e-01
1.596666666666666679e+00
5.666666666666666380e-02
3.333333333333333148e-01
5.666666666666667629e-01
1.066666666666666735e-01
1.999999999999999833e-01
0.000000000000000000e+00
1.766666666666666663e-01
8.900000000000000133e-01
2.999999999999999889e-02
2.099999999999999922e-01
3.433333333333333237e-01
1.666666666666666574e-01
4.933333333333333459e-01
3.333333333333333287e-02
1.199999999999999956e-01
1.999999999999999833e-01
6.066666666666666874e-01
2.166666666666666741e-01
1.800000000000000211e-01
1.833333333333333481e-01
1.466666666666666397e-01
7.000000000000000666e-02
9.633333333333332638e-01
1.253333333333333188e+00
6.666666666666666574e-02
1.266666666666666774e-01
9.666666666666667851e-02
0.000000000000000000e+00
3.066666666666666985e-01
4.000000000000000083e-02
2.366666666666666918e-01
1.666666666666666644e-02
1.499999999999999944e-01
8.000000000000000167e-02
2.000000000000000042e-02
2.633333333333333637e-01
1.489999999999999991e+00
1.233333333333333365e-01
1.540000000000000036e+00
5.999999999999999778e-02
0.000000000000000000e+00
3.333333333333333148e-01
1.000000000000000021e-02
4.333333333333333481e-02
0.000000000000000000e+00
4.000000000000000083e-02
1.033333333333333326e-01
2.066666666666666652e-01
1.633333333333333304e-01
5.999999999999999778e-02
3.133333333333332971e-01
3.366666666666666696e-01
1.800000000000000211e-01
6.333333333333333037e-01
1.326666666666666439e+00
3.600000000000000422e-01
0.000000000000000000e+00
1.399999999999999856e-01
1.433333333333333570e+00
3.333333333333333287e-02
0.000000000000000000e+00
1.166666666666666546e-01
7.466666666666665897e-01
0.000000000000000000e+00
1.000000000000000021e-02
6.366666666666667140e-01
9.666666666666667851e-02
0.000000000000000000e+00
2.666666666666666630e-01
9.833333333333333925e-01
2.999999999999999889e-02
8.666666666666666963e-01
0.000000000000000000e+00
6.700000000000000400e-01
1.373333333333333295e+00
1.366666666666666585e-01
4.666666666666666879e-02
1.366666666666666585e-01
2.466666666666666730e-01
3.600000000000000422e-01
8.666666666666666963e-02
1.433333333333333404e-01
2.433333333333333182e-01
2.966666666666666896e-01
4.900000000000000466e-01
5.333333333333333676e-02
3.333333333333333287e-02
6.066666666666666874e-01
2.433333333333333182e-01
1.333333333333333419e-02
9.333333333333332371e-02
1.800000000000000211e-01
1.666666666666666644e-02
6.333333333333333870e-02
1.400000000000000133e-01
4.633333333333333748e-01
1.066666666666666735e-01
1.533333333333333437e+00
2.333333333333333440e-02
2.999999999999999889e-02
6.666666666666666574e-02
1.433333333333333404e-01
9.533333333333332549e-01
1.233333333333333365e-01
7.866666666666667362e-01
9.000000000000001055e-02
3.033333333333332882e-01
3.000000000000000236e-02
1.263333333333333419e+00
1.733333333333333393e-01
0.000000000000000000e+00
7.133333333333333748e-01
1.199999999999999956e-01
2.699999999999999623e-01
7.133333333333333748e-01
6.666666666666667095e-03
2.433333333333333182e-01
2.666666666666666838e-02
4.000000000000000083e-02
2.399999999999999911e-01
9.666666666666667851e-02
2.399999999999999911e-01
2.733333333333333726e-01
9.333333333333333759e-02
2.600000000000000089e-01
4.333333333333333481e-02
7.900000000000000355e-01
2.306666666666667087e+00
1.173333333333333339e+00
6.099999999999999867e-01
3.400000000000000244e-01
8.333333333333332871e-02
2.566666666666666541e-01
1.466666666666666674e-01
0.000000000000000000e+00
5.633333333333333526e-01
1.050000000000000044e+00
9.999999999999999167e-02
3.333333333333333287e-02
4.000000000000000083e-02
6.733333333333332282e-01
2.666666666666666838e-02
2.233333333333333004e-01
3.333333333333333287e-02
2.399999999999999911e-01
1.799999999999999656e-01
0.000000000000000000e+00
2.399999999999999911e-01
1.899999999999999745e-01
1.399999999999999856e-01
3.666666666666666685e-02
7.900000000000000355e-01
0.000000000000000000e+00
4.899999999999999911e-01
1.133333333333333276e-01
0.000000000000000000e+00
7.000000000000000666e-02
1.033333333333333326e-01
5.433333333333333348e-01
4.966666666666665897e-01
7.333333333333333370e-02
4.433333333333333015e-01
5.799999999999999600e-01
1.666666666666666644e-02
1.333333333333333419e-02
0.000000000000000000e+00
2.033333333333333381e-01
8.766666666666665941e-01
2.999999999999999889e-02
8.566666666666665764e-01
5.299999999999999156e-01
0.000000000000000000e+00
1.600000000000000033e-01
1.163333333333333330e+00
1.400000000000000133e-01
1.033333333333333326e-01
1.209999999999999964e+00
6.366666666666666030e-01
3.666666666666667379e-02
2.033333333333333381e-01
1.733333333333333393e-01
8.666666666666666963e-02
8.466666666666666785e-01
3.333333333333333287e-02
9.333333333333333759e-02
1.370000000000000107e+00
3.266666666666666607e-01
9.966666666666665897e-01
1.199999999999999956e-01
1.499999999999999944e-01
2.566666666666666541e-01
2.666666666666666630e-01
4.000000000000000083e-02
1.380000000000000115e+00
5.233333333333333171e-01
2.699999999999999623e-01
4.000000000000000083e-02
2.133333333333332915e-01
4.666666666666666879e-02
1.003333333333333188e+00
4.499999999999999556e-01
1.256666666666666599e+00
3.533333333333333326e-01
5.999999999999999778e-02
5.333333333333333676e-02
1.030000000000000027e+00
1.766666666666666663e-01
2.999999999999999889e-01
8.333333333333332871e-02
3.666666666666666685e-02
1.313333333333333242e+00
3.433333333333333237e-01
1.010000000000000009e+00
4.199999999999999289e-01
7.099999999999999645e-01
4.000000000000000777e-01
1.966666666666666841e-01
1.399999999999999856e-01
0.000000000000000000e+00
1.066666666666666458e-01
3.666666666666667379e-02
4.799999999999999822e-01
9.666666666666666741e-01
3.899999999999999578e-01
1.550000000000000044e+00
2.366666666666666641e-01
2.500000000000000555e-01
3.333333333333333287e-02
1.333333333333333419e-02
2.999999999999999889e-02
0.000000000000000000e+00
1.306666666666666643e+00
3.083333333333333481e+00
1.133333333333333276e-01
6.900000000000000577e-01
6.666666666666667095e-03
1.533333333333333492e-01
3.666666666666666685e-02
2.000000000000000042e-02
0.000000000000000000e+00
4.000000000000000083e-02
4.166666666666666852e-01
4.666666666666666879e-02
2.343333333333333268e+00
1.136666666666666714e+00
6.600000000000000311e-01
3.166666666666666519e-01
3.166666666666666519e-01
5.899999999999999689e-01
8.333333333333332871e-02
1.000000000000000021e-02
0.000000000000000000e+00
5.333333333333333676e-02
5.200000000000000178e-01
0.000000000000000000e+00
0.000000000000000000e+00
6.666666666666667095e-03
3.166666666666666519e-01
7.266666666666665719e-01
6.833333333333332371e-01
2.366666666666666641e-01
9.000000000000000222e-01
4.000000000000000777e-01
1.110000000000000098e+00
5.333333333333333259e-01
3.333333333333333547e-03
6.300000000000000044e-01
1.933333333333333293e-01
4.333333333333333481e-01
8.333333333333332871e-02
4.233333333333333393e-01
0.000000000000000000e+00
1.833333333333333481e-01
2.666666666666666838e-02
5.333333333333333676e-02
1.236666666666666581e+00
1.000000000000000021e-02
6.733333333333333393e-01
0.000000000000000000e+00
0.000000000000000000e+00
4.899999999999999911e-01
1.666666666666666644e-02
2.333333333333333093e-01
2.266666666666666552e-01
6.366666666666667140e-01
1.066666666666666735e-01
3.166666666666666519e-01
1.033333333333333326e-01
1.766666666666666663e-01
4.400000000000000022e-01
2.833333333333333259e-01
7.099999999999999645e-01
1.733333333333333393e-01
4.333333333333333481e-02
4.099999999999999756e-01
9.133333333333334414e-01
7.666666666666666075e-02
7.433333333333332904e-01
3.333333333333333287e-02
6.666666666666667095e-03
3.300000000000000155e-01
6.666666666666667095e-03
3.033333333333332882e-01
3.400000000000000244e-01
0.000000000000000000e+00
1.106666666666666687e+00
4.999999999999999584e-02
2.766666666666666718e-01
0.000000000000000000e+00
1.326666666666666883e+00
7.299999999999999822e-01
6.233333333333332948e-01
3.099999999999999978e-01
1.300000000000000044e-01
1.666666666666666644e-02
5.833333333333333703e-01
1.666666666666666644e-02
2.799999999999999711e-01
1.666666666666666644e-02
2.866666666666666807e-01
1.333333333333333419e-02
5.066666666666667096e-01
4.233333333333333393e-01
9.999999999999999167e-02
1.000000000000000021e-02
5.033333333333332993e-01
1.033333333333333326e-01
5.999999999999999778e-02
2.533333333333333548e-01
6.666666666666667095e-03
3.433333333333333237e-01
2.333333333333333093e-01
0.000000000000000000e+00
1.043333333333333224e+00
9.333333333333332371e-02
4.333333333333333481e-02
7.333333333333332815e-01
6.666666666666666574e-02
1.196666666666666545e+00
5.566666666666666430e-01
2.666666666666666838e-02
1.866666666666666752e-01
4.766666666666666274e-01
7.099999999999999645e-01
5.233333333333333171e-01
5.533333333333333437e-01
3.300000000000000155e-01
3.333333333333333547e-03
9.999999999999999167e-02
2.033333333333333381e-01
3.233333333333333059e-01
1.666666666666666574e-01
7.066666666666666652e-01
3.666666666666666963e-01
6.166666666666666963e-01
4.733333333333333282e-01
0.000000000000000000e+00
1.633333333333333304e-01
1.666666666666666644e-02
2.633333333333333637e-01
4.000000000000000083e-02
7.900000000000000355e-01
5.266666666666667274e-01
3.400000000000000244e-01
1.110000000000000098e+00
2.200000000000000011e-01
5.999999999999999778e-02
2.566666666666666541e-01
5.999999999999999778e-02
9.300000000000000488e-01
5.000000000000000971e-02
3.133333333333332971e-01
7.466666666666667007e-01
1.099999999999999867e+00
1.700000000000000122e-01
2.233333333333333559e-01
5.000000000000000971e-02
9.000000000000001055e-02
1.333333333333333315e-01
7.333333333333334758e-02
4.333333333333333481e-02
9.466666666666666563e-01
3.933333333333333681e-01
1.800000000000000211e-01
2.633333333333333082e-01
4.733333333333333282e-01
1.333333333333333419e-02
1.533333333333333215e-01
1.366666666666666863e-01
0.000000000000000000e+00
1.000000000000000021e-02
3.333333333333333547e-03
0.000000000000000000e+00
2.666666666666666838e-02
1.566666666666666485e-01
7.966666666666665231e-01
2.000000000000000042e-02
4.666666666666666879e-02
2.033333333333333215e+00
1.046666666666666634e+00
1.133333333333333276e-01
1.433333333333333404e-01
5.666666666666667629e-01
4.199999999999999845e-01
2.533333333333333548e-01
1.066666666666666735e-01
4.333333333333333481e-02
1.566666666666666485e-01
1.333333333333333419e-02
3.300000000000000155e-01
1.366666666666666863e-01
7.933333333333333348e-01
2.333333333333333093e-02
1.166666666666666546e-01
1.966666666666666841e-01
0.000000000000000000e+00
2.133333333333333470e-01
0.000000000000000000e+00
6.333333333333333870e-02
7.000000000000000666e-02
1.053333333333333455e+00
