6.833333333333332371e-01
5.299999999999999156e-01
1.000000000000000021e-02
4.666666666666666879e-02
8.000000000000000167e-02
4.233333333333333393e-01
2.099999999999999922e-01
2.966666666666666896e-01
8.699999999999999956e-01
6.533333333333333215e-01
9.599999999999999645e-01
9.933333333333332904e-01
1.333333333333333419e-02
4.666666666666666879e-02
6.333333333333333870e-02
1.333333333333333315e-01
4.999999999999999584e-02
7.500000000000000000e-01
4.333333333333333481e-02
9.999999999999999167e-02
0.000000000000000000e+00
4.266666666666666941e-01
6.333333333333333870e-02
1.366666666666666863e-01
1.000000000000000194e-01
3.033333333333333992e-01
1.700000000000000122e-01
1.933333333333333293e-01
1.466666666666666674e-01
1.133333333333333276e-01
3.966666666666666674e-01
1.733333333333333393e-01
3.333333333333333287e-02
5.000000000000000971e-02
6.666666666666667095e-03
0.000000000000000000e+00
4.266666666666666941e-01
1.233333333333333365e-01
1.166666666666666546e-01
1.999999999999999833e-01
3.099999999999999978e-01
4.133333333333333859e-01
7.333333333333334758e-02
1.199999999999999956e-01
2.566666666666666541e-01
1.166666666666666546e-01
8.666666666666666963e-02
1.333333333333333419e-02
1.666666666666666644e-02
1.333333333333333419e-02
3.333333333333333287e-02
1.166666666666666546e-01
7.333333333333333370e-02
1.183333333333333348e+00
8.333333333333332871e-02
2.333333333333333440e-02
4.333333333333333481e-02
0.000000000000000000e+00
4.266666666666666941e-01
1.100000000000000006e-01
1.163333333333333330e+00
3.343333333333333268e+00
2.399999999999999911e-01
9.766666666666665719e-01
2.800000000000000266e-01
3.733333333333333504e-01
1.666666666666666574e-01
2.833333333333333259e-01
1.366666666666666585e-01
2.299999999999999822e-01
2.733333333333333726e-01
3.600000000000000422e-01
3.466666666666666785e-01
3.633333333333333415e-01
2.833333333333333259e-01
7.333333333333333370e-02
5.333333333333333676e-02
0.000000000000000000e+00
1.833333333333333481e-01
7.000000000000000666e-02
4.966666666666666452e-01
8.000000000000000167e-02
5.333333333333334370e-02
1.033333333333333326e-01
2.000000000000000042e-02
1.226666666666666794e+00
1.633333333333333304e-01
2.050000000000000266e+00
4.666666666666666879e-02
5.999999999999999778e-02
1.333333333333333419e-02
6.666666666666666574e-02
8.666666666666666963e-02
6.333333333333333870e-02
6.666666666666667095e-03
0.000000000000000000e+00
4.699999999999999734e-01
1.199999999999999956e-01
2.103333333333333499e+00
2.999999999999999889e-01
4.133333333333333304e-01
3.666666666666666963e-01
8.666666666666666963e-02
3.566666666666666319e-01
1.566666666666666485e-01
1.036666666666666625e+00
1.366666666666666863e-01
5.899999999999999689e-01
7.166666666666666741e-01
3.333333333333333287e-02
2.666666666666666838e-02
6.300000000000000044e-01
5.666666666666667074e-02
4.999999999999999584e-02
1.866666666666666474e-01
1.133333333333333415e-01
3.066666666666666430e-01
1.166666666666666741e+00
6.099999999999999867e-01
4.266666666666665830e-01
5.333333333333333676e-02
2.266666666666666552e-01
8.000000000000000167e-02
1.666666666666666574e-01
1.533333333333333215e-01
2.299999999999999822e-01
9.666666666666666463e-02
5.300000000000000266e-01
1.133333333333333415e-01
1.300000000000000044e-01
1.666666666666666574e-01
1.199999999999999956e-01
3.766666666666666496e-01
1.629999999999999893e+00
2.333333333333333440e-02
2.766666666666666718e-01
1.000000000000000021e-02
5.666666666666667074e-02
0.000000000000000000e+00
1.400000000000000133e-01
1.000000000000000021e-02
1.366666666666666863e-01
1.433333333333333404e-01
4.433333333333333570e-01
1.533333333333333215e-01
1.900000000000000300e-01
1.366666666666666863e-01
5.600000000000000533e-01
2.400000000000000189e-01
1.183333333333333348e+00
2.000000000000000042e-02
1.900000000000000300e-01
0.000000000000000000e+00
4.000000000000000083e-02
1.000000000000000021e-02
8.000000000000000167e-02
6.300000000000000044e-01
5.266666666666667274e-01
1.333333333333333315e-01
8.833333333333333037e-01
1.933333333333333293e-01
3.333333333333333287e-02
1.199999999999999956e+00
1.566666666666666485e-01
6.666666666666666574e-02
5.000000000000000971e-02
6.533333333333333215e-01
2.100000000000000089e+00
2.999999999999999889e-01
8.366666666666665586e-01
7.433333333333332904e-01
1.573333333333333250e+00
1.766666666666666663e-01
4.933333333333333459e-01
2.766666666666666718e-01
4.033333333333333215e-01
4.166666666666666852e-01
1.713333333333333153e+00
1.199999999999999956e+00
7.333333333333333370e-02
2.133333333333333470e-01
4.333333333333333481e-02
3.133333333333333526e-01
1.793333333333333224e+00
3.633333333333332860e-01
1.633333333333333304e-01
1.766666666666666663e-01
1.366666666666666863e-01
2.333333333333333440e-02
9.333333333333333759e-02
0.000000000000000000e+00
1.000000000000000021e-02
2.000000000000000042e-02
3.433333333333333237e-01
1.933333333333333570e-01
6.433333333333334236e-01
3.209999999999999520e+00
5.599999999999999423e-01
2.116666666666666696e+00
1.410000000000000142e+00
1.703333333333333366e+00
8.333333333333332871e-02
2.800000000000000266e-01
8.333333333333332871e-02
9.333333333333333759e-02
0.000000000000000000e+00
0.000000000000000000e+00
1.199999999999999956e-01
2.866666666666666807e-01
2.166666666666666741e-01
8.333333333333333703e-01
9.333333333333333759e-02
4.399999999999999467e-01
3.300000000000000155e-01
5.999999999999999778e-02
1.266666666666666774e-01
0.000000000000000000e+00
2.299999999999999822e-01
2.200000000000000011e-01
1.433333333333333404e-01
1.333333333333333419e-02
2.633333333333333637e-01
3.666666666666667379e-02
0.000000000000000000e+00
8.966666666666668339e-01
2.700000000000000178e-01
7.200000000000000844e-01
1.340000000000000080e+00
4.299999999999999933e-01
4.366666666666667029e-01
6.566666666666667318e-01
2.333333333333333440e-02
3.066666666666666985e-01
2.566666666666666541e-01
3.899999999999999578e-01
6.466666666666666119e-01
2.466666666666666730e-01
1.400000000000000133e-01
5.666666666666665408e-01
2.333333333333333440e-02
6.500000000000000222e-01
1.493333333333333401e+00
5.699999999999999512e-01
5.999999999999999778e-02
3.333333333333333287e-02
1.666666666666666644e-02
1.466666666666666952e-01
1.333333333333333419e-02
1.033333333333333326e-01
3.899999999999999578e-01
1.239999999999999991e+00
1.020000000000000018e+00
1.026666666666666616e+00
4.666666666666666879e-02
9.333333333333333759e-02
2.133333333333332915e-01
1.199999999999999956e-01
6.999999999999999278e-02
0.000000000000000000e+00
3.899999999999999578e-01
1.700000000000000122e-01
2.433333333333333182e-01
1.466666666666666952e-01
2.000000000000000042e-02
1.866666666666666474e-01
2.166666666666666741e-01
1.566666666666666485e-01
1.000000000000000021e-02
4.400000000000000022e-01
1.933333333333333570e-01
7.599999999999998979e-01
2.933333333333333348e-01
8.666666666666666963e-02
1.130000000000000115e+00
1.833333333333333204e-01
1.099999999999999867e+00
1.866666666666666752e-01
4.000000000000000083e-02
2.666666666666666630e-01
5.999999999999999778e-02
2.666666666666666630e-01
1.030000000000000027e+00
4.666666666666666879e-02
2.566666666666666541e-01
5.833333333333333703e-01
2.166666666666666463e-01
1.133333333333333276e-01
1.666666666666666644e-02
3.000000000000000236e-02
1.000000000000000194e-01
6.333333333333333870e-02
1.229999999999999982e+00
1.166666666666666546e-01
2.900000000000000355e-01
4.666666666666666879e-02
4.666666666666666879e-02
0.000000000000000000e+00
0.000000000000000000e+00
1.213333333333333153e+00
5.333333333333333676e-02
9.566666666666665542e-01
1.099999999999999867e-01
2.666666666666666838e-02
1.163333333333333330e+00
8.333333333333332871e-02
1.666666666666666644e-02
7.666666666666666075e-02
1.666666666666666574e-01
2.399999999999999911e-01
2.033333333333333381e-01
3.066666666666666430e-01
9.000000000000001055e-02
3.766666666666666496e-01
1.000000000000000021e-02
0.000000000000000000e+00
1.633333333333333304e-01
3.499999999999999223e-01
4.000000000000000083e-02
1.133333333333333415e-01
5.799999999999999600e-01
1.666666666666666644e-02
4.000000000000000083e-02
1.193333333333333357e+00
1.050000000000000044e+00
3.400000000000000244e-01
3.999999999999999667e-01
4.333333333333333481e-02
2.999999999999999889e-02
2.033333333333333381e-01
7.000000000000000666e-02
1.666666666666666644e-02
1.199999999999999956e-01
4.933333333333333459e-01
5.999999999999999778e-02
4.166666666666666852e-01
1.979999999999999760e+00
7.099999999999999645e-01
4.333333333333333481e-02
1.333333333333333419e-02
4.233333333333333393e-01
1.166666666666666546e-01
2.833333333333333814e-01
2.333333333333333440e-02
2.666666666666666838e-02
6.000000000000000888e-01
5.066666666666667096e-01
1.266666666666666774e-01
5.333333333333333676e-02
1.566666666666666485e-01
0.000000000000000000e+00
9.999999999999999167e-02
8.000000000000000167e-02
4.799999999999999822e-01
1.343333333333333046e+00
3.300000000000000155e-01
4.766666666666667385e-01
1.966666666666666841e-01
9.533333333333332549e-01
6.333333333333333870e-02
5.866666666666665586e-01
5.233333333333333171e-01
7.366666666666666918e-01
1.333333333333333315e-01
1.800000000000000211e-01
3.833333333333333037e-01
9.666666666666666463e-02
1.370000000000000107e+00
2.199999999999999734e-01
2.166666666666666741e-01
6.133333333333332860e-01
9.000000000000001055e-02
1.633333333333333304e-01
3.766666666666667052e-01
1.466666666666666785e+00
3.833333333333333037e-01
2.933333333333333903e-01
3.499999999999999223e-01
4.000000000000000083e-02
1.633333333333333304e-01
9.999999999999999167e-02
4.333333333333333481e-02
2.600000000000000089e-01
2.833333333333333814e-01
6.666666666666667095e-03
9.000000000000001055e-02
1.866666666666666752e-01
0.000000000000000000e+00
1.666666666666666644e-02
8.833333333333334147e-01
1.333333333333333419e-02
3.333333333333333547e-03
1.700000000000000122e-01
1.000000000000000021e-02
5.433333333333333348e-01
1.133333333333333276e-01
5.999999999999999778e-02
6.800000000000000488e-01
0.000000000000000000e+00
2.366666666666666641e-01
3.433333333333333237e-01
8.333333333333333703e-01
8.666666666666666963e-02
0.000000000000000000e+00
3.000000000000000236e-02
1.600000000000000033e-01
0.000000000000000000e+00
1.000000000000000021e-02
2.666666666666666838e-02
7.333333333333333370e-02
2.533333333333333548e-01
1.966666666666666563e-01
5.033333333333332993e-01
1.433333333333333126e-01
2.366666666666666641e-01
2.333333333333333093e-01
8.333333333333332871e-02
5.333333333333333676e-02
7.333333333333334758e-02
4.000000000000000083e-02
0.000000000000000000e+00
6.333333333333333870e-02
4.666666666666666879e-02
2.366666666666666641e-01
3.830000000000000071e+00
