1.086666666666666670e+00
5.966666666666666785e-01
1.606666666666666687e+00
1.113333333333333286e+00
1.946666666666666545e+00
2.766666666666667052e+00
1.093333333333333268e+00
1.333333333333333315e-01
3.566666666666666874e-01
0.000000000000000000e+00
4.999999999999999584e-02
2.333333333333333440e-02
1.086666666666666670e+00
6.233333333333334059e-01
1.233333333333333365e-01
4.000000000000000083e-02
2.533333333333333548e-01
1.199999999999999956e-01
5.333333333333333676e-02
0.000000000000000000e+00
1.366666666666666863e-01
9.999999999999999167e-02
1.030000000000000027e+00
3.033333333333332882e-01
2.999999999999999889e-01
1.983333333333333171e+00
4.086666666666666892e+00
1.053333333333333455e+00
1.933333333333333570e-01
1.919999999999999929e+00
2.733333333333333726e-01
2.266666666666666552e-01
1.000000000000000021e-02
5.666666666666667074e-02
1.933333333333333293e-01
1.766666666666666663e-01
3.300000000000000155e-01
6.333333333333333870e-02
2.066666666666666652e-01
3.233333333333333059e-01
4.199999999999999845e-01
1.466666666666666674e-01
9.799999999999999822e-01
5.633333333333333526e-01
7.333333333333334758e-02
9.333333333333332371e-01
9.000000000000001055e-02
1.666666666666666644e-02
7.000000000000000666e-02
1.000000000000000194e-01
0.000000000000000000e+00
1.366666666666666863e-01
0.000000000000000000e+00
4.099999999999999756e-01
3.499999999999999223e-01
5.666666666666667629e-01
1.540000000000000036e+00
1.933333333333333570e-01
1.520000000000000240e+00
1.599999999999999867e+00
1.666666666666666574e-01
5.333333333333333676e-02
7.933333333333333348e-01
2.299999999999999822e-01
4.166666666666666852e-01
2.666666666666666838e-02
5.333333333333333676e-02
4.599999999999999645e-01
0.000000000000000000e+00
2.733333333333333726e-01
9.133333333333334414e-01
4.899999999999999911e-01
5.333333333333333259e-01
9.599999999999999645e-01
1.693333333333333357e+00
4.333333333333332926e-01
1.800000000000000211e-01
1.933333333333333293e-01
3.033333333333333992e-01
2.750000000000000000e+00
1.993333333333333401e+00
1.770000000000000240e+00
6.333333333333333870e-02
2.933333333333333348e-01
1.000000000000000021e-02
7.666666666666667462e-02
0.000000000000000000e+00
4.666666666666666879e-02
1.766666666666666663e-01
3.000000000000000444e-01
1.800000000000000211e-01
1.493333333333333401e+00
2.133333333333333470e-01
1.276666666666666616e+00
6.666666666666666574e-02
1.133333333333333415e-01
1.166666666666666546e-01
8.666666666666666963e-02
2.999999999999999889e-02
2.333333333333333440e-02
2.400000000000000189e-01
2.199999999999999734e-01
1.766666666666666663e-01
7.500000000000000000e-01
4.933333333333333459e-01
2.700000000000000178e-01
0.000000000000000000e+00
6.666666666666666297e-01
0.000000000000000000e+00
0.000000000000000000e+00
1.199999999999999956e-01
1.476666666666666572e+00
3.800000000000000600e-01
1.543333333333333224e+00
2.299999999999999822e-01
9.666666666666667851e-01
1.733333333333333393e-01
1.100000000000000006e-01
2.600000000000000089e-01
7.666666666666667462e-02
1.700000000000000122e-01
0.000000000000000000e+00
3.066666666666666430e-01
8.800000000000000044e-01
1.199999999999999956e+00
3.099999999999999978e-01
1.666666666666666644e-02
7.366666666666666918e-01
1.533333333333333215e-01
4.566666666666667207e-01
2.033333333333333381e-01
1.633333333333333304e-01
4.666666666666666879e-02
5.200000000000000178e-01
7.666666666666667462e-02
6.333333333333333870e-02
2.333333333333333440e-02
4.799999999999999822e-01
0.000000000000000000e+00
2.999999999999999889e-02
6.666666666666667095e-03
2.966666666666666896e-01
1.199999999999999956e-01
0.000000000000000000e+00
8.000000000000000167e-02
3.533333333333333326e-01
9.166666666666666297e-01
1.419999999999999929e+00
5.333333333333333676e-02
2.399999999999999911e-01
1.533333333333333215e-01
1.666666666666666644e-02
1.499999999999999944e-01
3.666666666666667379e-02
6.066666666666666874e-01
0.000000000000000000e+00
1.366666666666666918e+00
1.633333333333333304e-01
6.933333333333333570e-01
1.199999999999999956e-01
7.333333333333333370e-02
1.066666666666666735e-01
1.866666666666666752e-01
1.800000000000000211e-01
1.203333333333333366e+00
