9.533333333333332549e-01
2.233333333333333004e-01
4.333333333333332926e-01
1.833333333333333481e-01
2.233333333333333004e-01
1.866666666666666752e-01
4.999999999999999584e-02
5.666666666666667074e-02
5.433333333333333348e-01
3.333333333333333287e-02
3.566666666666666319e-01
3.333333333333333547e-03
1.000000000000000021e-02
2.066666666666666652e-01
3.233333333333333059e-01
8.933333333333332016e-01
8.266666666666666607e-01
1.053333333333333455e+00
3.933333333333333681e-01
1.133333333333333276e-01
2.999999999999999889e-02
5.699999999999999512e-01
9.899999999999998801e-01
1.433333333333333404e-01
7.333333333333333370e-02
8.433333333333333792e-01
4.999999999999999584e-02
1.566666666666666485e-01
1.383333333333333526e+00
1.833333333333333481e-01
9.999999999999999167e-02
4.133333333333333304e-01
6.333333333333333870e-02
9.433333333333332460e-01
6.666666666666667095e-03
8.666666666666666963e-02
1.333333333333333419e-02
2.999999999999999889e-01
2.500000000000000000e-01
7.000000000000000666e-02
2.700000000000000178e-01
2.299999999999999822e-01
0.000000000000000000e+00
2.366666666666666641e-01
6.333333333333333870e-02
3.266666666666666607e-01
3.700000000000000511e-01
4.133333333333333304e-01
1.506666666666666821e+00
5.133333333333333082e-01
2.000000000000000042e-02
1.766666666666666663e-01
0.000000000000000000e+00
5.233333333333333171e-01
0.000000000000000000e+00
3.333333333333333547e-03
1.000000000000000000e+00
7.000000000000000666e-02
4.133333333333333304e-01
1.100000000000000006e-01
1.973333333333333384e+00
2.299999999999999822e-01
3.733333333333333504e-01
2.266666666666666552e-01
1.136666666666666714e+00
1.766666666666666663e-01
3.400000000000000244e-01
6.666666666666666574e-02
1.046666666666666634e+00
3.333333333333333287e-02
0.000000000000000000e+00
8.933333333333332016e-01
2.666666666666666630e-01
0.000000000000000000e+00
2.000000000000000042e-02
2.666666666666666838e-02
2.466666666666666730e-01
0.000000000000000000e+00
1.199999999999999956e-01
1.966666666666666563e-01
4.833333333333333370e-01
2.866666666666666807e-01
2.000000000000000042e-02
1.900000000000000300e-01
1.366666666666666585e-01
1.000000000000000021e-02
2.200000000000000011e-01
3.666666666666667379e-02
5.533333333333333437e-01
5.400000000000000355e-01
2.933333333333332793e-01
3.166666666666666519e+00
1.199999999999999956e-01
1.466666666666666674e-01
1.866666666666666752e-01
1.900000000000000300e-01
1.733333333333333393e-01
2.099999999999999922e-01
1.366666666666666863e-01
1.000000000000000021e-02
1.096666666666666679e+00
6.666666666666666574e-02
2.500000000000000000e-01
0.000000000000000000e+00
6.666666666666667095e-03
7.933333333333333348e-01
9.666666666666667851e-02
6.633333333333334414e-01
7.666666666666667462e-02
1.820000000000000062e+00
1.333333333333333419e-02
1.233333333333333365e-01
2.066666666666666652e-01
1.236666666666666581e+00
8.900000000000000133e-01
9.666666666666666463e-02
3.333333333333333547e-03
5.899999999999999689e-01
1.000000000000000021e-02
2.233333333333333004e-01
7.500000000000000000e-01
1.566666666666666485e-01
9.999999999999999167e-02
1.066666666666666735e-01
5.333333333333333676e-02
5.933333333333333792e-01
3.000000000000000236e-02
9.666666666666667851e-02
6.000000000000000472e-02
3.400000000000000244e-01
4.766666666666666274e-01
1.700000000000000122e-01
7.199999999999998623e-01
1.633333333333333304e-01
0.000000000000000000e+00
1.399999999999999856e-01
3.333333333333333547e-03
9.633333333333333748e-01
3.666666666666666963e-01
2.600000000000000089e-01
5.166666666666666075e-01
3.600000000000000422e-01
8.666666666666666963e-02
1.666666666666666574e-01
2.333333333333333440e-02
4.333333333333332926e-01
0.000000000000000000e+00
1.666666666666666644e-02
2.733333333333333171e-01
2.233333333333333559e-01
4.033333333333333215e-01
2.399999999999999911e-01
1.383333333333333526e+00
2.933333333333333903e-01
6.099999999999999867e-01
3.500000000000000333e-01
1.440000000000000169e+00
1.533333333333333215e-01
3.833333333333333037e-01
3.333333333333333547e-03
4.566666666666666097e-01
4.000000000000000083e-02
5.333333333333333676e-02
1.020000000000000018e+00
5.533333333333333437e-01
3.899999999999999578e-01
4.699999999999999734e-01
4.333333333333333481e-02
7.733333333333333171e-01
1.000000000000000021e-02
1.100000000000000006e-01
1.666666666666666644e-02
1.800000000000000211e-01
2.733333333333333726e-01
5.000000000000000971e-02
2.000000000000000389e-01
3.300000000000000155e-01
0.000000000000000000e+00
9.900000000000001021e-01
0.000000000000000000e+00
6.266666666666668162e-01
7.600000000000001199e-01
3.666666666666666685e-02
5.833333333333333703e-01
