1.066666666666666652e+00
1.800000000000000211e-01
1.053333333333333455e+00
6.666666666666667095e-03
4.066666666666666763e-01
1.333333333333333419e-02
5.366666666666667362e-01
1.266666666666666774e-01
4.000000000000000777e-01
5.166666666666666075e-01
2.833333333333333259e-01
2.933333333333333903e-01
2.633333333333333637e-01
1.133333333333333276e-01
6.033333333333333881e-01
7.533333333333332993e-01
8.000000000000000167e-02
5.666666666666666380e-02
2.966666666666666896e-01
6.999999999999998446e-01
2.000000000000000042e-02
3.333333333333333547e-03
1.033333333333333437e+00
1.293333333333333224e+00
4.000000000000000083e-02
1.300000000000000044e-01
8.666666666666666963e-02
1.100000000000000006e-01
9.000000000000000222e-01
9.166666666666666297e-01
1.133333333333333415e-01
6.166666666666666963e-01
3.666666666666667379e-02
2.333333333333333093e-01
3.833333333333333037e-01
1.113333333333333286e+00
1.106666666666666687e+00
4.000000000000000083e-02
5.133333333333333082e-01
0.000000000000000000e+00
2.466666666666666730e-01
1.333333333333333419e-02
6.199999999999999956e-01
1.433333333333333404e-01
3.233333333333333059e-01
8.666666666666666963e-02
1.040000000000000036e+00
2.233333333333333004e-01
1.239999999999999991e+00
1.666666666666666644e-02
2.000000000000000042e-02
2.399999999999999911e-01
3.966666666666666674e-01
0.000000000000000000e+00
1.333333333333333419e-02
3.433333333333333237e-01
1.726666666666666572e+00
5.366666666666667362e-01
1.966666666666666563e-01
1.566666666666666485e-01
1.236666666666666581e+00
5.333333333333333676e-02
5.666666666666665408e-01
1.833333333333333481e-01
5.366666666666666252e-01
1.350000000000000311e+00
