3.433333333333333237e-01
7.833333333333332149e-01
1.766666666666666663e-01
1.666666666666666644e-02
1.073333333333333472e+00
9.566666666666666652e-01
1.300000000000000044e-01
2.800000000000000266e-01
3.233333333333333059e-01
7.799999999999999156e-01
5.133333333333333082e-01
2.433333333333333182e-01
1.383333333333333526e+00
1.866666666666666474e+00
2.833333333333333814e-01
1.276666666666666616e+00
1.833333333333333481e-01
2.866666666666666252e-01
6.666666666666667095e-03
6.000000000000000472e-02
1.536666666666666847e+00
9.000000000000000222e-01
1.566666666666666652e+00
