1.436666666666666758e+00
5.266666666666667274e-01
2.966666666666666896e-01
4.999999999999999584e-02
3.233333333333333059e-01
1.566666666666666763e-01
1.800000000000000211e-01
1.333333333333333419e-02
5.999999999999999778e-02
5.999999999999999778e-02
1.566666666666666485e-01
1.033333333333333326e-01
0.000000000000000000e+00
5.333333333333333676e-02
8.533333333333333881e-01
3.333333333333333287e-02
1.166666666666666546e-01
3.600000000000000422e-01
1.199999999999999956e+00
3.300000000000000155e-01
1.623333333333333295e+00
1.866666666666666474e-01
4.333333333333333481e-01
4.066666666666666763e-01
1.466666666666666785e+00
6.666666666666666574e-02
3.333333333333333287e-02
8.333333333333332871e-02
1.426666666666666750e+00
0.000000000000000000e+00
8.333333333333332871e-02
1.719999999999999973e+00
6.633333333333332194e-01
1.340000000000000080e+00
3.833333333333333037e-01
1.566666666666666763e-01
7.000000000000000666e-02
9.033333333333333215e-01
8.133333333333333526e-01
0.000000000000000000e+00
5.666666666666667074e-02
3.033333333333332882e-01
0.000000000000000000e+00
6.666666666666667095e-03
5.999999999999999778e-02
1.090000000000000080e+00
1.333333333333333419e-02
6.666666666666667095e-03
8.333333333333332871e-02
8.333333333333332871e-02
1.266666666666666774e-01
0.000000000000000000e+00
3.066666666666666985e-01
5.666666666666666380e-02
6.666666666666667095e-03
0.000000000000000000e+00
7.933333333333333348e-01
2.000000000000000042e-02
1.333333333333333419e-02
7.700000000000000178e-01
1.070000000000000062e+00
5.000000000000000971e-02
6.666666666666666574e-02
5.000000000000000971e-02
1.833333333333333481e-01
5.533333333333333437e-01
1.433333333333333404e-01
1.999999999999999833e-01
1.973333333333333384e+00
1.363333333333333286e+00
2.270000000000000018e+00
7.099999999999999645e-01
6.666666666666666574e-02
5.666666666666667074e-02
2.666666666666666838e-02
2.333333333333333440e-02
4.666666666666666879e-02
6.600000000000000311e-01
8.333333333333332871e-02
0.000000000000000000e+00
0.000000000000000000e+00
3.666666666666666685e-02
7.333333333333333370e-02
6.666666666666667095e-03
5.000000000000000971e-02
7.000000000000000666e-02
6.666666666666667095e-03
1.900000000000000300e-01
5.666666666666667074e-02
1.666666666666666644e-02
3.299999999999999600e-01
1.933333333333333293e-01
2.433333333333333182e-01
7.166666666666666741e-01
1.713333333333333597e+00
9.933333333333332904e-01
5.000000000000000971e-02
1.400000000000000133e-01
6.099999999999999867e-01
1.133333333333333276e-01
4.000000000000000083e-02
6.333333333333333870e-02
8.266666666666666607e-01
1.233333333333333365e-01
0.000000000000000000e+00
5.533333333333333437e-01
1.046666666666666634e+00
0.000000000000000000e+00
6.666666666666667095e-03
6.666666666666666297e-01
2.066666666666666652e-01
3.333333333333333287e-02
1.300000000000000044e-01
2.733333333333333726e-01
1.499999999999999944e-01
4.333333333333333481e-01
1.360000000000000098e+00
3.400000000000000244e-01
0.000000000000000000e+00
7.333333333333333370e-02
6.666666666666666574e-02
5.666666666666667074e-02
1.300000000000000044e-01
1.466666666666666674e-01
2.199999999999999734e-01
8.000000000000000167e-02
1.239999999999999991e+00
1.933333333333333293e-01
1.833333333333333481e-01
1.300000000000000044e-01
8.166666666666667629e-01
1.533333333333333492e-01
1.050000000000000044e+00
2.166666666666666741e-01
6.366666666666667140e-01
6.633333333333333304e-01
6.366666666666666030e-01
2.199999999999999734e-01
1.066666666666666735e-01
0.000000000000000000e+00
0.000000000000000000e+00
2.999999999999999889e-02
6.666666666666667095e-03
0.000000000000000000e+00
0.000000000000000000e+00
0.000000000000000000e+00
3.333333333333333287e-02
1.000000000000000021e-02
0.000000000000000000e+00
9.333333333333333759e-02
9.033333333333333215e-01
2.733333333333333726e-01
6.766666666666666385e-01
8.866666666666667140e-01
4.000000000000000083e-02
2.246666666666666590e+00
1.076666666666666661e+00
7.133333333333332638e-01
1.213333333333333375e+00
1.866666666666666752e-01
0.000000000000000000e+00
8.900000000000000133e-01
7.966666666666665231e-01
2.666666666666666838e-02
9.000000000000001055e-02
8.666666666666666963e-01
6.666666666666667095e-03
2.000000000000000042e-02
4.333333333333333481e-02
6.999999999999998446e-01
3.000000000000000236e-02
0.000000000000000000e+00
2.866666666666666807e-01
8.333333333333333703e-01
7.000000000000000666e-02
1.666666666666666644e-02
9.833333333333333925e-01
1.633333333333333304e-01
7.566666666666667096e-01
1.166666666666666546e-01
1.733333333333333393e-01
1.373333333333333295e+00
1.466666666666666397e-01
2.666666666666666630e-01
9.666666666666667851e-02
2.099999999999999922e-01
1.133333333333333415e-01
4.000000000000000083e-02
6.666666666666666574e-02
2.000000000000000042e-02
1.666666666666666644e-02
0.000000000000000000e+00
5.733333333333333615e-01
0.000000000000000000e+00
3.666666666666667379e-02
5.233333333333333171e-01
6.333333333333333870e-02
6.833333333333332371e-01
5.333333333333334370e-02
5.333333333333333676e-02
1.166666666666666546e-01
6.266666666666665941e-01
2.999999999999999889e-01
1.033333333333333326e-01
9.000000000000001055e-02
8.566666666666667984e-01
5.333333333333334370e-02
1.333333333333333315e-01
7.000000000000000666e-02
8.666666666666666963e-02
2.433333333333333182e-01
7.700000000000000178e-01
1.033333333333333326e-01
2.633333333333333637e-01
7.366666666666666918e-01
4.333333333333333481e-01
1.066666666666666652e+00
2.033333333333333381e-01
2.933333333333333903e-01
1.600000000000000033e-01
1.666666666666666644e-02
1.666666666666666644e-02
7.000000000000000666e-02
7.033333333333332549e-01
3.333333333333333547e-03
1.300000000000000044e-01
1.023333333333333206e+00
2.333333333333333093e-01
1.239999999999999991e+00
1.223333333333333384e+00
5.999999999999999778e-01
1.199999999999999956e-01
1.233333333333333365e-01
1.000000000000000021e-02
7.466666666666667007e-01
1.900000000000000300e-01
4.999999999999999584e-02
8.000000000000000167e-02
1.193333333333333357e+00
2.123333333333333517e+00
