2.786666666666666625e+00
9.000000000000000222e-01
1.866666666666666474e+00
4.000000000000000777e-01
2.500000000000000000e-01
1.536666666666666847e+00
1.626666666666666705e+00
1.940000000000000169e+00
6.733333333333333393e-01
1.300000000000000044e-01
2.266666666666666552e-01
7.966666666666667451e-01
1.999999999999999833e-01
1.806666666666666643e+00
5.966666666666666785e-01
2.766666666666666718e-01
1.066666666666666735e-01
3.133333333333332971e-01
3.333333333333333287e-02
4.866666666666666363e-01
2.933333333333333348e-01
9.266666666666666385e-01
4.599999999999999645e-01
3.333333333333333547e-03
6.899999999999999467e-01
1.003333333333333188e+00
4.433333333333333570e-01
0.000000000000000000e+00
1.133333333333333415e-01
1.766666666666666663e-01
7.399999999999998801e-01
8.266666666666666607e-01
1.333333333333333419e-02
2.199999999999999734e-01
4.666666666666666879e-02
4.366666666666667029e-01
1.000000000000000194e-01
7.200000000000000844e-01
1.506666666666666821e+00
4.133333333333333304e-01
1.173333333333333117e+00
7.333333333333331983e-02
3.733333333333332948e-01
1.133333333333333415e-01
1.666666666666666574e-01
1.776666666666666616e+00
1.679999999999999938e+00
