9.199999999999999289e-01
4.899999999999999911e-01
1.873333333333333073e+00
3.633333333333332860e-01
1.713333333333333597e+00
1.433333333333333404e-01
1.639999999999999902e+00
2.766666666666666718e-01
0.000000000000000000e+00
6.666666666666666297e-01
1.066666666666666735e-01
4.999999999999999584e-02
5.666666666666667074e-02
1.900000000000000300e-01
5.033333333333332993e-01
5.999999999999999778e-02
1.800000000000000211e-01
5.966666666666666785e-01
1.566666666666666485e-01
1.293333333333333224e+00
1.733333333333333393e-01
1.833333333333333204e-01
1.753333333333333188e+00
2.999999999999999889e-01
2.046666666666666856e+00
2.366666666666666641e-01
9.266666666666667496e-01
1.000000000000000000e+00
1.003333333333333188e+00
7.366666666666666918e-01
4.433333333333333570e-01
