1.123333333333333295e+00
6.099999999999999867e-01
1.986666666666666581e+00
7.833333333333333259e-01
6.166666666666666963e-01
1.703333333333333366e+00
8.666666666666666963e-01
2.666666666666666630e-01
7.333333333333333370e-02
8.800000000000000044e-01
1.966666666666666563e-01
7.333333333333333370e-02
1.666666666666666644e-02
9.599999999999999645e-01
5.000000000000000000e-01
9.366666666666666474e-01
1.339999999999999858e+00
2.866666666666666807e-01
1.916666666666666741e+00
2.633333333333333637e-01
3.666666666666667379e-02
1.666666666666666741e+00
2.000000000000000042e-02
6.600000000000000311e-01
6.833333333333332371e-01
2.066666666666666652e-01
6.199999999999999956e-01
9.666666666666666741e-01
2.000000000000000042e-02
2.500000000000000000e-01
1.866666666666666752e-01
8.666666666666666963e-02
1.026666666666666616e+00
1.466666666666666397e-01
2.466666666666666730e-01
6.666666666666666574e-02
8.000000000000000167e-02
3.666666666666666963e-01
2.099999999999999922e-01
2.233333333333333004e-01
2.600000000000000089e-01
1.800000000000000211e-01
4.466666666666666008e-01
1.100000000000000006e-01
2.233333333333333004e-01
8.133333333333333526e-01
1.199999999999999956e-01
2.666666666666666630e-01
4.233333333333333393e-01
9.100000000000000311e-01
9.266666666666667496e-01
3.600000000000000422e-01
6.199999999999999956e-01
1.566666666666666652e+00
2.166666666666666741e-01
5.200000000000000178e-01
1.166666666666666546e-01
1.566666666666666652e+00
1.500000000000000222e-01
5.499999999999999334e-01
8.466666666666666785e-01
1.313333333333333464e+00
7.900000000000000355e-01
8.933333333333332016e-01
1.263333333333333419e+00
1.533333333333333215e-01
2.933333333333333903e-01
0.000000000000000000e+00
5.833333333333333703e-01
1.566666666666666485e-01
3.233333333333333059e-01
3.233333333333333059e-01
3.533333333333333326e-01
2.299999999999999822e-01
1.613333333333333286e+00
3.283333333333333215e+00
3.933333333333333681e-01
9.133333333333334414e-01
4.333333333333333481e-01
3.666666666666665991e-02
1.060000000000000053e+00
3.733333333333332948e-01
2.133333333333333470e-01
2.833333333333333481e+00
3.833333333333333037e-01
3.999999999999999667e-01
1.426666666666666750e+00
6.900000000000000577e-01
7.000000000000000666e-01
1.666666666666666574e-01
1.026666666666666616e+00
3.433333333333333237e-01
3.133333333333332971e-01
2.800000000000000266e-01
9.000000000000001055e-02
1.136666666666666714e+00
4.999999999999999584e-02
3.499999999999999223e-01
8.333333333333332871e-02
1.233333333333333365e-01
1.250000000000000000e+00
5.100000000000000089e-01
7.366666666666666918e-01
4.199999999999999845e-01
2.146666666666666945e+00
3.400000000000000244e-01
5.966666666666666785e-01
1.550000000000000044e+00
1.046666666666666634e+00
8.000000000000000167e-02
1.613333333333333286e+00
1.366666666666666863e-01
6.899999999999999467e-01
7.733333333333333171e-01
1.533333333333333215e-01
1.080000000000000071e+00
3.233333333333333059e-01
4.633333333333333193e-01
7.666666666666667462e-02
1.833333333333333481e-01
7.500000000000000000e-01
5.133333333333333082e-01
8.900000000000000133e-01
6.133333333333333970e-01
4.133333333333333304e-01
1.196666666666666545e+00
1.900000000000000300e-01
9.366666666666666474e-01
1.540000000000000036e+00
1.440000000000000169e+00
6.333333333333333870e-02
2.633333333333333637e-01
1.203333333333333366e+00
3.966666666666666674e-01
5.833333333333333703e-01
1.093333333333333490e+00
2.533333333333333548e-01
1.226666666666666572e+00
1.820000000000000062e+00
