1.403333333333333321e+00
4.966666666666666452e-01
2.066666666666666652e-01
0.000000000000000000e+00
0.000000000000000000e+00
0.000000000000000000e+00
3.600000000000000422e-01
1.000000000000000021e-02
2.266666666666666552e-01
1.633333333333333304e-01
2.966666666666666896e-01
3.266666666666667163e-01
1.333333333333333419e-02
4.333333333333332926e-01
0.000000000000000000e+00
0.000000000000000000e+00
0.000000000000000000e+00
0.000000000000000000e+00
1.333333333333333315e-01
1.570000000000000062e+00
1.010000000000000009e+00
3.866666666666667140e-01
2.566666666666666541e-01
8.333333333333332871e-02
2.233333333333333559e-01
1.366666666666666863e-01
2.900000000000000355e-01
2.799999999999999711e-01
2.033333333333333381e-01
5.666666666666667074e-02
1.633333333333333304e-01
1.333333333333333419e-02
1.166666666666666546e-01
8.399999999999999689e-01
1.366666666666666863e-01
7.666666666666666075e-01
2.366666666666666641e-01
6.199999999999999956e-01
4.033333333333333215e-01
1.000000000000000021e-02
1.666666666666666644e-02
9.633333333333332638e-01
5.000000000000000000e-01
0.000000000000000000e+00
3.000000000000000444e-01
1.119999999999999885e+00
8.333333333333332871e-02
0.000000000000000000e+00
5.000000000000000971e-02
4.000000000000000083e-02
1.333333333333333419e-02
2.333333333333333093e-02
7.833333333333333259e-01
2.433333333333333182e-01
3.699999999999999400e-01
2.300000000000000100e-01
2.999999999999999889e-01
2.933333333333333348e-01
2.600000000000000089e-01
1.333333333333333419e-02
6.000000000000000472e-02
0.000000000000000000e+00
0.000000000000000000e+00
6.666666666666667095e-03
1.000000000000000021e-02
0.000000000000000000e+00
1.133333333333333415e-01
5.999999999999999778e-02
1.333333333333333315e-01
3.666666666666667379e-02
3.300000000000000155e-01
1.396666666666666723e+00
1.196666666666666767e+00
1.086666666666666670e+00
0.000000000000000000e+00
2.033333333333333381e-01
0.000000000000000000e+00
1.700000000000000122e-01
1.276666666666666616e+00
8.666666666666666963e-02
9.999999999999999167e-02
4.466666666666667118e-01
3.099999999999999978e-01
6.666666666666666574e-02
3.833333333333333037e-01
5.800000000000000711e-01
1.099999999999999867e-01
1.543333333333333224e+00
8.000000000000000167e-02
5.333333333333333676e-02
1.066666666666666735e-01
1.333333333333333419e-02
3.666666666666666963e-01
1.589999999999999858e+00
2.166666666666666463e-01
2.333333333333333440e-02
1.370000000000000107e+00
3.333333333333333148e-01
1.666666666666666644e-02
3.333333333333333547e-03
3.033333333333333437e-01
2.533333333333333548e-01
8.666666666666666963e-02
9.033333333333333215e-01
1.333333333333333419e-02
6.033333333333333881e-01
3.066666666666666430e-01
5.733333333333333615e-01
1.066666666666666735e-01
3.333333333333333287e-02
0.000000000000000000e+00
8.333333333333332871e-02
0.000000000000000000e+00
6.666666666666666574e-02
0.000000000000000000e+00
0.000000000000000000e+00
2.033333333333333381e-01
8.766666666666665941e-01
3.300000000000000155e-01
3.500000000000000333e-01
8.233333333333333615e-01
4.866666666666666363e-01
4.699999999999999734e-01
1.133333333333333276e-01
1.336666666666666670e+00
1.219999999999999973e+00
0.000000000000000000e+00
3.333333333333333287e-02
0.000000000000000000e+00
1.000000000000000021e-02
2.333333333333333093e-02
1.233333333333333365e-01
1.433333333333333404e-01
5.066666666666667096e-01
5.999999999999999778e-02
6.999999999999999278e-02
1.000000000000000021e-02
7.666666666666666075e-02
6.000000000000000472e-02
3.933333333333333126e-01
1.000000000000000194e-01
1.333333333333333315e-01
6.366666666666667140e-01
3.166666666666666519e-01
4.000000000000000083e-02
4.866666666666666363e-01
2.333333333333333093e-02
7.399999999999998801e-01
4.666666666666666186e-01
2.833333333333333259e-01
1.683333333333333348e+00
2.233333333333333559e-01
7.433333333333332904e-01
1.643333333333333535e+00
3.300000000000000155e-01
5.933333333333333792e-01
1.466666666666666785e+00
5.666666666666667074e-02
5.000000000000000971e-02
8.033333333333332327e-01
6.666666666666666574e-02
3.099999999999999978e-01
1.300000000000000044e-01
1.176666666666666750e+00
4.000000000000000083e-02
1.866666666666666752e-01
8.833333333333333037e-01
1.300000000000000044e-01
1.100000000000000006e-01
4.666666666666666879e-02
1.666666666666666644e-02
7.200000000000000844e-01
7.933333333333333348e-01
7.500000000000000000e-01
6.666666666666667095e-03
6.000000000000000472e-02
1.833333333333333481e-01
9.666666666666667851e-02
1.300000000000000044e-01
1.666666666666666644e-02
3.499999999999999223e-01
7.566666666666667096e-01
1.846666666666666679e+00
2.000000000000000042e-02
9.999999999999999167e-02
1.533333333333333492e-01
3.666666666666667379e-02
2.999999999999999889e-02
8.666666666666666963e-02
2.366666666666666641e-01
1.413333333333333330e+00
1.133333333333333415e-01
2.366666666666666641e-01
6.666666666666666297e-01
9.000000000000001055e-02
2.466666666666666730e-01
3.133333333333333526e-01
1.000000000000000021e-02
5.000000000000000971e-02
1.026666666666666616e+00
0.000000000000000000e+00
2.666666666666666838e-02
5.133333333333333082e-01
5.433333333333333348e-01
6.666666666666666574e-02
1.100000000000000006e-01
5.566666666666666430e-01
1.600000000000000033e-01
0.000000000000000000e+00
5.300000000000000266e-01
2.933333333333333348e-01
0.000000000000000000e+00
0.000000000000000000e+00
9.999999999999999167e-02
1.026666666666666616e+00
1.366666666666666585e-01
0.000000000000000000e+00
7.633333333333333082e-01
1.433333333333333404e-01
3.666666666666666685e-02
0.000000000000000000e+00
5.633333333333333526e-01
0.000000000000000000e+00
0.000000000000000000e+00
3.333333333333333547e-03
1.133333333333333276e-01
0.000000000000000000e+00
5.000000000000000971e-02
5.000000000000000971e-02
5.666666666666667074e-02
2.033333333333333659e-01
1.013333333333333419e+00
4.000000000000000083e-02
1.633333333333333304e-01
2.999999999999999889e-02
0.000000000000000000e+00
0.000000000000000000e+00
6.666666666666667095e-03
0.000000000000000000e+00
2.300000000000000100e-01
4.166666666666666852e-01
2.666666666666666838e-02
0.000000000000000000e+00
1.303333333333333455e+00
8.666666666666666963e-02
3.666666666666667379e-02
1.286666666666666625e+00
3.600000000000000422e-01
1.666666666666666644e-02
2.066666666666666652e-01
1.253333333333333188e+00
5.333333333333333676e-02
3.666666666666666685e-02
9.366666666666666474e-01
1.266666666666666774e-01
2.099999999999999922e-01
0.000000000000000000e+00
8.000000000000000167e-02
7.099999999999999645e-01
4.700000000000000289e-01
1.199999999999999956e-01
3.166666666666666519e-01
1.679999999999999938e+00
9.366666666666666474e-01
4.266666666666666941e-01
3.500000000000000333e-01
4.333333333333333481e-02
2.666666666666666838e-02
3.066666666666666985e-01
1.100000000000000006e-01
2.399999999999999911e-01
1.133333333333333276e-01
2.000000000000000042e-02
6.500000000000000222e-01
5.999999999999999778e-02
9.733333333333332726e-01
1.006666666666666599e+00
5.699999999999999512e-01
4.333333333333333481e-02
1.066666666666666458e-01
0.000000000000000000e+00
9.666666666666667851e-02
0.000000000000000000e+00
0.000000000000000000e+00
1.000000000000000021e-02
5.000000000000000000e-01
