3.099999999999999978e-01
4.533333333333333659e-01
8.666666666666666963e-02
1.513333333333333419e+00
8.933333333333332016e-01
0.000000000000000000e+00
8.366666666666667806e-01
1.026666666666666616e+00
0.000000000000000000e+00
1.666666666666666644e-02
6.666666666666666574e-02
1.866666666666666752e-01
1.276666666666666616e+00
0.000000000000000000e+00
7.666666666666667462e-02
1.900000000000000300e-01
4.333333333333333481e-02
2.633333333333333637e-01
2.399999999999999911e-01
1.800000000000000211e-01
1.483333333333333393e+00
2.226666666666666572e+00
1.800000000000000211e-01
1.499999999999999944e-01
1.146666666666666723e+00
7.633333333333333082e-01
8.366666666666665586e-01
4.033333333333333215e-01
1.266666666666666774e-01
1.533333333333333215e-01
8.700000000000001066e-01
1.033333333333333326e-01
4.133333333333333304e-01
1.566666666666666485e-01
1.733333333333333393e-01
1.233333333333333365e-01
2.999999999999999889e-02
1.126666666666666705e+00
8.633333333333332860e-01
0.000000000000000000e+00
0.000000000000000000e+00
4.933333333333333459e-01
7.666666666666667462e-02
1.666666666666666574e-01
1.300000000000000044e-01
6.066666666666665764e-01
2.600000000000000089e-01
2.000000000000000389e-01
4.866666666666666363e-01
1.250000000000000000e+00
1.066666666666666735e-01
3.666666666666666685e-02
8.333333333333333703e-01
2.733333333333333726e-01
4.133333333333333304e-01
2.666666666666666838e-02
3.333333333333333287e-02
6.333333333333333870e-02
9.666666666666667851e-02
9.666666666666666741e-01
3.233333333333333059e-01
1.526666666666666616e+00
1.333333333333333419e-02
3.333333333333333547e-03
1.833333333333333481e-01
1.169999999999999929e+00
3.666666666666666685e-02
0.000000000000000000e+00
7.200000000000000844e-01
1.333333333333333315e-01
3.333333333333333547e-03
1.033333333333333215e+00
9.933333333333332904e-01
2.900000000000000355e-01
1.333333333333333419e-02
1.433333333333333404e-01
7.333333333333334758e-02
5.666666666666667074e-02
6.699999999999999289e-01
1.433333333333333404e-01
2.133333333333333470e-01
1.433333333333333404e-01
2.500000000000000000e-01
3.666666666666667379e-02
3.000000000000000236e-02
1.683333333333333348e+00
1.373333333333333295e+00
9.033333333333333215e-01
4.799999999999999822e-01
2.833333333333333814e-01
1.366666666666666863e-01
2.166666666666666463e-01
1.333333333333333419e-02
0.000000000000000000e+00
0.000000000000000000e+00
2.333333333333333440e-02
1.666666666666666574e-01
0.000000000000000000e+00
3.533333333333333326e-01
7.900000000000000355e-01
0.000000000000000000e+00
4.133333333333333304e-01
3.866666666666667140e-01
3.520000000000000018e+00
