6.300000000000000044e-01
1.499999999999999944e-01
2.600000000000000089e+00
1.033333333333333326e-01
1.000000000000000021e-02
7.866666666666667362e-01
1.110000000000000098e+00
1.333333333333333419e-02
4.666666666666666879e-02
3.666666666666666685e-02
1.013333333333333419e+00
2.666666666666666838e-02
9.733333333333332726e-01
1.000000000000000021e-02
2.000000000000000042e-02
2.500000000000000000e-01
1.000000000000000021e-02
0.000000000000000000e+00
0.000000000000000000e+00
0.000000000000000000e+00
2.333333333333333440e-02
0.000000000000000000e+00
1.000000000000000021e-02
0.000000000000000000e+00
1.633333333333333304e-01
1.000000000000000021e-02
3.333333333333333287e-02
1.666666666666666644e-02
1.033333333333333326e-01
6.666666666666667095e-03
1.666666666666666644e-02
1.566666666666666485e-01
9.300000000000000488e-01
1.000000000000000021e-02
3.333333333333333287e-02
1.286666666666666847e+00
1.666666666666666644e-02
1.666666666666666644e-02
1.000000000000000021e-02
7.666666666666666075e-02
1.700000000000000122e-01
2.000000000000000042e-02
6.666666666666667095e-03
1.866666666666666474e-01
8.699999999999999956e-01
7.333333333333331983e-02
9.333333333333333759e-02
5.666666666666666380e-02
2.433333333333333182e-01
2.833333333333333259e-01
2.399999999999999911e-01
1.133333333333333276e-01
1.433333333333333404e-01
1.466666666666666674e-01
9.000000000000001055e-02
4.433333333333333570e-01
4.099999999999999756e-01
2.416666666666666519e+00
5.133333333333333082e-01
9.666666666666666463e-02
1.300000000000000044e-01
1.300000000000000044e-01
2.333333333333333093e-01
1.199999999999999956e-01
4.266666666666665830e-01
6.566666666666666208e-01
1.800000000000000211e-01
3.033333333333333992e-01
6.666666666666667095e-03
5.333333333333333676e-02
1.199999999999999956e-01
1.000000000000000021e-02
1.333333333333333419e-02
1.000000000000000021e-02
0.000000000000000000e+00
0.000000000000000000e+00
2.000000000000000042e-02
6.666666666666667095e-03
1.000000000000000021e-02
4.000000000000000083e-02
1.000000000000000021e-02
2.666666666666666838e-02
0.000000000000000000e+00
2.000000000000000042e-02
0.000000000000000000e+00
0.000000000000000000e+00
1.100000000000000006e-01
1.333333333333333419e-02
2.000000000000000042e-02
3.333333333333333547e-03
0.000000000000000000e+00
2.000000000000000042e-02
3.333333333333333547e-03
4.999999999999999584e-02
1.899999999999999745e-01
1.666666666666666644e-02
2.333333333333333440e-02
2.073333333333333695e+00
1.820000000000000284e+00
1.530000000000000027e+00
2.099999999999999922e-01
1.476666666666666794e+00
1.366666666666666585e-01
1.536666666666666847e+00
1.233333333333333365e-01
2.899999999999999800e-01
5.999999999999999778e-02
8.566666666666665764e-01
4.000000000000000083e-02
5.000000000000000971e-02
6.999999999999999278e-02
4.899999999999999911e-01
1.000000000000000021e-02
0.000000000000000000e+00
2.366666666666666641e-01
7.233333333333332726e-01
0.000000000000000000e+00
8.133333333333333526e-01
3.633333333333333415e-01
2.466666666666666730e-01
2.333333333333333440e-02
2.466666666666666730e-01
1.303333333333333455e+00
4.166666666666666852e-01
1.010000000000000009e+00
5.733333333333333615e-01
1.633333333333333304e-01
2.443333333333333357e+00
1.166666666666666546e-01
0.000000000000000000e+00
9.633333333333333748e-01
7.466666666666665897e-01
1.600000000000000033e-01
4.999999999999999584e-02
1.099999999999999867e-01
1.436666666666666758e+00
2.000000000000000042e-02
2.766666666666666718e-01
3.333333333333333547e-03
3.333333333333333547e-03
2.333333333333333440e-02
1.666666666666666644e-02
0.000000000000000000e+00
0.000000000000000000e+00
0.000000000000000000e+00
0.000000000000000000e+00
0.000000000000000000e+00
1.000000000000000021e-02
0.000000000000000000e+00
5.000000000000000971e-02
0.000000000000000000e+00
0.000000000000000000e+00
3.333333333333333287e-02
1.400000000000000133e-01
1.333333333333333419e-02
0.000000000000000000e+00
3.766666666666666496e-01
9.566666666666666652e-01
1.000000000000000021e-02
2.333333333333333093e-02
3.099999999999999978e-01
6.666666666666667095e-03
0.000000000000000000e+00
0.000000000000000000e+00
1.266666666666666774e-01
1.333333333333333419e-02
7.000000000000000666e-02
1.000000000000000021e-02
1.366666666666666863e-01
5.166666666666667185e-01
9.000000000000001055e-02
6.666666666666667095e-03
5.333333333333333676e-02
4.000000000000000083e-02
0.000000000000000000e+00
4.000000000000000083e-02
1.266666666666666774e-01
3.933333333333333681e-01
3.866666666666667140e-01
1.833333333333333481e-01
4.299999999999999933e-01
8.966666666666666119e-01
9.700000000000000844e-01
1.203333333333333366e+00
1.566666666666666485e-01
9.099999999999998090e-01
1.499999999999999944e-01
2.099999999999999922e-01
1.066666666666666735e-01
9.833333333333332815e-01
3.366666666666666696e-01
2.600000000000000089e-01
1.003333333333333410e+00
4.000000000000000083e-02
2.999999999999999889e-02
4.499999999999999556e-01
0.000000000000000000e+00
2.999999999999999889e-02
1.666666666666666644e-02
2.000000000000000042e-02
1.000000000000000021e-02
1.000000000000000021e-02
1.333333333333333419e-02
3.333333333333333287e-02
7.333333333333333370e-02
0.000000000000000000e+00
0.000000000000000000e+00
0.000000000000000000e+00
3.666666666666666685e-02
0.000000000000000000e+00
0.000000000000000000e+00
2.700000000000000178e-01
7.333333333333333370e-02
2.333333333333333440e-02
0.000000000000000000e+00
0.000000000000000000e+00
9.999999999999999167e-02
1.333333333333333419e-02
1.999999999999999833e-01
8.000000000000000167e-02
3.000000000000000236e-02
9.999999999999999167e-02
6.966666666666666563e-01
1.276666666666666616e+00
1.466666666666666785e+00
8.666666666666666963e-02
1.943333333333333357e+00
6.666666666666666574e-02
1.389999999999999902e+00
3.599999999999999312e-01
1.133333333333333276e-01
9.666666666666666463e-02
2.866666666666666252e-01
5.666666666666667074e-02
2.000000000000000042e-02
5.333333333333333676e-02
2.700000000000000178e-01
6.666666666666667095e-03
0.000000000000000000e+00
1.800000000000000211e-01
7.299999999999999822e-01
0.000000000000000000e+00
3.466666666666666785e-01
1.066666666666666735e-01
7.333333333333334758e-02
7.333333333333334758e-02
2.700000000000000178e-01
4.033333333333333215e-01
6.766666666666666385e-01
1.933333333333333570e+00
6.733333333333333393e-01
8.333333333333332871e-02
1.883333333333333526e+00
1.933333333333333293e-01
0.000000000000000000e+00
1.130000000000000115e+00
1.346666666666666679e+00
2.133333333333332915e-01
6.666666666666667095e-03
6.666666666666667095e-03
1.330000000000000071e+00
1.700000000000000122e-01
5.499999999999999334e-01
0.000000000000000000e+00
6.666666666666666574e-02
3.233333333333333059e-01
6.666666666666667095e-03
4.000000000000000083e-02
0.000000000000000000e+00
0.000000000000000000e+00
6.666666666666667095e-03
2.000000000000000042e-02
0.000000000000000000e+00
0.000000000000000000e+00
7.000000000000000666e-02
3.333333333333333547e-03
0.000000000000000000e+00
1.000000000000000021e-02
2.666666666666666838e-02
1.666666666666666644e-02
1.000000000000000021e-02
1.400000000000000133e-01
1.286666666666666625e+00
1.000000000000000021e-02
1.000000000000000021e-02
8.900000000000000133e-01
1.666666666666666644e-02
2.333333333333333440e-02
1.000000000000000021e-02
1.266666666666666774e-01
1.433333333333333404e-01
1.666666666666666644e-02
1.000000000000000021e-02
1.633333333333333304e-01
1.023333333333333206e+00
9.333333333333333759e-02
9.999999999999999167e-02
8.333333333333332871e-02
2.966666666666666896e-01
5.499999999999999334e-01
2.733333333333333726e-01
9.000000000000001055e-02
4.666666666666667296e-01
3.566666666666666874e-01
2.000000000000000042e-02
1.300000000000000044e-01
2.399999999999999911e-01
1.276666666666666616e+00
3.300000000000000155e-01
7.666666666666667462e-02
3.500000000000000333e-01
1.833333333333333481e-01
2.999999999999999889e-01
1.333333333333333315e-01
5.333333333333333676e-02
2.899999999999999800e-01
3.666666666666666685e-02
6.633333333333334414e-01
4.666666666666666186e-02
1.833333333333333481e-01
9.666666666666667851e-02
1.000000000000000021e-02
1.000000000000000021e-02
2.333333333333333440e-02
1.000000000000000021e-02
0.000000000000000000e+00
2.000000000000000042e-02
9.000000000000001055e-02
2.000000000000000042e-02
4.000000000000000083e-02
1.666666666666666644e-02
0.000000000000000000e+00
0.000000000000000000e+00
1.000000000000000021e-02
0.000000000000000000e+00
0.000000000000000000e+00
1.133333333333333276e-01
3.666666666666666685e-02
7.666666666666666075e-02
1.000000000000000021e-02
0.000000000000000000e+00
4.999999999999999584e-02
3.333333333333333547e-03
2.666666666666666838e-02
1.566666666666666485e-01
2.666666666666666838e-02
2.333333333333333093e-01
5.166666666666667185e-01
1.679999999999999938e+00
1.063333333333333242e+00
9.666666666666667851e-02
1.086666666666666670e+00
2.999999999999999889e-02
9.033333333333333215e-01
5.300000000000000266e-01
2.299999999999999822e-01
4.333333333333333481e-02
8.133333333333333526e-01
1.233333333333333365e-01
1.266666666666666774e-01
1.133333333333333276e-01
4.966666666666666452e-01
4.000000000000000083e-02
3.333333333333333547e-03
1.700000000000000122e-01
6.833333333333332371e-01
0.000000000000000000e+00
7.833333333333333259e-01
4.133333333333333304e-01
1.833333333333333481e-01
1.266666666666666774e-01
2.233333333333333004e-01
1.066666666666666652e+00
1.116666666666666474e+00
2.299999999999999822e+00
6.199999999999999956e-01
1.100000000000000006e-01
2.903333333333333766e+00
2.833333333333333259e-01
2.000000000000000042e-02
9.233333333333333393e-01
2.000000000000000000e+00
8.000000000000000167e-02
1.733333333333333393e-01
3.333333333333333287e-02
6.800000000000000488e-01
3.333333333333333547e-03
5.666666666666666380e-02
0.000000000000000000e+00
6.666666666666667095e-03
2.166666666666666741e-01
0.000000000000000000e+00
0.000000000000000000e+00
0.000000000000000000e+00
0.000000000000000000e+00
2.000000000000000042e-02
0.000000000000000000e+00
1.333333333333333419e-02
2.666666666666666838e-02
1.666666666666666574e-01
2.000000000000000042e-02
3.333333333333333547e-03
1.000000000000000021e-02
1.333333333333333419e-02
1.333333333333333419e-02
0.000000000000000000e+00
1.566666666666666485e-01
8.399999999999999689e-01
2.333333333333333440e-02
5.333333333333333676e-02
1.153333333333333321e+00
4.000000000000000083e-02
1.033333333333333326e-01
6.666666666666667095e-03
8.000000000000000167e-02
1.833333333333333481e-01
2.166666666666666741e-01
1.000000000000000021e-02
2.866666666666666807e-01
1.016666666666666607e+00
1.466666666666666674e-01
2.033333333333333381e-01
1.100000000000000006e-01
1.000000000000000194e-01
2.766666666666666718e-01
4.399999999999999467e-01
2.866666666666666807e-01
3.066666666666666430e-01
2.366666666666666918e-01
3.333333333333333287e-02
2.900000000000000355e-01
2.399999999999999911e-01
6.500000000000000222e-01
7.366666666666666918e-01
2.999999999999999889e-01
4.299999999999999933e-01
2.866666666666666807e-01
2.433333333333333182e-01
1.566666666666666763e-01
2.166666666666666463e-01
9.333333333333332371e-01
2.399999999999999911e-01
1.056666666666666865e+00
7.000000000000000666e-02
3.566666666666666319e-01
3.899999999999999578e-01
1.000000000000000021e-02
1.666666666666666644e-02
3.000000000000000236e-02
3.666666666666666685e-02
1.000000000000000021e-02
2.000000000000000042e-02
8.333333333333332871e-02
1.666666666666666644e-02
2.000000000000000042e-02
3.333333333333333547e-03
3.333333333333333547e-03
0.000000000000000000e+00
2.333333333333333440e-02
6.666666666666667095e-03
0.000000000000000000e+00
2.233333333333333559e-01
8.666666666666666963e-02
1.466666666666666952e-01
5.666666666666667074e-02
2.333333333333333440e-02
9.666666666666667851e-02
2.166666666666666741e-01
1.199999999999999956e-01
7.333333333333333370e-02
1.133333333333333276e-01
1.166666666666666546e-01
1.063333333333333242e+00
1.376666666666666705e+00
1.363333333333333286e+00
1.966666666666666563e-01
1.060000000000000053e+00
1.933333333333333293e-01
3.126666666666666483e+00
3.899999999999999578e-01
2.566666666666666541e-01
4.000000000000000083e-02
2.566666666666666541e-01
1.666666666666666574e-01
7.333333333333334758e-02
5.333333333333334370e-02
5.633333333333333526e-01
2.999999999999999889e-02
0.000000000000000000e+00
1.633333333333333304e-01
5.533333333333333437e-01
0.000000000000000000e+00
2.200000000000000011e-01
3.600000000000000422e-01
7.000000000000000666e-02
1.666666666666666644e-02
1.533333333333333215e-01
4.899999999999999911e-01
3.233333333333333059e-01
2.470000000000000195e+00
6.266666666666667052e-01
2.000000000000000389e-01
2.226666666666666572e+00
9.000000000000001055e-02
4.000000000000000083e-02
9.933333333333332904e-01
1.159999999999999920e+00
4.333333333333333481e-02
6.666666666666667095e-03
2.666666666666666838e-02
1.703333333333333144e+00
4.000000000000000083e-02
3.966666666666666674e-01
1.333333333333333419e-02
1.000000000000000021e-02
8.000000000000000167e-02
6.666666666666667095e-03
0.000000000000000000e+00
0.000000000000000000e+00
0.000000000000000000e+00
0.000000000000000000e+00
0.000000000000000000e+00
0.000000000000000000e+00
0.000000000000000000e+00
1.033333333333333465e-01
0.000000000000000000e+00
0.000000000000000000e+00
5.999999999999999778e-02
4.333333333333333481e-02
0.000000000000000000e+00
0.000000000000000000e+00
1.766666666666666663e-01
7.433333333333332904e-01
0.000000000000000000e+00
1.000000000000000021e-02
5.833333333333333703e-01
3.666666666666665991e-02
4.000000000000000083e-02
0.000000000000000000e+00
1.199999999999999956e-01
4.366666666666667029e-01
5.666666666666667074e-02
0.000000000000000000e+00
3.466666666666666785e-01
8.366666666666667806e-01
1.000000000000000021e-02
5.666666666666666380e-02
1.066666666666666735e-01
7.333333333333333370e-02
4.999999999999999584e-02
1.566666666666666485e-01
7.666666666666666075e-02
4.233333333333333393e-01
2.733333333333333726e-01
3.666666666666666685e-02
5.400000000000000355e-01
3.000000000000000444e-01
1.576666666666666883e+00
9.666666666666667851e-02
3.666666666666666685e-02
1.333333333333333315e-01
0.000000000000000000e+00
3.666666666666666685e-02
7.666666666666667462e-02
2.766666666666666718e-01
3.333333333333333148e-01
1.333333333333333315e-01
6.833333333333332371e-01
1.233333333333333365e-01
2.766666666666666718e-01
3.633333333333333415e-01
3.666666666666667379e-02
0.000000000000000000e+00
1.900000000000000300e-01
6.666666666666667095e-03
0.000000000000000000e+00
0.000000000000000000e+00
1.199999999999999956e-01
1.000000000000000021e-02
2.999999999999999889e-02
0.000000000000000000e+00
0.000000000000000000e+00
0.000000000000000000e+00
4.000000000000000083e-02
0.000000000000000000e+00
0.000000000000000000e+00
1.333333333333333315e-01
1.000000000000000021e-02
7.333333333333333370e-02
2.666666666666666838e-02
0.000000000000000000e+00
1.000000000000000021e-02
4.999999999999999584e-02
1.366666666666666863e-01
3.133333333333333526e-01
2.000000000000000042e-02
1.099999999999999867e-01
2.373333333333333073e+00
1.953333333333333144e+00
1.719999999999999973e+00
1.600000000000000033e-01
1.336666666666666670e+00
1.233333333333333365e-01
1.030000000000000027e+00
3.366666666666666696e-01
2.866666666666666807e-01
4.333333333333333481e-02
7.700000000000000178e-01
2.333333333333333093e-01
7.666666666666667462e-02
1.333333333333333419e-02
5.433333333333333348e-01
2.666666666666666838e-02
0.000000000000000000e+00
2.399999999999999911e-01
4.433333333333333570e-01
0.000000000000000000e+00
5.133333333333333082e-01
6.800000000000000488e-01
3.333333333333333287e-02
2.666666666666666838e-02
1.499999999999999944e-01
8.933333333333332016e-01
2.966666666666666896e-01
5.233333333333333171e-01
