3.433333333333333237e-01
2.766666666666666718e-01
1.433333333333333404e-01
1.333333333333333315e-01
4.600000000000000200e-01
3.333333333333333287e-02
1.433333333333333404e-01
1.999999999999999833e-01
3.899999999999999578e-01
1.059999999999999831e+00
2.866666666666666807e-01
8.833333333333333037e-01
6.166666666666666963e-01
8.699999999999999956e-01
3.333333333333333547e-03
5.333333333333333259e-01
1.099999999999999867e-01
1.733333333333333393e-01
0.000000000000000000e+00
7.700000000000000178e-01
1.033333333333333326e-01
1.366666666666666585e-01
1.276666666666666616e+00
1.999999999999999833e-01
4.033333333333333215e-01
6.466666666666666119e-01
6.666666666666667095e-03
2.000000000000000042e-02
9.999999999999998890e-01
4.033333333333333215e-01
8.000000000000000167e-02
1.280000000000000027e+00
3.566666666666666874e-01
9.333333333333333759e-02
2.966666666666666341e-01
5.333333333333333676e-02
2.333333333333333440e-02
7.533333333333332993e-01
1.466666666666666952e-01
5.933333333333333792e-01
