6.766666666666667496e-01
2.133333333333333470e-01
6.166666666666666963e-01
4.899999999999999911e-01
2.033333333333333381e-01
1.166666666666666546e-01
8.666666666666666963e-02
3.333333333333333287e-02
4.033333333333333215e-01
2.666666666666666838e-02
1.399999999999999856e-01
2.500000000000000000e-01
9.333333333333333759e-02
1.763333333333333419e+00
6.466666666666666119e-01
3.333333333333333547e-03
1.266666666666666774e-01
1.433333333333333404e-01
1.246666666666666812e+00
5.933333333333332682e-01
9.366666666666665364e-01
1.399999999999999856e-01
4.166666666666666852e-01
1.000000000000000021e-02
4.733333333333333282e-01
4.266666666666665830e-01
0.000000000000000000e+00
8.833333333333334147e-01
4.266666666666665830e-01
2.999999999999999889e-02
1.333333333333333315e-01
5.666666666666667629e-01
1.303333333333333455e+00
9.799999999999999822e-01
2.423333333333333339e+00
1.499999999999999944e-01
6.033333333333333881e-01
1.633333333333333304e-01
1.700000000000000122e-01
3.899999999999999578e-01
1.866666666666666752e-01
4.666666666666666186e-01
1.733333333333333393e-01
3.466666666666666785e-01
1.053333333333333455e+00
3.533333333333333326e-01
1.600000000000000033e-01
3.499999999999999223e-01
1.199999999999999956e-01
1.499999999999999944e-01
1.333333333333333315e-01
2.666666666666666838e-02
4.133333333333333304e-01
0.000000000000000000e+00
7.900000000000000355e-01
1.566666666666666485e-01
1.833333333333333481e-01
3.333333333333333547e-03
1.300000000000000044e-01
3.099999999999999978e-01
1.433333333333333404e-01
3.533333333333333326e-01
6.300000000000000044e-01
2.343333333333333268e+00
