7.200000000000000844e-01
2.000000000000000042e-02
8.433333333333333792e-01
3.433333333333333237e-01
6.199999999999999956e-01
8.666666666666666963e-02
2.099999999999999922e-01
3.066666666666666430e-01
1.166666666666666824e-01
5.833333333333333703e-01
3.166666666666666519e-01
5.400000000000000355e-01
3.266666666666666607e-01
1.709999999999999964e+00
4.266666666666666941e-01
4.633333333333333193e-01
1.303333333333333455e+00
2.270000000000000018e+00
8.699999999999999956e-01
2.033333333333333215e+00
1.243333333333333401e+00
4.099999999999999756e-01
7.000000000000000666e-01
2.999999999999999889e-02
1.366666666666666863e-01
6.466666666666666119e-01
1.533333333333333492e-01
9.333333333333333759e-02
1.513333333333333419e+00
3.333333333333333287e-02
0.000000000000000000e+00
1.766666666666666663e-01
7.666666666666667462e-02
3.333333333333333287e-02
0.000000000000000000e+00
1.000000000000000000e+00
2.999999999999999889e-01
3.666666666666666685e-02
1.433333333333333404e-01
8.000000000000000167e-02
3.333333333333333287e-02
7.500000000000000000e-01
2.466666666666666730e-01
6.133333333333332860e-01
1.766666666666666663e-01
1.000000000000000000e+00
2.999999999999999889e-02
3.333333333333333547e-03
8.866666666666666030e-01
1.700000000000000122e-01
6.333333333333333870e-02
0.000000000000000000e+00
2.000000000000000042e-02
8.666666666666666963e-02
1.266666666666666774e-01
1.333333333333333419e-02
7.666666666666667462e-02
3.899999999999999578e-01
6.333333333333333870e-02
4.299999999999999933e-01
1.669999999999999929e+00
5.833333333333333703e-01
3.500000000000000333e-01
1.690000000000000169e+00
1.933333333333333348e+00
1.686666666666666536e+00
9.899999999999998801e-01
2.259999999999999787e+00
1.493333333333333401e+00
2.609999999999999876e+00
6.666666666666666297e-01
1.986666666666666581e+00
2.573333333333333695e+00
9.899999999999998801e-01
6.933333333333333570e-01
7.799999999999999156e-01
6.333333333333333870e-02
4.666666666666666879e-02
0.000000000000000000e+00
6.066666666666665764e-01
4.299999999999999933e-01
4.666666666666666879e-02
0.000000000000000000e+00
3.633333333333332860e-01
5.766666666666666607e-01
0.000000000000000000e+00
0.000000000000000000e+00
5.033333333333332993e-01
1.000000000000000194e-01
1.333333333333333419e-02
3.666666666666666685e-02
1.699999999999999956e+00
9.333333333333332371e-02
2.233333333333333004e-01
1.199999999999999956e-01
3.300000000000000155e-01
1.300000000000000044e+00
4.333333333333333481e-02
1.133333333333333276e-01
2.333333333333333093e-01
3.233333333333333059e-01
1.030000000000000027e+00
2.866666666666666807e-01
3.333333333333333287e-02
5.999999999999999778e-02
4.333333333333333481e-02
6.666666666666667095e-03
1.733333333333333393e-01
1.800000000000000211e-01
2.133333333333333470e-01
2.799999999999999711e-01
9.799999999999999822e-01
4.333333333333332926e-01
9.566666666666666652e-01
2.099999999999999922e-01
1.733333333333333393e-01
2.666666666666666838e-02
0.000000000000000000e+00
0.000000000000000000e+00
6.999999999999999278e-02
5.799999999999999600e-01
0.000000000000000000e+00
3.333333333333333547e-03
3.266666666666666607e-01
0.000000000000000000e+00
5.999999999999999778e-02
7.033333333333334769e-01
7.000000000000000666e-02
3.466666666666666785e-01
6.666666666666667095e-03
1.599999999999999867e+00
1.900000000000000300e-01
5.033333333333332993e-01
9.000000000000000222e-01
2.366666666666666641e-01
1.370000000000000107e+00
2.100000000000000089e+00
