7.166666666666666741e-01
5.666666666666667629e-01
1.663333333333333330e+00
1.110000000000000098e+00
2.099999999999999922e-01
1.666666666666666644e-02
4.699999999999999734e-01
1.499999999999999944e-01
0.000000000000000000e+00
2.999999999999999889e-02
7.099999999999999645e-01
1.166666666666666546e-01
1.333333333333333419e-02
1.230000000000000204e+00
8.799999999999998934e-01
1.333333333333333419e-02
6.666666666666667095e-03
9.766666666666665719e-01
3.666666666666666408e-01
0.000000000000000000e+00
1.336666666666666670e+00
1.566666666666666485e-01
3.899999999999999578e-01
7.266666666666666829e-01
1.466666666666666674e-01
2.566666666666666541e-01
7.833333333333333259e-01
0.000000000000000000e+00
4.733333333333333282e-01
3.933333333333333126e-01
3.666666666666666685e-02
0.000000000000000000e+00
3.833333333333333037e-01
1.046666666666666634e+00
0.000000000000000000e+00
0.000000000000000000e+00
2.833333333333333814e-01
1.933333333333333293e-01
1.333333333333333419e-02
2.666666666666666838e-02
3.933333333333333126e-01
1.396666666666666723e+00
2.000000000000000389e-01
1.933333333333333570e-01
9.233333333333333393e-01
1.000000000000000021e-02
2.166666666666666741e-01
1.473333333333333384e+00
1.866666666666666752e-01
0.000000000000000000e+00
1.186666666666666758e+00
3.533333333333333326e-01
3.333333333333333287e-02
3.333333333333333547e-03
9.433333333333333570e-01
9.100000000000000311e-01
7.900000000000000355e-01
2.666666666666666838e-02
1.199999999999999956e-01
6.333333333333333870e-02
1.199999999999999956e-01
1.100000000000000006e-01
3.200000000000000067e-01
3.333333333333333547e-03
1.333333333333333419e-02
8.666666666666666963e-01
7.633333333333333082e-01
6.666666666666667095e-03
1.333333333333333419e-02
5.299999999999999156e-01
2.500000000000000000e-01
4.999999999999999584e-02
4.233333333333333393e-01
8.699999999999999956e-01
3.333333333333333547e-03
0.000000000000000000e+00
8.366666666666665586e-01
8.033333333333333437e-01
1.000000000000000021e-02
1.086666666666666670e+00
8.100000000000000533e-01
1.533333333333333492e-01
3.733333333333333504e-01
1.169999999999999929e+00
3.166666666666666519e-01
8.333333333333332871e-02
0.000000000000000000e+00
8.233333333333332504e-01
9.766666666666666829e-01
6.333333333333333870e-02
1.666666666666666644e-02
1.316666666666666652e+00
8.833333333333334147e-01
1.133333333333333415e-01
6.666666666666667095e-03
4.233333333333333393e-01
5.133333333333333082e-01
0.000000000000000000e+00
5.000000000000000971e-02
1.333333333333333315e-01
2.433333333333333182e-01
6.666666666666667095e-03
7.900000000000000355e-01
3.933333333333333681e-01
1.333333333333333419e-02
4.666666666666666186e-01
1.063333333333333242e+00
1.000000000000000021e-02
1.000000000000000021e-02
8.800000000000000044e-01
1.566666666666666485e-01
0.000000000000000000e+00
1.106666666666666687e+00
5.166666666666666075e-01
4.333333333333333481e-02
3.066666666666666985e-01
6.533333333333333215e-01
7.399999999999998801e-01
1.250000000000000000e+00
1.119999999999999885e+00
8.333333333333332871e-02
2.099999999999999922e-01
3.066666666666666430e-01
1.066666666666666652e+00
1.076666666666666883e+00
3.400000000000000244e-01
3.266666666666666607e-01
8.333333333333333703e-01
5.866666666666666696e-01
2.270000000000000018e+00
