1.013333333333333419e+00
1.453333333333333144e+00
6.666666666666667095e-03
4.666666666666666879e-02
1.333333333333333315e-01
1.700000000000000122e-01
1.333333333333333419e-02
0.000000000000000000e+00
1.000000000000000021e-02
5.999999999999999778e-02
1.113333333333333286e+00
1.900000000000000300e-01
1.666666666666666644e-02
0.000000000000000000e+00
3.899999999999999578e-01
1.000000000000000021e-02
6.666666666666667095e-03
1.333333333333333419e-02
9.333333333333332371e-01
7.000000000000000666e-02
4.333333333333333481e-02
2.600000000000000089e-01
2.866666666666666807e-01
1.000000000000000021e-02
1.000000000000000021e-02
5.733333333333333615e-01
4.666666666666666879e-02
1.100000000000000006e-01
1.000000000000000021e-02
2.666666666666666838e-02
9.666666666666667851e-02
4.666666666666666879e-02
1.600000000000000033e-01
0.000000000000000000e+00
3.166666666666666519e-01
3.799999999999999489e-01
5.733333333333333615e-01
9.000000000000001055e-02
1.983333333333333393e+00
1.966666666666666563e-01
1.243333333333333401e+00
1.466666666666666674e-01
1.433333333333333404e-01
1.633333333333333304e-01
1.396666666666666501e+00
1.709999999999999964e+00
1.366666666666666863e-01
5.533333333333333437e-01
1.666666666666666644e-02
1.366666666666666863e-01
1.199999999999999956e-01
1.533333333333333492e-01
1.086666666666666670e+00
1.300000000000000044e-01
2.266666666666666552e-01
2.099999999999999922e-01
8.800000000000000044e-01
4.799999999999999822e-01
2.500000000000000000e-01
2.566666666666666541e-01
3.666666666666667379e-02
3.799999999999999489e-01
2.999999999999999889e-02
0.000000000000000000e+00
0.000000000000000000e+00
0.000000000000000000e+00
0.000000000000000000e+00
7.333333333333333370e-02
5.233333333333333171e-01
8.000000000000000167e-02
1.133333333333333415e-01
2.333333333333333440e-02
3.333333333333333547e-03
7.099999999999999645e-01
1.033333333333333326e-01
3.333333333333333547e-03
1.089999999999999858e+00
8.666666666666666963e-02
9.999999999999999167e-02
3.566666666666666874e-01
7.666666666666666075e-02
2.999999999999999889e-02
5.800000000000000711e-01
1.366666666666666863e-01
1.199999999999999956e-01
2.199999999999999734e+00
6.266666666666667052e-01
1.336666666666666670e+00
1.600000000000000033e-01
1.566666666666666485e-01
2.000000000000000042e-02
3.300000000000000155e-01
4.000000000000000083e-02
1.809999999999999831e+00
7.233333333333332726e-01
3.899999999999999578e-01
1.166666666666666546e-01
2.700000000000000178e-01
1.300000000000000044e-01
0.000000000000000000e+00
6.666666666666666574e-02
0.000000000000000000e+00
5.333333333333333259e-01
0.000000000000000000e+00
1.133333333333333415e-01
4.566666666666666097e-01
4.333333333333333481e-01
9.866666666666666918e-01
1.000000000000000021e-02
9.333333333333333759e-02
1.723333333333333384e+00
4.999999999999999584e-02
0.000000000000000000e+00
6.900000000000000577e-01
1.233333333333333365e-01
3.333333333333333547e-03
4.666666666666666879e-02
7.233333333333332726e-01
0.000000000000000000e+00
4.333333333333333481e-02
1.293333333333333224e+00
1.889999999999999902e+00
3.533333333333333326e-01
3.066666666666666430e-01
1.826666666666666883e+00
6.333333333333333870e-02
7.333333333333334758e-02
1.270000000000000018e+00
2.933333333333332793e-01
6.666666666666666574e-02
7.000000000000000666e-02
0.000000000000000000e+00
7.666666666666666075e-02
1.033333333333333326e-01
7.000000000000000666e-02
1.266666666666666774e-01
1.099999999999999867e-01
1.800000000000000211e-01
7.000000000000000666e-02
1.566666666666666485e-01
2.166666666666666741e-01
4.000000000000000083e-02
2.999999999999999889e-02
0.000000000000000000e+00
6.666666666666667095e-03
0.000000000000000000e+00
1.000000000000000021e-02
0.000000000000000000e+00
0.000000000000000000e+00
1.000000000000000021e-02
2.333333333333333440e-02
8.666666666666666963e-02
4.999999999999999584e-02
6.633333333333334414e-01
6.666666666666666574e-02
3.099999999999999978e-01
9.000000000000000222e-01
1.253333333333333188e+00
2.766666666666666718e-01
5.099999999999998979e-01
1.223333333333333384e+00
7.399999999999998801e-01
2.999999999999999889e-02
4.400000000000000022e-01
9.666666666666667851e-02
2.000000000000000042e-02
2.999999999999999889e-01
8.333333333333332871e-02
2.000000000000000389e-01
5.666666666666667074e-02
1.600000000000000033e-01
4.066666666666666763e-01
6.333333333333333870e-02
7.233333333333332726e-01
9.000000000000000222e-01
3.499999999999999223e-01
2.166666666666666519e+00
1.100000000000000006e-01
1.800000000000000211e-01
6.666666666666667095e-03
4.499999999999999556e-01
1.666666666666666644e-02
1.899999999999999745e-01
4.333333333333333481e-02
0.000000000000000000e+00
0.000000000000000000e+00
6.666666666666667095e-03
0.000000000000000000e+00
6.666666666666667095e-03
2.999999999999999889e-01
1.700000000000000122e-01
2.999999999999999889e-02
2.733333333333333726e-01
1.713333333333333153e+00
1.266666666666666774e-01
2.200000000000000011e-01
6.166666666666666963e-01
2.833333333333333814e-01
4.000000000000000083e-02
9.333333333333333759e-02
4.000000000000000083e-02
1.900000000000000300e-01
2.299999999999999822e-01
2.366666666666666641e-01
8.900000000000000133e-01
6.666666666666667095e-03
0.000000000000000000e+00
2.866666666666666807e-01
7.200000000000000844e-01
2.333333333333333440e-02
0.000000000000000000e+00
7.333333333333331983e-02
2.226666666666666572e+00
3.366666666666666696e-01
1.233333333333333365e-01
8.066666666666666430e-01
1.866666666666666474e-01
9.333333333333333759e-02
1.099999999999999867e-01
1.333333333333333419e-02
1.600000000000000033e-01
4.533333333333333104e-01
1.066666666666666735e-01
2.200000000000000011e-01
3.333333333333333547e-03
7.666666666666666075e-02
8.833333333333333037e-01
0.000000000000000000e+00
7.333333333333333370e-02
1.000000000000000021e-02
7.000000000000000666e-02
2.666666666666666838e-02
1.433333333333333404e-01
5.000000000000000971e-02
3.333333333333333547e-03
2.333333333333333440e-02
1.333333333333333419e-02
0.000000000000000000e+00
2.300000000000000100e-01
9.333333333333333759e-02
1.633333333333333304e-01
7.666666666666667462e-02
3.433333333333333237e-01
2.033333333333333381e-01
5.233333333333333171e-01
2.233333333333333559e-01
7.033333333333332549e-01
2.633333333333333637e-01
1.573333333333333472e+00
2.299999999999999822e-01
1.510000000000000009e+00
1.173333333333333561e+00
1.666666666666666644e-02
3.666666666666667379e-02
1.266666666666666774e-01
3.300000000000000155e-01
0.000000000000000000e+00
8.666666666666666963e-02
9.000000000000001055e-02
3.333333333333333287e-02
4.499999999999999556e-01
1.849999999999999867e+00
1.033333333333333326e-01
4.533333333333333104e-01
1.666666666666666574e-01
1.333333333333333419e-02
7.333333333333333370e-02
0.000000000000000000e+00
0.000000000000000000e+00
1.066666666666666735e-01
1.000000000000000021e-02
8.666666666666666963e-02
2.266666666666666829e-01
2.700000000000000178e-01
2.133333333333333470e-01
1.656666666666666510e+00
9.333333333333333759e-02
1.033333333333333326e-01
7.399999999999998801e-01
7.433333333333332904e-01
3.066666666666666985e-01
1.963333333333333597e+00
2.733333333333333726e-01
3.400000000000000244e-01
1.666666666666666574e-01
1.833333333333333481e-01
1.433333333333333404e-01
1.143333333333333313e+00
1.000000000000000021e-02
3.333333333333333547e-03
7.033333333333332549e-01
4.566666666666666097e-01
0.000000000000000000e+00
9.666666666666667851e-02
3.666666666666666685e-02
9.999999999999999167e-02
1.469999999999999973e+00
4.000000000000000083e-02
5.333333333333333676e-02
0.000000000000000000e+00
1.700000000000000122e-01
4.866666666666666363e-01
2.433333333333333182e-01
1.533333333333333215e+00
5.166666666666667185e-01
1.823333333333333472e+00
5.033333333333332993e-01
5.333333333333333676e-02
3.833333333333333037e-01
2.299999999999999822e-01
0.000000000000000000e+00
2.000000000000000042e-02
5.333333333333333676e-02
3.666666666666667379e-02
2.333333333333333440e-02
1.333333333333333419e-02
1.333333333333333419e-02
6.333333333333333870e-02
6.666666666666667095e-03
1.866666666666666474e+00
1.899999999999999745e-01
1.033333333333333326e-01
5.333333333333333676e-02
5.299999999999999156e-01
5.600000000000000533e-01
1.666666666666666644e-02
9.766666666666666829e-01
4.433333333333333570e-01
1.899999999999999745e-01
7.000000000000000666e-02
1.966666666666666841e-01
6.333333333333333870e-02
0.000000000000000000e+00
1.000000000000000194e-01
6.000000000000000472e-02
1.746666666666666812e+00
1.466666666666666674e-01
2.600000000000000089e-01
3.133333333333333526e-01
6.633333333333333304e-01
2.333333333333333440e-02
0.000000000000000000e+00
6.933333333333333570e-01
1.166666666666666546e-01
3.333333333333333287e-02
1.333333333333333315e-01
8.833333333333333037e-01
1.199999999999999956e-01
4.566666666666667207e-01
1.330000000000000071e+00
1.766666666666666663e-01
0.000000000000000000e+00
8.333333333333332871e-02
5.666666666666667074e-02
1.023333333333333428e+00
3.333333333333333287e-02
1.333333333333333419e-02
1.266666666666666774e-01
2.953333333333333144e+00
4.866666666666666363e-01
5.166666666666667185e-01
1.926666666666666528e+00
4.666666666666666879e-02
6.666666666666667095e-03
0.000000000000000000e+00
1.666666666666666644e-02
3.333333333333333547e-03
0.000000000000000000e+00
0.000000000000000000e+00
1.333333333333333419e-02
0.000000000000000000e+00
0.000000000000000000e+00
3.333333333333333547e-03
1.000000000000000194e-01
2.333333333333333440e-02
4.466666666666667118e-01
3.600000000000000422e-01
6.666666666666667095e-03
3.833333333333333037e-01
1.790000000000000036e+00
0.000000000000000000e+00
8.000000000000000167e-02
1.186666666666666758e+00
1.933333333333333293e-01
0.000000000000000000e+00
4.233333333333333393e-01
1.066666666666666458e-01
7.000000000000000666e-02
3.633333333333333415e-01
2.203333333333333144e+00
6.466666666666667229e-01
1.050000000000000044e+00
1.233333333333333504e-01
8.666666666666666963e-02
2.466666666666666730e-01
2.999999999999999889e-01
3.366666666666666696e-01
2.333333333333333440e-02
3.600000000000000422e-01
2.266666666666666829e-01
4.066666666666666763e-01
1.033333333333333326e-01
1.466666666666666674e-01
1.790000000000000036e+00
9.799999999999999822e-01
5.766666666666666607e-01
5.833333333333333703e-01
6.666666666666667095e-03
9.333333333333333759e-02
1.010000000000000009e+00
0.000000000000000000e+00
8.233333333333332504e-01
2.866666666666666807e-01
3.266666666666666607e-01
1.166666666666666546e-01
4.666666666666666186e-01
4.799999999999999822e-01
1.300000000000000044e-01
6.333333333333333870e-02
1.466666666666666674e-01
2.700000000000000178e-01
0.000000000000000000e+00
5.000000000000000000e-01
3.099999999999999978e-01
1.966666666666666563e-01
4.366666666666667029e-01
1.446666666666666545e+00
8.333333333333332871e-02
1.276666666666666616e+00
