1.196666666666666545e+00
1.499999999999999944e-01
1.026666666666666616e+00
1.933333333333333570e-01
1.216666666666666785e+00
7.200000000000000844e-01
5.499999999999999334e-01
3.033333333333332882e-01
2.633333333333333637e-01
4.799999999999999822e-01
3.733333333333333504e-01
1.400000000000000133e-01
1.673333333333333117e+00
1.366666666666666585e-01
1.766666666666666663e-01
1.833333333333333481e-01
6.833333333333334592e-01
4.599999999999999645e-01
2.366666666666666641e-01
6.099999999999999867e-01
7.733333333333334281e-01
2.500000000000000000e-01
1.666666666666666644e-02
1.270000000000000240e+00
9.999999999999999167e-02
2.233333333333333559e-01
8.666666666666666963e-02
9.166666666666666297e-01
2.466666666666667007e-01
8.966666666666666119e-01
4.266666666666666941e-01
5.166666666666666075e-01
1.026666666666666616e+00
4.733333333333333282e-01
6.666666666666667095e-03
2.033333333333333381e-01
0.000000000000000000e+00
2.566666666666666541e-01
2.099999999999999922e-01
3.999999999999999667e-01
1.370000000000000107e+00
1.400000000000000133e-01
6.666666666666666574e-02
1.533333333333333215e-01
8.333333333333332871e-02
1.600000000000000033e-01
3.200000000000000067e-01
9.999999999999999167e-02
0.000000000000000000e+00
1.666666666666666644e-02
0.000000000000000000e+00
0.000000000000000000e+00
3.333333333333333547e-03
0.000000000000000000e+00
4.000000000000000083e-02
4.000000000000000083e-02
5.333333333333333676e-02
2.800000000000000266e-01
5.633333333333333526e-01
4.666666666666666879e-02
1.466666666666666674e-01
1.566666666666666485e-01
2.099999999999999922e-01
1.333333333333333315e-01
4.333333333333333481e-02
1.433333333333333404e-01
2.500000000000000000e-01
3.033333333333333437e-01
1.933333333333333293e-01
8.333333333333332871e-02
1.333333333333333419e-02
3.333333333333333287e-02
1.000000000000000194e-01
1.000000000000000021e-02
1.100000000000000006e-01
0.000000000000000000e+00
1.000000000000000021e-02
6.666666666666667095e-03
1.199999999999999956e-01
2.000000000000000042e-02
0.000000000000000000e+00
1.433333333333333404e-01
0.000000000000000000e+00
0.000000000000000000e+00
8.799999999999998934e-01
9.000000000000001055e-02
1.033333333333333326e-01
6.933333333333333570e-01
0.000000000000000000e+00
1.466666666666666674e-01
0.000000000000000000e+00
4.000000000000000083e-02
6.666666666666666574e-02
3.033333333333332882e-01
1.333333333333333419e-02
8.333333333333332871e-02
1.000000000000000194e-01
6.666666666666667095e-03
6.333333333333333870e-02
4.566666666666667207e-01
7.099999999999999645e-01
1.216666666666666785e+00
2.366666666666666641e-01
1.399999999999999856e-01
6.900000000000000577e-01
9.333333333333333759e-02
1.700000000000000122e-01
1.533333333333333492e-01
1.600000000000000033e-01
9.666666666666666463e-02
1.800000000000000211e-01
3.133333333333332971e-01
1.366666666666666585e-01
2.766666666666666718e-01
9.100000000000000311e-01
4.233333333333333393e-01
2.000000000000000042e-02
4.133333333333333304e-01
2.633333333333333637e-01
1.933333333333333293e-01
4.599999999999999645e-01
0.000000000000000000e+00
1.533333333333333492e-01
1.000000000000000021e-02
1.000000000000000021e-02
2.233333333333333559e-01
6.666666666666667095e-03
7.433333333333332904e-01
2.810000000000000053e+00
1.759999999999999787e+00
5.666666666666667074e-02
1.230000000000000204e+00
4.999999999999999584e-02
1.333333333333333419e-02
8.666666666666666963e-02
9.000000000000001055e-02
1.166666666666666546e-01
3.033333333333332882e-01
1.266666666666666774e-01
9.000000000000001055e-02
3.233333333333333059e-01
2.666666666666666838e-02
3.099999999999999978e-01
2.666666666666666838e-02
2.700000000000000178e-01
9.699999999999998623e-01
4.333333333333333481e-02
3.300000000000000155e-01
2.999999999999999889e-01
1.700000000000000122e-01
5.966666666666665675e-01
7.000000000000000666e-02
1.733333333333333393e-01
5.000000000000000971e-02
5.233333333333333171e-01
9.100000000000000311e-01
8.333333333333332871e-02
3.600000000000000422e-01
2.900000000000000355e-01
7.933333333333333348e-01
8.366666666666665586e-01
1.133333333333333276e-01
2.866666666666666807e-01
5.300000000000000266e-01
4.099999999999999756e-01
1.126666666666666705e+00
3.333333333333333547e-03
2.399999999999999911e-01
2.466666666666666730e-01
1.333333333333333259e+00
1.426666666666666750e+00
1.323333333333333250e+00
1.633333333333333304e-01
2.600000000000000089e-01
3.333333333333333148e-01
3.300000000000000155e-01
1.633333333333333304e-01
5.300000000000000266e-01
4.333333333333333481e-02
2.866666666666666807e-01
1.133333333333333276e-01
3.833333333333333037e-01
4.333333333333333481e-01
1.446666666666666545e+00
4.666666666666666186e-01
9.666666666666667851e-02
4.333333333333333481e-02
7.333333333333333370e-02
5.000000000000000000e-01
1.866666666666666752e-01
1.566666666666666485e-01
5.266666666666666163e-01
1.366666666666666863e-01
9.100000000000000311e-01
2.733333333333333171e-01
1.866666666666666752e-01
2.566666666666666541e-01
8.000000000000000167e-02
3.666666666666666685e-02
9.666666666666666463e-02
2.000000000000000042e-02
0.000000000000000000e+00
0.000000000000000000e+00
3.099999999999999978e-01
3.566666666666666874e-01
1.933333333333333570e-01
3.699999999999999400e-01
1.733333333333333393e-01
2.433333333333333182e-01
5.999999999999999778e-02
8.333333333333332871e-02
1.066666666666666735e-01
7.666666666666666075e-02
1.166666666666666546e-01
9.333333333333333759e-02
2.999999999999999889e-02
0.000000000000000000e+00
3.400000000000000244e-01
5.999999999999999778e-01
1.399999999999999856e-01
1.333333333333333419e-02
3.666666666666666685e-02
1.000000000000000021e-02
1.300000000000000044e-01
5.233333333333333171e-01
1.600000000000000033e-01
1.033333333333333326e-01
1.100000000000000006e-01
1.199999999999999956e-01
2.333333333333333093e-01
2.003333333333333410e+00
1.800000000000000211e-01
2.633333333333333637e-01
6.666666666666666574e-02
3.000000000000000236e-02
8.000000000000000167e-02
1.000000000000000194e-01
5.633333333333333526e-01
7.333333333333334758e-02
6.733333333333333393e-01
1.076666666666666883e+00
5.399999999999999245e-01
1.026666666666666616e+00
2.633333333333333637e-01
1.366666666666666863e-01
1.533333333333333215e-01
0.000000000000000000e+00
1.000000000000000021e-02
9.666666666666666463e-02
6.333333333333333870e-02
3.666666666666667379e-02
1.333333333333333315e-01
6.099999999999999867e-01
1.333333333333333315e-01
1.050000000000000044e+00
5.233333333333333171e-01
1.389999999999999902e+00
4.199999999999999289e-01
5.666666666666665408e-01
3.999999999999999667e-01
2.233333333333333004e-01
9.833333333333333925e-01
0.000000000000000000e+00
3.800000000000000600e-01
0.000000000000000000e+00
1.000000000000000194e-01
3.333333333333333547e-03
7.133333333333333748e-01
1.666666666666666644e-02
1.233333333333333365e-01
9.333333333333333759e-02
5.333333333333333259e-01
9.333333333333333759e-02
2.199999999999999734e-01
0.000000000000000000e+00
3.666666666666666685e-02
0.000000000000000000e+00
8.666666666666666963e-02
4.000000000000000083e-02
6.566666666666666208e-01
2.066666666666666652e-01
1.206666666666666776e+00
2.066666666666666652e-01
9.999999999999999167e-02
7.000000000000000666e-02
4.000000000000000083e-02
2.099999999999999922e-01
2.666666666666666838e-02
1.199999999999999956e-01
4.500000000000000111e-01
1.866666666666666752e-01
1.333333333333333419e-02
1.666666666666666644e-02
1.533333333333333492e-01
6.666666666666666574e-02
0.000000000000000000e+00
5.333333333333333676e-02
4.999999999999999584e-02
9.999999999999999167e-02
1.066666666666666735e-01
7.600000000000001199e-01
1.266666666666666774e-01
7.333333333333334758e-02
9.999999999999999167e-02
1.033333333333333326e-01
2.099999999999999922e-01
3.333333333333333547e-03
1.400000000000000133e-01
4.000000000000000083e-02
2.700000000000000178e-01
2.266666666666666552e-01
3.300000000000000155e-01
1.173333333333333339e+00
3.033333333333333437e-01
3.899999999999999578e-01
2.466666666666666730e-01
2.633333333333333637e-01
1.553333333333333455e+00
