1.486666666666666581e+00
7.666666666666667185e-01
6.333333333333333870e-02
1.483333333333333393e+00
9.733333333333332726e-01
0.000000000000000000e+00
2.000000000000000042e-02
0.000000000000000000e+00
5.666666666666667074e-02
9.333333333333332371e-02
1.000000000000000021e-02
1.666666666666666574e-01
1.233333333333333365e-01
1.900000000000000300e-01
7.333333333333333370e-02
4.233333333333333393e-01
2.299999999999999822e-01
1.466666666666666674e-01
1.133333333333333276e-01
1.503333333333333188e+00
4.466666666666666008e-01
2.133333333333333470e-01
1.266666666666666774e-01
9.999999999999999167e-02
1.356666666666666687e+00
4.666666666666666879e-02
0.000000000000000000e+00
0.000000000000000000e+00
0.000000000000000000e+00
0.000000000000000000e+00
5.000000000000000971e-02
3.400000000000000244e-01
1.999999999999999833e-01
6.000000000000000472e-02
0.000000000000000000e+00
0.000000000000000000e+00
1.169999999999999929e+00
5.999999999999999778e-02
3.666666666666667379e-02
1.400000000000000133e-01
1.433333333333333404e-01
0.000000000000000000e+00
1.666666666666666644e-02
0.000000000000000000e+00
0.000000000000000000e+00
2.999999999999999889e-02
2.666666666666666838e-02
1.933333333333333570e-01
3.366666666666666141e-01
3.066666666666666985e-01
8.666666666666666963e-01
7.200000000000000844e-01
1.690000000000000169e+00
2.099999999999999922e-01
9.933333333333332904e-01
5.766666666666666607e-01
1.533333333333333492e-01
2.666666666666666838e-02
4.599999999999999645e-01
2.000000000000000042e-02
4.466666666666667118e-01
1.166666666666666546e-01
8.699999999999999956e-01
1.900000000000000300e-01
7.000000000000000666e-01
1.473333333333333384e+00
7.000000000000000666e-01
1.033333333333333326e-01
2.033333333333333381e-01
6.400000000000000133e-01
1.870000000000000107e+00
1.576666666666666439e+00
7.666666666666666075e-02
1.333333333333333419e-02
0.000000000000000000e+00
5.666666666666666519e-01
2.666666666666666838e-02
9.899999999999998801e-01
8.066666666666666430e-01
1.099999999999999867e-01
4.499999999999999556e-01
1.700000000000000122e-01
5.333333333333333676e-02
5.133333333333333082e-01
1.933333333333333293e-01
5.300000000000000266e-01
9.866666666666666918e-01
2.666666666666666838e-02
2.366666666666666641e-01
1.039999999999999813e+00
6.133333333333333970e-01
5.000000000000000971e-02
1.633333333333333304e-01
3.200000000000000067e-01
5.333333333333333676e-02
6.366666666666666030e-01
1.933333333333333570e+00
9.000000000000001055e-02
2.333333333333333440e-02
6.333333333333333870e-02
1.633333333333333304e-01
1.193333333333333357e+00
0.000000000000000000e+00
1.700000000000000122e-01
1.096666666666666679e+00
2.333333333333333440e-02
2.666666666666666838e-02
2.300000000000000100e-01
1.199999999999999956e-01
8.000000000000000167e-02
1.199999999999999956e-01
8.000000000000000167e-02
4.666666666666666879e-02
2.866666666666666807e-01
1.309999999999999831e+00
3.029999999999999805e+00
