1.746666666666666812e+00
1.966666666666666563e-01
5.999999999999999778e-02
5.666666666666667074e-02
2.733333333333333726e-01
1.533333333333333215e-01
1.266666666666666774e-01
1.000000000000000021e-02
4.466666666666667118e-01
5.766666666666666607e-01
4.633333333333333748e-01
1.766666666666666663e-01
1.346666666666666679e+00
6.199999999999999956e-01
1.300000000000000044e-01
1.050000000000000044e+00
1.333333333333333315e-01
3.433333333333332682e-01
6.133333333333332860e-01
4.633333333333333193e-01
1.333333333333333419e-02
1.166666666666666546e-01
1.000000000000000021e-02
6.333333333333333870e-02
1.099999999999999867e-01
2.000000000000000042e-02
2.466666666666666730e-01
2.366666666666666641e-01
0.000000000000000000e+00
1.000000000000000021e-02
4.333333333333333481e-02
7.000000000000000666e-02
2.899999999999999800e-01
1.566666666666666485e-01
1.700000000000000122e-01
3.400000000000000244e-01
2.566666666666666541e-01
1.333333333333333315e-01
1.899999999999999745e-01
1.233333333333333393e+00
4.433333333333333570e-01
2.666666666666666630e-01
9.666666666666666463e-02
2.000000000000000042e-02
2.433333333333333182e-01
3.899999999999999578e-01
4.700000000000000289e-01
6.000000000000000472e-02
2.199999999999999734e-01
6.333333333333333870e-02
4.099999999999999756e-01
1.880000000000000115e+00
5.633333333333333526e-01
7.333333333333333370e-02
5.433333333333333348e-01
8.000000000000000167e-02
0.000000000000000000e+00
4.666666666666666879e-02
6.666666666666667095e-03
0.000000000000000000e+00
7.666666666666667462e-02
5.999999999999999778e-02
0.000000000000000000e+00
3.233333333333333059e-01
1.999999999999999833e-01
2.700000000000000178e-01
2.033333333333333381e-01
3.066666666666666430e-01
1.233333333333333365e-01
0.000000000000000000e+00
2.399999999999999911e-01
1.333333333333333419e-02
2.666666666666666838e-02
1.100000000000000006e-01
2.166666666666666741e-01
2.433333333333333182e-01
1.510000000000000009e+00
4.433333333333333570e-01
5.333333333333333676e-02
3.200000000000000067e-01
1.090000000000000080e+00
5.000000000000000971e-02
1.099999999999999867e-01
4.866666666666666363e-01
3.466666666666666785e-01
5.466666666666666341e-01
8.599999999999999867e-01
3.333333333333333547e-03
6.333333333333333870e-02
2.133333333333333470e-01
0.000000000000000000e+00
1.933333333333333570e-01
6.866666666666666474e-01
0.000000000000000000e+00
1.133333333333333276e-01
3.333333333333333547e-03
3.966666666666666674e-01
6.666666666666667095e-03
7.000000000000000666e-02
2.533333333333333548e-01
9.000000000000001055e-02
7.666666666666667462e-02
6.666666666666667095e-03
2.433333333333333182e-01
2.899999999999999800e-01
9.333333333333333759e-02
1.533333333333333215e-01
8.000000000000000167e-02
2.600000000000000089e-01
6.400000000000000133e-01
2.999999999999999889e-02
4.999999999999999584e-02
4.666666666666666879e-02
4.666666666666666879e-02
9.999999999999999167e-02
8.000000000000000167e-02
1.966666666666666563e-01
2.133333333333333470e-01
3.600000000000000422e-01
3.233333333333333059e-01
1.099999999999999867e-01
1.066666666666666735e-01
0.000000000000000000e+00
2.000000000000000042e-02
1.000000000000000021e-02
6.999999999999999278e-02
5.666666666666666380e-02
9.333333333333333759e-02
1.766666666666666663e-01
1.119999999999999885e+00
9.700000000000000844e-01
5.566666666666666430e-01
7.333333333333334758e-02
1.866666666666666752e-01
1.296666666666666634e+00
2.466666666666666730e-01
9.300000000000000488e-01
8.333333333333332871e-02
4.499999999999999556e-01
2.099999999999999922e-01
1.250000000000000000e+00
2.799999999999999711e-01
2.066666666666666652e-01
2.500000000000000000e-01
2.100000000000000477e-01
1.033333333333333326e-01
4.799999999999999822e-01
4.799999999999999822e-01
3.133333333333333526e-01
2.966666666666666341e-01
8.666666666666665853e-01
2.266666666666666552e-01
2.666666666666666838e-02
1.866666666666666752e-01
0.000000000000000000e+00
9.666666666666666463e-02
1.733333333333333393e-01
6.666666666666667095e-03
2.666666666666666838e-02
1.600000000000000033e-01
1.233333333333333365e-01
1.966666666666666563e-01
3.600000000000000422e-01
2.700000000000000178e-01
2.999999999999999889e-01
3.000000000000000236e-02
1.666666666666666644e-02
5.033333333333332993e-01
1.999999999999999833e-01
2.733333333333333726e-01
1.733333333333333393e-01
1.776666666666666616e+00
5.066666666666667096e-01
3.066666666666666430e-01
1.733333333333333393e-01
3.966666666666666674e-01
1.033333333333333465e-01
6.666666666666667095e-03
2.700000000000000178e-01
3.300000000000000155e-01
1.400000000000000133e-01
1.733333333333333393e-01
5.666666666666666380e-02
1.166666666666666546e-01
2.166666666666666741e-01
6.666666666666667095e-03
8.766666666666665941e-01
2.033333333333333381e-01
7.000000000000000666e-02
2.133333333333333470e-01
2.299999999999999822e-01
1.166666666666666546e-01
1.466666666666666674e-01
6.333333333333333870e-02
1.266666666666666774e-01
1.933333333333333570e-01
3.033333333333332882e-01
2.999999999999999889e-02
1.006666666666666599e+00
8.266666666666666607e-01
1.466666666666666674e-01
1.766666666666666663e-01
1.166666666666666546e-01
1.533333333333333215e-01
2.433333333333333737e-01
2.999999999999999889e-02
6.133333333333332860e-01
4.000000000000000083e-02
3.766666666666667052e-01
5.866666666666666696e-01
8.199999999999999512e-01
4.333333333333332926e-01
5.999999999999999778e-02
3.666666666666666963e-01
2.176666666666666750e+00
1.766666666666666663e-01
2.833333333333333814e-01
2.266666666666666829e-01
5.733333333333333615e-01
9.999999999999999167e-02
3.600000000000000422e-01
1.273333333333333428e+00
2.200000000000000011e-01
2.533333333333333548e-01
1.400000000000000133e-01
1.233333333333333365e-01
3.466666666666666785e-01
8.333333333333332871e-02
2.766666666666666718e-01
1.089999999999999858e+00
2.266666666666666552e-01
4.200000000000000955e-01
3.066666666666666430e-01
7.266666666666665719e-01
2.466666666666666730e-01
1.366666666666666585e-01
2.266666666666666829e-01
2.466666666666666730e-01
4.199999999999999845e-01
4.966666666666666452e-01
1.086666666666666670e+00
6.300000000000000044e-01
2.466666666666666730e-01
4.466666666666667118e-01
7.333333333333333370e-02
1.000000000000000021e-02
1.186666666666666758e+00
9.000000000000001055e-02
2.366666666666666641e-01
1.266666666666666774e-01
6.666666666666666574e-02
3.333333333333333287e-02
2.933333333333332793e-01
4.199999999999999845e-01
7.000000000000000666e-02
2.466666666666666730e-01
2.800000000000000266e-01
1.639999999999999902e+00
6.500000000000000222e-01
3.666666666666666963e-01
9.666666666666667851e-02
1.233333333333333365e-01
0.000000000000000000e+00
4.666666666666666879e-02
3.333333333333333547e-03
8.333333333333332871e-02
9.899999999999998801e-01
7.000000000000000666e-02
2.733333333333333171e-01
1.276666666666666616e+00
2.000000000000000042e-02
2.999999999999999889e-02
9.433333333333333570e-01
2.999999999999999889e-01
1.813333333333333464e+00
3.700000000000000511e-01
5.999999999999999778e-01
4.199999999999999845e-01
4.566666666666667207e-01
5.333333333333333259e-01
2.833333333333333259e-01
2.666666666666666630e-01
1.999999999999999833e-01
2.399999999999999911e-01
1.176666666666666750e+00
4.033333333333333215e-01
1.099999999999999867e-01
2.999999999999999889e-02
3.133333333333333526e-01
7.399999999999998801e-01
3.133333333333332971e-01
2.999999999999999889e-01
4.599999999999999645e-01
3.466666666666666785e-01
8.333333333333332871e-02
1.243333333333333401e+00
8.499999999999999778e-01
1.866666666666666474e-01
2.666666666666666630e-01
2.333333333333333440e-02
4.899999999999999911e-01
1.033333333333333326e-01
5.000000000000000971e-02
2.733333333333333171e-01
2.299999999999999822e-01
2.500000000000000000e-01
0.000000000000000000e+00
1.899999999999999745e-01
2.299999999999999822e-01
1.303333333333333455e+00
1.669999999999999929e+00
2.256666666666666377e+00
2.566666666666666541e-01
8.566666666666665764e-01
9.966666666666665897e-01
2.533333333333333548e-01
9.333333333333333759e-02
0.000000000000000000e+00
2.666666666666666630e-01
1.766666666666666663e-01
5.000000000000000971e-02
1.233333333333333365e-01
9.000000000000001055e-02
3.066666666666666430e-01
8.666666666666666963e-02
8.000000000000000167e-02
5.533333333333333437e-01
1.793333333333333224e+00
4.499999999999999556e-01
2.633333333333333637e-01
1.500000000000000222e-01
4.600000000000000200e-01
4.099999999999999756e-01
4.499999999999999556e-01
1.333333333333333315e-01
3.066666666666666985e-01
3.966666666666666674e-01
5.933333333333332682e-01
4.133333333333333304e-01
1.000000000000000021e-02
1.666666666666666644e-02
1.166666666666666546e-01
1.466666666666666674e-01
6.766666666666667496e-01
1.423333333333333561e+00
2.050000000000000266e+00
9.666666666666666741e-01
6.666666666666666574e-02
1.656666666666666510e+00
1.633333333333333304e-01
0.000000000000000000e+00
6.999999999999999278e-02
1.766666666666666663e-01
9.999999999999999167e-02
0.000000000000000000e+00
2.999999999999999889e-02
1.433333333333333404e-01
9.933333333333332904e-01
1.633333333333333304e-01
6.666666666666667095e-03
1.866666666666666752e-01
9.333333333333333759e-02
6.333333333333333870e-02
1.433333333333333404e-01
1.166666666666666546e-01
2.866666666666666807e-01
1.899999999999999745e-01
1.400000000000000133e-01
1.033333333333333326e-01
1.633333333333333304e-01
2.866666666666666807e-01
1.150000000000000133e+00
1.633333333333333304e-01
1.499999999999999944e-01
8.333333333333332871e-02
8.666666666666666963e-02
9.133333333333332194e-01
4.666666666666666879e-02
3.966666666666666674e-01
5.999999999999999778e-02
5.999999999999999778e-02
1.199999999999999956e-01
1.999999999999999833e-01
8.333333333333332871e-02
1.466666666666666674e-01
2.666666666666666838e-02
4.333333333333333481e-02
9.000000000000001055e-02
5.499999999999999334e-01
1.066666666666666735e-01
1.083333333333333259e+00
7.600000000000001199e-01
2.133333333333332915e-01
1.333333333333333419e-02
3.699999999999999400e-01
2.000000000000000042e-02
1.066666666666666458e-01
6.666666666666667095e-03
3.666666666666667379e-02
0.000000000000000000e+00
7.666666666666667462e-02
0.000000000000000000e+00
1.453333333333333366e+00
8.333333333333332871e-02
4.266666666666666941e-01
6.766666666666666385e-01
4.666666666666666186e-01
7.133333333333333748e-01
1.966666666666666563e-01
9.599999999999999645e-01
9.700000000000000844e-01
6.899999999999999467e-01
2.199999999999999734e-01
4.400000000000000022e-01
8.000000000000000167e-02
5.200000000000000178e-01
1.600000000000000033e-01
5.000000000000000971e-02
2.000000000000000042e-02
4.000000000000000083e-02
6.666666666666666574e-02
1.266666666666666774e-01
1.436666666666666758e+00
3.666666666666666963e-01
1.133333333333333415e-01
5.333333333333334370e-02
1.300000000000000044e-01
3.566666666666666319e-01
8.000000000000000167e-02
6.666666666666667095e-03
3.333333333333333287e-02
2.933333333333333348e-01
8.333333333333332871e-02
9.000000000000001055e-02
2.666666666666666630e-01
1.666666666666666574e-01
6.333333333333333870e-02
7.333333333333333370e-02
2.766666666666666718e-01
2.799999999999999711e-01
2.733333333333333726e-01
1.633333333333333304e-01
1.219999999999999973e+00
5.333333333333333259e-01
1.966666666666666563e-01
1.566666666666666763e-01
1.433333333333333404e-01
1.899999999999999689e+00
6.800000000000000488e-01
1.499999999999999944e-01
2.066666666666666652e-01
2.166666666666666741e-01
2.566666666666666541e-01
9.000000000000001055e-02
6.333333333333333870e-02
7.666666666666667462e-02
0.000000000000000000e+00
4.666666666666666879e-02
0.000000000000000000e+00
1.700000000000000122e-01
1.199999999999999956e-01
4.333333333333333481e-02
9.000000000000001055e-02
4.066666666666666763e-01
0.000000000000000000e+00
3.666666666666667379e-02
2.666666666666666838e-02
2.766666666666666718e-01
2.866666666666666807e-01
5.966666666666666785e-01
1.653333333333333321e+00
4.600000000000000200e-01
9.033333333333333215e-01
1.866666666666666752e-01
9.866666666666666918e-01
2.153333333333333321e+00
5.399999999999999245e-01
4.733333333333333282e-01
3.766666666666666496e-01
1.573333333333333472e+00
2.099999999999999922e-01
5.400000000000000355e-01
1.373333333333333295e+00
1.999999999999999833e-01
5.333333333333333259e-01
5.533333333333333437e-01
1.036666666666666847e+00
4.599999999999999645e-01
1.449999999999999956e+00
1.933333333333333570e-01
2.266666666666666552e-01
9.866666666666666918e-01
4.633333333333333193e-01
4.499999999999999556e-01
1.866666666666666752e-01
2.233333333333333559e-01
4.533333333333333104e-01
8.233333333333332504e-01
4.333333333333333481e-01
2.333333333333333093e-01
3.300000000000000155e-01
3.966666666666666674e-01
6.466666666666666119e-01
2.333333333333333093e-01
2.366666666666666641e-01
4.000000000000000083e-02
9.333333333333332371e-01
1.333333333333333419e-02
2.400000000000000189e-01
2.299999999999999822e-01
5.666666666666667074e-02
1.066666666666666735e-01
8.366666666666665586e-01
6.333333333333332482e-02
4.566666666666667207e-01
1.336666666666666670e+00
9.733333333333332726e-01
1.886666666666666714e+00
1.446666666666666545e+00
1.333333333333333315e-01
6.133333333333332860e-01
2.666666666666666838e-02
2.399999999999999911e-01
1.333333333333333315e-01
2.633333333333333637e-01
2.466666666666666730e-01
2.866666666666666252e-01
1.700000000000000122e-01
3.133333333333332971e-01
9.900000000000001021e-01
9.000000000000001055e-02
5.333333333333333259e-01
6.199999999999999956e-01
2.299999999999999822e-01
3.066666666666666430e-01
2.166666666666666741e-01
5.333333333333333676e-02
1.133333333333333415e-01
1.600000000000000033e-01
9.333333333333333759e-02
5.200000000000000178e-01
2.333333333333333440e-02
2.199999999999999734e-01
8.499999999999999778e-01
5.533333333333333437e-01
6.433333333333334236e-01
8.099999999999999423e-01
6.800000000000000488e-01
8.499999999999999778e-01
8.699999999999999956e-01
3.133333333333332971e-01
2.200000000000000011e-01
1.433333333333333404e-01
1.033333333333333326e-01
2.500000000000000000e-01
1.433333333333333404e-01
5.366666666666667362e-01
1.123333333333333295e+00
2.500000000000000000e-01
8.599999999999999867e-01
3.066666666666666430e-01
8.266666666666666607e-01
9.799999999999999822e-01
1.516666666666666829e+00
1.286666666666666847e+00
1.623333333333333295e+00
1.966666666666666785e+00
1.969999999999999973e+00
5.100000000000000089e-01
1.366666666666666474e+00
5.466666666666667451e-01
5.833333333333333703e-01
4.333333333333333481e-02
4.133333333333333304e-01
5.333333333333333676e-02
4.433333333333333570e-01
6.999999999999999278e-02
3.033333333333333437e-01
1.870000000000000107e+00
2.333333333333333440e-02
2.666666666666666630e-01
5.333333333333333676e-02
3.333333333333333287e-02
2.099999999999999922e-01
9.000000000000001055e-02
3.333333333333333287e-02
1.366666666666666585e-01
7.333333333333333370e-02
3.333333333333333547e-03
1.100000000000000006e-01
3.333333333333333547e-03
2.999999999999999889e-02
3.933333333333333126e-01
5.499999999999999334e-01
1.000000000000000000e+00
7.333333333333333370e-02
4.000000000000000083e-02
1.233333333333333365e-01
1.166666666666666546e-01
1.166666666666666546e-01
1.733333333333333393e-01
1.066666666666666735e-01
8.666666666666666963e-02
1.133333333333333276e-01
2.333333333333333440e-02
1.200000000000000094e-01
8.000000000000000167e-02
6.699999999999999289e-01
2.416666666666666519e+00
