9.199999999999999289e-01
1.866666666666666752e-01
1.733333333333333393e-01
4.000000000000000083e-02
4.399999999999999467e-01
3.799999999999999489e-01
3.099999999999999978e-01
1.166666666666666546e-01
6.666666666666667095e-03
0.000000000000000000e+00
0.000000000000000000e+00
1.633333333333333304e-01
8.333333333333332871e-02
4.199999999999999845e-01
2.903333333333333766e+00
1.756666666666666599e+00
1.866666666666666474e-01
1.363333333333333286e+00
0.000000000000000000e+00
2.066666666666666652e-01
2.999999999999999889e-02
4.966666666666666452e-01
8.099999999999999423e-01
3.300000000000000155e-01
1.163333333333333330e+00
7.333333333333334758e-02
3.966666666666666674e-01
9.999999999999999167e-02
1.186666666666666758e+00
2.333333333333333440e-02
1.066666666666666735e-01
9.000000000000001055e-02
1.300000000000000044e-01
1.166666666666666741e+00
1.070000000000000062e+00
1.166666666666666546e-01
1.833333333333333204e-01
1.199999999999999956e-01
2.666666666666666630e-01
5.333333333333332288e-02
1.733333333333333393e-01
1.686666666666666536e+00
4.666666666666666879e-02
1.000000000000000194e-01
2.999999999999999889e-02
1.666666666666666644e-02
1.999999999999999833e-01
6.333333333333333870e-02
0.000000000000000000e+00
7.333333333333333370e-02
4.666666666666666879e-02
6.999999999999999278e-02
6.666666666666667095e-03
8.666666666666666963e-02
1.666666666666666644e-02
0.000000000000000000e+00
3.333333333333333547e-03
0.000000000000000000e+00
3.333333333333333547e-03
0.000000000000000000e+00
0.000000000000000000e+00
0.000000000000000000e+00
3.899999999999999578e-01
2.133333333333333470e-01
0.000000000000000000e+00
3.333333333333333547e-03
7.000000000000000666e-02
3.366666666666666696e-01
2.099999999999999922e-01
6.500000000000000222e-01
4.000000000000000777e-01
3.966666666666666674e-01
9.333333333333333759e-02
9.333333333333333759e-02
5.999999999999999778e-01
1.036666666666666847e+00
0.000000000000000000e+00
4.333333333333333481e-02
0.000000000000000000e+00
6.333333333333333870e-02
8.000000000000000167e-02
5.033333333333332993e-01
3.333333333333333287e-02
2.000000000000000042e-02
2.000000000000000042e-02
2.000000000000000042e-02
7.333333333333331983e-02
2.133333333333333470e-01
1.099999999999999867e+00
1.759999999999999787e+00
1.766666666666666663e-01
1.266666666666666774e-01
2.766666666666666718e-01
1.533333333333333215e-01
4.666666666666666879e-02
4.500000000000000111e-01
2.999999999999999889e-02
3.300000000000000155e-01
0.000000000000000000e+00
5.066666666666667096e-01
0.000000000000000000e+00
1.366666666666666863e-01
0.000000000000000000e+00
2.533333333333333548e-01
2.299999999999999822e-01
2.766666666666666718e-01
7.833333333333333259e-01
1.100000000000000006e-01
2.999999999999999889e-02
8.333333333333332871e-02
6.666666666666667095e-03
1.273333333333333206e+00
2.500000000000000000e-01
3.333333333333333287e-02
6.666666666666667095e-03
9.899999999999998801e-01
4.266666666666666941e-01
0.000000000000000000e+00
3.433333333333332682e-01
6.266666666666665941e-01
4.133333333333333304e-01
8.333333333333332871e-02
2.933333333333333903e-01
4.566666666666667207e-01
3.799999999999999489e-01
5.599999999999999423e-01
2.099999999999999922e-01
5.333333333333333676e-02
1.099999999999999867e+00
5.666666666666667629e-01
7.000000000000000666e-01
1.266666666666666774e-01
2.333333333333333093e-01
9.666666666666667851e-02
1.650000000000000133e+00
1.466666666666666674e-01
2.766666666666666718e-01
7.266666666666666829e-01
1.210000000000000187e+00
1.283333333333333437e+00
1.533333333333333215e-01
7.133333333333333748e-01
2.500000000000000000e-01
3.666666666666666408e-01
1.763333333333333419e+00
6.333333333333333870e-02
5.666666666666666380e-02
1.100000000000000006e-01
2.000000000000000042e-02
1.000000000000000021e-02
1.900000000000000300e-01
2.633333333333333637e-01
3.200000000000000067e-01
1.346666666666666679e+00
2.199999999999999734e-01
2.999999999999999889e-02
1.313333333333333464e+00
1.666666666666666644e-02
3.666666666666667379e-02
0.000000000000000000e+00
1.700000000000000122e-01
3.433333333333333237e-01
3.600000000000000422e-01
1.016666666666666607e+00
2.999999999999999889e-02
4.333333333333333481e-01
2.733333333333333726e-01
1.423333333333333117e+00
2.233333333333333004e-01
0.000000000000000000e+00
1.099999999999999867e-01
2.166666666666666741e-01
1.593333333333333490e+00
1.396666666666666723e+00
1.099999999999999867e-01
2.999999999999999889e-02
8.333333333333332871e-02
1.666666666666666574e-01
3.166666666666666519e-01
2.933333333333333348e-01
8.533333333333333881e-01
1.933333333333333570e-01
2.666666666666666838e-02
5.799999999999999600e-01
5.999999999999999778e-02
5.200000000000000178e-01
2.299999999999999822e-01
2.999999999999999889e-02
9.999999999999999167e-02
0.000000000000000000e+00
0.000000000000000000e+00
0.000000000000000000e+00
5.000000000000000971e-02
0.000000000000000000e+00
3.333333333333333547e-03
2.333333333333333440e-02
0.000000000000000000e+00
5.666666666666667074e-02
1.966666666666666563e-01
0.000000000000000000e+00
0.000000000000000000e+00
1.023333333333333206e+00
1.866666666666666752e-01
0.000000000000000000e+00
6.666666666666667095e-03
2.999999999999999889e-02
5.133333333333333082e-01
1.100000000000000006e-01
7.299999999999999822e-01
8.000000000000000167e-02
2.433333333333333182e-01
5.333333333333333676e-02
1.400000000000000133e-01
3.033333333333332882e-01
7.299999999999999822e-01
0.000000000000000000e+00
4.000000000000000083e-02
0.000000000000000000e+00
5.333333333333333676e-02
0.000000000000000000e+00
8.000000000000000167e-02
3.666666666666666685e-02
5.333333333333333676e-02
1.366666666666666863e-01
0.000000000000000000e+00
6.333333333333333870e-02
4.599999999999999645e-01
1.413333333333333330e+00
1.506666666666666599e+00
7.000000000000000666e-02
1.300000000000000044e-01
4.699999999999999734e-01
1.433333333333333404e-01
5.766666666666666607e-01
1.209999999999999964e+00
1.100000000000000006e-01
5.066666666666667096e-01
2.000000000000000042e-02
1.090000000000000080e+00
1.499999999999999944e-01
2.333333333333333093e-01
1.100000000000000006e-01
8.666666666666666963e-02
1.399999999999999856e-01
2.099999999999999922e-01
6.300000000000000044e-01
2.666666666666666838e-02
9.333333333333333759e-02
1.666666666666666644e-02
6.666666666666667095e-03
7.166666666666666741e-01
2.333333333333333440e-02
1.333333333333333419e-02
4.666666666666666879e-02
4.333333333333333481e-01
9.200000000000000400e-01
0.000000000000000000e+00
1.199999999999999956e-01
8.366666666666667806e-01
7.666666666666667462e-02
1.666666666666666644e-02
2.933333333333332793e-01
7.933333333333333348e-01
1.633333333333333304e-01
1.370000000000000107e+00
2.166666666666666741e-01
1.999999999999999833e-01
6.833333333333332371e-01
3.066666666666666430e-01
2.600000000000000089e-01
5.233333333333333171e-01
6.433333333333333126e-01
3.133333333333333526e-01
2.083333333333333481e+00
3.366666666666666696e-01
5.999999999999999778e-01
3.133333333333333526e-01
6.400000000000000133e-01
