5.633333333333333526e-01
6.999999999999999278e-02
1.000000000000000021e-02
0.000000000000000000e+00
0.000000000000000000e+00
3.333333333333333287e-02
4.000000000000000083e-02
6.666666666666666297e-01
6.633333333333333304e-01
8.566666666666667984e-01
1.223333333333333384e+00
1.636666666666666714e+00
6.266666666666665941e-01
6.333333333333333870e-02
1.393333333333333313e+00
1.003333333333333188e+00
2.966666666666666896e-01
3.333333333333333547e-03
7.999999999999999334e-01
1.250000000000000000e+00
4.333333333333333481e-02
1.233333333333333365e-01
7.666666666666667462e-02
2.300000000000000100e-01
2.099999999999999922e-01
1.300000000000000044e-01
3.200000000000000067e-01
2.899999999999999800e-01
8.333333333333332871e-02
7.033333333333332549e-01
4.600000000000000200e-01
6.000000000000000472e-02
9.799999999999999822e-01
1.510000000000000009e+00
6.666666666666667095e-03
4.333333333333333481e-02
8.800000000000000044e-01
9.899999999999998801e-01
1.000000000000000021e-02
5.899999999999999689e-01
7.066666666666666652e-01
7.366666666666666918e-01
0.000000000000000000e+00
4.966666666666666452e-01
1.686666666666666758e+00
9.999999999999999167e-02
1.466666666666666397e-01
2.500000000000000000e-01
2.600000000000000089e-01
1.899999999999999745e-01
1.833333333333333481e-01
1.533333333333333215e-01
1.233333333333333365e-01
9.000000000000001055e-02
1.000000000000000194e-01
4.899999999999999911e-01
7.000000000000000666e-01
2.700000000000000178e-01
7.966666666666665231e-01
9.566666666666666652e-01
1.333333333333333419e-02
9.666666666666666741e-01
5.933333333333332682e-01
2.000000000000000042e-02
1.133333333333333276e-01
4.966666666666666452e-01
1.373333333333333295e+00
2.266666666666666552e-01
1.136666666666666714e+00
6.666666666666666574e-02
4.733333333333333282e-01
3.133333333333332971e-01
1.333333333333333419e-02
6.666666666666667095e-03
0.000000000000000000e+00
0.000000000000000000e+00
1.333333333333333419e-02
6.233333333333334059e-01
7.333333333333333370e-02
4.333333333333332926e-01
3.600000000000000422e-01
1.020000000000000018e+00
4.799999999999999822e-01
5.433333333333333348e-01
3.300000000000000155e-01
4.833333333333333370e-01
1.376666666666666705e+00
3.213333333333333375e+00
