8.566666666666667984e-01
2.166666666666666463e-01
5.666666666666666519e-01
8.366666666666665586e-01
2.633333333333333637e-01
4.666666666666666186e-01
7.966666666666665231e-01
7.299999999999999822e-01
6.099999999999999867e-01
4.233333333333333393e-01
4.566666666666667207e-01
1.916666666666666741e+00
4.133333333333333304e-01
1.903333333333333321e+00
2.766666666666666718e-01
3.300000000000000155e-01
8.366666666666665586e-01
6.666666666666666574e-02
5.333333333333333676e-02
1.103333333333333277e+00
1.133333333333333276e-01
6.099999999999999867e-01
9.000000000000001055e-02
1.133333333333333304e+00
6.199999999999999956e-01
9.000000000000001055e-02
3.799999999999999489e-01
4.666666666666666186e-01
4.000000000000000083e-02
2.333333333333333440e-02
0.000000000000000000e+00
6.666666666666667095e-03
1.000000000000000021e-02
1.433333333333333404e-01
2.133333333333333470e-01
1.000000000000000021e-02
3.366666666666666696e-01
6.666666666666666574e-02
2.666666666666666838e-02
4.966666666666666452e-01
8.333333333333332871e-02
2.033333333333333381e-01
3.166666666666666519e-01
1.666666666666666644e-02
8.233333333333332504e-01
4.333333333333333481e-01
1.183333333333333348e+00
2.133333333333333470e-01
6.666666666666667095e-03
4.000000000000000083e-02
3.666666666666667379e-02
2.533333333333333548e-01
1.900000000000000300e-01
8.566666666666665764e-01
1.033333333333333326e-01
2.333333333333333440e-02
6.666666666666667095e-03
4.999999999999999584e-02
2.899999999999999800e-01
1.000000000000000021e-02
1.533333333333333215e-01
3.899999999999999578e-01
3.666666666666666685e-02
1.333333333333333419e-02
9.000000000000001055e-02
8.633333333333332860e-01
7.099999999999999645e-01
1.000000000000000021e-02
5.066666666666667096e-01
1.700000000000000122e-01
1.633333333333333304e-01
2.033333333333333659e-01
1.416666666666666741e+00
1.326666666666666883e+00
1.566666666666666485e-01
9.333333333333333759e-02
1.533333333333333215e-01
1.033333333333333326e-01
4.333333333333333481e-02
6.666666666666666574e-02
7.799999999999999156e-01
1.230000000000000204e+00
3.099999999999999978e-01
2.899999999999999800e-01
6.333333333333333870e-02
4.833333333333333370e-01
8.000000000000000167e-02
8.999999999999998279e-02
1.700000000000000122e-01
1.300000000000000044e-01
5.333333333333334370e-02
2.333333333333333093e-02
3.300000000000000155e-01
1.000000000000000194e-01
5.666666666666666380e-02
6.099999999999999867e-01
1.559999999999999831e+00
7.299999999999999822e-01
1.216666666666666563e+00
1.233333333333333365e-01
2.223333333333333162e+00
1.033333333333333326e-01
1.333333333333333419e-02
1.700000000000000122e-01
1.333333333333333419e-02
3.733333333333333504e-01
4.000000000000000083e-02
1.333333333333333419e-02
3.333333333333333547e-03
0.000000000000000000e+00
1.466666666666666674e-01
5.999999999999999778e-01
2.800000000000000266e-01
2.399999999999999911e-01
1.199999999999999956e-01
6.133333333333333970e-01
1.086666666666666670e+00
1.066666666666666735e-01
7.000000000000000666e-02
8.466666666666666785e-01
2.733333333333333726e-01
2.266666666666666552e-01
1.453333333333333366e+00
1.530000000000000027e+00
1.533333333333333215e+00
2.766666666666666718e-01
1.206666666666666776e+00
5.733333333333333615e-01
6.666666666666666574e-02
5.433333333333333348e-01
4.399999999999999467e-01
5.566666666666666430e-01
1.333333333333333315e-01
6.066666666666666874e-01
2.906666666666666288e+00
