6.166666666666666963e-01
2.966666666666666896e-01
2.300000000000000100e-01
1.666666666666666574e-01
5.166666666666666075e-01
8.700000000000001066e-01
9.000000000000001055e-02
7.433333333333332904e-01
7.000000000000000666e-02
7.933333333333333348e-01
4.000000000000000083e-02
3.500000000000000333e-01
1.300000000000000044e-01
2.666666666666666838e-02
9.333333333333333759e-02
9.133333333333334414e-01
1.366666666666666863e-01
4.333333333333333481e-02
1.666666666666666574e-01
7.433333333333332904e-01
1.320000000000000062e+00
8.900000000000000133e-01
5.333333333333333676e-02
5.933333333333332682e-01
9.666666666666666741e-01
1.800000000000000211e-01
6.733333333333333393e-01
1.403333333333333321e+00
1.866666666666666474e-01
9.500000000000000666e-01
8.666666666666666963e-02
1.096666666666666679e+00
1.300000000000000044e-01
9.799999999999998712e-01
2.466666666666666730e-01
1.169999999999999929e+00
9.566666666666666652e-01
9.666666666666667851e-02
4.733333333333333282e-01
9.333333333333333759e-02
3.333333333333333287e-02
6.666666666666667095e-03
2.366666666666666641e-01
6.666666666666667095e-03
5.999999999999999778e-02
7.333333333333333370e-02
8.900000000000000133e-01
3.366666666666666696e-01
4.099999999999999756e-01
6.666666666666666574e-02
1.033333333333333437e+00
9.833333333333332815e-01
1.026666666666666616e+00
1.630000000000000115e+00
2.700000000000000178e-01
6.099999999999999867e-01
1.380000000000000115e+00
7.700000000000000178e-01
4.633333333333333193e-01
1.103333333333333277e+00
2.259999999999999787e+00
