1.053333333333333455e+00
2.099999999999999922e-01
1.533333333333333215e-01
2.866666666666666807e-01
2.866666666666666807e-01
3.333333333333333287e-02
3.300000000000000155e-01
1.303333333333333455e+00
2.099999999999999645e-01
2.999999999999999889e-02
2.099999999999999922e-01
2.333333333333333093e-02
1.200000000000000094e-01
3.000000000000000444e-01
1.400000000000000133e-01
6.333333333333334147e-01
4.133333333333333304e-01
2.066666666666666652e-01
1.766666666666666663e-01
3.666666666666666685e-02
5.433333333333333348e-01
5.333333333333333676e-02
1.099999999999999867e-01
2.399999999999999911e-01
4.333333333333333481e-02
1.333333333333333419e-02
3.666666666666666685e-02
1.000000000000000021e-02
1.193333333333333357e+00
