3.483333333333332948e+00
6.900000000000000577e-01
1.866666666666666752e-01
1.500000000000000222e-01
0.000000000000000000e+00
1.266666666666666774e-01
3.833333333333333037e-01
3.566666666666666319e-01
1.666666666666666574e-01
8.333333333333332871e-02
9.333333333333333759e-02
9.000000000000001055e-02
2.566666666666666541e-01
1.000000000000000021e-02
4.333333333333333481e-02
1.533333333333333215e-01
1.073333333333333250e+00
4.000000000000000083e-02
2.299999999999999822e-01
2.333333333333333440e-02
0.000000000000000000e+00
0.000000000000000000e+00
2.000000000000000042e-02
2.339999999999999858e+00
5.966666666666666785e-01
1.506666666666666821e+00
3.666666666666666685e-02
9.666666666666666741e-01
9.666666666666667851e-02
2.866666666666666807e-01
1.146666666666666723e+00
5.366666666666666252e-01
2.099999999999999922e-01
6.400000000000000133e-01
1.253333333333333410e+00
1.199999999999999956e-01
1.306666666666666643e+00
2.966666666666666896e-01
6.999999999999999278e-02
2.533333333333333548e-01
1.366666666666666863e-01
0.000000000000000000e+00
5.233333333333333171e-01
1.566666666666666763e-01
4.133333333333333304e-01
3.999999999999999667e-01
2.333333333333333440e-02
2.799999999999999711e-01
8.333333333333332871e-02
1.476666666666666572e+00
3.366666666666666141e-01
2.133333333333333304e+00
1.586666666666666670e+00
8.166666666666667629e-01
2.466666666666666730e-01
1.166666666666666546e-01
1.033333333333333326e-01
1.533333333333333215e-01
7.200000000000000844e-01
4.000000000000000083e-02
0.000000000000000000e+00
1.766666666666666663e-01
1.040000000000000036e+00
8.166666666666667629e-01
0.000000000000000000e+00
7.933333333333333348e-01
1.173333333333333561e+00
4.533333333333333104e-01
1.333333333333333419e-02
1.100000000000000006e-01
1.666666666666666644e-02
0.000000000000000000e+00
0.000000000000000000e+00
4.666666666666666879e-02
2.666666666666666838e-02
1.000000000000000021e-02
2.266666666666666829e-01
1.900000000000000300e-01
2.099999999999999922e-01
1.133333333333333276e-01
1.433333333333333404e-01
7.333333333333334758e-02
6.666666666666667095e-03
4.833333333333333370e-01
0.000000000000000000e+00
7.000000000000000666e-01
0.000000000000000000e+00
1.433333333333333404e-01
1.020000000000000018e+00
2.333333333333333093e-02
2.999999999999999889e-02
2.899999999999999800e-01
8.533333333333333881e-01
1.449999999999999956e+00
5.333333333333333676e-02
7.933333333333333348e-01
1.010000000000000009e+00
3.233333333333333059e-01
2.949999999999999734e+00
1.103333333333333277e+00
2.700000000000000178e-01
3.000000000000000236e-02
3.166666666666667074e-01
3.966666666666666674e-01
1.166666666666666546e-01
0.000000000000000000e+00
1.466666666666666674e-01
1.333333333333333419e-02
0.000000000000000000e+00
3.666666666666667379e-02
0.000000000000000000e+00
2.999999999999999889e-02
1.000000000000000021e-02
3.333333333333333287e-02
9.999999999999999167e-02
9.700000000000000844e-01
2.333333333333333093e-01
1.873333333333333073e+00
5.766666666666666607e-01
3.333333333333333148e-01
7.666666666666667462e-02
1.000000000000000021e-02
3.333333333333333287e-02
6.666666666666667095e-03
0.000000000000000000e+00
4.400000000000000022e-01
1.000000000000000021e-02
0.000000000000000000e+00
1.566666666666666485e-01
9.766666666666666829e-01
5.666666666666667074e-02
6.999999999999999278e-02
1.066666666666666458e-01
5.666666666666667074e-02
5.666666666666667074e-02
0.000000000000000000e+00
1.666666666666666574e-01
1.666666666666666574e-01
9.899999999999998801e-01
3.800000000000000600e-01
8.700000000000001066e-01
4.966666666666666452e-01
8.900000000000000133e-01
1.000000000000000021e-02
6.366666666666667140e-01
0.000000000000000000e+00
0.000000000000000000e+00
3.333333333333333547e-03
2.666666666666666630e-01
1.400000000000000133e-01
7.200000000000000844e-01
4.966666666666666452e-01
2.766666666666666718e-01
1.533333333333333215e-01
1.600000000000000033e-01
3.899999999999999578e-01
2.466666666666666785e+00
