8.133333333333334636e-01
1.416666666666666741e+00
6.666666666666666297e-01
1.400000000000000133e-01
5.666666666666666380e-02
0.000000000000000000e+00
2.966666666666666341e-01
1.663333333333333330e+00
2.766666666666666718e-01
5.133333333333333082e-01
1.099999999999999867e+00
9.633333333333333748e-01
5.999999999999999778e-02
2.666666666666666838e-02
5.666666666666667074e-02
9.333333333333332371e-02
1.283333333333333437e+00
8.866666666666666030e-01
3.333333333333333547e-03
1.019999999999999796e+00
1.433333333333333404e-01
4.566666666666667207e-01
2.433333333333333182e-01
2.199999999999999734e-01
9.000000000000001055e-02
2.833333333333333259e-01
5.466666666666667451e-01
2.393333333333333091e+00
1.199999999999999956e-01
1.000000000000000021e-02
4.566666666666666097e-01
6.333333333333333870e-02
8.800000000000000044e-01
1.000000000000000021e-02
3.666666666666667379e-02
7.666666666666666075e-02
3.666666666666667379e-02
6.666666666666667095e-03
1.000000000000000021e-02
7.000000000000000666e-01
1.349999999999999867e+00
1.333333333333333419e-02
8.533333333333331661e-01
7.033333333333332549e-01
9.666666666666667851e-02
4.666666666666666879e-02
8.333333333333332871e-02
1.133333333333333276e-01
4.999999999999999584e-02
4.666666666666666879e-02
8.900000000000000133e-01
1.296666666666666856e+00
2.533333333333333548e-01
1.000000000000000021e-02
4.666666666666666186e-02
8.366666666666665586e-01
0.000000000000000000e+00
2.333333333333333440e-02
1.076666666666666883e+00
3.933333333333333126e-01
3.566666666666666874e-01
1.276666666666666616e+00
2.056666666666666643e+00
1.929999999999999938e+00
