7.533333333333332993e-01
3.300000000000000155e-01
1.300000000000000044e-01
9.999999999999999167e-02
4.099999999999999756e-01
2.666666666666666630e-01
2.099999999999999922e-01
1.333333333333333315e-01
2.866666666666666807e-01
0.000000000000000000e+00
4.000000000000000083e-02
5.333333333333333676e-02
1.199999999999999956e-01
1.263333333333333419e+00
3.933333333333333126e-01
8.666666666666666963e-02
1.266666666666666607e+00
9.999999999999999167e-02
1.533333333333333492e-01
1.933333333333333293e-01
6.333333333333333870e-02
6.366666666666667140e-01
1.040000000000000036e+00
1.000000000000000021e-02
4.000000000000000083e-02
4.700000000000000289e-01
9.666666666666667851e-02
5.333333333333333676e-02
2.933333333333332793e-01
3.333333333333333287e-02
1.123333333333333295e+00
1.899999999999999745e-01
2.133333333333333470e-01
1.766666666666666663e-01
8.599999999999999867e-01
1.266666666666666774e-01
9.333333333333333759e-02
2.033333333333333381e-01
7.333333333333334758e-02
1.066666666666666735e-01
9.866666666666666918e-01
3.766666666666666496e-01
2.333333333333333440e-02
2.266666666666666829e-01
2.820000000000000284e+00
5.299999999999999156e-01
8.366666666666665586e-01
1.700000000000000122e-01
4.863333333333333286e+00
