6.433333333333333126e-01
4.533333333333333659e-01
3.313333333333333908e+00
1.100000000000000006e-01
1.330000000000000071e+00
7.666666666666667462e-02
1.133333333333333276e-01
6.999999999999999278e-02
0.000000000000000000e+00
0.000000000000000000e+00
3.333333333333333287e-02
2.866666666666666807e-01
8.266666666666666607e-01
1.700000000000000122e-01
1.233333333333333365e-01
3.533333333333333326e-01
1.000000000000000194e-01
1.066666666666666735e-01
8.699999999999999956e-01
1.949999999999999956e+00
1.000000000000000194e-01
1.433333333333333404e-01
2.999999999999999889e-02
1.233333333333333365e-01
1.333333333333333419e-02
1.600000000000000033e-01
8.000000000000000167e-02
4.000000000000000083e-02
2.466666666666666730e-01
2.000000000000000042e-02
1.533333333333333492e-01
4.000000000000000083e-02
1.399999999999999856e-01
4.766666666666666274e-01
1.656666666666666510e+00
1.466666666666666785e+00
