5.433333333333333348e-01
2.433333333333333182e-01
4.333333333333333481e-02
9.300000000000000488e-01
4.799999999999999822e-01
5.133333333333333082e-01
5.333333333333333676e-02
3.633333333333333415e-01
1.700000000000000122e-01
2.000000000000000042e-02
6.666666666666667095e-03
7.999999999999999334e-01
7.733333333333334281e-01
2.666666666666666838e-02
8.666666666666666963e-01
5.333333333333333676e-02
0.000000000000000000e+00
0.000000000000000000e+00
1.333333333333333419e-02
3.333333333333333547e-03
1.666666666666666644e-02
3.333333333333333547e-03
3.333333333333333547e-03
3.333333333333333547e-03
3.833333333333333037e-01
1.010000000000000009e+00
1.000000000000000021e-02
8.000000000000000167e-02
3.333333333333333287e-02
4.333333333333333481e-02
9.666666666666667851e-02
2.133333333333332915e-01
4.500000000000000111e-01
2.133333333333333470e-01
1.226666666666666794e+00
1.340000000000000080e+00
9.666666666666666741e-01
3.166666666666666519e-01
3.233333333333333059e-01
1.480000000000000204e+00
6.666666666666666297e-01
1.199999999999999956e+00
2.033333333333333381e-01
4.499999999999999556e-01
1.233333333333333365e-01
0.000000000000000000e+00
1.333333333333333315e-01
5.333333333333333676e-02
7.500000000000000000e-01
1.100000000000000006e-01
6.666666666666666574e-02
4.966666666666666452e-01
1.266666666666666774e-01
1.133333333333333276e-01
1.900000000000000300e-01
1.433333333333333404e-01
6.666666666666667095e-03
9.033333333333333215e-01
1.833333333333333481e-01
0.000000000000000000e+00
0.000000000000000000e+00
9.000000000000000222e-01
5.666666666666667074e-02
3.333333333333333547e-03
1.063333333333333242e+00
1.100000000000000006e-01
1.333333333333333315e-01
1.366666666666666863e-01
7.000000000000000666e-02
4.599999999999999645e-01
1.433333333333333404e-01
1.666666666666666644e-02
5.666666666666667074e-02
1.166666666666666546e-01
2.999999999999999889e-01
2.600000000000000089e-01
1.643333333333333313e+00
8.266666666666666607e-01
0.000000000000000000e+00
2.999999999999999889e-02
0.000000000000000000e+00
0.000000000000000000e+00
0.000000000000000000e+00
4.266666666666666941e-01
8.000000000000000167e-02
1.000000000000000021e-02
1.233333333333333365e-01
3.466666666666666785e-01
6.833333333333332371e-01
1.066666666666666735e-01
0.000000000000000000e+00
2.333333333333333440e-02
0.000000000000000000e+00
0.000000000000000000e+00
0.000000000000000000e+00
0.000000000000000000e+00
8.333333333333332871e-02
2.600000000000000089e-01
8.866666666666667140e-01
5.666666666666666380e-02
3.733333333333333504e-01
3.566666666666666874e-01
1.666666666666666574e-01
1.123333333333333295e+00
0.000000000000000000e+00
7.366666666666666918e-01
5.533333333333333437e-01
1.333333333333333419e-02
0.000000000000000000e+00
9.699999999999998623e-01
1.433333333333333404e-01
1.266666666666666774e-01
0.000000000000000000e+00
2.999999999999999889e-01
1.216666666666666785e+00
2.666666666666666838e-02
1.166666666666666741e+00
4.199999999999999845e-01
1.393333333333333313e+00
2.123333333333333517e+00
