6.500000000000000222e-01
9.966666666666665897e-01
1.666666666666666574e-01
1.189999999999999947e+00
9.999999999999999167e-02
1.133333333333333304e+00
4.000000000000000083e-02
1.000000000000000021e-02
1.399999999999999856e-01
5.333333333333333676e-02
1.000000000000000021e-02
3.333333333333333287e-02
1.173333333333333339e+00
1.666666666666666644e-02
1.000000000000000021e-02
3.233333333333333059e-01
1.233333333333333393e+00
6.099999999999999867e-01
0.000000000000000000e+00
3.000000000000000444e-01
2.033333333333333381e-01
9.999999999999999167e-02
4.899999999999999911e-01
0.000000000000000000e+00
7.333333333333333370e-02
8.433333333333333792e-01
0.000000000000000000e+00
6.666666666666667095e-03
2.433333333333333182e-01
4.799999999999999822e-01
1.000000000000000021e-02
3.300000000000000155e-01
7.933333333333333348e-01
2.000000000000000042e-02
2.333333333333333440e-02
9.900000000000001021e-01
1.099999999999999867e-01
7.666666666666667462e-02
1.466666666666666674e-01
3.166666666666667074e-01
7.633333333333333082e-01
1.533333333333333492e-01
1.900000000000000300e-01
9.899999999999998801e-01
5.699999999999999512e-01
0.000000000000000000e+00
0.000000000000000000e+00
6.466666666666666119e-01
3.866666666666667140e-01
6.666666666666667095e-03
1.300000000000000044e-01
4.033333333333333215e-01
0.000000000000000000e+00
1.000000000000000021e-02
5.066666666666667096e-01
1.833333333333333481e-01
1.000000000000000021e-02
2.800000000000000266e-01
1.053333333333333455e+00
1.199999999999999956e-01
2.233333333333333004e-01
1.066666666666666735e-01
3.866666666666667140e-01
6.999999999999998446e-01
0.000000000000000000e+00
7.966666666666665231e-01
1.110000000000000098e+00
7.000000000000000666e-02
0.000000000000000000e+00
7.200000000000000844e-01
9.933333333333332904e-01
0.000000000000000000e+00
6.666666666666667095e-03
7.299999999999999822e-01
1.366666666666666863e-01
1.333333333333333419e-02
4.333333333333333481e-02
1.000000000000000021e-02
1.333333333333333315e-01
1.066666666666666735e-01
1.550000000000000044e+00
4.666666666666666879e-02
8.666666666666666963e-02
6.999999999999998446e-01
5.033333333333332993e-01
1.333333333333333419e-02
6.666666666666667095e-03
8.000000000000000167e-02
1.333333333333333419e-02
2.000000000000000042e-02
2.466666666666666730e-01
1.396666666666666723e+00
1.033333333333333326e-01
1.700000000000000122e-01
1.843333333333333490e+00
1.183333333333333348e+00
2.466666666666666730e-01
3.300000000000000155e-01
5.933333333333333792e-01
1.523333333333333428e+00
9.633333333333333748e-01
9.333333333333333759e-02
1.399999999999999856e-01
9.199999999999999289e-01
6.466666666666666119e-01
4.666666666666666879e-02
7.999999999999999334e-01
4.899999999999999911e-01
5.666666666666666380e-02
1.613333333333333286e+00
8.866666666666667140e-01
1.013333333333333419e+00
1.333333333333333419e-02
5.733333333333333615e-01
6.966666666666666563e-01
1.900000000000000133e+00
6.333333333333333037e-01
2.433333333333333182e-01
5.533333333333333437e-01
2.533333333333333548e-01
2.933333333333333348e-01
1.793333333333333224e+00
