1.023333333333333428e+00
2.333333333333333093e-01
7.399999999999998801e-01
6.700000000000000400e-01
1.133333333333333526e+00
4.066666666666666763e-01
6.166666666666666963e-01
9.599999999999999645e-01
2.666666666666666838e-02
4.199999999999999845e-01
6.900000000000000577e-01
1.113333333333333508e+00
6.000000000000000472e-02
5.899999999999999689e-01
1.136666666666666714e+00
1.173333333333333561e+00
1.000000000000000021e-02
1.209999999999999964e+00
1.493333333333333401e+00
2.866666666666666807e-01
7.033333333333332549e-01
2.333333333333333648e-01
2.333333333333333093e-02
9.000000000000000222e-01
1.033333333333333326e-01
5.999999999999999778e-02
9.666666666666667851e-02
1.123333333333333295e+00
1.666666666666666574e-01
4.033333333333333215e-01
7.299999999999999822e-01
8.000000000000000167e-02
1.326666666666666661e+00
9.333333333333332371e-01
1.199999999999999956e-01
3.233333333333333615e-01
8.666666666666666963e-01
1.399999999999999856e-01
1.633333333333333304e-01
1.499999999999999944e-01
1.499999999999999944e-01
8.666666666666666963e-02
9.366666666666665364e-01
1.293333333333333224e+00
5.599999999999999423e-01
3.966666666666666674e-01
4.666666666666666879e-02
1.766666666666666663e-01
1.866666666666666752e-01
7.666666666666667462e-02
2.199999999999999734e-01
2.766666666666666718e-01
1.833333333333333481e-01
1.833333333333333481e-01
1.600000000000000033e-01
1.766666666666666663e-01
1.600000000000000033e-01
4.000000000000000083e-02
1.166666666666666824e-01
1.266666666666666774e-01
1.066666666666666458e-01
2.766666666666666718e-01
4.333333333333333481e-01
1.533333333333333215e-01
1.666666666666666644e-02
1.366666666666666585e-01
1.019999999999999796e+00
1.666666666666666644e-02
1.800000000000000211e-01
1.789999999999999813e+00
1.163333333333333330e+00
2.136666666666666714e+00
7.633333333333333082e-01
1.033333333333333326e-01
4.833333333333333925e-01
1.733333333333333393e-01
5.566666666666666430e-01
7.900000000000000355e-01
8.366666666666665586e-01
7.300000000000000933e-01
1.333333333333333419e-02
1.133333333333333276e-01
4.266666666666665830e-01
0.000000000000000000e+00
8.333333333333332871e-02
7.366666666666666918e-01
1.266666666666666774e-01
0.000000000000000000e+00
2.000000000000000042e-02
1.293333333333333224e+00
1.466666666666666674e-01
1.386666666666666714e+00
1.666666666666666574e-01
9.666666666666667851e-02
8.766666666666665941e-01
1.013333333333333419e+00
1.466666666666666785e+00
