3.500000000000000333e-01
1.566666666666666485e-01
6.666666666666667095e-03
3.333333333333333287e-02
4.666666666666666879e-02
3.366666666666666696e-01
4.166666666666666852e-01
1.833333333333333204e-01
9.000000000000001055e-02
6.333333333333333870e-02
8.666666666666666963e-02
2.399999999999999911e-01
1.900000000000000300e-01
1.399999999999999856e-01
4.133333333333333304e-01
7.766666666666667274e-01
1.499999999999999944e-01
2.066666666666666652e-01
1.166666666666666824e-01
3.333333333333333287e-02
1.033333333333333326e-01
1.733333333333333393e-01
2.666666666666666838e-02
6.666666666666667095e-03
0.000000000000000000e+00
3.866666666666667140e-01
5.899999999999999689e-01
1.999999999999999833e-01
4.633333333333333193e-01
3.333333333333333148e-01
8.000000000000000167e-02
6.000000000000000472e-02
2.333333333333333093e-01
1.183333333333333348e+00
1.033333333333333326e-01
4.066666666666666763e-01
1.026666666666666616e+00
6.099999999999999867e-01
1.899999999999999745e-01
1.733333333333333393e-01
0.000000000000000000e+00
3.333333333333333547e-03
2.000000000000000042e-02
8.000000000000000167e-02
2.466666666666666730e-01
1.466666666666666397e-01
8.666666666666666963e-02
1.976666666666666572e+00
3.100000000000000533e-01
1.566666666666666652e+00
5.466666666666666341e-01
3.600000000000000422e-01
1.000000000000000194e-01
1.233333333333333365e-01
5.666666666666667074e-02
9.266666666666667496e-01
9.333333333333333759e-02
6.666666666666666574e-02
8.333333333333332871e-02
1.300000000000000044e-01
1.899999999999999745e-01
1.260000000000000009e+00
3.833333333333333037e-01
4.333333333333333481e-02
2.100000000000000089e+00
