1.253333333333333188e+00
2.533333333333333548e-01
4.633333333333333748e-01
7.699999999999999067e-01
3.366666666666666696e-01
4.199999999999999845e-01
5.433333333333333348e-01
1.006666666666666821e+00
1.866666666666666752e-01
1.366666666666666918e+00
8.933333333333334236e-01
9.100000000000000311e-01
1.209999999999999964e+00
1.266666666666666829e+00
4.266666666666666941e-01
6.666666666666666574e-02
1.933333333333333293e-01
2.466666666666666730e-01
3.666666666666666408e-01
3.099999999999999978e-01
1.400000000000000133e+00
1.933333333333333570e-01
4.166666666666666852e-01
9.766666666666665719e-01
1.940000000000000169e+00
1.510000000000000009e+00
4.833333333333333370e-01
3.300000000000000155e-01
2.366666666666666641e-01
9.000000000000001055e-02
7.666666666666666075e-02
9.000000000000001055e-02
1.433333333333333404e-01
1.100000000000000006e-01
7.299999999999999822e-01
1.533333333333333215e-01
4.333333333333333481e-02
1.066666666666666735e-01
7.333333333333333370e-02
1.700000000000000122e-01
1.399999999999999856e-01
3.099999999999999978e-01
8.033333333333333437e-01
1.700000000000000122e-01
5.000000000000000971e-02
5.333333333333333676e-02
0.000000000000000000e+00
6.666666666666667095e-03
4.999999999999999584e-02
8.333333333333332871e-02
1.933333333333333570e-01
3.133333333333332971e-01
1.033333333333333326e-01
1.136666666666666714e+00
9.466666666666666563e-01
7.333333333333333370e-02
3.000000000000000236e-02
2.200000000000000011e-01
2.999999999999999889e-02
9.399999999999999467e-01
3.333333333333333148e-01
1.140000000000000124e+00
1.366666666666666863e-01
1.733333333333333393e-01
1.999999999999999833e-01
1.013333333333333419e+00
1.333333333333333419e-02
2.433333333333333182e-01
8.666666666666666963e-02
2.000000000000000042e-02
1.133333333333333415e-01
0.000000000000000000e+00
1.333333333333333419e-02
0.000000000000000000e+00
8.466666666666666785e-01
3.333333333333333547e-03
9.333333333333333759e-02
2.999999999999999889e-01
2.226666666666666572e+00
1.266666666666666774e-01
1.406666666666666510e+00
2.000000000000000389e-01
5.300000000000000266e-01
6.966666666666666563e-01
1.400000000000000133e-01
1.793333333333333224e+00
6.666666666666667095e-03
2.766666666666666718e-01
1.000000000000000021e-02
1.486666666666666581e+00
