1.050000000000000044e+00
3.766666666666666496e-01
3.333333333333333287e-02
9.766666666666666829e-01
5.600000000000000533e-01
3.333333333333333287e-02
1.300000000000000044e-01
1.540000000000000036e+00
3.999999999999999667e-01
2.133333333333333470e-01
1.843333333333333046e+00
1.966666666666666841e-01
8.333333333333332871e-02
4.166666666666666852e-01
0.000000000000000000e+00
8.499999999999999778e-01
1.326666666666666439e+00
2.999999999999999889e-02
0.000000000000000000e+00
8.333333333333332871e-02
1.106666666666666687e+00
1.666666666666666644e-02
2.333333333333333440e-02
4.333333333333333481e-02
4.666666666666666879e-02
8.000000000000000167e-02
6.333333333333333870e-02
5.466666666666666341e-01
0.000000000000000000e+00
7.666666666666667462e-02
1.766666666666666663e-01
2.000000000000000042e-02
6.666666666666667095e-03
9.000000000000001055e-02
1.633333333333333304e-01
1.426666666666666750e+00
1.533333333333333215e-01
7.399999999999998801e-01
8.666666666666666963e-02
2.433333333333333182e-01
1.499999999999999944e-01
1.366666666666666863e-01
4.966666666666666452e-01
3.333333333333333547e-03
6.333333333333333870e-02
5.666666666666667074e-02
5.666666666666666380e-02
2.933333333333333903e-01
2.266666666666666552e-01
2.000000000000000389e-01
2.999999999999999889e-02
1.423333333333333561e+00
6.333333333333333870e-02
4.599999999999999645e-01
0.000000000000000000e+00
9.333333333333333759e-02
5.099999999999998979e-01
2.999999999999999889e-02
5.400000000000000355e-01
1.366666666666666863e-01
4.500000000000000111e-01
4.833333333333333370e-01
1.020000000000000018e+00
4.133333333333333304e-01
2.466666666666666730e-01
1.866666666666666752e-01
2.266666666666666552e-01
1.466666666666666397e-01
2.466666666666666730e-01
2.666666666666666838e-02
1.046666666666666634e+00
2.866666666666666807e-01
6.666666666666667095e-03
1.333333333333333419e-02
7.666666666666666075e-02
2.366666666666666641e-01
5.999999999999999778e-01
8.000000000000000167e-02
1.066666666666666735e-01
3.466666666666666785e-01
4.666666666666666186e-01
1.499999999999999944e-01
6.666666666666666574e-02
2.066666666666666652e-01
3.466666666666666785e-01
3.266666666666666607e-01
1.406666666666666510e+00
2.133333333333333470e-01
1.356666666666666687e+00
3.300000000000000155e-01
1.166666666666666546e-01
2.199999999999999734e-01
2.966666666666666341e-01
3.533333333333333326e-01
2.766666666666666718e-01
1.666666666666666741e+00
3.166666666666666519e-01
2.666666666666666630e-01
1.133333333333333304e+00
2.999999999999999889e-01
1.933333333333333293e-01
2.766666666666666718e-01
3.233333333333333059e-01
3.733333333333333504e-01
6.633333333333333304e-01
3.133333333333333526e-01
7.066666666666666652e-01
2.866666666666666807e-01
1.856666666666666687e+00
