1.449999999999999956e+00
8.799999999999998934e-01
6.233333333333334059e-01
1.133333333333333276e-01
5.233333333333333171e-01
1.600000000000000033e-01
9.000000000000001055e-02
1.000000000000000021e-02
0.000000000000000000e+00
0.000000000000000000e+00
1.133333333333333276e-01
1.333333333333333315e-01
3.200000000000000067e-01
1.333333333333333419e-02
5.000000000000000971e-02
2.999999999999999889e-02
1.899999999999999745e-01
0.000000000000000000e+00
0.000000000000000000e+00
0.000000000000000000e+00
3.666666666666667379e-02
1.000000000000000021e-02
1.099999999999999867e-01
4.999999999999999584e-02
2.766666666666666718e-01
4.500000000000000111e-01
4.099999999999999756e-01
2.866666666666666807e-01
2.233333333333333559e-01
2.036666666666666625e+00
1.343333333333333490e+00
8.099999999999999423e-01
1.050000000000000044e+00
1.030000000000000027e+00
8.399999999999999689e-01
7.666666666666667462e-02
8.233333333333332504e-01
3.466666666666666785e-01
3.166666666666666519e-01
3.300000000000000155e-01
1.089999999999999858e+00
6.633333333333334414e-01
2.266666666666666552e-01
1.833333333333333481e-01
1.166666666666666546e-01
7.666666666666667462e-02
8.233333333333332504e-01
8.000000000000000167e-02
1.613333333333333286e+00
1.466666666666666674e-01
1.333333333333333419e-02
1.666666666666666644e-02
4.000000000000000083e-02
8.333333333333332871e-02
1.000000000000000021e-02
3.466666666666666785e-01
1.666666666666666644e-02
1.000000000000000021e-02
2.066666666666666652e-01
2.266666666666666829e-01
9.566666666666666652e-01
8.933333333333332016e-01
1.209999999999999964e+00
2.133333333333333470e-01
1.233333333333333365e-01
1.300000000000000044e-01
1.033333333333333326e-01
1.133333333333333304e+00
6.766666666666667496e-01
6.566666666666666208e-01
1.533333333333333215e-01
0.000000000000000000e+00
6.266666666666665941e-01
3.166666666666666519e-01
1.666666666666666644e-02
6.366666666666666030e-01
4.999999999999999584e-02
4.333333333333333481e-02
2.000000000000000042e-02
0.000000000000000000e+00
0.000000000000000000e+00
0.000000000000000000e+00
0.000000000000000000e+00
0.000000000000000000e+00
1.166666666666666546e-01
9.000000000000001055e-02
7.333333333333334758e-02
1.303333333333333455e+00
3.333333333333333547e-03
5.999999999999999778e-02
1.316666666666666652e+00
8.533333333333333881e-01
1.666666666666666644e-02
1.766666666666666663e-01
3.366666666666666696e-01
4.000000000000000083e-02
5.033333333333332993e-01
4.966666666666666452e-01
2.666666666666666630e-01
0.000000000000000000e+00
2.333333333333333093e-01
1.783333333333333215e+00
3.333333333333333287e-02
3.233333333333333059e-01
7.933333333333333348e-01
2.766666666666666718e-01
5.733333333333333615e-01
9.933333333333332904e-01
1.199999999999999956e-01
1.466666666666666674e-01
8.000000000000000167e-02
0.000000000000000000e+00
3.333333333333333547e-03
0.000000000000000000e+00
0.000000000000000000e+00
0.000000000000000000e+00
8.466666666666666785e-01
6.666666666666667095e-03
7.566666666666667096e-01
3.166666666666666519e-01
1.300000000000000044e-01
2.666666666666666838e-02
2.866666666666666807e-01
7.000000000000000666e-02
1.666666666666666644e-02
1.190000000000000169e+00
1.433333333333333404e-01
1.246666666666666812e+00
3.633333333333332860e-01
0.000000000000000000e+00
9.333333333333333759e-02
4.166666666666666852e-01
9.333333333333333759e-02
1.000000000000000021e-02
1.250000000000000000e+00
1.866666666666666752e-01
4.466666666666666008e-01
1.766666666666666663e-01
2.033333333333333381e-01
1.899999999999999745e-01
4.999999999999999584e-02
4.000000000000000083e-02
1.766666666666666663e-01
0.000000000000000000e+00
3.000000000000000236e-02
6.666666666666667095e-03
1.866666666666666474e+00
2.666666666666666838e-02
4.566666666666667207e-01
1.166666666666666824e-01
5.000000000000000971e-02
0.000000000000000000e+00
1.063333333333333242e+00
6.433333333333333126e-01
0.000000000000000000e+00
1.133333333333333276e-01
4.666666666666666186e-01
5.333333333333333676e-02
1.333333333333333419e-02
1.333333333333333419e-02
1.563333333333333242e+00
2.933333333333333903e-01
1.833333333333333481e-01
9.899999999999998801e-01
8.599999999999999867e-01
2.126666666666666483e+00
