1.123333333333333295e+00
4.099999999999999756e-01
6.933333333333333570e-01
1.873333333333333073e+00
2.133333333333333304e+00
1.266666666666666774e-01
8.666666666666666963e-02
2.566666666666666541e-01
8.700000000000001066e-01
1.383333333333333526e+00
6.800000000000000488e-01
6.766666666666667496e-01
2.566666666666666541e-01
2.700000000000000178e-01
1.566666666666666763e-01
1.949999999999999956e+00
2.166666666666666463e-01
1.600000000000000033e-01
2.066666666666666652e-01
5.499999999999999334e-01
1.469999999999999973e+00
1.233333333333333365e-01
1.933333333333333293e-01
1.666666666666666574e-01
9.166666666666666297e-01
5.266666666666666163e-01
1.600000000000000033e-01
4.666666666666666879e-02
1.193333333333333357e+00
7.333333333333333370e-02
5.000000000000000971e-02
4.000000000000000083e-02
1.100000000000000089e+00
3.400000000000000244e-01
3.733333333333333504e-01
2.999999999999999889e-02
3.166666666666666519e-01
2.666666666666666838e-02
6.666666666666666574e-02
1.399999999999999856e-01
2.100000000000000477e-01
4.899999999999999911e-01
2.999999999999999889e-01
1.383333333333333526e+00
6.666666666666666574e-02
2.200000000000000011e-01
2.316666666666666430e+00
4.966666666666666452e-01
6.966666666666666563e-01
1.233333333333333365e-01
9.200000000000000400e-01
1.000000000000000021e-02
1.833333333333333481e-01
1.733333333333333393e-01
2.133333333333332915e-01
1.199999999999999956e-01
1.916666666666666741e+00
1.060000000000000053e+00
1.666666666666666644e-02
5.666666666666666380e-02
4.933333333333333459e-01
3.566666666666666874e-01
3.300000000000000155e-01
1.700000000000000122e-01
4.433333333333333570e-01
1.000000000000000021e-02
4.733333333333333282e-01
1.226666666666666794e+00
2.133333333333333470e-01
4.166666666666666852e-01
1.766666666666666663e-01
1.063333333333333464e+00
4.266666666666666941e-01
5.633333333333333526e-01
2.633333333333333637e-01
1.976666666666666572e+00
2.733333333333333726e-01
3.666666666666666963e-01
2.666666666666666630e-01
5.266666666666667274e-01
2.189999999999999947e+00
2.456666666666666554e+00
2.253333333333333410e+00
1.366666666666666918e+00
1.020000000000000018e+00
2.999999999999999889e-02
2.133333333333333470e-01
1.166666666666666741e+00
9.000000000000000222e-01
4.033333333333333215e-01
2.216666666666666341e+00
1.733333333333333393e-01
2.466666666666666730e-01
1.213333333333333375e+00
4.699999999999999734e-01
7.466666666666667007e-01
7.299999999999999822e-01
2.016666666666666607e+00
7.000000000000000666e-01
6.899999999999999467e-01
7.666666666666666075e-01
6.233333333333334059e-01
5.933333333333333792e-01
1.713333333333333153e+00
