1.013333333333333419e+00
5.433333333333333348e-01
1.066666666666666735e-01
2.666666666666666630e-01
2.666666666666666630e-01
1.776666666666666616e+00
1.843333333333333490e+00
1.966666666666666841e-01
2.399999999999999911e-01
1.820000000000000062e+00
1.453333333333333366e+00
9.133333333333334414e-01
7.066666666666666652e-01
1.566666666666666485e-01
0.000000000000000000e+00
2.666666666666666630e-01
1.043333333333333224e+00
7.866666666666667362e-01
2.700000000000000622e+00
1.169999999999999929e+00
1.833333333333333204e-01
3.833333333333333037e-01
4.766666666666666274e-01
1.000000000000000021e-02
6.333333333333333870e-02
1.333333333333333419e-02
0.000000000000000000e+00
3.333333333333333547e-03
1.000000000000000021e-02
1.666666666666666644e-02
0.000000000000000000e+00
3.333333333333333547e-03
2.999999999999999889e-02
4.433333333333333570e-01
2.133333333333333470e-01
3.866666666666667140e-01
8.333333333333332871e-02
1.333333333333333419e-02
1.613333333333333286e+00
2.833333333333333814e-01
2.333333333333333093e-01
8.666666666666666963e-02
1.700000000000000122e-01
9.599999999999999645e-01
0.000000000000000000e+00
1.260000000000000009e+00
8.033333333333333437e-01
1.899999999999999745e-01
1.733333333333333393e-01
1.499999999999999944e-01
4.433333333333333570e-01
7.033333333333334769e-01
2.200000000000000011e-01
7.399999999999998801e-01
2.399999999999999911e-01
2.466666666666666730e-01
1.433333333333333404e-01
8.666666666666666963e-02
1.133333333333333276e-01
1.666666666666666644e-02
6.666666666666667095e-03
2.000000000000000042e-02
3.633333333333332860e-01
0.000000000000000000e+00
0.000000000000000000e+00
8.333333333333333703e-01
2.300000000000000100e-01
6.666666666666666574e-02
1.666666666666666644e-02
5.999999999999999778e-02
1.966666666666666563e-01
3.333333333333333287e-02
9.733333333333332726e-01
9.999999999999999167e-02
1.233333333333333365e-01
1.156666666666666510e+00
2.333333333333333093e-02
1.799999999999999656e-01
7.366666666666666918e-01
8.799999999999998934e-01
2.633333333333333637e-01
6.666666666666667095e-03
2.099999999999999922e-01
1.223333333333333384e+00
4.233333333333333393e-01
1.700000000000000122e-01
1.556666666666666643e+00
4.333333333333333481e-01
1.000000000000000021e-02
0.000000000000000000e+00
1.000000000000000021e-02
6.666666666666667095e-03
2.466666666666666730e-01
6.666666666666667095e-03
9.333333333333332371e-02
4.666666666666666186e-01
7.399999999999998801e-01
2.500000000000000000e-01
6.933333333333333570e-01
8.666666666666666963e-02
1.300000000000000044e-01
1.866666666666666752e-01
8.333333333333332871e-02
0.000000000000000000e+00
0.000000000000000000e+00
6.666666666666667095e-03
6.666666666666666574e-02
1.933333333333333293e-01
5.666666666666666380e-02
1.486666666666666581e+00
1.866666666666666752e-01
1.290000000000000036e+00
6.333333333333333870e-02
0.000000000000000000e+00
6.333333333333333870e-02
3.333333333333333547e-03
3.333333333333333547e-03
6.666666666666666574e-02
3.000000000000000236e-02
1.999999999999999833e-01
1.446666666666666545e+00
1.266666666666666774e-01
5.133333333333333082e-01
2.699999999999999623e-01
7.733333333333333171e-01
4.733333333333333282e-01
1.466666666666666952e-01
3.333333333333333287e-02
4.866666666666666363e-01
5.300000000000000266e-01
0.000000000000000000e+00
6.333333333333333870e-02
1.533333333333333215e-01
2.866666666666666807e-01
7.666666666666667462e-02
3.066666666666666430e-01
1.633333333333333304e-01
7.000000000000000666e-02
1.333333333333333419e-02
2.333333333333333440e-02
4.333333333333333481e-02
3.333333333333333547e-03
9.566666666666665542e-01
2.000000000000000042e-02
3.266666666666666607e-01
1.903333333333333321e+00
1.533333333333333215e-01
2.166666666666666741e-01
5.799999999999999600e-01
2.866666666666666696e+00
1.013333333333333419e+00
