1.886666666666666714e+00
3.733333333333333504e-01
3.400000000000000244e-01
9.799999999999999822e-01
2.833333333333333259e-01
2.733333333333333726e-01
5.333333333333333676e-02
1.399999999999999856e-01
6.666666666666666297e-01
1.666666666666666644e-02
1.073333333333333250e+00
1.033333333333333215e+00
1.766666666666666663e-01
1.266666666666666774e-01
9.333333333333332371e-01
1.550000000000000044e+00
2.333333333333333093e-02
5.033333333333332993e-01
9.466666666666666563e-01
4.433333333333333570e-01
8.199999999999999512e-01
9.133333333333334414e-01
1.629999999999999893e+00
1.273333333333333428e+00
9.799999999999999822e-01
7.266666666666666829e-01
4.233333333333333393e-01
6.466666666666666119e-01
3.300000000000000155e-01
1.239999999999999991e+00
1.383333333333333526e+00
7.933333333333333348e-01
8.633333333333332860e-01
7.866666666666666252e-01
3.300000000000000155e-01
4.666666666666666186e-01
4.266666666666665830e-01
7.733333333333333171e-01
8.466666666666666785e-01
1.900000000000000300e-01
5.666666666666665408e-01
4.333333333333333481e-02
3.966666666666666674e-01
9.333333333333332371e-02
6.933333333333333570e-01
1.666666666666666644e-02
7.066666666666666652e-01
5.866666666666665586e-01
5.333333333333333259e-01
1.833333333333333481e-01
3.066666666666666430e-01
2.233333333333333004e-01
6.333333333333333870e-02
4.199999999999999289e-01
1.063333333333333464e+00
9.666666666666666741e-01
1.116666666666666696e+00
1.633333333333333526e+00
1.686666666666666758e+00
1.040000000000000036e+00
5.033333333333332993e-01
9.199999999999999289e-01
8.699999999999999956e-01
8.300000000000000711e-01
4.133333333333333304e-01
6.566666666666666208e-01
3.899999999999999578e-01
3.459999999999999520e+00
