9.100000000000000311e-01
4.899999999999999911e-01
2.233333333333333559e-01
1.219999999999999973e+00
2.099999999999999645e-01
1.466666666666666397e-01
1.000000000000000021e-02
1.700000000000000122e-01
2.000000000000000042e-02
1.566666666666666763e-01
3.666666666666666963e-01
1.899999999999999745e-01
1.133333333333333276e-01
3.533333333333333326e-01
7.800000000000001377e-01
9.333333333333333759e-02
0.000000000000000000e+00
1.733333333333333393e-01
1.400000000000000133e-01
2.233333333333333559e-01
8.900000000000000133e-01
1.633333333333333304e-01
1.766666666666666663e-01
9.700000000000000844e-01
1.100000000000000006e-01
1.666666666666666644e-02
3.333333333333333547e-03
0.000000000000000000e+00
1.233333333333333365e-01
4.899999999999999911e-01
1.399999999999999856e-01
3.833333333333333037e-01
9.199999999999999289e-01
1.199999999999999956e-01
4.500000000000000111e-01
1.199999999999999956e-01
1.343333333333333490e+00
2.633333333333333637e-01
8.433333333333332682e-01
6.666666666666666297e-01
6.666666666666667095e-03
1.333333333333333419e-02
8.333333333333332871e-02
1.666666666666666644e-02
5.266666666666666163e-01
2.366666666666666641e-01
2.366666666666666641e-01
1.866666666666666752e-01
5.166666666666667185e-01
9.366666666666666474e-01
4.999999999999999584e-02
1.999999999999999833e-01
1.333333333333333315e-01
8.266666666666667718e-01
7.299999999999999822e-01
1.330000000000000071e+00
1.646666666666666501e+00
