1.936666666666666758e+00
1.263333333333333419e+00
2.600000000000000089e-01
3.833333333333333037e-01
2.700000000000000178e-01
3.433333333333333237e-01
1.600000000000000033e-01
2.333333333333333093e-01
4.433333333333333570e-01
2.733333333333333726e-01
4.033333333333333215e-01
3.766666666666666496e-01
1.766666666666666663e-01
4.666666666666666879e-02
2.666666666666666838e-02
6.666666666666667095e-03
9.000000000000001055e-02
9.533333333333334769e-01
1.263333333333333419e+00
2.999999999999999889e-02
3.333333333333333287e-02
2.233333333333333559e-01
7.033333333333332549e-01
1.033333333333333326e-01
4.433333333333333570e-01
2.033333333333333381e-01
9.333333333333333759e-02
1.566666666666666763e-01
1.266666666666666774e-01
1.199999999999999956e-01
1.400000000000000133e-01
0.000000000000000000e+00
2.633333333333333637e-01
2.700000000000000178e-01
3.666666666666667379e-02
1.666666666666666644e-02
1.733333333333333393e-01
1.633333333333333304e-01
9.333333333333333759e-02
1.003333333333333410e+00
3.866666666666667140e-01
2.500000000000000000e-01
1.196666666666666545e+00
2.533333333333333548e-01
3.133333333333332971e-01
3.266666666666666607e-01
1.900000000000000300e-01
9.400000000000000577e-01
3.366666666666666696e-01
2.333333333333333440e-02
1.700000000000000122e-01
0.000000000000000000e+00
0.000000000000000000e+00
0.000000000000000000e+00
3.333333333333333547e-03
0.000000000000000000e+00
5.333333333333333676e-02
1.063333333333333242e+00
1.463333333333333597e+00
7.266666666666665719e-01
1.000000000000000021e-02
0.000000000000000000e+00
0.000000000000000000e+00
1.333333333333333419e-02
1.933333333333333293e-01
1.113333333333333508e+00
3.666666666666667379e-02
4.533333333333333659e-01
2.833333333333333814e-01
1.903333333333333321e+00
3.300000000000000155e-01
2.666666666666666630e-01
1.533333333333333437e+00
2.266666666666666552e-01
1.566666666666666763e-01
1.066666666666666735e-01
5.666666666666667074e-02
2.766666666666666718e-01
0.000000000000000000e+00
1.033333333333333326e-01
3.333333333333333287e-02
0.000000000000000000e+00
0.000000000000000000e+00
3.333333333333333547e-03
0.000000000000000000e+00
2.133333333333333470e-01
1.566666666666666485e-01
3.666666666666667379e-02
4.500000000000000111e-01
4.199999999999999845e-01
8.333333333333332871e-02
6.866666666666666474e-01
1.000000000000000021e-02
3.666666666666667379e-02
0.000000000000000000e+00
1.000000000000000021e-02
1.833333333333333204e-01
3.866666666666666585e-01
6.800000000000000488e-01
9.000000000000001055e-02
1.933333333333333570e-01
6.333333333333333870e-02
1.466666666666666674e-01
1.866666666666666752e-01
6.000000000000000472e-02
1.333333333333333419e-02
1.933333333333333570e-01
0.000000000000000000e+00
1.326666666666666883e+00
2.966666666666666896e-01
3.333333333333333287e-02
3.333333333333333287e-02
1.166666666666666741e+00
3.333333333333333287e-02
0.000000000000000000e+00
2.000000000000000042e-02
1.166666666666666741e+00
6.733333333333333393e-01
2.200000000000000011e-01
1.896666666666666723e+00
8.133333333333333526e-01
7.000000000000000666e-02
1.533333333333333492e-01
2.166666666666666463e-01
7.033333333333334769e-01
1.333333333333333419e-02
2.040000000000000036e+00
6.000000000000000472e-02
3.366666666666666696e-01
0.000000000000000000e+00
0.000000000000000000e+00
6.666666666666667095e-03
0.000000000000000000e+00
1.300000000000000044e-01
0.000000000000000000e+00
8.766666666666665941e-01
8.333333333333332871e-02
0.000000000000000000e+00
3.333333333333333287e-02
1.826666666666666883e+00
1.766666666666666663e-01
1.066666666666666735e-01
1.600000000000000033e-01
4.000000000000000083e-02
4.033333333333333215e-01
0.000000000000000000e+00
2.299999999999999822e-01
4.033333333333333215e-01
2.000000000000000042e-02
1.999999999999999833e-01
7.666666666666667462e-02
1.833333333333333481e-01
1.400000000000000133e-01
7.333333333333333370e-02
2.200000000000000011e-01
2.266666666666666829e-01
9.100000000000000311e-01
1.160000000000000142e+00
3.766666666666666496e-01
1.799999999999999656e-01
5.666666666666667074e-02
2.033333333333333381e-01
2.766666666666666718e-01
2.066666666666666652e-01
9.333333333333333759e-02
1.866666666666666752e-01
1.226666666666666794e+00
5.300000000000000266e-01
4.333333333333332926e-01
1.333333333333333259e+00
5.299999999999999156e-01
9.933333333333332904e-01
2.700000000000000178e-01
4.233333333333333393e-01
8.666666666666666963e-02
3.533333333333333326e-01
1.333333333333333315e-01
6.666666666666667095e-03
9.000000000000001055e-02
4.999999999999999584e-02
9.000000000000001055e-02
2.300000000000000100e-01
2.166666666666666741e-01
5.200000000000000178e-01
2.166666666666666741e-01
8.666666666666666963e-02
3.366666666666666696e-01
2.333333333333333440e-02
6.333333333333333870e-02
1.300000000000000044e-01
1.700000000000000122e-01
2.366666666666666641e-01
6.000000000000000472e-02
2.000000000000000042e-02
5.033333333333332993e-01
0.000000000000000000e+00
8.000000000000000167e-02
3.999999999999999667e-01
7.033333333333334769e-01
6.000000000000000472e-02
2.199999999999999734e-01
1.656666666666666954e+00
1.066666666666666735e-01
9.566666666666666652e-01
2.399999999999999911e-01
3.600000000000000422e-01
1.466666666666666674e-01
1.400000000000000133e-01
8.000000000000000167e-02
1.033333333333333326e-01
1.000000000000000021e-02
1.133333333333333276e-01
4.166666666666666852e-01
3.833333333333333037e-01
1.733333333333333393e-01
1.333333333333333419e-02
3.333333333333333287e-02
3.666666666666666685e-02
8.666666666666666963e-02
1.116666666666666696e+00
1.343333333333333490e+00
3.333333333333333287e-02
5.333333333333333676e-02
2.699999999999999623e-01
8.800000000000000044e-01
8.000000000000000167e-02
4.599999999999999645e-01
5.133333333333333082e-01
2.800000000000000266e-01
1.266666666666666774e-01
9.333333333333333759e-02
0.000000000000000000e+00
2.666666666666666838e-02
6.666666666666667095e-03
9.999999999999999167e-02
2.733333333333333726e-01
5.666666666666667074e-02
0.000000000000000000e+00
2.766666666666666718e-01
2.033333333333333381e-01
4.666666666666666879e-02
1.300000000000000044e+00
3.733333333333333504e-01
4.133333333333333859e-01
1.686666666666666536e+00
2.099999999999999922e-01
7.733333333333333171e-01
2.600000000000000089e-01
1.633333333333333304e-01
1.246666666666666812e+00
7.033333333333334769e-01
1.000000000000000021e-02
3.066666666666666985e-01
0.000000000000000000e+00
3.333333333333333287e-02
1.000000000000000021e-02
1.000000000000000021e-02
0.000000000000000000e+00
1.466666666666666674e-01
1.703333333333333366e+00
1.110000000000000098e+00
1.133333333333333304e+00
2.799999999999999711e-01
0.000000000000000000e+00
0.000000000000000000e+00
0.000000000000000000e+00
2.199999999999999734e-01
1.013333333333333419e+00
8.333333333333332871e-02
4.500000000000000111e-01
1.566666666666666485e-01
1.356666666666666687e+00
3.233333333333333059e-01
2.766666666666666718e-01
1.373333333333333295e+00
2.600000000000000089e-01
7.333333333333333370e-02
1.533333333333333215e-01
1.866666666666666752e-01
4.733333333333333282e-01
5.500000000000000444e-01
1.566666666666666485e-01
1.133333333333333276e-01
4.000000000000000083e-02
1.066666666666666735e-01
0.000000000000000000e+00
2.333333333333333440e-02
1.033333333333333326e-01
1.033333333333333326e-01
4.633333333333333193e-01
4.500000000000000111e-01
2.999999999999999889e-01
6.666666666666666297e-01
3.999999999999999667e-01
1.466666666666666952e-01
1.033333333333333326e-01
2.666666666666666838e-02
0.000000000000000000e+00
9.333333333333333759e-02
3.800000000000000600e-01
5.066666666666667096e-01
4.999999999999999584e-02
1.866666666666666752e-01
4.666666666666666879e-02
3.433333333333332682e-01
2.099999999999999922e-01
3.333333333333333287e-02
1.000000000000000021e-02
1.233333333333333365e-01
7.000000000000000666e-02
1.110000000000000098e+00
2.733333333333333726e-01
0.000000000000000000e+00
3.000000000000000236e-02
2.126666666666666927e+00
2.399999999999999911e-01
0.000000000000000000e+00
0.000000000000000000e+00
4.233333333333333393e-01
3.900000000000000688e-01
2.500000000000000000e-01
9.000000000000000222e-01
1.239999999999999991e+00
6.333333333333333870e-02
2.099999999999999645e-01
1.500000000000000222e-01
5.000000000000000000e-01
2.333333333333333440e-02
8.033333333333332327e-01
8.666666666666666963e-02
1.239999999999999991e+00
2.999999999999999889e-02
0.000000000000000000e+00
2.666666666666666838e-02
1.000000000000000021e-02
1.433333333333333404e-01
0.000000000000000000e+00
4.599999999999999645e-01
9.999999999999999167e-02
0.000000000000000000e+00
3.666666666666666685e-02
9.933333333333332904e-01
1.533333333333333492e-01
6.666666666666667095e-03
0.000000000000000000e+00
0.000000000000000000e+00
6.266666666666665941e-01
1.233333333333333365e-01
5.499999999999999334e-01
8.066666666666666430e-01
2.000000000000000042e-02
7.333333333333333925e-01
2.800000000000000266e-01
2.133333333333332915e-01
1.433333333333333404e-01
3.666666666666666685e-02
2.566666666666666541e-01
7.200000000000000844e-01
1.503333333333333188e+00
8.300000000000000711e-01
4.099999999999999756e-01
2.899999999999999800e-01
0.000000000000000000e+00
1.933333333333333293e-01
7.333333333333331983e-02
1.366666666666666585e-01
2.166666666666666741e-01
6.999999999999999278e-02
9.933333333333331794e-01
1.600000000000000033e-01
4.966666666666666452e-01
1.419999999999999929e+00
1.333333333333333419e-02
7.366666666666666918e-01
8.000000000000000167e-02
2.566666666666666541e-01
3.333333333333333547e-03
4.466666666666667118e-01
6.066666666666666874e-01
6.666666666666667095e-03
6.666666666666666574e-02
1.700000000000000122e-01
5.999999999999999778e-02
2.466666666666666730e-01
3.200000000000000067e-01
5.833333333333333703e-01
2.200000000000000011e-01
1.800000000000000211e-01
4.333333333333333481e-01
1.499999999999999944e-01
9.666666666666667851e-02
2.433333333333333182e-01
1.833333333333333481e-01
5.833333333333333703e-01
3.133333333333333526e-01
1.100000000000000006e-01
4.633333333333333193e-01
4.000000000000000083e-02
1.000000000000000021e-02
2.133333333333332915e-01
1.250000000000000000e+00
2.700000000000000178e-01
1.066666666666666735e-01
1.773333333333333428e+00
