5.033333333333332993e-01
2.000000000000000389e-01
2.366666666666666641e-01
2.166666666666666741e-01
7.299999999999999822e-01
2.699999999999999623e-01
7.099999999999999645e-01
2.266666666666666552e-01
3.099999999999999978e-01
3.700000000000000511e-01
4.966666666666666452e-01
1.966666666666666563e-01
1.003333333333333188e+00
3.733333333333333504e-01
1.566666666666666652e+00
7.533333333333332993e-01
3.699999999999999400e-01
2.933333333333333348e-01
6.166666666666666963e-01
6.099999999999999867e-01
1.666666666666666644e-02
2.066666666666666652e-01
2.066666666666666652e-01
7.666666666666667462e-02
1.800000000000000211e-01
1.100000000000000089e+00
1.366666666666666863e-01
2.000000000000000042e-02
3.666666666666666685e-02
1.159999999999999920e+00
9.666666666666667851e-02
0.000000000000000000e+00
3.600000000000000422e-01
1.303333333333333455e+00
1.766666666666666663e-01
2.333333333333333093e-01
8.000000000000000167e-02
6.666666666666667095e-03
7.900000000000000355e-01
1.099999999999999867e-01
1.333333333333333419e-02
2.233333333333333004e-01
2.033333333333333381e-01
4.166666666666666852e-01
2.600000000000000089e-01
1.400000000000000133e-01
3.000000000000000236e-02
3.366666666666666696e-01
1.303333333333333455e+00
5.566666666666666430e-01
2.033333333333333381e-01
2.500000000000000000e-01
6.033333333333333881e-01
5.633333333333333526e-01
2.433333333333333182e-01
5.566666666666666430e-01
1.133333333333333304e+00
7.333333333333333370e-02
2.000000000000000042e-02
5.466666666666667451e-01
2.833333333333333814e-01
3.333333333333333287e-02
6.999999999999999278e-02
1.133333333333333276e-01
0.000000000000000000e+00
8.333333333333332871e-02
1.966666666666666841e-01
0.000000000000000000e+00
6.433333333333334236e-01
1.530000000000000027e+00
3.333333333333333287e-02
6.666666666666667095e-03
7.233333333333332726e-01
3.400000000000000244e-01
3.666666666666666963e-01
2.166666666666666741e-01
6.333333333333333870e-02
5.566666666666666430e-01
2.933333333333332793e-01
1.333333333333333419e-02
2.899999999999999800e-01
3.133333333333333526e-01
0.000000000000000000e+00
3.666666666666666685e-02
3.433333333333333237e-01
1.666666666666666574e-01
2.666666666666666838e-02
1.099999999999999867e-01
9.999999999999999167e-02
1.666666666666666644e-02
9.333333333333332371e-02
1.333333333333333315e-01
9.333333333333333759e-02
5.000000000000000971e-02
4.733333333333333282e-01
2.133333333333333470e-01
2.966666666666666896e-01
6.300000000000000044e-01
1.583333333333333259e+00
2.600000000000000089e-01
4.333333333333333481e-02
7.600000000000001199e-01
1.146666666666666723e+00
1.733333333333333393e-01
4.666666666666666879e-02
1.399999999999999856e-01
6.666666666666666574e-02
2.000000000000000042e-02
8.166666666666667629e-01
5.333333333333333676e-02
0.000000000000000000e+00
3.600000000000000422e-01
8.133333333333333526e-01
1.333333333333333419e-02
3.333333333333333287e-02
9.000000000000001055e-02
1.199999999999999956e-01
3.433333333333333237e-01
8.000000000000000167e-02
2.533333333333333548e-01
8.766666666666665941e-01
1.200000000000000094e-01
3.366666666666666696e-01
1.623333333333333295e+00
