1.366666666666666474e+00
1.276666666666666616e+00
1.199999999999999956e-01
8.166666666666667629e-01
7.666666666666667462e-02
7.333333333333333370e-02
2.333333333333333440e-02
1.133333333333333276e-01
8.666666666666666963e-02
7.000000000000000666e-02
3.333333333333333287e-02
5.333333333333333676e-02
0.000000000000000000e+00
8.000000000000000167e-02
1.333333333333333419e-02
1.166666666666666546e-01
2.999999999999999889e-02
7.166666666666666741e-01
1.800000000000000211e-01
1.833333333333333481e-01
3.433333333333333237e-01
1.233333333333333365e-01
4.033333333333333215e-01
7.666666666666667462e-02
7.500000000000000000e-01
1.533333333333333492e-01
1.666666666666666644e-02
6.933333333333333570e-01
0.000000000000000000e+00
1.366666666666666585e-01
1.166666666666666546e-01
2.333333333333333440e-02
5.000000000000000000e-01
1.866666666666666752e-01
1.166666666666666824e-01
1.033333333333333326e-01
2.866666666666666807e-01
2.166666666666666463e-01
2.533333333333333548e-01
4.033333333333333215e-01
3.266666666666666607e-01
3.633333333333332860e-01
3.666666666666666685e-02
8.000000000000000167e-02
2.333333333333333440e-02
9.666666666666666463e-02
8.000000000000000167e-02
3.366666666666666696e-01
1.150000000000000133e+00
1.966666666666666841e-01
3.666666666666666963e-01
5.999999999999999778e-02
1.433333333333333404e-01
3.333333333333333547e-03
6.000000000000000472e-02
1.000000000000000021e-02
4.666666666666666879e-02
5.933333333333332682e-01
5.333333333333333676e-02
4.000000000000000083e-02
2.600000000000000089e-01
2.833333333333333814e-01
7.333333333333333370e-02
7.000000000000000666e-02
5.000000000000000971e-02
1.666666666666666574e-01
2.333333333333333440e-02
4.733333333333333282e-01
1.866666666666666752e-01
1.866666666666666752e-01
0.000000000000000000e+00
1.033333333333333326e-01
1.199999999999999956e+00
7.333333333333333370e-02
1.496666666666666812e+00
2.633333333333333637e-01
1.733333333333333393e-01
2.066666666666666929e-01
8.333333333333332871e-02
2.300000000000000100e-01
1.070000000000000062e+00
6.533333333333333215e-01
3.233333333333333059e-01
2.366666666666666641e-01
4.033333333333333215e-01
2.399999999999999911e-01
3.866666666666667140e-01
7.200000000000000844e-01
2.799999999999999711e-01
1.653333333333333321e+00
8.466666666666666785e-01
