1.486666666666666581e+00
3.466666666666666785e-01
2.313333333333333020e+00
8.000000000000000167e-02
3.633333333333332860e-01
1.066666666666666735e-01
2.333333333333333093e-02
8.933333333333334236e-01
1.043333333333333224e+00
1.266666666666666774e-01
1.833333333333333481e-01
2.933333333333333903e-01
1.899999999999999745e-01
2.166666666666666741e-01
1.866666666666666474e+00
1.499999999999999944e-01
3.266666666666666607e-01
1.413333333333333330e+00
4.933333333333333459e-01
2.833333333333333814e-01
1.499999999999999944e-01
9.533333333333334769e-01
3.300000000000000155e-01
1.106666666666666687e+00
2.666666666666666630e-01
2.733333333333333726e-01
2.073333333333333695e+00
1.206666666666666776e+00
2.466666666666666730e-01
2.029999999999999805e+00
6.866666666666666474e-01
1.133333333333333415e-01
2.633333333333333637e-01
6.333333333333333870e-02
1.999999999999999833e-01
4.000000000000000083e-02
1.499999999999999944e-01
3.333333333333333547e-03
2.466666666666666730e-01
1.866666666666666752e-01
1.199999999999999956e-01
1.333333333333333419e-02
1.400000000000000133e-01
1.399999999999999856e-01
3.500000000000000333e-01
1.333333333333333315e-01
2.999999999999999889e-02
7.666666666666667462e-02
2.933333333333333903e-01
9.133333333333334414e-01
3.666666666666666685e-02
3.333333333333333287e-02
5.933333333333333792e-01
1.200000000000000094e-01
8.900000000000000133e-01
7.633333333333333082e-01
3.333333333333333547e-03
9.666666666666667851e-02
3.466666666666666785e-01
1.566666666666666485e-01
4.333333333333333481e-02
6.333333333333333870e-02
1.520000000000000240e+00
7.700000000000000178e-01
3.099999999999999978e-01
2.050000000000000266e+00
1.003333333333333188e+00
1.969999999999999973e+00
3.666666666666666963e-01
7.066666666666666652e-01
4.866666666666666363e-01
4.666666666666666879e-02
1.000000000000000021e-02
5.333333333333333676e-02
2.166666666666666463e-01
2.600000000000000089e-01
3.166666666666666519e-01
1.809999999999999831e+00
2.999999999999999889e-01
4.000000000000000777e-01
2.399999999999999911e-01
2.766666666666666718e-01
1.766666666666666663e-01
6.333333333333333870e-02
6.333333333333333870e-02
1.233333333333333365e-01
4.833333333333333370e-01
2.236666666666666803e+00
1.059999999999999831e+00
2.400000000000000355e+00
6.033333333333332771e-01
1.320000000000000062e+00
1.000000000000000194e-01
2.900000000000000355e-01
3.699999999999999400e-01
1.113333333333333508e+00
