7.900000000000000355e-01
9.233333333333334503e-01
2.666666666666666838e-02
0.000000000000000000e+00
3.333333333333333287e-02
3.333333333333333287e-02
1.333333333333333419e-02
2.500000000000000000e-01
5.400000000000000355e-01
5.299999999999999156e-01
0.000000000000000000e+00
1.999999999999999833e-01
4.199999999999999845e-01
3.666666666666667379e-02
3.333333333333333287e-02
1.250000000000000000e+00
6.066666666666667984e-01
0.000000000000000000e+00
5.666666666666667074e-02
1.213333333333333375e+00
1.666666666666666574e-01
0.000000000000000000e+00
9.233333333333333393e-01
9.633333333333333748e-01
9.766666666666666829e-01
6.666666666666666574e-02
3.533333333333333326e-01
4.366666666666667029e-01
2.666666666666666838e-02
8.000000000000000167e-02
3.866666666666667140e-01
2.500000000000000000e-01
6.333333333333333870e-02
1.000000000000000021e-02
2.666666666666666630e-01
1.133333333333333276e-01
3.766666666666667052e-01
1.626666666666666705e+00
6.133333333333333970e-01
8.333333333333332871e-02
3.899999999999999578e-01
2.099999999999999922e-01
6.666666666666667095e-03
9.666666666666666463e-02
1.133333333333333276e-01
5.666666666666667074e-02
1.266666666666666774e-01
8.699999999999999956e-01
0.000000000000000000e+00
0.000000000000000000e+00
2.166666666666666741e-01
2.000000000000000042e-02
3.333333333333333547e-03
7.566666666666667096e-01
2.633333333333333637e-01
1.366666666666666863e-01
7.799999999999999156e-01
3.333333333333333547e-03
1.499999999999999944e-01
4.266666666666665830e-01
0.000000000000000000e+00
1.333333333333333315e-01
5.000000000000000971e-02
3.333333333333333547e-03
8.333333333333332871e-02
1.400000000000000133e-01
8.000000000000000167e-02
1.000000000000000021e-02
7.666666666666667462e-02
8.000000000000000167e-02
2.333333333333333440e-02
5.999999999999999778e-02
1.033333333333333326e-01
7.666666666666667462e-02
8.000000000000000167e-02
5.666666666666667074e-02
6.666666666666666574e-02
0.000000000000000000e+00
2.099999999999999645e-01
1.900000000000000300e-01
1.666666666666666644e-02
6.466666666666666119e-01
8.333333333333332871e-02
3.933333333333333126e-01
2.033333333333333381e-01
1.833333333333333481e-01
2.266666666666666552e-01
1.600000000000000033e-01
2.766666666666666718e-01
4.299999999999999933e-01
0.000000000000000000e+00
0.000000000000000000e+00
8.133333333333333526e-01
1.666666666666666644e-02
1.500000000000000222e-01
6.333333333333333870e-02
3.233333333333333059e-01
4.233333333333333393e-01
0.000000000000000000e+00
9.333333333333332371e-02
1.266666666666666774e-01
1.066666666666666735e-01
1.066666666666666735e-01
2.466666666666666730e-01
1.666666666666666644e-02
6.999999999999999278e-02
4.000000000000000083e-02
6.099999999999999867e-01
1.520000000000000240e+00
1.333333333333333315e-01
1.400000000000000133e-01
2.533333333333333548e-01
4.366666666666667029e-01
4.400000000000000022e-01
3.833333333333333037e-01
0.000000000000000000e+00
1.566666666666666485e-01
6.700000000000000400e-01
0.000000000000000000e+00
2.666666666666666838e-02
8.000000000000000167e-02
1.000000000000000021e-02
2.333333333333333093e-01
3.733333333333333504e-01
9.700000000000000844e-01
3.666666666666666685e-02
3.966666666666666674e-01
1.700000000000000122e-01
5.899999999999999689e-01
2.333333333333333093e-02
3.666666666666666685e-02
1.780000000000000027e+00
3.066666666666666430e-01
6.666666666666667095e-03
1.999999999999999833e-01
3.166666666666666519e-01
1.000000000000000021e-02
1.333333333333333419e-02
9.833333333333333925e-01
2.999999999999999889e-02
6.666666666666667095e-03
1.179999999999999938e+00
1.133333333333333276e-01
2.500000000000000000e-01
7.133333333333333748e-01
1.343333333333333490e+00
7.933333333333333348e-01
1.583333333333333259e+00
1.070000000000000062e+00
7.766666666666667274e-01
2.000000000000000042e-02
4.000000000000000083e-02
2.999999999999999889e-02
0.000000000000000000e+00
0.000000000000000000e+00
4.000000000000000083e-02
2.033333333333333659e-01
1.933333333333333570e-01
0.000000000000000000e+00
2.200000000000000011e-01
4.266666666666666941e-01
3.333333333333333287e-02
0.000000000000000000e+00
1.276666666666666616e+00
9.066666666666666208e-01
1.000000000000000021e-02
2.333333333333333440e-02
2.866666666666666807e-01
2.033333333333333381e-01
2.333333333333333440e-02
9.100000000000000311e-01
7.733333333333333171e-01
6.666666666666666297e-01
4.999999999999999584e-02
2.333333333333333093e-01
6.199999999999999956e-01
1.933333333333333570e-01
1.466666666666666674e-01
3.099999999999999978e-01
3.066666666666666985e-01
0.000000000000000000e+00
4.666666666666666879e-02
2.366666666666666641e-01
1.333333333333333315e-01
3.133333333333332971e-01
1.853333333333333499e+00
5.933333333333332682e-01
1.600000000000000033e-01
3.466666666666666785e-01
1.300000000000000044e-01
2.999999999999999889e-02
4.666666666666666186e-01
6.666666666666666574e-02
2.666666666666666838e-02
5.699999999999999512e-01
9.666666666666667851e-01
4.000000000000000083e-02
0.000000000000000000e+00
1.386666666666666714e+00
1.366666666666666863e-01
9.666666666666666463e-02
9.633333333333332638e-01
4.466666666666666008e-01
5.000000000000000971e-02
9.933333333333331794e-01
5.000000000000000971e-02
6.966666666666666563e-01
6.633333333333334414e-01
0.000000000000000000e+00
0.000000000000000000e+00
0.000000000000000000e+00
0.000000000000000000e+00
1.333333333333333419e-02
1.666666666666666574e-01
6.999999999999999278e-02
0.000000000000000000e+00
2.000000000000000042e-02
0.000000000000000000e+00
0.000000000000000000e+00
2.999999999999999889e-02
1.433333333333333404e-01
1.133333333333333415e-01
2.999999999999999889e-02
2.333333333333333440e-02
1.933333333333333293e-01
2.000000000000000042e-02
3.066666666666666430e-01
2.166666666666666741e-01
0.000000000000000000e+00
3.833333333333333037e-01
0.000000000000000000e+00
2.800000000000000266e-01
4.333333333333333481e-02
0.000000000000000000e+00
5.666666666666666380e-02
3.666666666666667379e-02
3.366666666666666696e-01
4.733333333333333282e-01
0.000000000000000000e+00
0.000000000000000000e+00
7.999999999999999334e-01
5.666666666666667074e-02
1.499999999999999944e-01
4.033333333333333215e-01
0.000000000000000000e+00
8.633333333333332860e-01
1.833333333333333204e-01
1.000000000000000194e-01
9.999999999999999167e-02
4.333333333333333481e-02
3.666666666666667379e-02
3.333333333333333287e-02
0.000000000000000000e+00
0.000000000000000000e+00
0.000000000000000000e+00
9.766666666666665719e-01
2.470000000000000195e+00
4.666666666666666879e-02
3.666666666666666685e-02
1.666666666666666574e-01
2.400000000000000189e-01
1.086666666666666670e+00
1.900000000000000300e-01
0.000000000000000000e+00
1.433333333333333404e-01
6.233333333333334059e-01
0.000000000000000000e+00
1.000000000000000021e-02
1.033333333333333326e-01
1.700000000000000122e-01
1.000000000000000021e-02
1.066666666666666735e-01
1.380000000000000115e+00
1.166666666666666546e-01
1.913333333333333330e+00
2.833333333333333814e-01
9.433333333333333570e-01
3.333333333333333287e-02
1.033333333333333326e-01
1.623333333333333295e+00
3.666666666666666963e-01
2.000000000000000042e-02
2.199999999999999734e-01
4.766666666666666274e-01
1.199999999999999956e-01
4.666666666666666879e-02
9.566666666666666652e-01
1.066666666666666735e-01
8.333333333333332871e-02
1.406666666666666954e+00
1.400000000000000133e-01
2.099999999999999922e-01
1.333333333333333259e+00
7.700000000000000178e-01
9.599999999999999645e-01
1.570000000000000062e+00
