7.933333333333333348e-01
1.326666666666666661e+00
2.033333333333333381e-01
2.999999999999999889e-02
9.333333333333334592e-01
6.766666666666667496e-01
6.666666666666667095e-03
2.633333333333333637e-01
4.666666666666666879e-02
3.066666666666666985e-01
0.000000000000000000e+00
7.466666666666667007e-01
8.566666666666665764e-01
2.999999999999999889e-02
2.333333333333333093e-02
6.000000000000000472e-02
3.999999999999999667e-01
1.346666666666666679e+00
8.333333333333332871e-02
8.800000000000000044e-01
1.899999999999999745e-01
1.466666666666666674e-01
1.700000000000000122e-01
0.000000000000000000e+00
8.666666666666666963e-02
7.000000000000000666e-01
7.333333333333332815e-01
3.333333333333333547e-03
0.000000000000000000e+00
7.700000000000000178e-01
6.999999999999999278e-02
0.000000000000000000e+00
0.000000000000000000e+00
8.333333333333332871e-02
5.333333333333333676e-02
7.699999999999999067e-01
1.700000000000000122e-01
2.000000000000000042e-02
5.333333333333333676e-02
1.499999999999999944e-01
1.700000000000000122e-01
9.766666666666666829e-01
1.900000000000000300e-01
1.800000000000000211e-01
3.066666666666666430e-01
4.133333333333333304e-01
7.333333333333334758e-02
1.013333333333333419e+00
2.899999999999999800e-01
7.333333333333333370e-02
1.266666666666666774e-01
1.696666666666666545e+00
8.800000000000000044e-01
1.266666666666666774e-01
3.533333333333332771e-01
1.369999999999999885e+00
6.933333333333333570e-01
2.433333333333333182e-01
9.933333333333332904e-01
1.433333333333333404e-01
5.999999999999999778e-01
1.333333333333333419e-02
1.966666666666666841e-01
7.666666666666667462e-02
1.676666666666666750e+00
6.300000000000000044e-01
0.000000000000000000e+00
2.433333333333333182e-01
2.466666666666666730e-01
0.000000000000000000e+00
3.333333333333333547e-03
1.150000000000000133e+00
1.966666666666666563e-01
2.999999999999999889e-02
1.800000000000000211e-01
1.466666666666666785e+00
