2.990000000000000213e+00
1.566666666666666485e-01
5.633333333333333526e-01
6.666666666666666574e-02
9.066666666666666208e-01
6.866666666666666474e-01
5.966666666666666785e-01
3.666666666666666685e-02
1.280000000000000027e+00
1.000000000000000021e-02
2.200000000000000011e-01
5.466666666666666341e-01
2.466666666666666730e-01
9.466666666666666563e-01
1.053333333333333455e+00
8.333333333333332871e-02
9.999999999999999167e-02
1.033333333333333326e-01
6.433333333333332016e-01
6.833333333333332371e-01
0.000000000000000000e+00
1.400000000000000133e-01
1.033333333333333326e-01
1.146666666666666723e+00
1.566666666666666485e-01
2.799999999999999711e-01
9.666666666666666463e-02
3.499999999999999223e-01
2.300000000000000100e-01
2.666666666666666838e-02
4.666666666666666879e-02
1.033333333333333326e-01
3.233333333333333059e-01
7.066666666666666652e-01
2.000000000000000389e-01
9.000000000000001055e-02
1.800000000000000211e-01
8.966666666666666119e-01
9.333333333333333759e-02
1.233333333333333365e-01
1.999999999999999833e-01
1.300000000000000044e+00
8.699999999999999956e-01
1.733333333333333393e-01
9.433333333333333570e-01
