6.666666666666666297e-01
6.700000000000000400e-01
1.133333333333333276e-01
8.766666666666665941e-01
1.866666666666666474e-01
3.366666666666666696e-01
2.000000000000000042e-02
4.799999999999999822e-01
7.633333333333333082e-01
3.733333333333333504e-01
8.566666666666665764e-01
4.599999999999999645e-01
2.299999999999999822e-01
4.333333333333333481e-02
1.833333333333333204e-01
1.033333333333333465e-01
1.033333333333333326e-01
3.333333333333333287e-02
5.666666666666667074e-02
2.999999999999999889e-01
0.000000000000000000e+00
1.499999999999999944e-01
1.933333333333333570e-01
4.333333333333333481e-02
1.333333333333333419e-02
0.000000000000000000e+00
2.666666666666666838e-02
0.000000000000000000e+00
1.100000000000000006e-01
1.666666666666666644e-02
5.333333333333333676e-02
1.099999999999999867e-01
6.666666666666667095e-03
5.333333333333333676e-02
4.299999999999999933e-01
0.000000000000000000e+00
4.666666666666666879e-02
0.000000000000000000e+00
0.000000000000000000e+00
5.999999999999999778e-02
0.000000000000000000e+00
3.766666666666666496e-01
3.600000000000000422e-01
5.233333333333333171e-01
4.000000000000000083e-02
9.999999999999999167e-02
4.000000000000000083e-02
2.733333333333333171e-01
8.466666666666666785e-01
4.700000000000000289e-01
5.999999999999999778e-02
1.633333333333333304e-01
5.999999999999999778e-02
1.099999999999999867e-01
1.066666666666666458e-01
7.000000000000000666e-02
2.099999999999999922e-01
8.000000000000000167e-02
5.333333333333333676e-02
1.000000000000000021e-02
2.099999999999999922e-01
3.666666666666666685e-02
4.000000000000000083e-02
0.000000000000000000e+00
1.166666666666666546e-01
3.000000000000000236e-02
1.333333333333333419e-02
2.433333333333333182e-01
2.066666666666666652e-01
0.000000000000000000e+00
5.733333333333332504e-01
0.000000000000000000e+00
1.400000000000000133e+00
1.300000000000000044e-01
1.100000000000000006e-01
4.399999999999999467e-01
3.333333333333333547e-03
9.333333333333333759e-02
2.333333333333333440e-02
3.033333333333333437e-01
5.000000000000000971e-02
1.333333333333333419e-02
1.000000000000000021e-02
1.000000000000000021e-02
3.266666666666666607e-01
2.999999999999999889e-02
3.133333333333332971e-01
6.466666666666666119e-01
3.933333333333333126e-01
6.666666666666666574e-02
4.266666666666666941e-01
5.333333333333334370e-02
1.300000000000000044e-01
3.200000000000000067e-01
9.333333333333332371e-01
2.666666666666666838e-02
8.333333333333332871e-02
1.266666666666666774e-01
1.000000000000000000e+00
1.100000000000000006e-01
1.006666666666666599e+00
1.633333333333333304e-01
9.333333333333333759e-02
1.300000000000000044e-01
5.000000000000000971e-02
4.333333333333333481e-02
3.333333333333333287e-02
8.000000000000000167e-02
6.000000000000000472e-02
9.000000000000001055e-02
2.466666666666666730e-01
1.173333333333333339e+00
3.433333333333333237e-01
5.000000000000000971e-02
2.999999999999999889e-02
5.999999999999999778e-01
3.499999999999999223e-01
9.866666666666666918e-01
2.216666666666666785e+00
3.699999999999999400e-01
1.580000000000000071e+00
1.016666666666666607e+00
2.566666666666666541e-01
1.466666666666666952e-01
1.133333333333333276e-01
9.666666666666667851e-02
1.133333333333333276e-01
2.333333333333333440e-02
1.066666666666666735e-01
0.000000000000000000e+00
1.333333333333333419e-02
4.166666666666666852e-01
6.366666666666666030e-01
2.666666666666666630e-01
4.099999999999999756e-01
7.799999999999999156e-01
5.499999999999999334e-01
2.366666666666666641e-01
5.666666666666667074e-02
3.366666666666666696e-01
3.733333333333333504e-01
1.033333333333333326e-01
3.899999999999999578e-01
1.033333333333333326e-01
3.099999999999999978e-01
9.000000000000001055e-02
4.333333333333333481e-02
1.333333333333333315e-01
1.199999999999999956e-01
1.000000000000000021e-02
1.600000000000000033e-01
5.333333333333333676e-02
4.666666666666666879e-02
6.699999999999999289e-01
5.333333333333333676e-02
3.166666666666666519e-01
8.666666666666666963e-02
1.000000000000000021e-02
2.399999999999999911e-01
8.333333333333332871e-02
6.666666666666667095e-03
2.600000000000000089e-01
2.899999999999999800e-01
4.233333333333333393e-01
1.199999999999999956e-01
3.800000000000000600e-01
9.000000000000001055e-02
6.666666666666667095e-03
6.000000000000000472e-02
0.000000000000000000e+00
0.000000000000000000e+00
6.833333333333334592e-01
3.333333333333333547e-03
8.333333333333333703e-01
3.533333333333333326e-01
1.000000000000000021e-02
1.033333333333333465e-01
2.666666666666666838e-02
5.666666666666667074e-02
3.333333333333333287e-02
2.333333333333333093e-01
0.000000000000000000e+00
6.666666666666666574e-02
2.999999999999999889e-02
9.066666666666667318e-01
