1.953333333333333144e+00
2.266666666666666552e-01
1.266666666666666774e-01
9.333333333333333759e-02
1.296666666666666634e+00
1.099999999999999867e-01
6.333333333333333870e-02
7.466666666666667007e-01
5.000000000000000971e-02
5.600000000000000533e-01
7.433333333333332904e-01
8.599999999999999867e-01
1.199999999999999956e+00
3.366666666666667251e-01
2.166666666666666741e-01
5.333333333333333259e-01
5.233333333333333171e-01
3.166666666666666519e-01
9.266666666666667496e-01
5.666666666666667074e-02
6.666666666666666297e-01
0.000000000000000000e+00
1.400000000000000133e-01
3.333333333333333547e-03
1.333333333333333419e-02
5.666666666666667074e-02
6.666666666666667095e-03
1.499999999999999944e-01
6.333333333333333037e-01
1.060000000000000053e+00
3.466666666666666785e-01
8.233333333333332504e-01
1.610000000000000098e+00
1.533333333333333492e-01
3.766666666666667052e-01
3.699999999999999400e-01
1.066666666666666735e-01
9.000000000000000222e-01
5.333333333333333259e-01
3.800000000000000600e-01
2.866666666666666807e-01
1.833333333333333481e-01
1.133333333333333276e-01
8.566666666666667984e-01
1.476666666666666572e+00
3.333333333333333287e-02
1.033333333333333326e-01
2.066666666666666652e-01
1.820000000000000062e+00
3.333333333333333287e-02
0.000000000000000000e+00
4.199999999999999845e-01
1.196666666666666545e+00
3.166666666666666519e-01
3.333333333333333287e-02
3.933333333333333126e-01
1.266666666666666774e-01
2.033333333333333381e-01
4.433333333333333570e-01
9.333333333333332371e-01
1.733333333333333393e-01
9.666666666666667851e-02
9.933333333333335124e-01
4.799999999999999822e-01
1.000000000000000194e-01
1.126666666666666705e+00
1.926666666666666750e+00
1.886666666666666714e+00
6.733333333333333393e-01
1.383333333333333526e+00
4.000000000000000083e-02
2.333333333333333440e-02
1.499999999999999944e-01
2.666666666666666838e-02
4.333333333333333481e-02
4.166666666666666852e-01
3.333333333333333547e-03
1.499999999999999944e-01
3.333333333333333547e-03
4.000000000000000083e-02
2.600000000000000089e-01
9.266666666666666385e-01
4.366666666666667029e-01
3.800000000000000600e-01
1.499999999999999944e-01
7.233333333333332726e-01
2.199999999999999734e-01
1.466666666666666674e-01
1.570000000000000062e+00
9.999999999999999167e-02
9.500000000000000666e-01
7.000000000000000666e-01
5.099999999999998979e-01
1.493333333333333401e+00
1.266666666666666829e+00
5.666666666666665408e-01
5.866666666666665586e-01
4.266666666666666941e-01
2.133333333333333470e-01
1.260000000000000009e+00
8.233333333333333615e-01
7.533333333333334103e-01
3.333333333333333547e-03
1.033333333333333326e-01
6.333333333333333870e-02
1.666666666666666644e-02
1.666666666666666644e-02
0.000000000000000000e+00
5.999999999999999778e-02
2.066666666666666652e-01
6.199999999999999956e-01
2.399999999999999911e-01
6.633333333333332194e-01
1.776666666666666616e+00
1.233333333333333365e-01
3.500000000000000333e-01
3.966666666666666674e-01
4.033333333333333215e-01
7.600000000000001199e-01
4.666666666666666879e-02
2.333333333333333440e-02
3.366666666666666696e-01
1.266666666666666774e-01
1.666666666666666644e-02
9.333333333333334592e-01
1.786666666666666403e+00
4.000000000000000083e-02
1.233333333333333365e-01
1.933333333333333293e-01
1.476666666666666572e+00
1.366666666666666863e-01
0.000000000000000000e+00
8.333333333333332871e-02
8.033333333333333437e-01
3.066666666666666430e-01
1.199999999999999956e-01
5.366666666666666252e-01
4.333333333333333481e-02
1.733333333333333393e-01
5.066666666666667096e-01
8.166666666666667629e-01
4.366666666666667029e-01
1.300000000000000044e-01
1.146666666666666723e+00
2.666666666666666630e-01
1.933333333333333293e-01
7.600000000000001199e-01
4.500000000000000111e-01
7.399999999999998801e-01
4.699999999999999734e-01
6.866666666666666474e-01
9.000000000000001055e-02
4.000000000000000083e-02
1.033333333333333326e-01
0.000000000000000000e+00
8.000000000000000167e-02
3.800000000000000600e-01
3.666666666666667379e-02
2.133333333333333470e-01
2.333333333333333093e-02
3.033333333333332882e-01
4.333333333333333481e-01
