6.566666666666667318e-01
4.433333333333333570e-01
2.333333333333333440e-02
1.166666666666666546e-01
3.099999999999999978e-01
6.666666666666666574e-02
1.159999999999999920e+00
7.000000000000000666e-02
6.333333333333333870e-02
2.033333333333333381e-01
1.699999999999999956e+00
6.333333333333333870e-02
5.466666666666667451e-01
8.000000000000000167e-02
2.500000000000000000e-01
7.299999999999999822e-01
0.000000000000000000e+00
1.333333333333333419e-02
1.400000000000000133e-01
5.599999999999999423e-01
0.000000000000000000e+00
1.633333333333333304e-01
2.299999999999999822e-01
9.666666666666667851e-02
0.000000000000000000e+00
1.333333333333333315e-01
8.699999999999999956e-01
5.333333333333333676e-02
3.333333333333333287e-02
1.166666666666666546e-01
5.633333333333333526e-01
1.150000000000000133e+00
2.143333333333333091e+00
3.333333333333333547e-03
1.899999999999999745e-01
1.150000000000000133e+00
1.733333333333333393e-01
2.666666666666666838e-02
0.000000000000000000e+00
1.326666666666666883e+00
7.399999999999998801e-01
5.333333333333333676e-02
0.000000000000000000e+00
3.733333333333333504e-01
1.010000000000000009e+00
1.666666666666666644e-02
3.666666666666666685e-02
7.333333333333333370e-02
2.933333333333333903e-01
8.666666666666666963e-01
6.666666666666666574e-02
1.366666666666666863e-01
6.333333333333333870e-02
3.333333333333333547e-03
3.333333333333333287e-02
1.040000000000000036e+00
1.166666666666666546e-01
3.666666666666667379e-02
1.536666666666666847e+00
1.933333333333333570e-01
5.499999999999999334e-01
9.666666666666667851e-02
1.199999999999999956e-01
1.633333333333333304e-01
1.566666666666666763e-01
2.666666666666666630e-01
8.000000000000000167e-02
2.133333333333333470e-01
0.000000000000000000e+00
1.199999999999999956e-01
1.400000000000000133e-01
8.000000000000000167e-02
1.333333333333333419e-02
9.833333333333332815e-01
1.666666666666666644e-02
3.666666666666666685e-02
1.393333333333333535e+00
4.333333333333333481e-02
1.333333333333333419e-02
4.000000000000000083e-02
3.466666666666666785e-01
8.666666666666666963e-02
7.000000000000000666e-02
9.999999999999999167e-02
6.199999999999999956e-01
2.333333333333333440e-02
2.666666666666666838e-02
2.033333333333333381e-01
1.666666666666666574e-01
4.666666666666666879e-02
2.099999999999999922e-01
8.666666666666666963e-01
3.753333333333333410e+00
1.023333333333333428e+00
1.366666666666666863e-01
1.800000000000000211e-01
1.000000000000000021e-02
6.099999999999999867e-01
5.000000000000000971e-02
1.626666666666666705e+00
6.333333333333333870e-02
9.333333333333333759e-02
4.366666666666667029e-01
1.296666666666666856e+00
4.533333333333333659e-01
4.833333333333333925e-01
9.666666666666667851e-02
1.866666666666666474e-01
2.866666666666666807e-01
0.000000000000000000e+00
0.000000000000000000e+00
1.900000000000000300e-01
1.016666666666666607e+00
1.666666666666666644e-02
1.533333333333333215e-01
1.130000000000000115e+00
1.233333333333333365e-01
3.333333333333333287e-02
8.599999999999999867e-01
1.873333333333333295e+00
1.166666666666666546e-01
8.000000000000000167e-02
1.933333333333333293e-01
3.500000000000000333e-01
1.050000000000000044e+00
1.036666666666666625e+00
1.666666666666666644e-02
3.600000000000000422e-01
1.416666666666666741e+00
1.199999999999999956e-01
0.000000000000000000e+00
8.333333333333332871e-02
7.400000000000001021e-01
2.466666666666666730e-01
0.000000000000000000e+00
1.666666666666666644e-02
4.199999999999999845e-01
9.033333333333333215e-01
4.333333333333333481e-02
1.666666666666666644e-02
1.900000000000000300e-01
1.866666666666666752e-01
3.466666666666666785e-01
2.999999999999999889e-02
1.033333333333333326e-01
3.333333333333333547e-03
6.666666666666667095e-03
1.666666666666666644e-02
4.900000000000000466e-01
1.166666666666666546e-01
1.166666666666666546e-01
1.313333333333333464e+00
3.433333333333333237e-01
8.499999999999999778e-01
1.166666666666666546e-01
1.199999999999999956e-01
9.000000000000001055e-02
9.666666666666667851e-02
1.900000000000000300e-01
1.253333333333333188e+00
1.999999999999999833e-01
7.333333333333334758e-02
1.866666666666666752e-01
2.933333333333333903e-01
9.333333333333333759e-02
9.000000000000001055e-02
1.046666666666666634e+00
4.666666666666666879e-02
7.333333333333333370e-02
1.626666666666666705e+00
3.433333333333333237e-01
4.366666666666667029e-01
1.266666666666666774e-01
1.333333333333333315e-01
7.666666666666666075e-02
8.000000000000000167e-02
3.266666666666666607e-01
3.499999999999999223e-01
0.000000000000000000e+00
3.333333333333333547e-03
2.333333333333333440e-02
4.333333333333333481e-02
2.666666666666666838e-02
1.966666666666666563e-01
2.199999999999999734e-01
4.023333333333333428e+00
