4.133333333333333304e-01
1.533333333333333215e-01
2.533333333333333548e-01
9.999999999999999167e-02
3.599999999999999312e-01
6.000000000000000472e-02
0.000000000000000000e+00
4.666666666666666186e-01
5.666666666666667074e-02
6.666666666666666574e-02
0.000000000000000000e+00
1.666666666666666644e-02
2.166666666666666741e-01
0.000000000000000000e+00
1.566666666666666485e-01
1.776666666666666616e+00
1.033333333333333326e-01
2.299999999999999822e-01
1.999999999999999833e-01
8.733333333333334059e-01
1.520000000000000240e+00
6.666666666666667095e-03
1.266666666666666774e-01
3.066666666666666985e-01
1.666666666666666644e-02
4.000000000000000083e-02
1.100000000000000006e-01
4.833333333333333925e-01
1.266666666666666774e-01
6.666666666666667095e-03
3.100000000000000533e-01
3.033333333333332882e-01
2.666666666666666838e-02
2.000000000000000042e-02
9.666666666666667851e-02
8.666666666666666963e-02
9.333333333333333759e-02
1.446666666666666545e+00
4.733333333333333282e-01
1.233333333333333365e-01
1.399999999999999856e-01
4.366666666666667029e-01
8.299999999999999600e-01
2.466666666666666730e-01
0.000000000000000000e+00
6.666666666666666574e-02
1.533333333333333215e-01
4.000000000000000083e-02
1.666666666666666644e-02
9.000000000000000222e-01
6.666666666666667095e-03
2.000000000000000042e-02
9.000000000000001055e-02
7.200000000000000844e-01
1.666666666666666644e-02
1.933333333333333293e-01
1.050000000000000044e+00
2.999999999999999889e-01
5.666666666666667074e-02
6.699999999999999289e-01
7.700000000000000178e-01
1.433333333333333404e-01
1.000000000000000021e-02
1.366666666666666863e-01
1.300000000000000044e-01
1.566666666666666485e-01
3.333333333333333287e-02
5.333333333333333676e-02
8.699999999999999956e-01
3.333333333333333547e-03
5.000000000000000971e-02
7.533333333333332993e-01
3.666666666666666685e-02
1.433333333333333404e-01
1.040000000000000036e+00
1.333333333333333315e-01
1.773333333333333428e+00
9.999999999999999167e-02
3.966666666666666674e-01
1.313333333333333464e+00
1.399999999999999856e-01
7.533333333333332993e-01
7.500000000000000000e-01
1.256666666666666599e+00
5.699999999999999512e-01
6.666666666666667095e-03
6.166666666666665853e-01
5.833333333333333703e-01
2.333333333333333440e-02
1.333333333333333419e-02
2.866666666666666807e-01
3.333333333333333547e-03
0.000000000000000000e+00
2.466666666666666730e-01
1.866666666666666752e-01
2.999999999999999889e-02
1.716666666666666785e+00
1.586666666666666670e+00
1.776666666666666616e+00
1.233333333333333365e-01
2.533333333333333548e-01
1.353333333333333499e+00
1.886666666666666714e+00
2.326666666666666661e+00
2.830000000000000071e+00
2.410000000000000142e+00
