1.066666666666666652e+00
3.666666666666666963e-01
2.259999999999999787e+00
2.433333333333333182e-01
1.500000000000000222e-01
6.333333333333333870e-02
8.666666666666666963e-02
9.033333333333333215e-01
2.466666666666666730e-01
1.099999999999999867e+00
2.666666666666666838e-02
4.400000000000000022e-01
3.099999999999999978e-01
1.499999999999999944e-01
1.053333333333333455e+00
3.666666666666666685e-02
1.073333333333333250e+00
6.333333333333333870e-02
4.666666666666666879e-02
1.633333333333333304e-01
1.000000000000000000e+00
2.666666666666666838e-02
4.333333333333333481e-01
1.499999999999999944e-01
3.300000000000000155e-01
7.000000000000000666e-02
0.000000000000000000e+00
4.633333333333333193e-01
2.199999999999999734e-01
5.333333333333333676e-02
5.333333333333333676e-02
1.166666666666666546e-01
1.666666666666666574e-01
3.466666666666666785e-01
