6.766666666666667496e-01
3.433333333333332682e-01
2.133333333333333470e-01
5.333333333333333676e-02
7.233333333333332726e-01
6.566666666666667318e-01
9.000000000000001055e-02
6.333333333333333870e-02
7.000000000000000666e-02
9.300000000000000488e-01
2.033333333333333381e-01
1.166666666666666546e-01
3.566666666666666874e-01
1.126666666666666705e+00
2.633333333333333637e-01
3.333333333333333287e-02
4.666666666666666186e-01
1.466666666666666397e-01
3.500000000000000333e-01
1.600000000000000033e-01
7.133333333333333748e-01
2.000000000000000042e-02
2.333333333333333440e-02
3.133333333333332971e-01
3.300000000000000155e-01
4.666666666666666879e-02
0.000000000000000000e+00
3.666666666666665991e-02
1.400000000000000133e-01
2.566666666666666541e-01
3.899999999999999578e-01
3.429999999999999716e+00
1.493333333333333401e+00
4.333333333333333481e-02
9.333333333333332371e-02
0.000000000000000000e+00
8.000000000000000167e-02
8.000000000000000167e-02
1.860000000000000098e+00
9.666666666666667851e-02
0.000000000000000000e+00
2.999999999999999889e-02
7.133333333333333748e-01
0.000000000000000000e+00
1.333333333333333419e-02
8.466666666666666785e-01
6.666666666666666574e-02
6.666666666666666574e-02
1.000000000000000021e-02
4.066666666666666763e-01
6.766666666666667496e-01
1.433333333333333404e-01
1.466666666666666952e-01
1.899999999999999745e-01
3.000000000000000444e-01
5.799999999999999600e-01
0.000000000000000000e+00
1.833333333333333481e-01
7.599999999999998979e-01
1.300000000000000044e-01
1.666666666666666644e-02
8.866666666666667140e-01
1.790000000000000036e+00
3.066666666666666430e-01
3.533333333333333326e-01
2.136666666666666714e+00
2.216666666666666785e+00
1.933333333333333293e-01
9.399999999999999467e-01
2.866666666666666807e-01
4.133333333333333304e-01
8.666666666666666963e-02
1.019999999999999796e+00
2.666666666666666838e-02
1.336666666666666670e+00
1.146666666666666501e+00
0.000000000000000000e+00
2.333333333333333440e-02
2.899999999999999800e-01
1.266666666666666774e-01
6.666666666666667095e-03
0.000000000000000000e+00
1.389999999999999902e+00
4.999999999999999584e-02
1.766666666666666663e-01
1.146666666666666723e+00
2.233333333333333004e-01
1.326666666666666883e+00
3.600000000000000422e-01
9.733333333333332726e-01
2.633333333333333637e-01
1.499999999999999944e-01
2.766666666666666718e-01
1.700000000000000122e-01
2.033333333333333381e-01
5.733333333333333615e-01
1.936666666666666758e+00
8.399999999999999689e-01
5.133333333333333082e-01
1.000000000000000021e-02
4.733333333333333282e-01
2.333333333333333093e-02
0.000000000000000000e+00
6.666666666666667095e-03
4.233333333333333393e-01
6.666666666666667095e-03
3.333333333333333287e-02
1.266666666666666774e-01
1.566666666666666763e-01
1.766666666666666663e-01
1.066666666666666652e+00
2.799999999999999711e-01
2.933333333333333348e-01
7.033333333333332549e-01
9.666666666666667851e-02
1.433333333333333404e-01
4.566666666666667207e-01
5.666666666666667074e-02
8.833333333333333037e-01
1.799999999999999656e-01
1.066666666666666735e-01
2.933333333333333348e-01
1.333333333333333259e+00
3.366666666666666696e-01
4.133333333333333859e-01
2.306666666666666643e+00
1.853333333333333499e+00
2.886666666666666714e+00
2.880000000000000338e+00
