4.533333333333333104e-01
6.366666666666667140e-01
9.333333333333333759e-02
3.999999999999999667e-01
8.566666666666665764e-01
1.223333333333333384e+00
2.666666666666666838e-02
5.066666666666667096e-01
1.100000000000000006e-01
1.099999999999999867e-01
1.233333333333333365e-01
0.000000000000000000e+00
4.000000000000000083e-02
1.533333333333333492e-01
4.999999999999999584e-02
6.666666666666667095e-03
5.033333333333332993e-01
1.233333333333333393e+00
2.500000000000000000e-01
4.333333333333333481e-02
1.333333333333333419e-02
1.066666666666666735e-01
7.333333333333334758e-02
1.600000000000000033e-01
2.999999999999999889e-02
8.466666666666666785e-01
3.000000000000000236e-02
4.000000000000000083e-02
1.499999999999999944e-01
2.000000000000000042e-02
3.766666666666666496e-01
3.333333333333333547e-03
3.000000000000000236e-02
3.333333333333333547e-03
6.800000000000000488e-01
1.243333333333333401e+00
