5.799999999999999600e-01
3.966666666666666674e-01
1.933333333333333293e-01
1.133333333333333276e-01
8.666666666666666963e-02
1.966666666666666841e-01
1.933333333333333570e-01
5.999999999999999778e-02
2.700000000000000178e-01
1.380000000000000115e+00
1.199999999999999956e-01
1.233333333333333365e-01
8.333333333333332871e-02
2.500000000000000000e-01
1.400000000000000133e-01
6.666666666666667095e-03
4.899999999999999911e-01
1.556666666666666643e+00
8.000000000000000167e-02
4.000000000000000083e-02
9.666666666666667851e-02
9.433333333333333570e-01
4.333333333333333481e-02
3.666666666666666685e-02
9.999999999999999167e-02
3.133333333333332971e-01
3.066666666666666985e-01
1.236666666666666581e+00
4.500000000000000111e-01
1.550000000000000044e+00
1.006666666666666599e+00
4.666666666666666879e-02
1.866666666666666474e-01
1.150000000000000133e+00
1.933333333333333570e-01
5.666666666666667074e-02
8.366666666666665586e-01
1.143333333333333313e+00
9.333333333333333759e-02
1.633333333333333304e-01
2.933333333333333348e-01
2.666666666666666630e-01
2.466666666666666730e-01
1.166666666666666546e-01
2.966666666666666896e-01
6.666666666666666574e-02
5.866666666666666696e-01
3.666666666666666685e-02
0.000000000000000000e+00
1.833333333333333481e-01
1.283333333333333215e+00
1.000000000000000021e-02
8.666666666666666963e-02
3.333333333333333547e-03
6.666666666666667095e-03
1.380000000000000115e+00
1.000000000000000021e-02
0.000000000000000000e+00
2.833333333333333814e-01
1.466666666666666674e-01
5.000000000000000971e-02
7.999999999999999334e-01
1.546666666666666634e+00
6.300000000000000044e-01
1.766666666666666829e+00
1.316666666666666652e+00
4.333333333333333481e-02
3.333333333333333547e-03
6.333333333333333037e-01
4.666666666666666186e-01
1.666666666666666644e-02
6.633333333333334414e-01
9.300000000000000488e-01
3.666666666666667379e-02
1.133333333333333276e-01
9.999999999999999167e-02
1.833333333333333481e-01
8.666666666666666963e-02
1.263333333333333419e+00
1.139999999999999902e+00
1.400000000000000133e-01
3.799999999999999489e-01
2.833333333333333814e-01
2.433333333333333182e-01
1.949999999999999956e+00
1.046666666666666634e+00
4.899999999999999911e-01
2.033333333333333381e-01
2.399999999999999911e-01
9.933333333333332904e-01
