1.866666666666666752e-01
7.066666666666666652e-01
1.800000000000000211e-01
9.999999999999999167e-02
9.433333333333333570e-01
9.000000000000001055e-02
1.133333333333333276e-01
1.199999999999999956e-01
3.966666666666666674e-01
1.866666666666666752e-01
7.033333333333332549e-01
4.000000000000000083e-02
7.666666666666666075e-02
1.213333333333333375e+00
6.666666666666667095e-03
0.000000000000000000e+00
5.666666666666667629e-01
4.833333333333333925e-01
0.000000000000000000e+00
5.666666666666666380e-02
1.030000000000000027e+00
6.433333333333334236e-01
2.333333333333333440e-02
3.800000000000000600e-01
5.999999999999999778e-02
1.999999999999999833e-01
7.099999999999999645e-01
1.263333333333333419e+00
7.299999999999999822e-01
1.233333333333333365e-01
6.333333333333333870e-02
8.999999999999998279e-02
4.833333333333333370e-01
4.666666666666666186e-02
4.399999999999999467e-01
6.666666666666667095e-03
5.999999999999999778e-02
5.433333333333333348e-01
4.666666666666666186e-01
0.000000000000000000e+00
2.333333333333333440e-02
5.966666666666666785e-01
1.333333333333333315e-01
1.606666666666666687e+00
2.333333333333333440e-02
7.000000000000000666e-02
7.133333333333333748e-01
1.233333333333333365e-01
7.333333333333333370e-02
3.066666666666666985e-01
0.000000000000000000e+00
0.000000000000000000e+00
1.633333333333333304e-01
0.000000000000000000e+00
0.000000000000000000e+00
6.666666666666667095e-03
1.300000000000000044e-01
2.666666666666666838e-02
1.333333333333333419e-02
2.999999999999999889e-02
3.433333333333333237e-01
4.899999999999999911e-01
8.866666666666667140e-01
0.000000000000000000e+00
1.333333333333333315e-01
1.999999999999999833e-01
1.033333333333333326e-01
1.000000000000000021e-02
3.833333333333333037e-01
2.633333333333333637e-01
2.500000000000000000e-01
1.666666666666666644e-02
1.300000000000000044e-01
7.333333333333333370e-02
0.000000000000000000e+00
2.633333333333333082e-01
7.566666666666667096e-01
6.666666666666666574e-02
0.000000000000000000e+00
5.233333333333333171e-01
1.300000000000000044e-01
6.266666666666665941e-01
1.163333333333333330e+00
9.133333333333334414e-01
1.499999999999999944e-01
1.533333333333333215e-01
1.013333333333333419e+00
4.333333333333333481e-02
2.999999999999999889e-02
1.800000000000000211e-01
1.333333333333333419e-02
0.000000000000000000e+00
6.000000000000000472e-02
0.000000000000000000e+00
4.933333333333333459e-01
2.333333333333333093e-02
1.833333333333333481e-01
9.999999999999999167e-02
6.066666666666665764e-01
1.059999999999999831e+00
1.466666666666666674e-01
6.000000000000000888e-01
8.666666666666666963e-02
3.333333333333333547e-03
5.999999999999999778e-02
7.666666666666667462e-02
8.666666666666666963e-02
1.333333333333333419e-02
3.333333333333333287e-02
8.433333333333333792e-01
2.666666666666666838e-02
1.100000000000000006e-01
9.333333333333332371e-01
1.333333333333333419e-02
4.000000000000000083e-02
3.899999999999999578e-01
7.833333333333333259e-01
8.166666666666667629e-01
1.523333333333333428e+00
5.333333333333332288e-02
1.900000000000000300e-01
3.066666666666666985e-01
1.023333333333333206e+00
1.566666666666666652e+00
0.000000000000000000e+00
1.333333333333333419e-02
3.600000000000000422e-01
2.013333333333333197e+00
3.466666666666666785e-01
0.000000000000000000e+00
7.799999999999999156e-01
1.536666666666666847e+00
3.366666666666666141e-01
1.800000000000000211e-01
1.869999999999999885e+00
1.806666666666666643e+00
4.500000000000000111e-01
6.666666666666667095e-03
2.433333333333333182e-01
1.183333333333333348e+00
1.300000000000000044e-01
2.666666666666666838e-02
0.000000000000000000e+00
4.533333333333333104e-01
5.133333333333333082e-01
0.000000000000000000e+00
1.933333333333333570e-01
7.366666666666666918e-01
6.666666666666667095e-03
0.000000000000000000e+00
7.999999999999999334e-01
4.166666666666666852e-01
3.333333333333333547e-03
0.000000000000000000e+00
2.306666666666666643e+00
8.599999999999999867e-01
7.666666666666666075e-02
1.696666666666666545e+00
1.943333333333333357e+00
2.533333333333333548e-01
2.076666666666666661e+00
3.373333333333333517e+00
1.896666666666666501e+00
1.910000000000000142e+00
1.496666666666666812e+00
1.753333333333333188e+00
1.696666666666666545e+00
5.666666666666666519e-01
3.996666666666666146e+00
