8.033333333333333437e-01
4.999999999999999584e-02
6.466666666666666119e-01
4.133333333333333304e-01
3.233333333333333059e-01
6.099999999999999867e-01
2.999999999999999889e-01
2.339999999999999858e+00
4.199999999999999845e-01
2.246666666666666590e+00
7.333333333333332815e-01
2.339999999999999858e+00
6.200000000000001066e-01
1.639999999999999902e+00
3.666666666666666963e-01
1.733333333333333393e+00
7.900000000000000355e-01
1.353333333333333499e+00
3.066666666666666985e-01
3.966666666666666674e-01
4.033333333333333215e-01
1.266666666666666774e-01
4.966666666666666452e-01
1.733333333333333393e-01
7.933333333333333348e-01
4.333333333333333481e-02
5.666666666666666380e-02
2.766666666666666718e-01
3.600000000000000422e-01
2.033333333333333381e-01
7.666666666666667462e-02
2.533333333333333548e-01
1.033333333333333437e+00
1.700000000000000122e-01
7.666666666666667462e-02
1.666666666666666574e-01
2.060000000000000053e+00
1.199999999999999956e-01
1.233333333333333365e-01
2.156666666666666732e+00
1.736666666666667025e+00
4.333333333333333481e-02
4.733333333333333282e-01
1.966666666666666841e-01
5.933333333333332682e-01
5.600000000000000533e-01
1.040000000000000036e+00
2.833333333333333814e-01
1.533333333333333215e-01
1.333333333333333419e-02
0.000000000000000000e+00
2.933333333333333348e-01
2.066666666666666374e-01
8.666666666666666963e-02
8.000000000000000167e-02
0.000000000000000000e+00
2.566666666666666541e-01
5.999999999999999778e-02
1.533333333333333215e-01
2.933333333333333348e-01
3.333333333333333547e-03
1.600000000000000033e-01
9.000000000000001055e-02
2.333333333333333093e-02
1.466666666666666952e-01
0.000000000000000000e+00
2.666666666666666838e-02
1.499999999999999944e-01
2.633333333333333637e-01
0.000000000000000000e+00
2.666666666666666144e-02
1.999999999999999833e-01
9.933333333333332904e-01
2.366666666666666641e-01
1.133333333333333304e+00
5.000000000000000971e-02
0.000000000000000000e+00
3.333333333333333547e-03
9.733333333333332726e-01
8.766666666666665941e-01
0.000000000000000000e+00
2.000000000000000042e-02
2.433333333333333182e-01
3.666666666666667379e-02
8.333333333333332871e-02
9.666666666666667851e-02
4.000000000000000777e-01
1.166666666666666741e+00
4.333333333333333481e-02
1.166666666666666546e-01
1.300000000000000044e-01
1.133333333333333415e-01
3.000000000000000444e-01
2.366666666666666641e-01
1.733333333333333393e-01
9.999999999999999167e-02
4.766666666666666274e-01
1.000000000000000021e-02
2.199999999999999734e-01
9.899999999999998801e-01
2.433333333333333182e-01
2.500000000000000000e-01
8.566666666666667984e-01
5.699999999999999512e-01
3.800000000000000600e-01
4.866666666666666363e-01
9.700000000000000844e-01
1.333333333333333259e+00
2.416666666666666519e+00
5.666666666666667629e-01
3.166666666666666519e-01
9.366666666666666474e-01
1.499999999999999944e-01
1.050000000000000044e+00
1.000000000000000021e-02
5.000000000000000971e-02
2.566666666666666541e-01
0.000000000000000000e+00
0.000000000000000000e+00
3.533333333333333326e-01
1.199999999999999956e-01
8.000000000000000167e-02
0.000000000000000000e+00
1.666666666666666574e-01
1.766666666666666663e-01
1.633333333333333304e-01
2.999999999999999889e-02
2.299999999999999822e-01
5.966666666666666785e-01
0.000000000000000000e+00
1.126666666666666705e+00
1.356666666666666687e+00
1.666666666666666574e-01
2.366666666666666641e-01
6.666666666666667095e-03
2.399999999999999911e-01
6.333333333333333870e-02
4.666666666666666879e-02
3.666666666666666685e-02
1.133333333333333415e-01
1.026666666666666616e+00
4.999999999999999584e-02
3.033333333333332882e-01
2.266666666666666829e-01
8.599999999999999867e-01
1.700000000000000122e-01
1.996666666666666368e+00
3.046666666666666856e+00
3.899999999999999578e-01
6.666666666666666574e-02
1.703333333333333366e+00
2.196666666666666767e+00
2.766666666666666718e-01
4.599999999999999645e-01
2.366666666666666641e-01
7.533333333333332993e-01
1.770000000000000240e+00
1.433333333333333404e-01
8.133333333333334636e-01
2.566666666666666541e-01
6.266666666666667052e-01
2.370000000000000107e+00
7.799999999999999156e-01
3.956666666666666998e+00
