8.233333333333332504e-01
6.999999999999999278e-02
3.000000000000000444e-01
4.333333333333333481e-02
0.000000000000000000e+00
0.000000000000000000e+00
0.000000000000000000e+00
0.000000000000000000e+00
3.333333333333333287e-02
2.999999999999999889e-02
2.299999999999999822e-01
0.000000000000000000e+00
9.766666666666665719e-01
3.000000000000000236e-02
0.000000000000000000e+00
4.000000000000000083e-02
3.333333333333333547e-03
0.000000000000000000e+00
1.733333333333333393e-01
2.099999999999999922e-01
0.000000000000000000e+00
0.000000000000000000e+00
9.333333333333333759e-02
3.333333333333333287e-02
6.333333333333333870e-02
3.000000000000000236e-02
8.666666666666666963e-02
1.919999999999999929e+00
2.600000000000000089e-01
1.836666666666666670e+00
6.300000000000000044e-01
6.666666666666667095e-03
1.133333333333333415e-01
9.666666666666667851e-02
6.666666666666667095e-03
1.033333333333333326e-01
4.000000000000000083e-02
6.166666666666666963e-01
1.666666666666666574e-01
2.466666666666666730e-01
3.300000000000000155e-01
8.000000000000000167e-02
1.100000000000000006e-01
1.110000000000000098e+00
5.766666666666665497e-01
0.000000000000000000e+00
1.633333333333333304e-01
3.333333333333333547e-03
1.833333333333333204e-01
3.333333333333333547e-03
6.333333333333333870e-02
1.400000000000000133e-01
1.666666666666666644e-02
0.000000000000000000e+00
9.999999999999999167e-02
8.333333333333332871e-02
8.000000000000000167e-02
8.033333333333333437e-01
2.133333333333333470e-01
1.003333333333333188e+00
0.000000000000000000e+00
4.500000000000000111e-01
0.000000000000000000e+00
3.333333333333333547e-03
3.333333333333333547e-03
0.000000000000000000e+00
4.666666666666666879e-02
1.733333333333333393e-01
1.899999999999999745e-01
1.499999999999999944e-01
3.666666666666667379e-02
8.666666666666666963e-02
6.666666666666666574e-02
8.000000000000000167e-02
9.000000000000001055e-02
4.999999999999999584e-02
2.999999999999999889e-02
0.000000000000000000e+00
1.333333333333333419e-02
4.333333333333333481e-01
0.000000000000000000e+00
1.000000000000000021e-02
1.666666666666666644e-02
3.833333333333333037e-01
1.533333333333333492e-01
2.833333333333333814e-01
1.836666666666666670e+00
6.666666666666666297e-01
1.166666666666666741e+00
2.000000000000000042e-02
0.000000000000000000e+00
0.000000000000000000e+00
0.000000000000000000e+00
0.000000000000000000e+00
0.000000000000000000e+00
3.333333333333333287e-02
1.066666666666666735e-01
5.999999999999999778e-02
1.266666666666666774e-01
0.000000000000000000e+00
0.000000000000000000e+00
0.000000000000000000e+00
8.666666666666666963e-02
1.000000000000000021e-02
4.666666666666666879e-02
5.666666666666666380e-02
6.533333333333333215e-01
4.266666666666666941e-01
1.833333333333333481e-01
2.533333333333333548e-01
1.143333333333333313e+00
2.933333333333332793e-01
3.133333333333332971e-01
1.733333333333333393e-01
1.000000000000000194e-01
1.666666666666666644e-02
7.999999999999999334e-01
8.433333333333332682e-01
3.666666666666666685e-02
0.000000000000000000e+00
6.666666666666667095e-03
3.033333333333333437e-01
6.666666666666667095e-03
0.000000000000000000e+00
7.866666666666666252e-01
9.766666666666665719e-01
0.000000000000000000e+00
4.466666666666666008e-01
1.196666666666666545e+00
4.333333333333333481e-02
3.000000000000000236e-02
7.333333333333333925e-01
1.666666666666666644e-02
4.666666666666666879e-02
1.700000000000000122e-01
9.766666666666666829e-01
1.576666666666666883e+00
1.466666666666666674e-01
2.333333333333333093e-01
1.280000000000000027e+00
1.280000000000000027e+00
1.033333333333333326e-01
3.233333333333333059e-01
8.333333333333332871e-02
0.000000000000000000e+00
1.666666666666666644e-02
0.000000000000000000e+00
4.666666666666666879e-02
9.000000000000001055e-02
1.366666666666666863e-01
1.166666666666666546e-01
0.000000000000000000e+00
6.333333333333333037e-01
4.666666666666666186e-01
3.333333333333333547e-03
4.333333333333333481e-02
1.666666666666666644e-02
6.666666666666667095e-03
1.199999999999999956e-01
3.966666666666666674e-01
3.333333333333333547e-03
0.000000000000000000e+00
5.333333333333333676e-02
1.633333333333333304e-01
7.666666666666666075e-02
2.000000000000000042e-02
5.333333333333334370e-02
1.339999999999999858e+00
6.099999999999999867e-01
1.206666666666666776e+00
5.333333333333333259e-01
5.000000000000000971e-02
8.333333333333332871e-02
4.333333333333333481e-02
0.000000000000000000e+00
1.166666666666666546e-01
3.000000000000000236e-02
4.666666666666666879e-02
1.300000000000000044e-01
2.366666666666666641e-01
2.466666666666666730e-01
3.333333333333333287e-02
8.666666666666666963e-02
3.833333333333333592e-01
2.766666666666666718e-01
0.000000000000000000e+00
1.033333333333333326e-01
2.333333333333333440e-02
3.500000000000000333e-01
6.666666666666667095e-03
3.000000000000000236e-02
5.999999999999999778e-02
0.000000000000000000e+00
4.000000000000000083e-02
9.666666666666666463e-02
6.666666666666666574e-02
1.066666666666666735e-01
4.233333333333333393e-01
1.233333333333333365e-01
1.226666666666666572e+00
1.000000000000000021e-02
5.933333333333333792e-01
0.000000000000000000e+00
1.000000000000000021e-02
1.000000000000000194e-01
3.666666666666667379e-02
1.266666666666666774e-01
3.300000000000000155e-01
5.999999999999999778e-02
5.499999999999999334e-01
1.133333333333333276e-01
3.333333333333333547e-03
1.233333333333333365e-01
1.333333333333333419e-02
1.333333333333333315e-01
1.999999999999999833e-01
1.000000000000000021e-02
8.000000000000000167e-02
6.666666666666667095e-03
4.966666666666665897e-01
1.333333333333333419e-02
2.333333333333333093e-02
2.999999999999999889e-02
8.800000000000000044e-01
1.533333333333333492e-01
2.700000000000000178e-01
1.393333333333333313e+00
4.400000000000000022e-01
1.013333333333333419e+00
1.000000000000000194e-01
0.000000000000000000e+00
0.000000000000000000e+00
0.000000000000000000e+00
0.000000000000000000e+00
1.000000000000000021e-02
1.199999999999999956e-01
0.000000000000000000e+00
6.666666666666667095e-03
2.333333333333333440e-02
0.000000000000000000e+00
2.000000000000000042e-02
1.000000000000000021e-02
5.999999999999999778e-02
1.666666666666666644e-02
1.199999999999999956e-01
1.333333333333333419e-02
4.466666666666667118e-01
2.933333333333332793e-01
9.000000000000001055e-02
3.533333333333333326e-01
8.800000000000000044e-01
2.266666666666666552e-01
3.200000000000000067e-01
2.966666666666666896e-01
1.866666666666666474e-01
6.666666666666667095e-03
6.066666666666667984e-01
1.186666666666666758e+00
1.499999999999999944e-01
0.000000000000000000e+00
9.333333333333333759e-02
3.033333333333333992e-01
1.000000000000000021e-02
6.666666666666667095e-03
1.046666666666666856e+00
1.050000000000000044e+00
0.000000000000000000e+00
5.533333333333333437e-01
7.233333333333332726e-01
1.333333333333333419e-02
0.000000000000000000e+00
5.799999999999999600e-01
0.000000000000000000e+00
1.333333333333333419e-02
6.000000000000000472e-02
1.070000000000000062e+00
1.780000000000000027e+00
3.666666666666666685e-02
4.299999999999999933e-01
1.076666666666666661e+00
1.610000000000000098e+00
1.566666666666666763e-01
2.133333333333333470e-01
7.333333333333333370e-02
0.000000000000000000e+00
0.000000000000000000e+00
0.000000000000000000e+00
0.000000000000000000e+00
0.000000000000000000e+00
0.000000000000000000e+00
3.200000000000000067e-01
0.000000000000000000e+00
8.033333333333333437e-01
2.000000000000000042e-02
0.000000000000000000e+00
4.000000000000000083e-02
1.666666666666666644e-02
5.666666666666667074e-02
2.600000000000000089e-01
7.333333333333333370e-02
4.000000000000000083e-02
6.666666666666667095e-03
3.600000000000000422e-01
8.666666666666666963e-02
2.999999999999999889e-02
4.333333333333333481e-02
3.333333333333333287e-02
1.339999999999999858e+00
4.500000000000000111e-01
1.506666666666666599e+00
4.900000000000000466e-01
3.666666666666667379e-02
3.333333333333333287e-02
9.999999999999999167e-02
3.333333333333333547e-03
4.666666666666666186e-02
2.333333333333333440e-02
3.333333333333333148e-01
1.266666666666666774e-01
2.299999999999999822e-01
3.733333333333332948e-01
9.333333333333333759e-02
4.999999999999999584e-02
1.076666666666666661e+00
4.866666666666666363e-01
0.000000000000000000e+00
1.233333333333333504e-01
2.000000000000000042e-02
2.433333333333333182e-01
0.000000000000000000e+00
3.333333333333333287e-02
5.999999999999999778e-02
0.000000000000000000e+00
1.333333333333333419e-02
1.033333333333333465e-01
5.000000000000000971e-02
6.666666666666666574e-02
9.799999999999999822e-01
9.999999999999999167e-02
6.233333333333332948e-01
2.000000000000000042e-02
2.733333333333333171e-01
0.000000000000000000e+00
6.666666666666667095e-03
0.000000000000000000e+00
2.666666666666666838e-02
4.000000000000000083e-02
1.199999999999999956e-01
1.366666666666666863e-01
1.166666666666666546e-01
1.000000000000000021e-02
8.000000000000000167e-02
9.333333333333333759e-02
2.666666666666666838e-02
4.000000000000000083e-02
7.000000000000000666e-02
6.666666666666667095e-03
0.000000000000000000e+00
1.333333333333333419e-02
5.166666666666667185e-01
0.000000000000000000e+00
6.999999999999999278e-02
5.666666666666666380e-02
1.129999999999999893e+00
1.566666666666666485e-01
1.499999999999999944e-01
1.633333333333333526e+00
5.733333333333333615e-01
9.133333333333334414e-01
1.000000000000000021e-02
0.000000000000000000e+00
0.000000000000000000e+00
4.000000000000000083e-02
2.999999999999999889e-02
0.000000000000000000e+00
5.333333333333333676e-02
8.333333333333332871e-02
4.000000000000000083e-02
1.433333333333333404e-01
1.666666666666666644e-02
1.666666666666666644e-02
4.333333333333333481e-02
1.266666666666666774e-01
0.000000000000000000e+00
1.033333333333333326e-01
1.666666666666666644e-02
2.500000000000000000e-01
3.200000000000000067e-01
9.999999999999999167e-02
5.533333333333333437e-01
4.500000000000000111e-01
2.833333333333333259e-01
4.500000000000000111e-01
2.666666666666666630e-01
1.333333333333333419e-02
2.000000000000000042e-02
1.066666666666666652e+00
1.690000000000000169e+00
5.000000000000000971e-02
0.000000000000000000e+00
3.333333333333333287e-02
2.500000000000000000e-01
0.000000000000000000e+00
0.000000000000000000e+00
5.399999999999999245e-01
5.966666666666666785e-01
6.666666666666667095e-03
1.333333333333333315e-01
7.599999999999998979e-01
8.000000000000000167e-02
5.666666666666667074e-02
5.200000000000000178e-01
0.000000000000000000e+00
0.000000000000000000e+00
2.333333333333333440e-02
1.239999999999999991e+00
2.290000000000000036e+00
4.666666666666666879e-02
3.200000000000000067e-01
1.933333333333333348e+00
1.380000000000000115e+00
1.566666666666666485e-01
2.366666666666666641e-01
3.333333333333333287e-02
0.000000000000000000e+00
1.000000000000000021e-02
2.666666666666666838e-02
0.000000000000000000e+00
6.666666666666667095e-03
3.333333333333333287e-02
1.533333333333333215e-01
0.000000000000000000e+00
6.066666666666665764e-01
6.666666666666666574e-02
0.000000000000000000e+00
2.000000000000000042e-02
3.333333333333333547e-03
0.000000000000000000e+00
9.000000000000001055e-02
1.933333333333333570e-01
6.666666666666667095e-03
3.333333333333333547e-03
7.333333333333333370e-02
4.666666666666666879e-02
5.000000000000000971e-02
1.333333333333333419e-02
6.666666666666667095e-03
1.610000000000000098e+00
3.099999999999999978e-01
1.503333333333333188e+00
8.566666666666667984e-01
2.666666666666666838e-02
4.000000000000000083e-02
3.000000000000000236e-02
1.100000000000000006e-01
9.000000000000001055e-02
1.966666666666666563e-01
8.333333333333332871e-02
1.533333333333333492e-01
2.000000000000000389e-01
5.266666666666667274e-01
5.333333333333333676e-02
9.333333333333333759e-02
3.600000000000000422e-01
8.700000000000001066e-01
2.666666666666666838e-02
7.333333333333333370e-02
1.000000000000000021e-02
3.133333333333332971e-01
3.333333333333333287e-02
1.666666666666666644e-02
7.666666666666667462e-02
3.333333333333333547e-03
1.066666666666666735e-01
7.666666666666667462e-02
4.333333333333333481e-02
1.033333333333333326e-01
8.233333333333332504e-01
7.000000000000000666e-02
1.419999999999999929e+00
5.333333333333333676e-02
2.666666666666666630e-01
1.666666666666666644e-02
1.333333333333333419e-02
0.000000000000000000e+00
0.000000000000000000e+00
1.000000000000000021e-02
2.800000000000000266e-01
2.199999999999999734e-01
7.833333333333333259e-01
3.666666666666667379e-02
2.999999999999999889e-02
1.100000000000000006e-01
9.666666666666667851e-02
1.100000000000000006e-01
1.966666666666666563e-01
5.000000000000000971e-02
0.000000000000000000e+00
3.333333333333333287e-02
4.533333333333333659e-01
0.000000000000000000e+00
4.000000000000000083e-02
3.000000000000000236e-02
1.340000000000000080e+00
2.233333333333333559e-01
2.399999999999999911e-01
1.339999999999999858e+00
5.300000000000000266e-01
7.099999999999999645e-01
1.466666666666666952e-01
0.000000000000000000e+00
0.000000000000000000e+00
1.333333333333333419e-02
6.666666666666667095e-03
1.633333333333333304e-01
4.000000000000000083e-02
2.666666666666666838e-02
1.000000000000000021e-02
1.666666666666666644e-02
1.666666666666666644e-02
1.333333333333333419e-02
1.000000000000000021e-02
1.300000000000000044e-01
1.666666666666666644e-02
7.333333333333333370e-02
1.000000000000000021e-02
2.899999999999999800e-01
9.000000000000001055e-02
1.333333333333333315e-01
4.099999999999999756e-01
1.280000000000000027e+00
3.333333333333333148e-01
4.066666666666666763e-01
1.399999999999999856e-01
8.333333333333332871e-02
0.000000000000000000e+00
2.233333333333333004e-01
7.966666666666665231e-01
8.666666666666666963e-02
2.333333333333333440e-02
2.000000000000000042e-02
2.533333333333333548e-01
0.000000000000000000e+00
0.000000000000000000e+00
9.799999999999999822e-01
1.010000000000000009e+00
1.333333333333333419e-02
3.200000000000000067e-01
1.263333333333333419e+00
2.333333333333333093e-02
0.000000000000000000e+00
6.533333333333333215e-01
0.000000000000000000e+00
2.999999999999999889e-02
9.999999999999999167e-02
1.196666666666666545e+00
1.650000000000000133e+00
3.333333333333333547e-03
3.866666666666666585e-01
1.440000000000000169e+00
