9.933333333333332904e-01
5.333333333333333676e-02
7.000000000000000666e-02
2.266666666666666552e-01
8.700000000000001066e-01
4.333333333333333481e-02
1.313333333333333464e+00
9.000000000000001055e-02
1.000000000000000021e-02
2.999999999999999889e-02
8.666666666666666963e-02
1.333333333333333419e-02
3.333333333333333287e-02
8.066666666666666430e-01
5.033333333333332993e-01
1.300000000000000044e-01
1.280000000000000027e+00
3.333333333333333287e-02
3.333333333333333287e-02
2.200000000000000011e-01
8.333333333333332871e-02
8.666666666666666963e-02
1.576666666666666883e+00
1.133333333333333276e-01
5.666666666666667074e-02
0.000000000000000000e+00
3.666666666666666963e-01
6.666666666666667095e-03
8.233333333333332504e-01
8.333333333333333703e-01
2.333333333333333440e-02
8.000000000000000167e-02
1.033333333333333465e-01
2.999999999999999889e-02
1.333333333333333419e-02
0.000000000000000000e+00
6.666666666666666574e-02
9.000000000000001055e-02
7.000000000000000666e-02
1.066666666666666458e-01
8.199999999999999512e-01
2.999999999999999889e-02
2.166666666666666741e-01
1.133333333333333415e-01
1.653333333333333321e+00
6.333333333333333870e-02
1.393333333333333535e+00
9.666666666666666463e-02
1.400000000000000133e-01
2.066666666666666652e-01
7.099999999999999645e-01
8.633333333333332860e-01
1.536666666666666847e+00
1.410000000000000142e+00
4.099999999999999756e-01
2.999999999999999889e-02
1.066666666666666735e-01
1.000000000000000021e-02
1.666666666666666644e-02
4.999999999999999584e-02
5.999999999999999778e-02
1.900000000000000300e-01
6.000000000000000472e-02
8.666666666666666963e-02
2.733333333333332615e-01
8.133333333333333526e-01
7.000000000000000666e-02
2.666666666666666838e-02
7.333333333333333925e-01
1.666666666666666644e-02
6.233333333333334059e-01
4.000000000000000083e-02
9.000000000000001055e-02
6.666666666666667095e-03
5.166666666666667185e-01
0.000000000000000000e+00
2.633333333333333637e-01
7.533333333333332993e-01
1.103333333333333277e+00
5.533333333333333437e-01
3.333333333333333287e-02
2.433333333333333182e-01
1.366666666666666918e+00
0.000000000000000000e+00
2.300000000000000100e-01
3.033333333333333437e-01
1.266666666666666774e-01
1.666666666666666644e-02
1.033333333333333326e-01
6.000000000000000472e-02
6.333333333333333870e-02
1.133333333333333415e-01
8.333333333333332871e-02
7.666666666666666075e-01
8.533333333333333881e-01
2.020000000000000018e+00
1.489999999999999991e+00
1.666666666666666574e-01
7.000000000000000666e-02
2.133333333333333470e-01
4.633333333333333748e-01
7.366666666666666918e-01
1.056666666666666643e+00
2.000000000000000042e-02
2.390000000000000124e+00
8.066666666666666430e-01
4.433333333333333570e-01
1.163333333333333330e+00
2.580000000000000071e+00
2.550000000000000266e+00
1.570000000000000062e+00
1.536666666666666403e+00
1.593333333333333490e+00
1.886666666666666714e+00
3.366666666666666696e-01
3.449999999999999734e+00
