8.533333333333333881e-01
2.166666666666666741e-01
1.333333333333333315e-01
3.566666666666666874e-01
3.666666666666666963e-01
1.750000000000000000e+00
1.213333333333333153e+00
3.266666666666666607e-01
5.633333333333333526e-01
7.933333333333333348e-01
8.799999999999998934e-01
1.243333333333333401e+00
4.133333333333333304e-01
4.266666666666665830e-01
8.666666666666666963e-02
1.166666666666666824e-01
2.473333333333333162e+00
3.733333333333332948e-01
8.366666666666667806e-01
7.099999999999999645e-01
3.300000000000000155e-01
4.233333333333333393e-01
2.666666666666666630e-01
3.666666666666667379e-02
2.333333333333333093e-02
1.666666666666666644e-02
6.666666666666667095e-03
0.000000000000000000e+00
0.000000000000000000e+00
1.666666666666666644e-02
1.666666666666666644e-02
6.666666666666667095e-03
0.000000000000000000e+00
4.099999999999999756e-01
4.899999999999999911e-01
1.033333333333333326e-01
3.333333333333333287e-02
8.000000000000000167e-02
2.379999999999999449e+00
1.600000000000000033e-01
3.433333333333332682e-01
4.599999999999999645e-01
3.433333333333333237e-01
1.316666666666666652e+00
0.000000000000000000e+00
5.566666666666667540e-01
1.453333333333333366e+00
1.866666666666666474e-01
1.333333333333333419e-02
2.399999999999999911e-01
1.933333333333333293e-01
1.276666666666666616e+00
1.499999999999999944e-01
2.333333333333333093e-01
1.533333333333333215e-01
1.399999999999999856e-01
2.333333333333333440e-02
0.000000000000000000e+00
6.033333333333333881e-01
1.000000000000000021e-02
0.000000000000000000e+00
9.666666666666666463e-02
1.333333333333333315e-01
0.000000000000000000e+00
6.666666666666667095e-03
1.046666666666666856e+00
2.766666666666666718e-01
7.666666666666667462e-02
4.333333333333333481e-02
0.000000000000000000e+00
2.200000000000000011e-01
7.333333333333334758e-02
1.356666666666666687e+00
1.666666666666666644e-02
6.666666666666667095e-03
1.426666666666666750e+00
4.000000000000000083e-02
2.266666666666666552e-01
8.366666666666665586e-01
7.633333333333333082e-01
1.566666666666666485e-01
5.666666666666667074e-02
3.700000000000000511e-01
1.746666666666666812e+00
6.666666666666666297e-01
2.000000000000000042e-02
2.063333333333333020e+00
4.433333333333333570e-01
8.666666666666666963e-02
0.000000000000000000e+00
0.000000000000000000e+00
2.333333333333333440e-02
3.666666666666666685e-02
0.000000000000000000e+00
4.666666666666666879e-02
3.933333333333333126e-01
9.899999999999998801e-01
2.600000000000000089e-01
9.933333333333332904e-01
6.666666666666667095e-03
1.000000000000000021e-02
1.333333333333333315e-01
4.000000000000000083e-02
4.333333333333333481e-02
6.666666666666667095e-03
4.000000000000000083e-02
5.000000000000000000e-01
8.666666666666666963e-02
9.666666666666667851e-02
1.266666666666666829e+00
4.266666666666666941e-01
8.066666666666666430e-01
2.999999999999999889e-01
4.000000000000000083e-02
9.000000000000001055e-02
0.000000000000000000e+00
5.000000000000000971e-02
1.166666666666666546e-01
1.466666666666666674e-01
2.500000000000000000e-01
1.493333333333333401e+00
7.333333333333333370e-02
3.233333333333333059e-01
1.633333333333333304e-01
1.303333333333333455e+00
3.200000000000000067e-01
1.133333333333333415e-01
5.000000000000000971e-02
6.300000000000000044e-01
4.866666666666666363e-01
7.666666666666667462e-02
1.933333333333333570e-01
3.566666666666666874e-01
1.666666666666666574e-01
2.166666666666666463e-01
2.200000000000000011e-01
1.000000000000000194e-01
7.333333333333331983e-02
1.666666666666666644e-02
1.666666666666666644e-02
1.166666666666666546e-01
8.333333333333332871e-02
7.999999999999999334e-01
7.666666666666667462e-02
3.333333333333333287e-02
1.540000000000000036e+00
0.000000000000000000e+00
1.000000000000000194e-01
2.766666666666666718e-01
1.546666666666666856e+00
6.533333333333333215e-01
1.203333333333333366e+00
1.186666666666666758e+00
1.933333333333333293e-01
1.833333333333333481e-01
1.016666666666666607e+00
1.163333333333333330e+00
8.000000000000000167e-02
4.033333333333333215e-01
9.633333333333333748e-01
1.250000000000000000e+00
4.400000000000000022e-01
1.666666666666666644e-02
6.666666666666666574e-02
1.093333333333333268e+00
1.966666666666666563e-01
2.900000000000000355e-01
1.033333333333333326e-01
2.000000000000000042e-02
9.333333333333333759e-02
2.033333333333333381e-01
4.366666666666667029e-01
8.133333333333333526e-01
2.133333333333333470e-01
8.966666666666666119e-01
