7.833333333333332149e-01
2.666666666666666838e-02
3.733333333333333504e-01
5.699999999999999512e-01
2.000000000000000042e-02
7.666666666666667462e-02
1.000000000000000021e-02
6.333333333333333870e-02
1.466666666666666397e-01
3.600000000000000422e-01
0.000000000000000000e+00
1.033333333333333326e-01
2.266666666666666552e-01
1.499999999999999944e-01
2.666666666666666838e-02
2.433333333333333182e-01
2.299999999999999822e-01
1.426666666666666750e+00
2.099999999999999922e-01
0.000000000000000000e+00
1.296666666666666634e+00
6.099999999999999867e-01
2.000000000000000042e-02
2.900000000000000355e-01
2.733333333333333726e-01
1.333333333333333419e-02
1.000000000000000021e-02
1.050000000000000044e+00
1.739999999999999991e+00
4.566666666666666097e-01
3.000000000000000236e-02
8.000000000000000167e-02
2.999999999999999889e-01
9.200000000000000400e-01
4.566666666666666097e-01
2.166666666666666741e-01
1.276666666666666616e+00
6.566666666666666208e-01
1.000000000000000021e-02
4.666666666666666879e-02
1.300000000000000044e-01
1.333333333333333419e-02
5.333333333333333676e-02
3.000000000000000236e-02
0.000000000000000000e+00
0.000000000000000000e+00
1.366666666666666863e-01
2.666666666666666838e-02
3.333333333333333287e-02
5.366666666666667362e-01
1.633333333333333304e-01
4.066666666666666763e-01
3.133333333333333526e-01
7.466666666666665897e-01
7.666666666666667462e-02
8.599999999999999867e-01
1.706666666666666776e+00
8.433333333333332682e-01
5.400000000000000355e-01
1.566666666666666485e-01
2.999999999999999889e-01
3.833333333333333037e-01
1.166666666666666546e-01
1.533333333333333215e-01
4.066666666666666763e-01
5.000000000000000971e-02
0.000000000000000000e+00
1.183333333333333348e+00
2.166666666666666741e-01
4.333333333333333481e-02
1.186666666666666758e+00
6.566666666666666208e-01
3.600000000000000422e-01
7.200000000000000844e-01
2.000000000000000042e-02
4.666666666666666879e-02
4.000000000000000083e-02
8.333333333333332871e-02
0.000000000000000000e+00
2.000000000000000042e-02
6.766666666666666385e-01
3.233333333333333059e-01
7.000000000000000666e-01
7.333333333333334758e-02
1.303333333333333455e+00
6.233333333333334059e-01
3.999999999999999667e-01
2.049999999999999822e+00
8.033333333333333437e-01
1.003333333333333188e+00
