5.200000000000000178e-01
9.666666666666667851e-02
1.096666666666666679e+00
2.133333333333333470e-01
1.766666666666666663e-01
5.033333333333332993e-01
9.566666666666666652e-01
1.000000000000000021e-02
9.000000000000001055e-02
6.633333333333334414e-01
0.000000000000000000e+00
1.533333333333333215e-01
1.919999999999999929e+00
4.433333333333333570e-01
0.000000000000000000e+00
3.666666666666666685e-02
1.000000000000000021e-02
5.699999999999999512e-01
4.000000000000000083e-02
1.099999999999999867e-01
2.166666666666666741e-01
3.333333333333333547e-03
1.866666666666666752e-01
3.333333333333333287e-02
1.733333333333333393e-01
1.433333333333333126e-01
7.399999999999998801e-01
1.183333333333333348e+00
5.133333333333333082e-01
1.366666666666666863e-01
2.866666666666666807e-01
2.700000000000000178e-01
2.699999999999999623e-01
1.700000000000000122e-01
9.866666666666666918e-01
1.000000000000000021e-02
5.933333333333333792e-01
1.800000000000000211e-01
7.366666666666666918e-01
3.666666666666666685e-02
1.800000000000000211e-01
0.000000000000000000e+00
1.000000000000000021e-02
1.033333333333333465e-01
0.000000000000000000e+00
1.333333333333333419e-02
8.333333333333332871e-02
0.000000000000000000e+00
6.000000000000000472e-02
6.999999999999999278e-02
1.333333333333333419e-02
0.000000000000000000e+00
0.000000000000000000e+00
0.000000000000000000e+00
6.666666666666667095e-03
5.466666666666667451e-01
1.003333333333333188e+00
4.333333333333333481e-02
9.333333333333332371e-01
1.700000000000000122e-01
9.500000000000000666e-01
1.833333333333333481e-01
9.000000000000001055e-02
1.733333333333333393e-01
9.666666666666666463e-02
1.566666666666666485e-01
1.666666666666666574e-01
7.033333333333334769e-01
5.666666666666666380e-02
8.266666666666666607e-01
2.000000000000000042e-02
7.500000000000000000e-01
7.399999999999998801e-01
9.666666666666666463e-02
1.633333333333333304e-01
1.166666666666666546e-01
1.333333333333333419e-02
3.166666666666666519e-01
3.600000000000000422e-01
1.499999999999999944e-01
2.666666666666666838e-02
3.000000000000000236e-02
5.999999999999999778e-02
1.116666666666666474e+00
9.599999999999999645e-01
3.733333333333333504e-01
2.900000000000000355e-01
2.566666666666666541e-01
5.333333333333333676e-02
1.600000000000000033e-01
4.000000000000000083e-02
1.333333333333333419e-02
1.000000000000000021e-02
4.666666666666666879e-02
2.666666666666666630e-01
6.666666666666667095e-03
0.000000000000000000e+00
3.333333333333333547e-03
0.000000000000000000e+00
6.666666666666667095e-03
0.000000000000000000e+00
5.333333333333333676e-02
1.733333333333333393e-01
1.333333333333333419e-02
2.000000000000000042e-02
8.333333333333332871e-02
0.000000000000000000e+00
3.333333333333333287e-02
9.000000000000001055e-02
1.166666666666666824e-01
2.200000000000000011e-01
1.666666666666666644e-02
6.333333333333333870e-02
1.000000000000000194e-01
1.066666666666666735e-01
6.666666666666667095e-03
4.333333333333333481e-02
3.333333333333333287e-02
7.666666666666667462e-02
9.666666666666667851e-02
3.666666666666667379e-02
1.000000000000000021e-02
1.666666666666666644e-02
2.000000000000000042e-02
3.000000000000000236e-02
0.000000000000000000e+00
5.333333333333333259e-01
2.633333333333333637e-01
2.433333333333333182e-01
1.366666666666666585e-01
9.333333333333333759e-02
2.523333333333333428e+00
3.333333333333333148e-01
8.333333333333332871e-02
4.866666666666666363e-01
5.666666666666667074e-02
3.166666666666666519e-01
4.233333333333333393e-01
3.166666666666666519e-01
1.266666666666666774e-01
2.299999999999999822e-01
4.433333333333333015e-01
8.333333333333332871e-02
1.233333333333333365e-01
3.166666666666666519e-01
1.933333333333333293e-01
3.500000000000000333e-01
2.099999999999999922e-01
1.766666666666666663e-01
3.266666666666666607e-01
9.666666666666667851e-02
9.666666666666666741e-01
1.000000000000000021e-02
1.333333333333333419e-02
3.333333333333333287e-02
3.000000000000000236e-02
4.000000000000000083e-02
9.033333333333333215e-01
6.333333333333333870e-02
2.666666666666666838e-02
0.000000000000000000e+00
5.266666666666667274e-01
1.633333333333333304e-01
0.000000000000000000e+00
4.433333333333333570e-01
2.166666666666666463e-01
0.000000000000000000e+00
0.000000000000000000e+00
6.333333333333333870e-02
1.566666666666666763e-01
1.953333333333333144e+00
2.333333333333333440e-02
5.666666666666667074e-02
3.200000000000000067e-01
2.833333333333333259e-01
6.666666666666666574e-02
2.233333333333333559e-01
2.366666666666666641e-01
2.666666666666666838e-02
7.333333333333334758e-02
0.000000000000000000e+00
9.333333333333333759e-02
1.933333333333333293e-01
5.666666666666666380e-02
2.333333333333333440e-02
1.449999999999999956e+00
4.333333333333333481e-02
2.766666666666666718e-01
2.233333333333333004e-01
9.333333333333333759e-02
2.299999999999999822e-01
2.099999999999999922e-01
1.633333333333333304e-01
8.666666666666666963e-02
1.300000000000000044e-01
3.833333333333333592e-01
1.466666666666666674e-01
2.999999999999999889e-02
2.233333333333333004e-01
2.199999999999999734e-01
2.600000000000000089e-01
2.099999999999999922e-01
4.499999999999999556e-01
3.733333333333332948e-01
8.000000000000000167e-02
1.000000000000000021e-02
9.000000000000001055e-02
0.000000000000000000e+00
1.600000000000000033e-01
1.333333333333333419e-02
3.233333333333333059e-01
4.333333333333333481e-02
0.000000000000000000e+00
1.700000000000000122e-01
3.666666666666667379e-02
5.000000000000000971e-02
1.033333333333333326e-01
6.666666666666667095e-03
3.433333333333333237e-01
1.333333333333333419e-02
6.666666666666667095e-03
0.000000000000000000e+00
9.000000000000001055e-02
6.666666666666666297e-01
7.666666666666667462e-02
2.180000000000000160e+00
1.423333333333333117e+00
2.033333333333333215e+00
1.266666666666666774e-01
9.666666666666667851e-02
1.700000000000000122e-01
3.333333333333333547e-03
1.766666666666666663e-01
4.333333333333333481e-02
2.000000000000000389e-01
4.000000000000000083e-02
4.000000000000000083e-02
1.700000000000000122e-01
1.933333333333333293e-01
1.333333333333333315e-01
1.766666666666666663e-01
6.333333333333333870e-02
1.780000000000000027e+00
1.466666666666666674e-01
2.029999999999999805e+00
1.833333333333333204e-01
9.233333333333333393e-01
1.480000000000000204e+00
1.233333333333333365e-01
0.000000000000000000e+00
4.000000000000000083e-02
1.000000000000000021e-02
6.666666666666667095e-03
0.000000000000000000e+00
0.000000000000000000e+00
5.066666666666667096e-01
5.666666666666667074e-02
9.333333333333333759e-02
1.666666666666666574e-01
8.666666666666665853e-01
2.600000000000000089e-01
9.000000000000000222e-01
1.056666666666666643e+00
2.333333333333333648e-01
2.799999999999999711e-01
0.000000000000000000e+00
1.366666666666666585e-01
2.999999999999999889e-02
4.333333333333333481e-02
2.333333333333333093e-01
3.333333333333333287e-02
7.333333333333333370e-02
1.366666666666666585e-01
0.000000000000000000e+00
3.899999999999999578e-01
2.633333333333333637e-01
2.999999999999999889e-02
4.333333333333333481e-02
1.466666666666666674e-01
2.633333333333333637e-01
4.766666666666666274e-01
1.066666666666666735e-01
0.000000000000000000e+00
8.666666666666666963e-02
1.246666666666666812e+00
5.999999999999999778e-02
3.333333333333333547e-03
1.433333333333333404e-01
2.600000000000000089e-01
1.283333333333333437e+00
7.666666666666667462e-02
3.333333333333333287e-02
8.366666666666665586e-01
1.666666666666666574e-01
8.333333333333332871e-02
1.966666666666666563e-01
1.766666666666666663e-01
1.666666666666666574e-01
1.033333333333333326e-01
7.900000000000000355e-01
1.333333333333333315e-01
0.000000000000000000e+00
5.333333333333333676e-02
0.000000000000000000e+00
7.133333333333333748e-01
1.000000000000000021e-02
2.266666666666666552e-01
1.199999999999999956e-01
3.333333333333333547e-03
1.700000000000000122e-01
3.066666666666666985e-01
5.666666666666667074e-02
2.266666666666666552e-01
6.666666666666667095e-03
1.033333333333333326e-01
4.000000000000000083e-02
2.299999999999999822e-01
1.100000000000000006e-01
1.499999999999999944e-01
2.900000000000000355e-01
2.700000000000000178e-01
2.833333333333333259e-01
2.866666666666666807e-01
5.999999999999999778e-02
1.300000000000000044e-01
1.356666666666666687e+00
6.666666666666667095e-03
4.733333333333333282e-01
1.333333333333333419e-02
1.933333333333333293e-01
1.133333333333333276e-01
4.500000000000000111e-01
3.466666666666666785e-01
0.000000000000000000e+00
2.466666666666666730e-01
2.466666666666666730e-01
3.666666666666666685e-02
2.766666666666666718e-01
2.066666666666666652e-01
4.000000000000000083e-02
8.333333333333332871e-02
1.333333333333333419e-02
1.666666666666666644e-02
4.766666666666667385e-01
1.566666666666666763e-01
7.299999999999999822e-01
5.000000000000000000e-01
1.466666666666666674e-01
9.199999999999999289e-01
3.333333333333333287e-02
3.099999999999999978e-01
1.900000000000000300e-01
5.000000000000000971e-02
9.666666666666667851e-02
4.666666666666666879e-02
2.666666666666666838e-02
5.333333333333334370e-02
1.466666666666666674e-01
7.333333333333333925e-01
5.666666666666667074e-02
7.333333333333333370e-02
0.000000000000000000e+00
8.666666666666666963e-02
2.000000000000000042e-02
7.666666666666667462e-02
6.333333333333333870e-02
2.666666666666666838e-02
2.266666666666666552e-01
2.666666666666666838e-02
3.333333333333333547e-03
1.133333333333333276e-01
7.666666666666666075e-02
1.499999999999999944e-01
2.166666666666666741e-01
2.333333333333333093e-01
2.699999999999999623e-01
5.499999999999999334e-01
2.833333333333333814e-01
2.833333333333333814e-01
8.666666666666666963e-02
2.099999999999999645e-01
1.133333333333333276e-01
1.066666666666666735e-01
1.633333333333333304e-01
2.733333333333333726e-01
2.166666666666666741e-01
1.033333333333333326e-01
1.766666666666666663e-01
6.666666666666667095e-03
3.333333333333333547e-03
1.000000000000000021e-02
1.333333333333333419e-02
6.666666666666667095e-03
6.666666666666667095e-03
3.866666666666667140e-01
2.199999999999999734e-01
3.166666666666666519e-01
0.000000000000000000e+00
2.400000000000000189e-01
3.833333333333333592e-01
8.666666666666666963e-02
1.933333333333333293e-01
2.999999999999999889e-02
7.299999999999999822e-01
7.033333333333334769e-01
1.276666666666666616e+00
4.000000000000000083e-02
1.000000000000000021e-02
0.000000000000000000e+00
0.000000000000000000e+00
1.000000000000000021e-02
1.266666666666666774e-01
3.333333333333333547e-03
4.133333333333333304e-01
8.199999999999999512e-01
3.333333333333333547e-03
5.666666666666667074e-02
0.000000000000000000e+00
2.066666666666666652e-01
0.000000000000000000e+00
5.999999999999999778e-01
4.633333333333333193e-01
1.833333333333333481e-01
2.433333333333333182e-01
1.546666666666666856e+00
1.166666666666666546e-01
1.196666666666666545e+00
