4.900000000000000466e-01
2.433333333333333182e-01
4.000000000000000083e-02
3.899999999999999578e-01
6.066666666666665764e-01
3.000000000000000444e-01
2.099999999999999922e-01
2.066666666666666652e-01
1.383333333333333526e+00
4.666666666666666186e-01
6.833333333333332371e-01
7.000000000000000666e-02
1.999999999999999833e-01
7.833333333333332149e-01
2.666666666666666838e-02
3.166666666666666519e-01
4.666666666666666879e-02
2.899999999999999800e-01
4.933333333333333459e-01
1.036666666666666625e+00
1.400000000000000133e+00
7.266666666666666829e-01
1.000000000000000021e-02
1.333333333333333419e-02
1.800000000000000211e-01
1.133333333333333276e-01
1.000000000000000021e-02
2.999999999999999889e-02
1.520000000000000240e+00
3.466666666666666785e-01
1.733333333333333393e-01
6.600000000000000311e-01
2.366666666666666696e+00
5.366666666666667362e-01
2.466666666666666730e-01
2.766666666666666718e-01
2.466666666666666730e-01
2.866666666666666807e-01
8.666666666666666963e-02
1.933333333333333293e-01
1.300000000000000044e-01
3.466666666666666785e-01
1.733333333333333393e-01
2.166666666666666741e-01
1.133333333333333276e-01
7.399999999999998801e-01
3.166666666666666519e-01
5.299999999999999156e-01
8.466666666666666785e-01
7.066666666666666652e-01
1.283333333333333437e+00
5.599999999999999423e-01
6.299999999999998934e-01
3.099999999999999978e-01
1.733333333333333393e-01
1.066666666666666735e-01
5.366666666666667362e-01
1.330000000000000071e+00
1.123333333333333295e+00
6.666666666666666574e-02
6.333333333333333870e-02
2.133333333333333470e-01
1.566666666666666652e+00
0.000000000000000000e+00
1.400000000000000133e-01
6.566666666666666208e-01
1.000000000000000021e-02
0.000000000000000000e+00
3.500000000000000333e-01
1.333333333333333315e-01
1.000000000000000021e-02
0.000000000000000000e+00
2.000000000000000042e-02
3.333333333333333547e-03
1.000000000000000021e-02
7.666666666666667462e-02
4.666666666666666879e-02
5.733333333333332504e-01
3.333333333333333287e-02
7.333333333333333370e-02
3.000000000000000444e-01
3.666666666666666408e-01
2.666666666666666838e-02
1.399999999999999856e-01
1.423333333333333561e+00
3.233333333333333059e-01
1.453333333333333366e+00
9.200000000000000400e-01
6.766666666666666385e-01
1.433333333333333404e-01
2.099999999999999922e-01
3.633333333333332860e-01
5.999999999999999778e-02
1.666666666666666574e-01
3.466666666666666785e-01
4.899999999999999911e-01
1.600000000000000033e-01
2.500000000000000000e-01
1.333333333333333419e-02
1.200000000000000094e-01
7.999999999999999334e-01
3.666666666666667379e-02
1.159999999999999920e+00
1.666666666666666644e-02
2.399999999999999911e-01
5.233333333333333171e-01
9.633333333333332638e-01
8.633333333333332860e-01
5.733333333333332504e-01
3.333333333333333287e-02
2.999999999999999889e-02
2.033333333333333381e-01
1.999999999999999833e-01
1.000000000000000021e-02
1.066666666666666735e-01
2.116666666666666696e+00
5.966666666666666785e-01
3.733333333333333504e-01
3.433333333333333237e-01
1.563333333333333464e+00
1.986666666666666581e+00
1.999999999999999833e-01
2.900000000000000355e-01
4.033333333333333215e-01
2.833333333333333259e-01
1.300000000000000044e-01
3.300000000000000155e-01
2.333333333333333440e-02
2.700000000000000178e-01
3.200000000000000067e-01
1.533333333333333215e-01
1.100000000000000006e-01
1.633333333333333304e-01
3.699999999999999400e-01
4.933333333333333459e-01
1.813333333333333464e+00
3.066666666666666985e-01
1.733333333333333393e-01
5.666666666666666519e-01
8.666666666666666963e-02
1.133333333333333304e+00
2.133333333333332915e-01
3.833333333333333037e-01
3.433333333333333237e-01
5.999999999999999778e-01
9.700000000000000844e-01
1.499999999999999944e-01
2.000000000000000042e-02
3.633333333333332860e-01
8.433333333333333792e-01
1.333333333333333419e-02
2.399999999999999911e-01
2.113333333333333286e+00
8.666666666666666963e-02
1.900000000000000300e-01
2.066666666666666652e-01
1.666666666666666644e-02
1.000000000000000021e-02
0.000000000000000000e+00
1.333333333333333419e-02
0.000000000000000000e+00
6.333333333333333870e-02
3.333333333333333547e-03
0.000000000000000000e+00
6.733333333333333393e-01
1.000000000000000021e-02
1.199999999999999956e-01
8.000000000000000167e-02
3.566666666666666874e-01
9.333333333333332371e-02
2.666666666666666630e-01
1.623333333333333295e+00
5.400000000000000355e-01
1.086666666666666670e+00
