5.333333333333333259e-01
6.000000000000000472e-02
4.833333333333333370e-01
2.600000000000000089e-01
1.533333333333333215e-01
1.056666666666666643e+00
1.333333333333333315e-01
2.066666666666666652e-01
4.000000000000000083e-02
3.666666666666666685e-02
1.200000000000000094e-01
6.233333333333334059e-01
2.000000000000000042e-02
3.800000000000000600e-01
7.666666666666667462e-02
5.333333333333333676e-02
5.433333333333333348e-01
0.000000000000000000e+00
7.799999999999999156e-01
1.133333333333333276e-01
1.363333333333333286e+00
7.099999999999999645e-01
0.000000000000000000e+00
1.666666666666666741e+00
9.333333333333333759e-02
6.199999999999999956e-01
1.190000000000000169e+00
7.200000000000000844e-01
6.000000000000000472e-02
0.000000000000000000e+00
3.600000000000000422e-01
0.000000000000000000e+00
0.000000000000000000e+00
8.666666666666666963e-02
1.199999999999999956e-01
0.000000000000000000e+00
1.000000000000000021e-02
5.666666666666667074e-02
2.500000000000000000e-01
1.433333333333333404e-01
8.333333333333332871e-02
4.566666666666667207e-01
2.433333333333333182e-01
8.000000000000000167e-02
3.099999999999999978e-01
1.153333333333333321e+00
1.639999999999999902e+00
8.099999999999999423e-01
0.000000000000000000e+00
8.666666666666666963e-02
1.159999999999999920e+00
3.533333333333333326e-01
4.333333333333333481e-02
4.000000000000000083e-02
7.333333333333333370e-02
9.366666666666666474e-01
1.273333333333333428e+00
3.233333333333333059e-01
3.733333333333333504e-01
8.000000000000000167e-02
4.566666666666667207e-01
1.666666666666666574e-01
1.686666666666666536e+00
1.199999999999999956e-01
0.000000000000000000e+00
1.900000000000000300e-01
1.066666666666666735e-01
6.666666666666667095e-03
0.000000000000000000e+00
1.316666666666666652e+00
8.433333333333332682e-01
0.000000000000000000e+00
2.300000000000000100e-01
7.099999999999999645e-01
2.033333333333333381e-01
0.000000000000000000e+00
1.333333333333333419e-02
7.799999999999999156e-01
7.233333333333332726e-01
5.733333333333333615e-01
3.133333333333333526e-01
1.709999999999999964e+00
3.500000000000000333e-01
1.813333333333333242e+00
4.000000000000000083e-02
0.000000000000000000e+00
3.200000000000000067e-01
3.899999999999999578e-01
1.096666666666666679e+00
1.310000000000000053e+00
2.700000000000000178e-01
3.266666666666666607e-01
0.000000000000000000e+00
8.333333333333332871e-02
2.733333333333333171e-01
3.333333333333333547e-03
1.273333333333333206e+00
2.033333333333333215e+00
