1.770000000000000240e+00
1.990000000000000213e+00
2.666666666666666838e-02
3.833333333333333037e-01
3.333333333333333148e-01
1.000000000000000021e-02
2.000000000000000042e-02
1.206666666666666776e+00
8.466666666666666785e-01
6.333333333333333870e-02
8.000000000000000167e-02
1.666666666666666644e-02
5.333333333333334370e-02
1.700000000000000122e-01
1.199999999999999956e-01
4.199999999999999289e-01
2.633333333333333637e-01
3.600000000000000422e-01
2.933333333333333903e-01
1.510000000000000009e+00
0.000000000000000000e+00
7.833333333333333259e-01
1.033333333333333326e-01
9.100000000000000311e-01
5.999999999999999778e-02
7.700000000000000178e-01
8.333333333333332871e-02
0.000000000000000000e+00
1.209999999999999964e+00
1.000000000000000021e-02
1.300000000000000044e-01
0.000000000000000000e+00
0.000000000000000000e+00
7.099999999999999645e-01
3.333333333333333287e-02
1.686666666666666536e+00
8.666666666666666963e-02
1.646666666666666501e+00
1.370000000000000107e+00
1.466666666666666397e-01
3.333333333333333287e-02
1.333333333333333419e-02
6.666666666666667095e-03
3.800000000000000600e-01
2.666666666666666838e-02
1.633333333333333304e-01
9.000000000000001055e-02
7.433333333333332904e-01
0.000000000000000000e+00
1.933333333333333570e-01
1.366666666666666474e+00
4.766666666666666274e-01
0.000000000000000000e+00
1.580000000000000071e+00
1.566666666666666485e-01
7.200000000000000844e-01
8.533333333333333881e-01
4.666666666666666879e-02
2.133333333333333304e+00
1.266666666666666774e-01
4.666666666666666879e-02
1.033333333333333326e-01
3.333333333333333547e-03
6.666666666666667095e-03
1.209999999999999964e+00
3.533333333333333326e-01
2.366666666666666641e-01
2.999999999999999889e-01
8.633333333333332860e-01
6.333333333333333870e-02
2.433333333333333182e-01
1.766666666666666663e-01
0.000000000000000000e+00
2.999999999999999889e-02
0.000000000000000000e+00
8.900000000000000133e-01
3.033333333333332882e-01
1.666666666666666644e-02
4.666666666666666879e-02
1.666666666666666574e-01
0.000000000000000000e+00
1.300000000000000044e-01
9.666666666666667851e-02
5.600000000000000533e-01
6.000000000000000472e-02
2.500000000000000000e-01
1.800000000000000211e-01
1.050000000000000044e+00
5.066666666666667096e-01
1.866666666666666474e-01
1.666666666666666644e-02
5.333333333333333676e-02
0.000000000000000000e+00
2.999999999999999889e-02
1.000000000000000021e-02
1.666666666666666644e-02
1.999999999999999833e-01
7.999999999999999334e-01
9.666666666666666463e-02
1.766666666666666663e-01
4.133333333333333304e-01
1.666666666666666644e-02
1.333333333333333419e-02
2.733333333333333726e-01
0.000000000000000000e+00
0.000000000000000000e+00
1.000000000000000021e-02
8.566666666666665764e-01
1.666666666666666644e-02
2.999999999999999889e-02
7.900000000000000355e-01
3.366666666666666696e-01
6.900000000000000577e-01
1.566666666666666763e-01
5.333333333333334370e-02
2.600000000000000089e-01
2.999999999999999889e-02
3.333333333333333287e-02
7.000000000000000666e-02
3.666666666666666685e-02
3.433333333333333237e-01
1.266666666666666774e-01
3.333333333333333287e-02
2.199999999999999734e-01
2.006666666666666377e+00
3.666666666666667379e-02
1.666666666666666644e-02
1.133333333333333276e-01
5.000000000000000971e-02
1.066666666666666735e-01
2.533333333333333548e-01
6.333333333333333037e-01
1.099999999999999867e+00
2.766666666666666718e-01
7.933333333333333348e-01
4.633333333333333748e-01
1.533333333333333215e-01
1.066666666666666735e-01
1.333333333333333419e-02
2.466666666666666730e-01
0.000000000000000000e+00
4.000000000000000083e-02
1.566666666666666485e-01
3.333333333333333547e-03
3.333333333333333287e-02
3.333333333333333547e-03
7.333333333333333370e-02
1.233333333333333365e-01
0.000000000000000000e+00
3.233333333333333059e-01
2.600000000000000089e-01
6.333333333333333037e-01
1.133333333333333415e-01
6.333333333333333870e-02
0.000000000000000000e+00
2.666666666666666838e-02
2.000000000000000389e-01
3.666666666666666685e-02
1.499999999999999944e-01
2.103333333333333499e+00
2.999999999999999889e-02
1.639999999999999902e+00
1.193333333333333357e+00
1.633333333333333304e-01
1.073333333333333250e+00
1.833333333333333481e-01
0.000000000000000000e+00
1.000000000000000000e+00
3.466666666666666785e-01
1.333333333333333419e-02
7.666666666666667462e-02
6.366666666666667140e-01
1.933333333333333570e-01
7.333333333333334758e-02
1.566666666666666485e-01
2.666666666666666838e-02
8.666666666666666963e-02
2.566666666666666541e-01
4.333333333333333481e-02
3.333333333333333547e-03
6.366666666666667140e-01
6.666666666666667095e-03
3.666666666666666963e-01
1.136666666666666714e+00
1.566666666666666485e-01
1.000000000000000194e-01
4.500000000000000111e-01
2.133333333333333470e-01
1.476666666666666794e+00
2.666666666666666838e-02
9.666666666666667851e-02
2.399999999999999911e-01
9.000000000000001055e-02
1.733333333333333393e-01
1.966666666666666785e+00
5.766666666666666607e-01
7.399999999999998801e-01
2.333333333333333440e-02
6.266666666666665941e-01
1.000000000000000000e+00
7.300000000000000933e-01
3.333333333333333547e-03
8.333333333333333703e-01
1.550000000000000044e+00
1.099999999999999867e-01
1.400000000000000133e-01
1.236666666666666581e+00
4.666666666666666879e-02
0.000000000000000000e+00
5.599999999999999423e-01
9.666666666666666463e-02
2.633333333333333637e-01
6.666666666666667095e-03
1.686666666666666536e+00
9.666666666666667851e-02
4.299999999999999933e-01
1.333333333333333419e-02
3.099999999999999978e-01
2.216666666666666785e+00
6.266666666666665941e-01
2.399999999999999911e-01
1.466666666666666397e-01
4.933333333333333459e-01
3.666666666666666685e-02
1.800000000000000211e-01
2.466666666666666730e-01
1.266666666666666774e-01
6.666666666666666574e-02
6.666666666666667095e-03
9.166666666666666297e-01
1.366666666666666585e-01
1.023333333333333428e+00
9.999999999999999167e-02
2.899999999999999800e-01
4.199999999999999845e-01
0.000000000000000000e+00
2.333333333333333440e-02
5.899999999999999689e-01
1.666666666666666644e-02
0.000000000000000000e+00
1.666666666666666574e-01
2.333333333333333440e-02
1.933333333333333293e-01
1.053333333333333455e+00
2.023333333333333428e+00
1.000000000000000021e-02
1.333333333333333419e-02
7.599999999999998979e-01
1.766666666666666663e-01
1.000000000000000021e-02
2.266666666666666829e-01
3.266666666666666607e-01
6.666666666666667095e-03
1.766666666666666663e-01
6.866666666666666474e-01
2.933333333333333348e-01
1.000000000000000194e-01
1.100000000000000006e-01
2.533333333333333548e-01
1.066666666666666735e-01
8.000000000000000167e-02
6.666666666666666574e-02
6.033333333333332771e-01
1.700000000000000122e-01
9.666666666666667851e-02
3.666666666666666963e-01
3.666666666666666685e-02
0.000000000000000000e+00
3.333333333333333547e-03
8.666666666666666963e-02
1.866666666666666474e-01
7.700000000000000178e-01
2.053333333333333233e+00
1.366666666666666585e-01
5.399999999999999245e-01
2.899999999999999800e-01
3.866666666666667140e-01
2.266666666666666829e-01
2.566666666666666541e-01
1.400000000000000133e-01
2.000000000000000042e-02
8.666666666666666963e-02
7.333333333333333370e-02
2.000000000000000042e-02
0.000000000000000000e+00
3.333333333333333287e-02
0.000000000000000000e+00
3.333333333333333287e-02
1.300000000000000044e-01
6.666666666666667095e-03
3.533333333333333326e-01
1.766666666666666663e-01
8.599999999999999867e-01
1.799999999999999656e-01
2.000000000000000042e-02
7.133333333333332638e-01
1.000000000000000021e-02
9.333333333333333759e-02
0.000000000000000000e+00
4.333333333333333481e-02
3.333333333333333547e-03
4.333333333333333481e-02
7.033333333333332549e-01
1.533333333333333492e-01
1.633333333333333304e-01
1.566666666666666485e-01
1.596666666666666679e+00
3.700000000000000511e-01
2.199999999999999734e-01
1.596666666666666679e+00
5.666666666666667074e-02
2.233333333333333004e-01
3.899999999999999578e-01
0.000000000000000000e+00
2.433333333333333182e-01
1.666666666666666644e-02
3.666666666666666963e-01
1.433333333333333404e-01
6.166666666666665853e-01
7.966666666666667451e-01
0.000000000000000000e+00
8.433333333333332682e-01
1.226666666666666794e+00
2.900000000000000355e-01
0.000000000000000000e+00
6.333333333333333870e-02
4.333333333333333481e-02
0.000000000000000000e+00
0.000000000000000000e+00
0.000000000000000000e+00
0.000000000000000000e+00
0.000000000000000000e+00
8.866666666666667140e-01
1.033333333333333215e+00
5.666666666666667074e-02
6.666666666666666574e-02
0.000000000000000000e+00
1.333333333333333419e-02
2.666666666666666838e-02
9.999999999999999167e-02
2.566666666666666541e-01
7.700000000000000178e-01
3.200000000000000067e-01
1.466666666666666674e-01
8.000000000000000167e-02
0.000000000000000000e+00
6.900000000000000577e-01
3.333333333333333148e-01
0.000000000000000000e+00
1.000000000000000021e-02
1.566666666666666485e-01
3.666666666666666685e-02
5.666666666666667074e-02
6.666666666666667095e-03
8.566666666666665764e-01
5.499999999999999334e-01
7.666666666666667462e-02
6.433333333333333126e-01
1.666666666666666644e-02
3.233333333333333059e-01
3.333333333333333287e-02
2.200000000000000011e-01
1.133333333333333276e-01
6.433333333333334236e-01
2.333333333333333440e-02
0.000000000000000000e+00
3.333333333333333287e-02
7.333333333333334758e-02
3.333333333333333547e-03
2.333333333333333440e-02
0.000000000000000000e+00
2.166666666666666741e-01
0.000000000000000000e+00
3.333333333333333547e-03
4.899999999999999911e-01
4.333333333333333481e-02
0.000000000000000000e+00
3.666666666666667379e-02
1.083333333333333259e+00
1.933333333333333570e-01
8.333333333333332871e-02
6.333333333333333870e-02
6.000000000000000472e-02
1.666666666666666644e-02
7.000000000000000666e-02
1.166666666666666546e-01
7.000000000000000666e-01
3.666666666666667379e-02
6.666666666666667095e-03
4.533333333333333104e-01
9.533333333333334769e-01
5.666666666666666380e-02
2.066666666666666652e-01
1.840000000000000080e+00
5.466666666666667451e-01
1.266666666666666774e-01
1.506666666666666821e+00
5.966666666666666785e-01
2.666666666666666838e-02
4.666666666666666879e-02
8.666666666666666963e-02
4.366666666666667029e-01
6.133333333333333970e-01
6.300000000000000044e-01
6.666666666666666574e-02
6.433333333333334236e-01
1.300000000000000044e-01
1.499999999999999944e-01
2.700000000000000178e-01
1.966666666666666841e-01
5.499999999999999334e-01
2.533333333333333548e-01
1.050000000000000044e+00
7.299999999999999822e-01
5.666666666666667074e-02
3.600000000000000422e-01
1.466666666666666785e+00
1.266666666666666774e-01
2.033333333333333381e-01
3.866666666666667140e-01
1.716666666666666563e+00
9.100000000000000311e-01
6.666666666666666574e-02
1.999999999999999833e-01
1.466666666666666397e-01
1.666666666666666574e-01
6.333333333333333870e-02
5.300000000000000266e-01
7.333333333333333925e-01
4.400000000000000022e-01
3.233333333333333059e-01
3.333333333333333547e-03
3.600000000000000422e-01
1.333333333333333419e-02
8.000000000000000167e-02
1.666666666666666644e-02
1.233333333333333365e-01
2.966666666666666896e-01
1.533333333333333215e-01
3.466666666666666785e-01
1.000000000000000021e-02
2.733333333333333726e-01
3.333333333333333287e-02
1.933333333333333293e-01
4.400000000000000022e-01
3.333333333333333287e-02
1.836666666666666670e+00
1.153333333333333321e+00
5.633333333333333526e-01
3.733333333333333504e-01
8.999999999999998279e-02
2.366666666666666641e-01
1.133333333333333276e-01
4.733333333333333282e-01
1.166666666666666546e-01
1.123333333333333295e+00
4.666666666666666186e-01
1.030000000000000027e+00
3.333333333333333287e-02
1.166666666666666546e-01
1.543333333333333224e+00
5.666666666666667074e-02
0.000000000000000000e+00
2.166666666666666741e-01
1.163333333333333330e+00
1.106666666666666687e+00
6.500000000000000222e-01
1.450000000000000178e+00
9.433333333333333570e-01
3.000000000000000236e-02
6.533333333333333215e-01
1.233333333333333365e-01
1.033333333333333465e-01
0.000000000000000000e+00
4.966666666666666452e-01
4.033333333333333215e-01
2.299999999999999822e-01
0.000000000000000000e+00
1.333333333333333419e-02
9.566666666666665542e-01
6.666666666666667095e-03
0.000000000000000000e+00
6.266666666666665941e-01
3.200000000000000067e-01
4.666666666666666879e-02
9.999999999999999167e-02
1.333333333333333419e-02
1.636666666666666714e+00
8.633333333333332860e-01
9.400000000000000577e-01
5.000000000000000971e-02
7.600000000000001199e-01
3.166666666666666519e-01
1.666666666666666644e-02
4.666666666666666879e-02
1.150000000000000133e+00
6.699999999999999289e-01
1.433333333333333404e-01
1.233333333333333365e-01
8.000000000000000167e-02
1.266666666666666774e-01
3.733333333333333504e-01
6.666666666666666574e-02
8.499999999999999778e-01
2.366666666666666641e-01
5.500000000000000444e-01
4.833333333333333370e-01
1.176666666666666528e+00
0.000000000000000000e+00
1.176666666666666750e+00
1.999999999999999833e-01
1.173333333333333339e+00
1.099999999999999867e-01
2.750000000000000000e+00
9.666666666666666463e-02
0.000000000000000000e+00
1.356666666666666687e+00
2.000000000000000042e-02
2.766666666666666718e-01
3.333333333333333547e-03
0.000000000000000000e+00
4.333333333333333481e-01
0.000000000000000000e+00
4.299999999999999933e-01
2.099999999999999922e-01
1.330000000000000071e+00
8.799999999999998934e-01
7.333333333333333370e-02
2.000000000000000042e-02
1.333333333333333419e-02
0.000000000000000000e+00
7.200000000000000844e-01
8.333333333333332871e-02
3.366666666666666696e-01
1.466666666666666674e-01
2.130000000000000338e+00
2.333333333333333440e-02
2.933333333333333348e-01
1.150000000000000133e+00
5.966666666666666785e-01
1.333333333333333419e-02
1.063333333333333464e+00
9.666666666666667851e-02
7.699999999999999067e-01
1.256666666666666821e+00
4.000000000000000083e-02
7.033333333333332549e-01
9.666666666666667851e-02
1.133333333333333276e-01
1.866666666666666474e-01
4.333333333333333481e-02
0.000000000000000000e+00
7.500000000000000000e-01
5.433333333333333348e-01
1.133333333333333276e-01
6.699999999999999289e-01
3.600000000000000422e-01
1.666666666666666644e-02
2.966666666666666896e-01
2.633333333333333637e-01
1.000000000000000021e-02
3.333333333333333287e-02
1.000000000000000021e-02
9.800000000000000933e-01
1.666666666666666574e-01
1.333333333333333419e-02
4.000000000000000083e-02
6.666666666666666574e-02
0.000000000000000000e+00
2.199999999999999734e-01
1.999999999999999833e-01
1.900000000000000300e-01
3.733333333333333504e-01
1.966666666666666841e-01
2.866666666666666252e-01
1.639999999999999902e+00
5.100000000000000089e-01
6.999999999999999278e-02
1.333333333333333419e-02
0.000000000000000000e+00
0.000000000000000000e+00
0.000000000000000000e+00
2.333333333333333440e-02
9.333333333333333759e-02
2.833333333333333814e-01
8.466666666666666785e-01
2.000000000000000042e-02
2.000000000000000042e-02
2.533333333333333548e-01
1.333333333333333419e-02
4.333333333333333481e-02
2.533333333333333548e-01
0.000000000000000000e+00
1.000000000000000021e-02
0.000000000000000000e+00
4.966666666666666452e-01
1.666666666666666644e-02
6.666666666666667095e-03
1.353333333333333499e+00
2.733333333333333726e-01
1.123333333333333295e+00
3.800000000000000600e-01
3.333333333333333287e-02
1.566666666666666485e-01
2.666666666666666838e-02
0.000000000000000000e+00
5.333333333333333676e-02
1.666666666666666644e-02
5.333333333333333676e-02
1.966666666666666841e-01
1.600000000000000033e-01
5.666666666666666519e-01
1.136666666666666714e+00
3.966666666666666674e-01
6.666666666666667095e-03
4.666666666666666879e-02
1.366666666666666863e-01
6.666666666666666574e-02
1.566666666666666485e-01
1.966666666666666563e-01
1.236666666666666581e+00
1.066666666666666735e-01
1.110000000000000098e+00
5.133333333333333082e-01
1.000000000000000021e-02
8.333333333333332871e-02
6.000000000000000472e-02
5.666666666666667074e-02
0.000000000000000000e+00
0.000000000000000000e+00
2.700000000000000178e-01
0.000000000000000000e+00
0.000000000000000000e+00
0.000000000000000000e+00
3.800000000000000600e-01
6.266666666666665941e-01
1.000000000000000021e-02
1.600000000000000033e-01
1.900000000000000300e-01
1.440000000000000169e+00
4.000000000000000083e-02
1.666666666666666644e-02
0.000000000000000000e+00
0.000000000000000000e+00
0.000000000000000000e+00
0.000000000000000000e+00
2.433333333333333182e-01
2.566666666666666541e-01
1.366666666666666585e-01
8.633333333333332860e-01
1.996666666666666812e+00
4.266666666666666941e-01
1.836666666666666670e+00
5.733333333333333615e-01
5.000000000000000971e-02
1.223333333333333384e+00
4.266666666666666941e-01
0.000000000000000000e+00
2.466666666666666730e-01
1.639999999999999902e+00
1.700000000000000122e-01
1.000000000000000194e-01
3.333333333333333547e-03
2.333333333333333440e-02
4.000000000000000083e-02
6.999999999999999278e-02
1.333333333333333419e-02
9.000000000000001055e-02
2.000000000000000042e-02
4.000000000000000083e-02
1.300000000000000044e-01
7.500000000000000000e-01
3.800000000000000600e-01
1.366666666666666863e-01
1.366666666666666585e-01
9.000000000000001055e-02
1.606666666666666687e+00
3.333333333333333287e-02
3.333333333333333547e-03
3.966666666666666674e-01
9.000000000000001055e-02
2.133333333333333470e-01
1.639999999999999902e+00
2.533333333333333548e-01
5.266666666666667274e-01
0.000000000000000000e+00
7.766666666666667274e-01
1.343333333333333490e+00
2.056666666666666643e+00
9.333333333333333759e-02
1.406666666666666510e+00
1.570000000000000062e+00
2.099999999999999645e-01
1.533333333333333492e-01
1.973333333333333384e+00
1.166666666666666546e-01
1.000000000000000021e-02
5.799999999999999600e-01
1.533333333333333215e-01
7.633333333333333082e-01
2.999999999999999889e-02
7.400000000000001021e-01
2.299999999999999822e-01
6.066666666666665764e-01
4.666666666666666879e-02
2.999999999999999889e-01
1.380000000000000115e+00
8.833333333333333037e-01
1.733333333333333393e-01
1.600000000000000033e-01
1.600000000000000033e-01
2.666666666666666838e-02
5.999999999999999778e-02
1.266666666666666774e-01
2.933333333333333348e-01
5.999999999999999778e-02
1.000000000000000021e-02
2.899999999999999800e-01
9.333333333333333759e-02
6.900000000000000577e-01
9.666666666666666463e-02
4.333333333333333481e-01
5.299999999999999156e-01
0.000000000000000000e+00
2.000000000000000042e-02
5.499999999999999334e-01
3.533333333333333326e-01
1.333333333333333419e-02
9.333333333333333759e-02
1.666666666666666644e-02
3.733333333333332948e-01
9.066666666666666208e-01
1.733333333333333393e+00
3.666666666666667379e-02
5.999999999999999778e-02
3.600000000000000422e-01
2.066666666666666652e-01
2.000000000000000042e-02
1.133333333333333415e-01
2.033333333333333381e-01
3.666666666666667379e-02
4.000000000000000083e-02
7.666666666666666075e-01
4.233333333333333393e-01
7.333333333333333370e-02
2.666666666666666838e-02
1.566666666666666485e-01
1.400000000000000133e-01
8.333333333333332871e-02
9.000000000000001055e-02
9.866666666666666918e-01
3.733333333333333504e-01
2.000000000000000042e-02
1.133333333333333415e-01
4.333333333333333481e-02
0.000000000000000000e+00
0.000000000000000000e+00
1.666666666666666644e-02
2.799999999999999711e-01
2.600000000000000089e-01
1.803333333333333455e+00
1.033333333333333326e-01
2.433333333333333182e-01
1.999999999999999833e-01
3.099999999999999978e-01
2.399999999999999911e-01
2.233333333333333559e-01
2.066666666666666652e-01
5.666666666666667074e-02
8.333333333333332871e-02
3.666666666666666685e-02
0.000000000000000000e+00
4.000000000000000083e-02
2.800000000000000266e-01
0.000000000000000000e+00
5.999999999999999778e-02
3.600000000000000422e-01
6.666666666666667095e-03
1.199999999999999956e-01
1.733333333333333393e-01
1.183333333333333348e+00
3.400000000000000244e-01
0.000000000000000000e+00
5.066666666666667096e-01
0.000000000000000000e+00
1.666666666666666644e-02
0.000000000000000000e+00
3.666666666666667379e-02
4.000000000000000083e-02
3.333333333333333547e-03
4.566666666666666097e-01
1.133333333333333276e-01
1.833333333333333481e-01
1.233333333333333365e-01
1.396666666666666723e+00
4.199999999999999845e-01
8.000000000000000167e-02
1.986666666666666359e+00
3.333333333333333287e-02
0.000000000000000000e+00
1.433333333333333404e-01
5.999999999999999778e-02
1.100000000000000006e-01
2.000000000000000042e-02
3.799999999999999489e-01
2.733333333333333171e-01
2.033333333333333659e-01
4.533333333333333659e-01
1.666666666666666644e-02
1.333333333333333315e-01
8.100000000000000533e-01
2.399999999999999911e-01
0.000000000000000000e+00
4.000000000000000083e-02
1.666666666666666644e-02
1.333333333333333419e-02
2.333333333333333093e-02
4.333333333333333481e-02
0.000000000000000000e+00
0.000000000000000000e+00
6.166666666666666963e-01
8.766666666666665941e-01
2.666666666666666838e-02
1.600000000000000033e-01
2.399999999999999911e-01
7.333333333333334758e-02
3.333333333333333287e-02
3.333333333333333547e-03
6.666666666666666574e-02
4.466666666666666008e-01
3.466666666666666785e-01
2.666666666666666838e-02
4.666666666666666879e-02
0.000000000000000000e+00
4.866666666666666363e-01
2.233333333333333004e-01
1.333333333333333419e-02
6.666666666666667095e-03
1.433333333333333404e-01
7.333333333333334758e-02
2.999999999999999889e-02
2.333333333333333440e-02
1.476666666666666794e+00
4.199999999999999845e-01
4.666666666666666879e-02
2.866666666666666807e-01
5.999999999999999778e-02
1.063333333333333242e+00
3.333333333333333287e-02
0.000000000000000000e+00
3.333333333333333547e-03
5.666666666666667074e-02
5.999999999999999778e-02
1.000000000000000021e-02
6.000000000000000472e-02
1.333333333333333419e-02
5.000000000000000971e-02
6.666666666666666574e-02
2.000000000000000042e-02
4.033333333333333215e-01
0.000000000000000000e+00
5.666666666666667074e-02
1.370000000000000107e+00
6.666666666666666574e-02
1.333333333333333419e-02
0.000000000000000000e+00
8.800000000000000044e-01
1.466666666666666397e-01
1.166666666666666824e-01
1.233333333333333365e-01
1.633333333333333304e-01
1.000000000000000021e-02
7.666666666666666075e-02
3.266666666666666607e-01
7.366666666666666918e-01
1.133333333333333415e-01
2.999999999999999889e-02
5.999999999999999778e-01
3.166666666666666519e-01
0.000000000000000000e+00
1.733333333333333393e-01
1.773333333333333428e+00
2.900000000000000355e-01
2.066666666666666652e-01
1.803333333333333455e+00
1.633333333333333526e+00
4.000000000000000083e-02
2.200000000000000011e-01
1.999999999999999833e-01
9.866666666666666918e-01
6.233333333333334059e-01
8.800000000000000044e-01
1.333333333333333315e-01
3.766666666666667052e-01
1.033333333333333326e-01
2.399999999999999911e-01
1.999999999999999833e-01
1.933333333333333293e-01
8.900000000000000133e-01
6.666666666666666574e-02
1.316666666666666652e+00
8.599999999999999867e-01
3.033333333333333992e-01
2.833333333333333814e-01
1.110000000000000098e+00
1.199999999999999956e-01
2.566666666666666541e-01
5.100000000000001199e-01
1.300000000000000044e+00
6.600000000000000311e-01
6.666666666666667095e-03
2.333333333333333440e-02
8.666666666666666963e-02
3.866666666666667140e-01
4.000000000000000083e-02
7.233333333333332726e-01
1.866666666666666752e-01
4.266666666666666941e-01
1.033333333333333465e-01
4.333333333333333481e-02
5.733333333333332504e-01
1.666666666666666644e-02
0.000000000000000000e+00
1.033333333333333326e-01
1.100000000000000006e-01
1.899999999999999745e-01
1.000000000000000021e-02
1.366666666666666585e-01
2.666666666666666838e-02
1.033333333333333326e-01
2.533333333333333548e-01
3.666666666666666408e-01
6.866666666666666474e-01
1.533333333333333215e-01
7.766666666666667274e-01
9.233333333333333393e-01
1.226666666666666794e+00
4.299999999999999933e-01
2.000000000000000042e-02
6.233333333333334059e-01
4.266666666666666941e-01
2.933333333333333903e-01
2.166666666666666741e-01
1.866666666666666474e+00
1.159999999999999920e+00
2.500000000000000000e-01
0.000000000000000000e+00
1.100000000000000006e-01
1.060000000000000053e+00
2.666666666666666838e-02
1.000000000000000021e-02
9.666666666666667851e-02
9.933333333333332904e-01
1.169999999999999929e+00
1.199999999999999956e-01
2.170000000000000373e+00
9.066666666666667318e-01
0.000000000000000000e+00
4.899999999999999911e-01
1.033333333333333326e-01
1.199999999999999956e-01
1.333333333333333419e-02
4.433333333333333570e-01
9.000000000000001055e-02
1.199999999999999956e-01
3.333333333333333547e-03
8.333333333333332871e-02
7.833333333333332149e-01
3.333333333333333547e-03
2.000000000000000042e-02
1.273333333333333428e+00
3.000000000000000444e-01
4.666666666666666879e-02
3.500000000000000333e-01
2.399999999999999911e-01
2.679999999999999716e+00
