8.533333333333333881e-01
4.366666666666667029e-01
3.966666666666666674e-01
1.633333333333333304e-01
1.150000000000000133e+00
2.833333333333332704e-01
1.543333333333333224e+00
2.666666666666666838e-02
1.033333333333333326e-01
1.580000000000000071e+00
5.333333333333333676e-02
0.000000000000000000e+00
9.333333333333333759e-02
8.000000000000000167e-02
0.000000000000000000e+00
0.000000000000000000e+00
1.003333333333333410e+00
6.333333333333333870e-02
9.999999999999999167e-02
4.333333333333333481e-02
2.500000000000000000e-01
2.729999999999999982e+00
5.599999999999999423e-01
1.333333333333333315e-01
3.666666666666665991e-02
1.366666666666666863e-01
2.633333333333333637e-01
3.133333333333333526e-01
4.033333333333333215e-01
2.009999999999999787e+00
2.166666666666666741e-01
1.783333333333333437e+00
3.899999999999999578e-01
1.833333333333333481e-01
2.599999999999999534e-01
0.000000000000000000e+00
7.399999999999998801e-01
0.000000000000000000e+00
1.800000000000000211e-01
3.333333333333333287e-02
1.066666666666666735e-01
9.000000000000001055e-02
1.856666666666666687e+00
1.466666666666666785e+00
3.066666666666666985e-01
2.033333333333333381e-01
5.133333333333333082e-01
1.400000000000000133e-01
1.033333333333333437e+00
2.433333333333333182e-01
2.000000000000000042e-02
5.000000000000000971e-02
6.533333333333333215e-01
6.666666666666667095e-03
1.666666666666666644e-02
2.799999999999999711e-01
9.333333333333333759e-02
0.000000000000000000e+00
1.366666666666666863e-01
4.666666666666666879e-02
3.333333333333333547e-03
2.000000000000000042e-02
1.163333333333333330e+00
2.266666666666666552e-01
1.593333333333333490e+00
8.266666666666666607e-01
5.633333333333333526e-01
9.666666666666667851e-02
2.399999999999999911e-01
1.166666666666666546e-01
3.133333333333332971e-01
2.200000000000000011e-01
4.266666666666665830e-01
2.166666666666666741e-01
1.096666666666666679e+00
7.666666666666666075e-02
7.333333333333331983e-02
2.666666666666666630e-01
3.266666666666666607e-01
8.000000000000000167e-02
5.266666666666667274e-01
8.300000000000000711e-01
1.733333333333333393e-01
2.733333333333333726e-01
8.666666666666666963e-02
9.566666666666666652e-01
5.733333333333333615e-01
3.666666666666667379e-02
1.106666666666666687e+00
2.000000000000000042e-02
6.666666666666667095e-03
5.333333333333333676e-02
7.500000000000000000e-01
7.333333333333333370e-02
1.866666666666666474e-01
1.566666666666666485e-01
1.010000000000000009e+00
1.559999999999999831e+00
0.000000000000000000e+00
1.666666666666666574e-01
4.666666666666666879e-02
8.999999999999998279e-02
6.333333333333333870e-02
8.566666666666665764e-01
9.999999999999999167e-02
7.000000000000000666e-02
9.999999999999999167e-02
2.066666666666666652e-01
2.266666666666666552e-01
6.466666666666666119e-01
1.633333333333333526e+00
1.316666666666666652e+00
5.066666666666667096e-01
1.386666666666666714e+00
2.999999999999999889e-02
1.866666666666666752e-01
0.000000000000000000e+00
2.066666666666666652e-01
2.666666666666666838e-02
4.000000000000000083e-02
7.200000000000000844e-01
6.333333333333333870e-02
1.550000000000000044e+00
1.033333333333333465e-01
6.666666666666667095e-03
2.000000000000000042e-02
3.333333333333333287e-02
1.600000000000000033e-01
9.000000000000001055e-02
1.229999999999999982e+00
6.333333333333333870e-02
9.799999999999999822e-01
1.566666666666666485e-01
7.200000000000000844e-01
2.233333333333333559e-01
2.133333333333333470e-01
7.000000000000000666e-02
3.333333333333333148e-01
3.866666666666666585e-01
3.666666666666667379e-02
2.333333333333333440e-02
1.166666666666666546e-01
2.233333333333333393e+00
9.666666666666667851e-02
1.466666666666666952e-01
3.333333333333333547e-03
2.166666666666666741e-01
1.533333333333333215e-01
9.699999999999998623e-01
5.799999999999999600e-01
1.046666666666666634e+00
