2.293333333333333446e+00
2.076666666666666661e+00
1.766666666666666663e-01
1.666666666666666644e-02
1.633333333333333304e-01
0.000000000000000000e+00
9.333333333333333759e-02
1.000000000000000194e-01
3.766666666666667052e-01
9.666666666666666463e-02
4.433333333333333570e-01
1.533333333333333492e-01
4.033333333333333215e-01
1.933333333333333293e-01
1.166666666666666546e-01
1.866666666666666474e-01
2.666666666666666838e-02
1.033333333333333326e-01
1.266666666666666774e-01
2.000000000000000042e-02
0.000000000000000000e+00
6.666666666666666574e-02
3.899999999999999578e-01
4.333333333333333481e-02
7.399999999999998801e-01
2.333333333333333440e-02
1.266666666666666774e-01
1.766666666666666663e-01
0.000000000000000000e+00
6.666666666666667095e-03
9.666666666666666463e-02
6.033333333333332771e-01
4.666666666666666186e-02
0.000000000000000000e+00
7.299999999999999822e-01
4.266666666666665830e-01
0.000000000000000000e+00
4.166666666666666852e-01
2.000000000000000042e-02
4.133333333333333304e-01
7.033333333333332549e-01
4.333333333333333481e-02
1.273333333333333428e+00
4.766666666666667385e-01
6.233333333333334059e-01
2.153333333333333766e+00
4.566666666666666097e-01
0.000000000000000000e+00
3.500000000000000333e-01
5.999999999999999778e-01
1.966666666666666841e-01
1.000000000000000021e-02
2.999999999999999889e-02
5.333333333333333676e-02
2.666666666666666838e-02
3.333333333333333547e-03
1.000000000000000021e-02
4.599999999999999645e-01
4.199999999999999845e-01
1.833333333333333481e-01
5.300000000000000266e-01
1.000000000000000021e-02
1.133333333333333276e-01
9.666666666666666741e-01
2.466666666666666730e-01
1.666666666666666644e-02
1.446666666666666545e+00
2.103333333333333055e+00
1.166666666666666546e-01
2.333333333333333440e-02
3.333333333333333547e-03
6.800000000000000488e-01
1.600000000000000033e-01
0.000000000000000000e+00
8.266666666666667718e-01
5.366666666666667362e-01
0.000000000000000000e+00
4.000000000000000083e-02
6.666666666666666574e-02
1.666666666666666644e-02
7.000000000000000666e-02
3.666666666666667379e-02
2.333333333333333093e-01
4.500000000000000111e-01
2.666666666666666630e-01
2.299999999999999822e-01
4.099999999999999756e-01
4.333333333333333481e-02
1.700000000000000122e-01
3.200000000000000067e-01
7.399999999999998801e-01
1.933333333333333293e-01
3.533333333333333326e-01
1.066666666666666735e-01
9.000000000000001055e-02
3.333333333333333287e-02
3.066666666666666985e-01
1.600000000000000033e-01
2.466666666666666730e-01
8.333333333333332871e-02
5.333333333333333259e-01
1.833333333333333481e-01
8.000000000000000167e-02
1.033333333333333326e-01
5.666666666666667074e-02
4.999999999999999584e-02
2.800000000000000266e-01
1.300000000000000044e-01
1.666666666666666574e-01
2.833333333333333259e-01
0.000000000000000000e+00
8.433333333333332682e-01
8.000000000000000167e-02
3.333333333333333547e-03
1.199999999999999956e-01
0.000000000000000000e+00
0.000000000000000000e+00
2.666666666666666838e-02
1.333333333333333419e-02
4.833333333333333925e-01
1.666666666666666644e-02
1.033333333333333326e-01
2.466666666666666730e-01
1.766666666666666663e-01
1.559999999999999831e+00
1.336666666666666670e+00
7.600000000000001199e-01
9.266666666666667496e-01
2.333333333333333093e-02
1.866666666666666752e-01
3.799999999999999489e-01
2.666666666666666838e-02
1.833333333333333481e-01
4.599999999999999645e-01
3.666666666666666685e-02
3.600000000000000422e-01
6.666666666666667095e-03
7.333333333333333370e-02
6.666666666666666574e-02
3.333333333333333287e-02
0.000000000000000000e+00
2.999999999999999889e-02
7.699999999999999067e-01
1.666666666666666644e-02
1.266666666666666774e-01
1.399999999999999856e-01
9.366666666666666474e-01
5.666666666666667629e-01
2.500000000000000000e-01
5.666666666666666519e-01
2.533333333333333548e-01
3.033333333333332882e-01
8.166666666666667629e-01
5.933333333333333792e-01
1.566666666666666485e-01
4.666666666666666879e-02
8.333333333333332871e-02
2.000000000000000042e-02
0.000000000000000000e+00
2.999999999999999889e-01
6.000000000000000472e-02
0.000000000000000000e+00
7.666666666666667462e-02
3.233333333333333059e-01
8.666666666666666963e-02
0.000000000000000000e+00
3.633333333333332860e-01
2.600000000000000089e-01
2.566666666666666541e-01
6.600000000000000311e-01
3.333333333333333547e-03
6.666666666666666574e-02
2.399999999999999911e-01
9.000000000000001055e-02
4.666666666666666879e-02
1.333333333333333419e-02
3.333333333333333148e-01
1.766666666666666663e-01
1.400000000000000133e+00
1.059999999999999831e+00
5.400000000000000355e-01
5.366666666666667362e-01
1.446666666666666545e+00
1.126666666666666705e+00
2.866666666666666807e-01
7.333333333333333370e-02
1.469999999999999973e+00
1.333333333333333419e-02
1.000000000000000021e-02
1.000000000000000021e-02
1.323333333333333250e+00
1.033333333333333326e-01
0.000000000000000000e+00
8.266666666666666607e-01
6.333333333333333037e-01
9.333333333333333759e-02
6.666666666666666574e-02
1.800000000000000211e-01
5.666666666666666380e-02
8.666666666666666963e-02
4.999999999999999584e-02
7.333333333333334758e-02
1.400000000000000133e-01
3.333333333333333287e-02
1.100000000000000006e-01
3.400000000000000244e-01
8.333333333333333703e-01
