9.000000000000000222e-01
9.999999999999999167e-02
3.566666666666666319e-01
2.066666666666666929e-01
5.099999999999998979e-01
6.300000000000000044e-01
2.899999999999999800e-01
1.076666666666666883e+00
2.366666666666666641e-01
1.833333333333333481e-01
1.033333333333333326e-01
2.333333333333333440e-02
3.133333333333332971e-01
2.399999999999999911e-01
1.333333333333333315e-01
6.666666666666666574e-02
1.633333333333333304e-01
7.799999999999999156e-01
7.666666666666667462e-02
1.199999999999999956e-01
9.000000000000001055e-02
2.866666666666666807e-01
7.099999999999999645e-01
4.433333333333333570e-01
1.833333333333333481e-01
2.566666666666666541e-01
3.166666666666666519e-01
1.600000000000000033e-01
2.099999999999999922e-01
8.666666666666666963e-02
8.666666666666666963e-02
5.933333333333332682e-01
9.000000000000000222e-01
