3.026666666666666838e+00
5.799999999999999600e-01
1.966666666666666563e+00
1.226666666666666794e+00
4.099999999999999756e-01
2.126666666666666483e+00
6.333333333333333037e-01
3.566666666666666319e-01
2.666666666666666838e-02
4.833333333333333370e-01
6.199999999999999956e-01
6.333333333333333870e-02
2.866666666666666807e-01
9.333333333333333759e-02
1.060000000000000053e+00
4.233333333333333393e-01
8.666666666666666963e-01
7.833333333333333259e-01
6.666666666666667095e-03
1.199999999999999956e-01
3.933333333333333126e-01
1.333333333333333419e-02
0.000000000000000000e+00
7.266666666666666829e-01
1.046666666666666634e+00
1.366666666666666585e-01
1.433333333333333404e-01
1.919999999999999929e+00
2.459999999999999520e+00
4.866666666666666363e-01
1.426666666666666750e+00
8.900000000000000133e-01
6.300000000000000044e-01
4.500000000000000111e-01
1.099999999999999867e-01
1.700000000000000122e-01
5.333333333333333676e-02
7.600000000000001199e-01
8.533333333333333881e-01
1.466666666666666785e+00
9.666666666666666741e-01
6.999999999999999278e-02
2.433333333333333182e-01
1.133333333333333276e-01
1.783333333333333215e+00
9.799999999999999822e-01
1.023333333333333428e+00
1.679999999999999938e+00
4.366666666666667029e-01
1.016666666666666607e+00
1.766666666666666663e-01
1.400000000000000133e-01
6.433333333333332016e-01
1.223333333333333384e+00
1.899999999999999745e-01
9.333333333333332371e-01
8.766666666666665941e-01
7.666666666666666075e-01
3.133333333333332971e-01
1.906666666666666510e+00
1.000000000000000021e-02
1.666666666666666644e-02
5.400000000000000355e-01
1.773333333333333428e+00
1.886666666666666714e+00
1.110000000000000098e+00
4.033333333333333215e-01
9.000000000000001055e-02
1.633333333333333304e-01
1.600000000000000033e-01
4.600000000000000200e-01
5.899999999999999689e-01
6.666666666666667095e-03
6.666666666666667095e-03
1.263333333333333419e+00
2.999999999999999889e-01
5.666666666666667074e-02
7.333333333333333370e-02
1.546666666666666856e+00
1.766666666666666663e-01
2.899999999999999800e-01
3.566666666666666319e-01
4.099999999999999756e-01
2.833333333333333259e-01
1.600000000000000033e-01
2.633333333333333637e-01
1.666666666666666574e-01
1.206666666666666776e+00
2.299999999999999822e-01
3.333333333333333547e-03
7.000000000000000666e-02
3.633333333333333415e-01
4.333333333333333481e-02
0.000000000000000000e+00
9.000000000000001055e-02
4.099999999999999756e-01
4.099999999999999756e-01
2.333333333333333440e-02
2.833333333333333814e-01
1.666666666666666644e-02
9.333333333333333759e-02
1.199999999999999956e-01
6.666666666666666574e-02
2.666666666666666838e-02
1.016666666666666607e+00
4.000000000000000083e-02
3.666666666666666685e-02
6.199999999999999956e-01
3.666666666666666685e-02
5.633333333333333526e-01
5.599999999999999423e-01
2.666666666666666838e-02
2.433333333333333182e-01
0.000000000000000000e+00
1.159999999999999920e+00
4.333333333333333481e-02
0.000000000000000000e+00
3.333333333333333287e-02
1.020000000000000018e+00
1.000000000000000021e-02
3.333333333333333547e-03
3.099999999999999978e-01
9.899999999999998801e-01
2.116666666666666696e+00
5.899999999999999689e-01
8.333333333333333703e-01
5.399999999999999245e-01
1.133333333333333415e-01
2.966666666666666896e-01
1.150000000000000133e+00
1.423333333333333561e+00
6.333333333333333870e-02
3.666666666666666685e-02
8.000000000000000167e-02
1.243333333333333401e+00
4.666666666666666879e-02
1.766666666666666663e-01
1.033333333333333326e-01
1.866666666666666752e-01
2.133333333333333748e-01
4.033333333333333215e-01
8.433333333333332682e-01
1.000000000000000021e-02
6.733333333333333393e-01
2.233333333333333559e-01
1.733333333333333393e-01
0.000000000000000000e+00
7.333333333333333370e-02
3.366666666666666696e-01
5.666666666666667074e-02
3.000000000000000236e-02
8.666666666666666963e-02
2.999999999999999889e-01
1.433333333333333404e-01
1.239999999999999991e+00
2.396666666666666501e+00
3.223333333333334050e+00
1.056666666666666643e+00
8.733333333333334059e-01
3.149999999999999911e+00
5.166666666666666075e-01
9.733333333333332726e-01
2.333333333333333481e+00
2.466666666666666730e-01
5.033333333333332993e-01
1.133333333333333415e-01
1.100000000000000089e+00
9.766666666666665719e-01
1.666666666666666644e-02
2.600000000000000089e-01
1.300000000000000044e-01
9.033333333333333215e-01
3.300000000000000155e-01
4.433333333333333570e-01
6.500000000000000222e-01
2.666666666666666838e-02
2.300000000000000100e-01
3.600000000000000422e-01
2.000000000000000042e-02
0.000000000000000000e+00
5.533333333333333437e-01
7.200000000000000844e-01
1.033333333333333326e-01
1.700000000000000122e-01
3.069999999999999840e+00
1.436666666666666758e+00
2.399999999999999911e-01
1.183333333333333348e+00
1.660000000000000142e+00
1.290000000000000036e+00
1.833333333333333481e-01
5.033333333333332993e-01
1.366666666666666863e-01
2.233333333333333559e-01
7.666666666666666075e-01
9.766666666666666829e-01
9.233333333333333393e-01
1.086666666666666670e+00
6.666666666666666574e-02
5.233333333333333171e-01
3.033333333333332882e-01
1.380000000000000115e+00
1.453333333333333366e+00
2.033333333333333659e+00
1.316666666666666652e+00
7.833333333333333259e-01
1.983333333333333393e+00
6.666666666666666574e-02
1.300000000000000044e-01
6.699999999999999289e-01
1.106666666666666687e+00
3.866666666666667140e-01
8.300000000000000711e-01
4.199999999999999845e-01
2.566666666666666541e-01
2.433333333333333182e-01
2.213333333333333375e+00
3.333333333333333287e-02
3.333333333333333547e-03
2.533333333333333548e-01
1.916666666666666741e+00
1.119999999999999885e+00
6.066666666666667984e-01
7.333333333333333370e-02
6.666666666666666574e-02
2.566666666666666541e-01
1.300000000000000044e-01
7.033333333333332549e-01
4.966666666666667562e-01
6.666666666666667095e-03
0.000000000000000000e+00
1.246666666666666812e+00
2.833333333333333259e-01
1.666666666666666644e-02
4.133333333333333304e-01
1.563333333333333464e+00
9.999999999999999167e-02
3.433333333333333237e-01
2.166666666666666463e-01
8.666666666666666963e-02
2.766666666666666718e-01
7.666666666666667462e-02
2.200000000000000011e-01
1.133333333333333276e-01
1.023333333333333428e+00
6.266666666666665941e-01
0.000000000000000000e+00
3.333333333333333547e-03
7.399999999999998801e-01
4.666666666666666879e-02
0.000000000000000000e+00
2.000000000000000042e-02
8.133333333333333526e-01
8.766666666666665941e-01
6.666666666666667095e-03
7.533333333333332993e-01
4.999999999999999584e-02
1.833333333333333481e-01
7.500000000000000000e-01
2.666666666666666838e-02
0.000000000000000000e+00
1.313333333333333464e+00
1.666666666666666644e-02
0.000000000000000000e+00
1.526666666666666616e+00
1.433333333333333404e-01
5.333333333333333259e-01
8.666666666666666963e-01
6.666666666666667095e-03
1.133333333333333276e-01
0.000000000000000000e+00
9.333333333333334592e-01
2.666666666666666838e-02
0.000000000000000000e+00
0.000000000000000000e+00
1.020000000000000018e+00
2.333333333333333440e-02
0.000000000000000000e+00
1.800000000000000211e-01
6.433333333333334236e-01
9.533333333333332549e-01
3.500000000000000333e-01
4.299999999999999933e-01
3.699999999999999400e-01
5.000000000000000971e-02
2.433333333333333182e-01
8.933333333333334236e-01
9.533333333333334769e-01
3.333333333333333287e-02
5.333333333333333676e-02
0.000000000000000000e+00
1.626666666666666705e+00
1.166666666666666546e-01
7.333333333333333370e-02
7.666666666666666075e-02
5.699999999999999512e-01
1.800000000000000211e-01
1.033333333333333326e-01
2.966666666666666341e-01
0.000000000000000000e+00
5.833333333333333703e-01
6.999999999999999278e-02
1.266666666666666774e-01
0.000000000000000000e+00
3.666666666666666685e-02
1.199999999999999956e-01
3.333333333333333547e-03
1.333333333333333419e-02
6.333333333333333870e-02
2.866666666666666807e-01
1.166666666666666546e-01
1.440000000000000169e+00
1.956666666666666332e+00
2.743333333333333623e+00
