3.933333333333333126e-01
2.466666666666667007e-01
1.146666666666666723e+00
2.133333333333333470e-01
5.200000000000000178e-01
3.999999999999999667e-01
5.999999999999999778e-02
1.266666666666666774e-01
2.666666666666666838e-02
3.333333333333333547e-03
0.000000000000000000e+00
1.866666666666666752e-01
1.066666666666666458e-01
1.766666666666666663e-01
8.666666666666666963e-02
1.433333333333333404e-01
2.433333333333333182e-01
1.000000000000000021e-02
3.333333333333333547e-03
1.533333333333333492e-01
1.000000000000000021e-02
7.633333333333333082e-01
1.966666666666666563e-01
2.999999999999999889e-01
8.666666666666666963e-02
8.699999999999999956e-01
2.000000000000000042e-02
2.066666666666666652e-01
4.000000000000000083e-02
0.000000000000000000e+00
4.566666666666667207e-01
7.000000000000000666e-02
5.566666666666666430e-01
2.000000000000000042e-02
7.033333333333332549e-01
9.333333333333333759e-02
0.000000000000000000e+00
8.666666666666666963e-02
5.999999999999999778e-02
0.000000000000000000e+00
1.006666666666666599e+00
5.333333333333334370e-02
3.633333333333332860e-01
0.000000000000000000e+00
3.333333333333333547e-03
0.000000000000000000e+00
1.366666666666666863e-01
5.666666666666667074e-02
1.433333333333333404e-01
1.000000000000000021e-02
5.666666666666667074e-02
9.000000000000000222e-01
2.333333333333333440e-02
7.399999999999998801e-01
9.266666666666666385e-01
4.399999999999999467e-01
4.866666666666666363e-01
2.299999999999999822e-01
5.166666666666667185e-01
8.333333333333333703e-01
1.166666666666666546e-01
9.033333333333333215e-01
7.000000000000000666e-02
2.233333333333333559e-01
3.233333333333333059e-01
4.666666666666666186e-02
3.200000000000000067e-01
3.266666666666666607e-01
8.366666666666667806e-01
1.933333333333333293e-01
4.000000000000000083e-02
2.633333333333333637e-01
9.733333333333332726e-01
6.466666666666666119e-01
5.266666666666667274e-01
2.000000000000000042e-02
4.566666666666667207e-01
5.999999999999999778e-02
0.000000000000000000e+00
1.133333333333333415e-01
2.666666666666666630e-01
2.666666666666666838e-02
0.000000000000000000e+00
5.799999999999999600e-01
1.216666666666666563e+00
7.600000000000001199e-01
3.433333333333332682e-01
1.000000000000000021e-02
3.333333333333333148e-01
5.000000000000000971e-02
1.333333333333333315e-01
1.333333333333333419e-02
2.666666666666666838e-02
1.333333333333333419e-02
0.000000000000000000e+00
0.000000000000000000e+00
2.333333333333333440e-02
1.866666666666666752e-01
1.620000000000000107e+00
2.000000000000000042e-02
1.769999999999999796e+00
3.999999999999999667e-01
1.833333333333333481e-01
3.333333333333333547e-03
1.000000000000000194e-01
1.966666666666666563e-01
1.366666666666666863e-01
6.466666666666666119e-01
0.000000000000000000e+00
4.700000000000000289e-01
1.100000000000000006e-01
1.666666666666666644e-02
0.000000000000000000e+00
2.200000000000000011e-01
7.299999999999999822e-01
0.000000000000000000e+00
8.133333333333333526e-01
3.966666666666666674e-01
0.000000000000000000e+00
2.666666666666666838e-02
6.600000000000000311e-01
1.533333333333333215e-01
5.333333333333333676e-02
2.999999999999999889e-02
3.133333333333332971e-01
2.600000000000000089e-01
2.099999999999999922e-01
9.000000000000001055e-02
1.333333333333333419e-02
2.999999999999999889e-02
1.266666666666666774e-01
1.366666666666666863e-01
5.999999999999999778e-02
3.400000000000000244e-01
4.799999999999999822e-01
4.000000000000000083e-02
5.099999999999998979e-01
4.266666666666665830e-01
5.666666666666667074e-02
1.020000000000000018e+00
7.399999999999998801e-01
3.333333333333333547e-03
2.166666666666666741e-01
1.466666666666666952e-01
1.666666666666666574e-01
1.666666666666666644e-02
2.999999999999999889e-02
9.933333333333332904e-01
7.333333333333333370e-02
1.333333333333333419e-02
2.899999999999999800e-01
1.000000000000000194e-01
0.000000000000000000e+00
2.699999999999999623e-01
7.000000000000000666e-02
2.133333333333333470e-01
2.399999999999999911e-01
1.119999999999999885e+00
2.033333333333333381e-01
6.466666666666666119e-01
1.033333333333333326e-01
1.366666666666666863e-01
7.000000000000000666e-02
1.000000000000000021e-02
0.000000000000000000e+00
6.666666666666667095e-03
8.133333333333333526e-01
8.000000000000000167e-02
2.766666666666666718e-01
4.400000000000000022e-01
2.566666666666666541e-01
4.466666666666666008e-01
3.233333333333333059e-01
3.333333333333333547e-03
8.333333333333332871e-02
2.266666666666666552e-01
1.166666666666666546e-01
6.666666666666667095e-03
1.983333333333333393e+00
5.333333333333333676e-02
2.366666666666666641e-01
1.096666666666666679e+00
1.816666666666666652e+00
3.666666666666667379e-02
4.000000000000000083e-02
9.333333333333333759e-02
5.999999999999999778e-02
1.600000000000000033e-01
1.233333333333333365e-01
2.299999999999999822e-01
8.333333333333332871e-02
1.266666666666666774e-01
5.266666666666667274e-01
5.266666666666667274e-01
1.133333333333333276e-01
2.999999999999999889e-01
2.933333333333333348e-01
1.000000000000000021e-02
9.000000000000000222e-01
1.666666666666666574e-01
2.999999999999999889e-02
9.666666666666666741e-01
5.333333333333333676e-02
6.666666666666667095e-03
3.333333333333333547e-03
1.333333333333333315e-01
1.333333333333333315e-01
1.700000000000000122e-01
9.000000000000001055e-02
3.999999999999999667e-01
7.666666666666667462e-02
1.066666666666666735e-01
1.033333333333333465e-01
2.733333333333333171e-01
2.473333333333333162e+00
1.320000000000000062e+00
2.666666666666666838e-02
1.899999999999999745e-01
1.100000000000000006e-01
1.399999999999999856e-01
8.333333333333332871e-02
1.133333333333333276e-01
3.233333333333333059e-01
6.000000000000000472e-02
1.540000000000000036e+00
0.000000000000000000e+00
9.333333333333333759e-02
3.033333333333332882e-01
3.933333333333333681e-01
1.966666666666666563e-01
3.666666666666667379e-02
1.366666666666666863e-01
3.533333333333333326e-01
4.066666666666666763e-01
2.999999999999999889e-02
2.333333333333333440e-02
9.333333333333332371e-01
1.333333333333333419e-02
1.666666666666666644e-02
4.000000000000000083e-02
1.000000000000000021e-02
6.666666666666667095e-03
5.666666666666666380e-02
1.400000000000000133e-01
7.000000000000000666e-02
9.000000000000001055e-02
7.000000000000000666e-02
1.333333333333333419e-02
5.333333333333333676e-02
1.000000000000000021e-02
3.333333333333333287e-02
0.000000000000000000e+00
0.000000000000000000e+00
1.000000000000000021e-02
0.000000000000000000e+00
4.000000000000000083e-02
0.000000000000000000e+00
3.333333333333333287e-02
1.066666666666666735e-01
4.000000000000000083e-02
7.433333333333332904e-01
6.333333333333333870e-02
4.833333333333333925e-01
1.566666666666666485e-01
1.533333333333333215e-01
1.333333333333333315e-01
1.800000000000000211e-01
1.966666666666666841e-01
1.266666666666666774e-01
3.966666666666666674e-01
1.493333333333333401e+00
2.000000000000000042e-02
0.000000000000000000e+00
7.666666666666666075e-02
0.000000000000000000e+00
1.000000000000000021e-02
2.266666666666666829e-01
2.466666666666666730e-01
1.136666666666666714e+00
3.899999999999999578e-01
1.566666666666666763e-01
1.433333333333333404e-01
4.466666666666667118e-01
8.966666666666666119e-01
6.333333333333333870e-02
2.800000000000000266e-01
6.333333333333332482e-02
5.999999999999999778e-02
3.666666666666666685e-02
9.999999999999999167e-02
3.166666666666667074e-01
1.866666666666666752e-01
1.133333333333333276e-01
0.000000000000000000e+00
1.666666666666666644e-02
1.483333333333333393e+00
1.666666666666666644e-02
8.333333333333332871e-02
1.533333333333333215e-01
6.033333333333333881e-01
5.566666666666667540e-01
2.800000000000000266e-01
9.333333333333333759e-02
1.099999999999999867e-01
2.133333333333333470e-01
0.000000000000000000e+00
2.299999999999999822e-01
1.966666666666666563e-01
0.000000000000000000e+00
3.333333333333333148e-01
7.033333333333332549e-01
1.333333333333333419e-02
7.333333333333333370e-02
1.266666666666666774e-01
2.099999999999999922e-01
3.099999999999999978e-01
5.000000000000000971e-02
1.520000000000000240e+00
1.290000000000000036e+00
1.713333333333333153e+00
1.000000000000000021e-02
2.033333333333333381e-01
1.066666666666666458e-01
3.000000000000000236e-02
8.333333333333332871e-02
5.666666666666666519e-01
2.966666666666666341e-01
2.899999999999999800e-01
9.333333333333332371e-02
2.333333333333333440e-02
4.933333333333333459e-01
6.133333333333333970e-01
9.999999999999999167e-02
1.733333333333333393e-01
6.666666666666667095e-03
6.333333333333333870e-02
9.000000000000001055e-02
1.000000000000000021e-02
9.000000000000001055e-02
1.333333333333333419e-02
2.766666666666666718e-01
1.466666666666666397e-01
5.800000000000000711e-01
6.800000000000000488e-01
4.666666666666666186e-01
2.966666666666666896e-01
9.000000000000000222e-01
2.033333333333333381e-01
3.733333333333333504e-01
4.000000000000000083e-02
7.333333333333333370e-02
1.000000000000000021e-02
1.666666666666666644e-02
0.000000000000000000e+00
2.666666666666666838e-02
2.000000000000000042e-02
8.133333333333333526e-01
9.666666666666666463e-02
8.333333333333332871e-02
2.666666666666666144e-02
3.833333333333333037e-01
8.666666666666666963e-02
1.499999999999999944e-01
2.000000000000000042e-02
2.700000000000000178e-01
9.999999999999999167e-02
5.799999999999999600e-01
1.820000000000000062e+00
2.333333333333333093e-02
7.666666666666666075e-02
6.666666666666666574e-02
3.333333333333333287e-02
0.000000000000000000e+00
2.266666666666666552e-01
1.833333333333333204e-01
2.033333333333333381e-01
2.466666666666666730e-01
7.399999999999998801e-01
6.666666666666667095e-03
7.566666666666667096e-01
3.333333333333333547e-03
3.666666666666667379e-02
0.000000000000000000e+00
7.666666666666666075e-02
1.333333333333333419e-02
4.366666666666667029e-01
5.000000000000000000e-01
1.633333333333333304e-01
9.466666666666666563e-01
1.500000000000000000e+00
5.033333333333334103e-01
1.966666666666666841e-01
5.000000000000000971e-02
2.899999999999999800e-01
2.966666666666666896e-01
5.733333333333333615e-01
2.333333333333333440e-02
1.926666666666666528e+00
2.353333333333333055e+00
4.666666666666666879e-02
1.283333333333333437e+00
1.000000000000000021e-02
1.223333333333333384e+00
9.666666666666666463e-02
1.833333333333333204e-01
2.000000000000000042e-02
6.666666666666667095e-03
1.000000000000000021e-02
0.000000000000000000e+00
6.666666666666667095e-03
1.213333333333333375e+00
9.999999999999999167e-02
6.266666666666665941e-01
5.566666666666667540e-01
1.566666666666666485e-01
9.166666666666666297e-01
9.799999999999999822e-01
8.633333333333332860e-01
2.466666666666666785e+00
3.533333333333333326e-01
2.866666666666666252e-01
3.966666666666666674e-01
4.333333333333332926e-01
3.500000000000000333e-01
7.333333333333333370e-02
7.000000000000000666e-02
1.300000000000000044e-01
5.333333333333334370e-02
1.333333333333333419e-02
2.666666666666666838e-02
0.000000000000000000e+00
8.333333333333332871e-02
5.433333333333333348e-01
2.133333333333333470e-01
4.233333333333333393e-01
7.399999999999998801e-01
5.666666666666667074e-02
3.266666666666666607e-01
4.666666666666666879e-02
3.333333333333333287e-02
1.466666666666666674e-01
1.433333333333333404e-01
7.266666666666665719e-01
1.433333333333333126e-01
2.600000000000000089e-01
3.333333333333333547e-03
2.700000000000000178e-01
0.000000000000000000e+00
4.000000000000000777e-01
1.499999999999999944e-01
5.999999999999999778e-02
9.333333333333332371e-01
2.600000000000000089e-01
7.399999999999998801e-01
3.666666666666666685e-02
4.933333333333333459e-01
7.666666666666667462e-02
3.333333333333333547e-03
1.300000000000000044e-01
2.133333333333332915e-01
2.000000000000000042e-02
1.033333333333333215e+00
9.333333333333333759e-02
4.633333333333333748e-01
0.000000000000000000e+00
2.999999999999999889e-02
1.666666666666666644e-02
3.333333333333333287e-02
5.000000000000000971e-02
1.166666666666666546e-01
1.433333333333333404e-01
1.100000000000000006e-01
9.033333333333333215e-01
4.333333333333333481e-02
3.733333333333333504e-01
8.333333333333333703e-01
3.933333333333333681e-01
3.166666666666666519e-01
1.733333333333333393e-01
2.866666666666666807e-01
5.299999999999999156e-01
4.666666666666666879e-02
1.499999999999999944e-01
1.000000000000000021e-02
6.566666666666666208e-01
3.400000000000000244e-01
8.333333333333332871e-02
2.500000000000000000e-01
4.199999999999999845e-01
6.400000000000000133e-01
1.633333333333333304e-01
6.666666666666666574e-02
4.633333333333333193e-01
1.500000000000000000e+00
1.196666666666666545e+00
5.800000000000000711e-01
2.333333333333333440e-02
1.199999999999999956e-01
2.866666666666666807e-01
3.333333333333333547e-03
3.333333333333333547e-03
3.499999999999999223e-01
2.333333333333333440e-02
0.000000000000000000e+00
6.900000000000000577e-01
1.110000000000000098e+00
6.600000000000000311e-01
1.766666666666666663e-01
6.333333333333333870e-02
7.833333333333333259e-01
3.666666666666666685e-02
0.000000000000000000e+00
1.233333333333333365e-01
8.666666666666666963e-02
1.433333333333333404e-01
0.000000000000000000e+00
0.000000000000000000e+00
4.000000000000000083e-02
8.399999999999999689e-01
1.313333333333333242e+00
1.333333333333333419e-02
1.073333333333333472e+00
3.133333333333332971e-01
2.500000000000000000e-01
0.000000000000000000e+00
5.666666666666667074e-02
3.666666666666666963e-01
2.433333333333333737e-01
5.666666666666666519e-01
4.666666666666666879e-02
7.733333333333333171e-01
1.433333333333333404e-01
6.666666666666667095e-03
0.000000000000000000e+00
1.566666666666666485e-01
1.260000000000000009e+00
3.333333333333333547e-03
6.500000000000000222e-01
6.433333333333334236e-01
0.000000000000000000e+00
5.333333333333333676e-02
1.186666666666666758e+00
2.566666666666666541e-01
8.333333333333332871e-02
6.333333333333333870e-02
4.066666666666666763e-01
3.366666666666666696e-01
4.000000000000000083e-02
3.666666666666667379e-02
2.433333333333333182e-01
0.000000000000000000e+00
1.000000000000000021e-02
2.366666666666666641e-01
2.999999999999999889e-02
3.666666666666666963e-01
9.666666666666667851e-02
1.333333333333333419e-02
5.333333333333333676e-02
2.866666666666666252e-01
0.000000000000000000e+00
1.476666666666666572e+00
5.366666666666667362e-01
3.333333333333333287e-02
5.499999999999999334e-01
1.800000000000000211e-01
1.533333333333333215e-01
1.000000000000000021e-02
9.666666666666667851e-02
5.133333333333333082e-01
3.333333333333333287e-02
3.666666666666666685e-02
1.466666666666666674e-01
1.300000000000000044e-01
0.000000000000000000e+00
2.733333333333333171e-01
8.666666666666666963e-02
7.666666666666666075e-01
2.500000000000000000e-01
1.580000000000000071e+00
3.699999999999999400e-01
4.400000000000000022e-01
2.333333333333333440e-02
6.333333333333333870e-02
1.666666666666666644e-02
0.000000000000000000e+00
0.000000000000000000e+00
6.666666666666667095e-03
4.766666666666666274e-01
2.999999999999999889e-02
3.133333333333332971e-01
1.059999999999999831e+00
1.466666666666666952e-01
1.300000000000000044e-01
0.000000000000000000e+00
3.666666666666667379e-02
4.999999999999999584e-02
7.666666666666666075e-02
1.300000000000000044e-01
1.233333333333333365e-01
1.793333333333333224e+00
4.333333333333333481e-01
3.833333333333333037e-01
2.430000000000000160e+00
1.476666666666666572e+00
1.666666666666666574e-01
8.333333333333332871e-02
1.333333333333333315e-01
8.333333333333332871e-02
5.333333333333333676e-02
1.733333333333333393e-01
2.233333333333333004e-01
1.033333333333333326e-01
3.000000000000000236e-02
1.219999999999999973e+00
2.000000000000000042e-02
3.333333333333333287e-02
1.900000000000000300e-01
2.600000000000000089e-01
1.333333333333333419e-02
1.563333333333333464e+00
2.299999999999999822e-01
0.000000000000000000e+00
7.433333333333332904e-01
9.999999999999999167e-02
2.999999999999999889e-02
3.333333333333333547e-03
2.333333333333333440e-02
1.566666666666666485e-01
1.300000000000000044e-01
1.000000000000000021e-02
1.833333333333333481e-01
6.666666666666667095e-03
7.666666666666667462e-02
1.400000000000000133e-01
1.566666666666666763e-01
2.153333333333332877e+00
1.186666666666666758e+00
8.666666666666666963e-02
4.000000000000000083e-02
7.333333333333333370e-02
2.433333333333333182e-01
1.966666666666666563e-01
1.199999999999999956e-01
3.666666666666666963e-01
1.966666666666666563e-01
1.300000000000000044e+00
2.199999999999999734e-01
1.166666666666666546e-01
2.900000000000000355e-01
1.199999999999999956e-01
2.299999999999999822e-01
8.000000000000000167e-02
2.166666666666666741e-01
5.333333333333333259e-01
9.366666666666666474e-01
2.666666666666666838e-02
2.000000000000000042e-02
1.143333333333333535e+00
3.333333333333333547e-03
0.000000000000000000e+00
1.066666666666666735e-01
1.866666666666666752e-01
3.333333333333333287e-02
2.666666666666666838e-02
6.666666666666666574e-02
1.000000000000000021e-02
1.766666666666666663e-01
2.300000000000000100e-01
2.000000000000000042e-02
0.000000000000000000e+00
4.000000000000000083e-02
4.666666666666666879e-02
4.033333333333333215e-01
1.966666666666666563e-01
1.300000000000000044e-01
0.000000000000000000e+00
1.433333333333333404e-01
4.000000000000000083e-02
1.000000000000000021e-02
6.000000000000000472e-02
8.000000000000000167e-02
3.666666666666666408e-01
5.000000000000000971e-02
4.500000000000000111e-01
1.533333333333333215e-01
1.633333333333333304e-01
1.066666666666666735e-01
1.400000000000000133e-01
1.133333333333333276e-01
1.066666666666666735e-01
1.333333333333333315e-01
1.003333333333333188e+00
1.266666666666666774e-01
3.333333333333333547e-03
1.433333333333333404e-01
3.333333333333333547e-03
2.000000000000000042e-02
2.399999999999999911e-01
6.800000000000000488e-01
1.156666666666666510e+00
5.466666666666666341e-01
2.133333333333332915e-01
1.233333333333333365e-01
3.533333333333333326e-01
6.600000000000000311e-01
2.899999999999999800e-01
2.600000000000000089e-01
1.499999999999999944e-01
5.333333333333333676e-02
1.433333333333333404e-01
1.466666666666666397e-01
3.266666666666666607e-01
2.333333333333333648e-01
1.833333333333333481e-01
1.333333333333333419e-02
6.666666666666667095e-03
1.043333333333333224e+00
4.999999999999999584e-02
6.666666666666666574e-02
5.999999999999999778e-02
9.233333333333333393e-01
4.633333333333333193e-01
3.066666666666666430e-01
1.433333333333333404e-01
7.666666666666667462e-02
1.199999999999999956e-01
0.000000000000000000e+00
1.266666666666666774e-01
1.999999999999999833e-01
6.333333333333333870e-02
1.566666666666666485e-01
7.766666666666667274e-01
2.000000000000000042e-02
4.000000000000000083e-02
3.466666666666666785e-01
1.800000000000000211e-01
1.166666666666666824e-01
9.666666666666667851e-02
1.163333333333333330e+00
3.866666666666667140e-01
8.900000000000000133e-01
1.000000000000000021e-02
3.000000000000000236e-02
1.166666666666666546e-01
1.133333333333333276e-01
7.333333333333334758e-02
3.866666666666667140e-01
2.000000000000000042e-02
2.833333333333333259e-01
1.000000000000000021e-02
1.100000000000000006e-01
7.733333333333334281e-01
3.099999999999999978e-01
2.533333333333333548e-01
3.533333333333333326e-01
8.000000000000000167e-02
1.133333333333333276e-01
1.233333333333333365e-01
4.333333333333333481e-02
6.666666666666666574e-02
0.000000000000000000e+00
1.300000000000000044e-01
2.133333333333333470e-01
3.933333333333333126e-01
2.933333333333333903e-01
9.566666666666666652e-01
4.333333333333333481e-01
7.466666666666665897e-01
4.000000000000000083e-02
9.000000000000001055e-02
1.000000000000000021e-02
6.666666666666666574e-02
2.666666666666666838e-02
4.666666666666666879e-02
1.666666666666666644e-02
8.000000000000000167e-02
1.033333333333333465e-01
1.110000000000000098e+00
1.399999999999999856e-01
2.366666666666666641e-01
6.666666666666666574e-02
2.399999999999999911e-01
4.000000000000000083e-02
3.066666666666666985e-01
1.166666666666666546e-01
9.033333333333333215e-01
1.233333333333333365e-01
3.866666666666667140e-01
1.613333333333333286e+00
1.000000000000000194e-01
2.399999999999999911e-01
2.833333333333333259e-01
2.899999999999999800e-01
3.333333333333333287e-02
1.499999999999999944e-01
6.666666666666667095e-03
1.033333333333333326e-01
1.733333333333333393e-01
9.466666666666666563e-01
3.333333333333333287e-02
4.666666666666666186e-01
0.000000000000000000e+00
4.333333333333333481e-02
4.000000000000000083e-02
2.266666666666666552e-01
1.466666666666666674e-01
5.400000000000000355e-01
4.199999999999999845e-01
2.266666666666666829e-01
9.799999999999999822e-01
1.620000000000000107e+00
2.166666666666666741e-01
9.000000000000001055e-02
9.333333333333332371e-02
3.466666666666666785e-01
1.733333333333333393e-01
7.800000000000001377e-01
5.333333333333333676e-02
1.440000000000000169e+00
2.066666666666666430e+00
7.666666666666667462e-02
1.860000000000000098e+00
0.000000000000000000e+00
1.730000000000000204e+00
2.199999999999999734e-01
4.833333333333333370e-01
3.333333333333333287e-02
2.333333333333333440e-02
3.666666666666666685e-02
1.000000000000000021e-02
6.666666666666667095e-03
8.566666666666667984e-01
1.399999999999999856e-01
4.333333333333333481e-01
4.933333333333333459e-01
6.133333333333333970e-01
1.186666666666666758e+00
