7.500000000000000000e-01
1.600000000000000033e-01
4.733333333333333282e-01
1.633333333333333304e-01
5.000000000000000971e-02
5.333333333333333676e-02
4.000000000000000083e-02
9.000000000000001055e-02
1.499999999999999944e-01
3.533333333333333326e-01
4.666666666666666879e-02
1.300000000000000044e-01
1.333333333333333315e-01
1.066666666666666735e-01
1.889999999999999902e+00
4.899999999999999911e-01
5.666666666666666380e-02
8.633333333333332860e-01
1.866666666666666752e-01
3.133333333333332971e-01
5.999999999999999778e-02
6.333333333333333870e-02
2.466666666666666730e-01
4.000000000000000083e-02
3.099999999999999978e-01
1.333333333333333419e-02
1.266666666666666774e-01
3.666666666666666963e-01
5.000000000000000971e-02
1.199999999999999956e+00
2.633333333333333637e-01
5.166666666666667185e-01
1.239999999999999991e+00
6.933333333333333570e-01
