4.000000000000000777e-01
2.000000000000000042e-02
0.000000000000000000e+00
0.000000000000000000e+00
3.233333333333333059e-01
5.666666666666666380e-02
1.666666666666666644e-02
1.633333333333333304e-01
0.000000000000000000e+00
3.333333333333333287e-02
7.666666666666667462e-02
1.000000000000000021e-02
1.099999999999999867e-01
3.333333333333333148e-01
6.666666666666667095e-03
0.000000000000000000e+00
2.333333333333333440e-02
1.333333333333333419e-02
1.666666666666666644e-02
6.000000000000000472e-02
1.666666666666666644e-02
8.499999999999999778e-01
2.066666666666666652e-01
2.733333333333333726e-01
1.199999999999999956e-01
6.333333333333333870e-02
7.666666666666666075e-02
1.700000000000000122e-01
2.600000000000000089e-01
1.000000000000000194e-01
2.333333333333333440e-02
9.000000000000001055e-02
0.000000000000000000e+00
0.000000000000000000e+00
5.333333333333334370e-02
1.333333333333333419e-02
1.333333333333333419e-02
3.966666666666666674e-01
5.233333333333333171e-01
4.000000000000000083e-02
2.399999999999999911e-01
3.666666666666667379e-02
6.666666666666667095e-03
2.333333333333333093e-02
9.000000000000001055e-02
1.400000000000000133e-01
1.766666666666666663e-01
6.333333333333333870e-02
6.333333333333333870e-02
1.166666666666666824e-01
8.333333333333332871e-02
6.666666666666666574e-02
1.099999999999999867e-01
0.000000000000000000e+00
3.666666666666667379e-02
7.500000000000000000e-01
1.633333333333333304e-01
2.999999999999999889e-02
3.533333333333333326e-01
5.333333333333333676e-02
3.966666666666666674e-01
2.133333333333333470e-01
2.666666666666666838e-02
8.333333333333332871e-02
0.000000000000000000e+00
1.666666666666666574e-01
2.000000000000000042e-02
1.666666666666666644e-02
1.199999999999999956e-01
4.899999999999999911e-01
1.966666666666666841e-01
1.800000000000000211e-01
2.633333333333333637e-01
1.666666666666666574e-01
1.366666666666666863e-01
8.666666666666666963e-02
1.600000000000000033e-01
2.333333333333333093e-01
2.033333333333333381e-01
1.136666666666666714e+00
0.000000000000000000e+00
4.666666666666666879e-02
9.333333333333333759e-02
2.299999999999999822e-01
8.666666666666666963e-02
2.999999999999999889e-02
3.333333333333333287e-02
7.399999999999998801e-01
8.800000000000000044e-01
8.866666666666666030e-01
9.999999999999999167e-02
2.933333333333333903e-01
7.666666666666666075e-02
7.000000000000000666e-02
5.333333333333333676e-02
4.933333333333333459e-01
3.666666666666666685e-02
1.733333333333333393e-01
4.333333333333333481e-02
7.666666666666667462e-02
8.000000000000000167e-02
4.566666666666667207e-01
6.666666666666667095e-03
1.566666666666666763e-01
6.666666666666667095e-03
0.000000000000000000e+00
0.000000000000000000e+00
6.666666666666667095e-03
8.000000000000000167e-02
9.333333333333333759e-02
3.333333333333333547e-03
8.000000000000000167e-02
2.533333333333333548e-01
2.033333333333333381e-01
5.666666666666667074e-02
6.433333333333334236e-01
0.000000000000000000e+00
1.700000000000000122e-01
0.000000000000000000e+00
1.566666666666666485e-01
3.633333333333333415e-01
2.666666666666666838e-02
1.266666666666666774e-01
2.333333333333333440e-02
2.433333333333333182e-01
3.066666666666666430e-01
2.999999999999999889e-02
1.333333333333333315e-01
1.000000000000000194e-01
7.899999999999999245e-01
4.000000000000000083e-02
0.000000000000000000e+00
1.566666666666666763e-01
1.533333333333333215e-01
0.000000000000000000e+00
0.000000000000000000e+00
9.666666666666666463e-02
3.333333333333333547e-03
2.900000000000000355e-01
2.666666666666666838e-02
7.000000000000000666e-02
1.666666666666666644e-02
7.033333333333332549e-01
6.166666666666666963e-01
3.333333333333333287e-02
0.000000000000000000e+00
1.666666666666666644e-02
0.000000000000000000e+00
0.000000000000000000e+00
1.333333333333333419e-02
0.000000000000000000e+00
0.000000000000000000e+00
5.333333333333333676e-02
1.433333333333333404e-01
1.466666666666666952e-01
5.333333333333333676e-02
0.000000000000000000e+00
0.000000000000000000e+00
0.000000000000000000e+00
1.366666666666666863e-01
0.000000000000000000e+00
8.666666666666666963e-02
9.666666666666667851e-02
7.000000000000000666e-02
3.200000000000000067e-01
2.466666666666666730e-01
2.500000000000000000e-01
1.100000000000000006e-01
1.253333333333333188e+00
8.333333333333332871e-02
1.333333333333333315e-01
1.333333333333333315e-01
9.333333333333333759e-02
0.000000000000000000e+00
7.333333333333333370e-02
0.000000000000000000e+00
2.999999999999999889e-02
3.666666666666667379e-02
0.000000000000000000e+00
2.866666666666666807e-01
9.466666666666666563e-01
0.000000000000000000e+00
4.333333333333333481e-02
1.766666666666666663e-01
1.233333333333333365e-01
2.966666666666666341e-01
1.066666666666666735e-01
7.333333333333333370e-02
1.866666666666666752e-01
3.366666666666666696e-01
1.426666666666666750e+00
