1.219999999999999973e+00
5.566666666666666430e-01
5.333333333333333676e-02
2.500000000000000555e-01
4.633333333333333748e-01
2.666666666666666144e-02
1.499999999999999944e-01
0.000000000000000000e+00
2.000000000000000042e-02
2.500000000000000555e-01
8.666666666666666963e-02
3.333333333333333547e-03
2.299999999999999822e-01
8.266666666666666607e-01
5.999999999999999778e-02
1.003333333333333410e+00
3.166666666666666519e-01
5.800000000000000711e-01
1.400000000000000133e-01
1.573333333333333250e+00
1.966666666666666841e-01
2.466666666666666730e-01
4.333333333333333481e-02
2.333333333333333440e-02
4.799999999999999822e-01
4.000000000000000083e-02
0.000000000000000000e+00
0.000000000000000000e+00
0.000000000000000000e+00
3.666666666666666685e-02
9.000000000000001055e-02
8.000000000000000167e-02
9.999999999999999167e-02
2.000000000000000042e-02
3.666666666666666685e-02
2.099999999999999922e-01
2.200000000000000011e-01
0.000000000000000000e+00
2.566666666666666541e-01
0.000000000000000000e+00
6.333333333333333870e-02
7.666666666666667462e-02
1.449999999999999956e+00
8.433333333333333792e-01
1.750000000000000000e+00
1.866666666666666474e+00
2.399999999999999911e-01
6.666666666666666574e-02
6.433333333333334236e-01
1.566666666666666763e-01
0.000000000000000000e+00
2.999999999999999889e-02
4.666666666666666879e-02
1.866666666666666752e-01
7.666666666666666075e-02
1.199999999999999956e-01
9.000000000000001055e-02
1.999999999999999833e-01
1.600000000000000033e-01
0.000000000000000000e+00
2.999999999999999889e-02
1.540000000000000036e+00
3.300000000000000155e-01
5.466666666666666341e-01
2.533333333333333548e-01
1.800000000000000211e-01
1.933333333333333293e-01
3.533333333333333326e-01
1.600000000000000033e-01
1.206666666666666776e+00
2.000000000000000389e-01
1.033333333333333326e-01
1.966666666666666563e-01
1.899999999999999689e+00
2.766666666666666718e-01
2.500000000000000000e-01
1.333333333333333419e-02
4.266666666666666941e-01
8.933333333333334236e-01
1.166666666666666824e-01
4.000000000000000083e-02
1.136666666666666714e+00
7.900000000000000355e-01
1.046666666666666634e+00
0.000000000000000000e+00
5.866666666666666696e-01
9.833333333333332815e-01
0.000000000000000000e+00
8.333333333333332871e-02
4.500000000000000111e-01
1.000000000000000021e-02
4.666666666666666879e-02
4.333333333333333481e-01
4.599999999999999645e-01
1.000000000000000021e-02
2.399999999999999911e-01
4.199999999999999289e-01
8.333333333333332871e-02
8.933333333333334236e-01
8.333333333333332871e-02
1.399999999999999856e-01
5.866666666666666696e-01
9.700000000000000844e-01
3.899999999999999578e-01
2.466666666666666730e-01
6.666666666666667095e-03
2.166666666666666741e-01
3.300000000000000155e-01
1.666666666666666644e-02
9.333333333333333759e-02
4.333333333333333481e-02
2.333333333333333093e-01
1.323333333333333250e+00
1.706666666666666776e+00
1.966666666666666563e-01
4.733333333333333282e-01
4.033333333333333215e-01
1.733333333333333393e-01
1.466666666666666674e-01
1.666666666666666574e-01
1.396666666666666501e+00
2.496666666666666590e+00
