3.500000000000000333e-01
9.833333333333333925e-01
1.333333333333333419e-02
1.666666666666666644e-02
0.000000000000000000e+00
3.499999999999999223e-01
2.666666666666666838e-02
2.733333333333333726e-01
1.733333333333333393e-01
1.113333333333333286e+00
2.766666666666666718e-01
2.666666666666666838e-02
4.166666666666666852e-01
9.333333333333333759e-02
5.899999999999999689e-01
0.000000000000000000e+00
9.599999999999999645e-01
1.016666666666666607e+00
8.499999999999999778e-01
1.233333333333333365e-01
2.766666666666666718e-01
4.133333333333333304e-01
9.333333333333333759e-02
4.866666666666666363e-01
2.666666666666666838e-02
3.899999999999999578e-01
2.933333333333332793e-01
1.499999999999999944e-01
2.366666666666666641e-01
1.199999999999999956e-01
1.046666666666666634e+00
2.239999999999999769e+00
1.533333333333333215e-01
3.333333333333333287e-02
6.833333333333332371e-01
4.766666666666667385e-01
2.266666666666666552e-01
1.000000000000000021e-02
6.633333333333333304e-01
2.466666666666666730e-01
1.166666666666666824e-01
2.233333333333333004e-01
7.599999999999998979e-01
9.599999999999999645e-01
1.066666666666666735e-01
1.433333333333333126e-01
2.800000000000000266e-01
4.000000000000000777e-01
1.233333333333333365e-01
0.000000000000000000e+00
1.066666666666666735e-01
1.399999999999999856e-01
1.800000000000000211e-01
2.000000000000000042e-02
1.233333333333333365e-01
7.566666666666667096e-01
1.146666666666666723e+00
7.666666666666667462e-02
9.999999999999999167e-02
1.833333333333333481e-01
5.599999999999999423e-01
6.366666666666666030e-01
6.766666666666667496e-01
1.666666666666666574e-01
3.400000000000000244e-01
1.333333333333333419e-02
1.800000000000000211e-01
2.500000000000000000e-01
5.100000000000000089e-01
3.300000000000000155e-01
6.099999999999999867e-01
1.553333333333333455e+00
4.000000000000000083e-02
6.233333333333334059e-01
3.066666666666666430e-01
5.066666666666667096e-01
1.129999999999999893e+00
1.866666666666666474e-01
1.333333333333333419e-02
4.033333333333333215e-01
2.299999999999999822e-01
0.000000000000000000e+00
5.666666666666667074e-02
1.139999999999999902e+00
2.199999999999999734e-01
1.499999999999999944e-01
1.146666666666666723e+00
7.666666666666667462e-02
5.866666666666667806e-01
6.333333333333333870e-02
6.933333333333333570e-01
1.236666666666666581e+00
6.033333333333332771e-01
8.399999999999998579e-01
3.800000000000000600e-01
3.233333333333333059e-01
3.800000000000000600e-01
1.889999999999999902e+00
