1.183333333333333348e+00
2.533333333333333548e-01
1.303333333333333455e+00
1.933333333333333293e-01
4.599999999999999645e-01
3.233333333333333059e-01
1.669999999999999929e+00
2.533333333333333548e-01
9.666666666666667851e-02
2.366666666666666641e-01
1.766666666666666663e-01
2.166666666666666741e-01
1.466666666666666674e-01
1.266666666666666829e+00
1.333333333333333315e-01
1.866666666666666752e-01
1.489999999999999991e+00
2.200000000000000011e-01
6.333333333333333870e-02
4.999999999999999584e-02
9.666666666666667851e-02
2.666666666666666630e-01
5.666666666666667074e-02
1.333333333333333419e-02
1.666666666666666644e-02
7.666666666666667462e-02
2.666666666666666838e-02
1.000000000000000021e-02
1.133333333333333415e-01
0.000000000000000000e+00
2.999999999999999889e-02
2.866666666666666807e-01
1.046666666666666634e+00
2.466666666666666730e-01
6.899999999999999467e-01
4.866666666666666363e-01
2.799999999999999711e-01
2.099999999999999922e-01
2.533333333333333548e-01
1.166666666666666546e-01
5.099999999999998979e-01
1.266666666666666774e-01
1.366666666666666863e-01
1.033333333333333326e-01
5.333333333333333676e-02
4.000000000000000083e-02
3.966666666666666674e-01
5.933333333333333792e-01
7.333333333333333370e-02
4.000000000000000083e-02
8.699999999999999956e-01
1.066666666666666735e-01
2.666666666666666838e-02
1.433333333333333404e-01
7.066666666666666652e-01
3.333333333333333547e-03
1.433333333333333404e-01
1.666666666666666644e-02
1.333333333333333419e-02
2.366666666666666641e-01
2.133333333333332915e-01
1.099999999999999867e-01
3.666666666666666963e-01
1.999999999999999833e-01
3.666666666666666685e-02
7.333333333333333370e-02
3.000000000000000236e-02
3.333333333333333547e-03
8.000000000000000167e-02
1.399999999999999856e-01
4.333333333333333481e-02
6.333333333333333870e-02
3.433333333333333237e-01
1.393333333333333535e+00
5.333333333333333676e-02
2.466666666666666730e-01
2.399999999999999911e-01
2.200000000000000011e-01
1.766666666666666607e+00
0.000000000000000000e+00
3.166666666666666519e-01
3.300000000000000155e-01
0.000000000000000000e+00
1.666666666666666644e-02
2.133333333333333470e-01
6.666666666666667095e-03
0.000000000000000000e+00
1.199999999999999956e-01
1.499999999999999944e-01
8.000000000000000167e-02
2.299999999999999822e-01
1.266666666666666774e-01
2.000000000000000389e-01
2.766666666666666718e-01
1.700000000000000122e-01
4.299999999999999933e-01
1.380000000000000115e+00
4.666666666666666879e-02
4.333333333333333481e-02
1.866666666666666474e-01
5.066666666666667096e-01
1.000000000000000194e-01
4.966666666666667562e-01
3.466666666666666785e-01
1.406666666666666954e+00
