7.366666666666666918e-01
7.066666666666666652e-01
8.666666666666666963e-02
3.333333333333333287e-02
4.233333333333333393e-01
3.966666666666666674e-01
4.433333333333333570e-01
1.233333333333333365e-01
5.866666666666667806e-01
1.736666666666666581e+00
4.233333333333333393e-01
2.533333333333333548e-01
1.299999999999999767e-01
8.300000000000000711e-01
1.550000000000000044e+00
1.166666666666666546e-01
1.073333333333333250e+00
9.000000000000000222e-01
1.729999999999999760e+00
7.466666666666667007e-01
3.400000000000000244e-01
1.223333333333333384e+00
6.433333333333334236e-01
4.866666666666666363e-01
3.533333333333333326e-01
3.633333333333333415e-01
1.000000000000000021e-02
9.666666666666667851e-02
1.100000000000000006e-01
4.099999999999999756e-01
1.333333333333333419e-02
6.300000000000000044e-01
1.493333333333333401e+00
1.566666666666666485e-01
7.000000000000000666e-02
3.866666666666667140e-01
4.733333333333333282e-01
3.499999999999999223e-01
1.266666666666666774e-01
1.499999999999999944e-01
6.666666666666667095e-03
0.000000000000000000e+00
0.000000000000000000e+00
0.000000000000000000e+00
0.000000000000000000e+00
2.266666666666666552e-01
1.466666666666666674e-01
3.733333333333332948e-01
3.333333333333333287e-02
2.733333333333333726e-01
7.000000000000000666e-02
7.333333333333333370e-02
3.533333333333332771e-01
1.733333333333333393e-01
4.000000000000000083e-02
3.366666666666666696e-01
1.966666666666666841e-01
1.399999999999999856e-01
1.156666666666666510e+00
1.000000000000000194e-01
6.366666666666667140e-01
8.333333333333332871e-02
9.566666666666665542e-01
1.800000000000000211e-01
1.866666666666666752e-01
1.233333333333333365e-01
1.733333333333333393e-01
4.000000000000000083e-02
3.333333333333333287e-02
1.333333333333333419e-02
1.333333333333333419e-02
6.666666666666666574e-02
9.333333333333333759e-02
2.166666666666666741e-01
1.333333333333333315e-01
4.000000000000000083e-02
6.333333333333333037e-01
5.333333333333333676e-02
1.530000000000000027e+00
6.666666666666667095e-03
6.700000000000000400e-01
9.166666666666666297e-01
2.033333333333333381e-01
9.766666666666665719e-01
1.133333333333333415e-01
1.266666666666666774e-01
1.766666666666666663e-01
7.333333333333331983e-02
6.666666666666666297e-01
9.000000000000001055e-02
1.266666666666666774e-01
3.333333333333333287e-02
3.433333333333332682e-01
1.199999999999999956e-01
4.333333333333333481e-02
1.000000000000000021e-02
0.000000000000000000e+00
4.033333333333333215e-01
1.666666666666666644e-02
9.333333333333333759e-02
1.199999999999999956e-01
3.333333333333333287e-02
2.200000000000000011e-01
0.000000000000000000e+00
5.999999999999999778e-02
0.000000000000000000e+00
5.666666666666666380e-02
2.000000000000000042e-02
3.000000000000000236e-02
5.400000000000000355e-01
7.333333333333333370e-02
6.266666666666667052e-01
1.223333333333333384e+00
2.899999999999999800e-01
1.966666666666666841e-01
4.000000000000000083e-02
2.999999999999999889e-02
6.666666666666667095e-03
6.666666666666667095e-03
1.166666666666666546e-01
3.000000000000000236e-02
1.733333333333333393e-01
4.700000000000000289e-01
1.013333333333333419e+00
1.166666666666666546e-01
1.800000000000000211e-01
2.800000000000000266e-01
8.733333333333334059e-01
2.099999999999999922e-01
1.199999999999999956e-01
3.233333333333333059e-01
3.800000000000000600e-01
6.099999999999999867e-01
5.666666666666667074e-02
3.400000000000000244e-01
1.423333333333333117e+00
0.000000000000000000e+00
1.000000000000000021e-02
9.899999999999998801e-01
3.666666666666667379e-02
1.666666666666666644e-02
1.096666666666666679e+00
2.766666666666666718e-01
8.533333333333333881e-01
7.233333333333332726e-01
