1.290000000000000036e+00
1.266666666666666774e-01
6.666666666666667095e-03
1.933333333333333293e-01
4.000000000000000083e-02
4.999999999999999584e-02
3.200000000000000067e-01
5.233333333333333171e-01
3.133333333333332971e-01
4.866666666666666363e-01
1.699999999999999956e+00
1.183333333333333348e+00
5.433333333333333348e-01
1.233333333333333365e-01
2.633333333333333637e-01
1.833333333333333481e-01
3.666666666666666685e-02
3.466666666666666785e-01
1.333333333333333419e-02
2.866666666666666807e-01
2.999999999999999889e-02
8.900000000000000133e-01
8.366666666666665586e-01
1.300000000000000044e-01
1.286666666666666847e+00
5.766666666666666607e-01
2.899999999999999800e-01
2.666666666666666838e-02
1.120000000000000107e+00
2.333333333333333440e-02
0.000000000000000000e+00
6.066666666666665764e-01
6.666666666666667095e-03
1.266666666666666774e-01
2.000000000000000042e-02
2.899999999999999800e-01
2.666666666666666630e-01
3.000000000000000444e-01
5.999999999999999778e-02
7.799999999999999156e-01
1.333333333333333315e-01
2.166666666666666741e-01
1.449999999999999956e+00
5.333333333333333259e-01
9.266666666666667496e-01
1.000000000000000194e-01
1.366666666666666585e-01
9.333333333333333759e-02
1.466666666666666952e-01
2.333333333333333440e-02
5.000000000000000000e-01
9.233333333333333393e-01
1.756666666666666821e+00
1.533333333333333437e+00
1.053333333333333455e+00
3.099999999999999978e-01
9.666666666666667851e-02
6.666666666666667095e-03
2.999999999999999889e-02
1.400000000000000133e-01
4.666666666666666879e-02
1.100000000000000006e-01
2.333333333333333440e-02
8.599999999999999867e-01
6.666666666666666574e-02
8.000000000000000167e-02
7.833333333333333259e-01
6.566666666666667318e-01
1.186666666666666758e+00
6.766666666666667496e-01
0.000000000000000000e+00
3.766666666666666496e-01
1.666666666666666644e-02
1.333333333333333315e-01
4.000000000000000083e-02
1.053333333333333455e+00
2.000000000000000042e-02
4.333333333333333481e-02
0.000000000000000000e+00
0.000000000000000000e+00
2.600000000000000089e-01
5.200000000000000178e-01
4.899999999999999911e-01
1.800000000000000211e-01
2.999999999999999889e-01
1.123333333333333295e+00
1.433333333333333126e-01
6.433333333333332016e-01
1.600000000000000033e-01
4.333333333333333481e-01
5.699999999999999512e-01
6.666666666666667095e-03
6.933333333333333570e-01
2.666666666666666838e-02
1.333333333333333315e-01
1.633333333333333304e-01
4.799999999999999822e-01
2.400000000000000189e-01
6.566666666666666208e-01
6.666666666666667095e-03
0.000000000000000000e+00
4.333333333333333481e-02
2.999999999999999889e-02
1.066666666666666735e-01
1.033333333333333326e-01
7.333333333333333925e-01
5.666666666666667074e-02
1.333333333333333419e-02
5.333333333333333259e-01
9.100000000000000311e-01
4.033333333333333215e-01
7.000000000000000666e-02
2.000000000000000042e-02
1.999999999999999833e-01
9.000000000000001055e-02
9.900000000000001021e-01
5.333333333333333676e-02
8.433333333333332682e-01
4.866666666666666363e-01
8.333333333333332871e-02
3.099999999999999978e-01
1.166666666666666546e-01
2.000000000000000042e-02
7.666666666666667462e-02
3.333333333333333287e-02
1.576666666666666883e+00
1.899999999999999745e-01
0.000000000000000000e+00
3.166666666666667074e-01
9.966666666666665897e-01
1.666666666666666644e-02
0.000000000000000000e+00
5.333333333333333259e-01
1.600000000000000033e-01
0.000000000000000000e+00
3.766666666666666496e-01
1.303333333333333455e+00
3.000000000000000444e-01
2.333333333333333440e-02
9.666666666666666463e-02
1.666666666666666574e-01
1.333333333333333419e-02
3.666666666666666685e-02
1.166666666666666546e-01
2.666666666666666838e-02
9.666666666666666741e-01
1.263333333333333419e+00
3.233333333333333059e-01
8.900000000000000133e-01
2.366666666666666641e-01
7.333333333333334758e-02
1.166666666666666546e-01
1.626666666666666705e+00
1.000000000000000021e-02
1.499999999999999944e-01
9.799999999999999822e-01
1.000000000000000021e-02
0.000000000000000000e+00
1.333333333333333419e-02
2.666666666666666838e-02
0.000000000000000000e+00
3.333333333333333287e-02
2.633333333333333637e-01
6.066666666666667984e-01
8.333333333333332871e-02
1.343333333333333046e+00
6.600000000000000311e-01
1.100000000000000006e-01
3.666666666666667379e-02
4.000000000000000083e-02
1.433333333333333404e-01
0.000000000000000000e+00
5.999999999999999778e-02
2.766666666666666718e-01
6.666666666666667095e-03
0.000000000000000000e+00
1.133333333333333276e-01
9.233333333333333393e-01
0.000000000000000000e+00
1.323333333333333250e+00
8.466666666666666785e-01
1.820000000000000062e+00
5.933333333333333792e-01
1.766666666666666663e-01
6.066666666666666874e-01
3.333333333333333547e-03
1.000000000000000021e-02
2.999999999999999889e-02
1.666666666666666644e-02
4.000000000000000083e-02
0.000000000000000000e+00
1.000000000000000021e-02
4.000000000000000083e-02
6.666666666666667095e-03
6.233333333333334059e-01
9.300000000000000488e-01
1.733333333333333393e-01
7.099999999999999645e-01
1.343333333333333490e+00
1.333333333333333315e-01
4.133333333333333304e-01
2.723333333333333162e+00
1.033333333333333326e-01
1.833333333333333481e-01
4.466666666666667118e-01
6.400000000000000133e-01
1.933333333333333570e-01
2.333333333333333440e-02
4.566666666666666097e-01
2.833333333333332704e-01
4.000000000000000083e-02
3.666666666666666963e-01
1.146666666666666723e+00
1.300000000000000044e-01
1.966666666666666563e-01
7.666666666666666075e-02
6.999999999999999278e-02
1.366666666666666863e-01
3.333333333333333287e-02
2.333333333333333440e-02
0.000000000000000000e+00
2.666666666666666838e-02
5.999999999999999778e-02
5.999999999999999778e-02
6.666666666666666297e-01
4.400000000000000022e-01
2.733333333333333726e-01
1.266666666666666774e-01
9.333333333333333759e-02
1.100000000000000006e-01
1.999999999999999833e-01
4.999999999999999584e-02
2.933333333333333903e-01
4.133333333333333304e-01
5.333333333333333676e-02
8.800000000000000044e-01
6.266666666666667052e-01
1.633333333333333304e-01
2.333333333333333440e-02
4.633333333333333193e-01
1.333333333333333419e-02
0.000000000000000000e+00
3.533333333333332771e-01
1.419999999999999929e+00
6.166666666666666963e-01
0.000000000000000000e+00
8.666666666666666963e-02
1.166666666666666546e-01
5.666666666666667074e-02
2.666666666666666838e-02
3.333333333333333287e-02
1.510000000000000009e+00
1.073333333333333472e+00
5.000000000000000971e-02
1.333333333333333315e-01
0.000000000000000000e+00
6.666666666666667095e-03
1.333333333333333419e-02
5.666666666666666380e-02
1.300000000000000044e-01
6.266666666666665941e-01
1.366666666666666863e-01
8.000000000000000167e-02
2.399999999999999911e-01
1.133333333333333415e-01
7.299999999999999822e-01
2.333333333333333093e-02
0.000000000000000000e+00
6.666666666666667095e-03
6.699999999999999289e-01
2.633333333333333637e-01
6.666666666666667095e-03
9.599999999999999645e-01
1.313333333333333464e+00
3.200000000000000067e-01
3.666666666666667379e-02
7.799999999999999156e-01
3.333333333333333287e-02
0.000000000000000000e+00
0.000000000000000000e+00
3.666666666666666685e-02
4.299999999999999933e-01
4.333333333333333481e-01
7.433333333333332904e-01
2.000000000000000389e-01
9.233333333333333393e-01
9.999999999999999167e-02
2.199999999999999734e-01
2.666666666666666630e-01
7.933333333333333348e-01
1.233333333333333365e-01
2.399999999999999911e-01
1.466666666666666674e-01
4.833333333333333370e-01
1.766666666666666663e-01
1.966666666666666841e-01
7.666666666666667462e-02
1.866666666666666474e-01
0.000000000000000000e+00
9.166666666666666297e-01
2.566666666666666541e-01
2.033333333333333659e-01
3.366666666666666696e-01
6.333333333333333870e-02
2.999999999999999889e-02
1.000000000000000021e-02
2.466666666666666730e-01
1.133333333333333276e-01
4.566666666666667207e-01
1.499999999999999944e-01
9.466666666666666563e-01
2.033333333333333381e-01
2.000000000000000042e-02
3.333333333333333287e-02
3.933333333333333681e-01
3.433333333333332682e-01
2.000000000000000042e-02
2.303333333333333233e+00
8.466666666666666785e-01
5.300000000000000266e-01
3.133333333333333526e-01
1.733333333333333393e-01
8.000000000000000167e-02
9.333333333333333759e-02
4.899999999999999911e-01
5.366666666666666252e-01
1.700000000000000122e-01
4.033333333333333215e-01
1.370000000000000107e+00
7.299999999999999822e-01
2.999999999999999889e-01
5.333333333333333676e-02
3.833333333333333037e-01
2.299999999999999822e-01
4.333333333333333481e-02
8.666666666666666963e-02
0.000000000000000000e+00
2.166666666666666741e-01
1.166666666666666546e-01
7.299999999999999822e-01
1.636666666666666714e+00
3.433333333333332682e-01
1.540000000000000036e+00
1.133333333333333276e-01
6.633333333333333304e-01
2.000000000000000042e-02
4.299999999999999933e-01
3.000000000000000236e-02
0.000000000000000000e+00
6.266666666666665941e-01
0.000000000000000000e+00
5.333333333333333676e-02
0.000000000000000000e+00
3.366666666666666696e-01
7.299999999999999822e-01
1.100000000000000006e-01
1.233333333333333365e-01
7.500000000000000000e-01
9.999999999999999167e-02
3.133333333333333526e-01
2.706666666666666998e+00
3.966666666666666674e-01
1.236666666666666581e+00
3.233333333333333059e-01
1.866666666666666752e-01
1.999999999999999833e-01
1.533333333333333492e-01
1.000000000000000021e-02
2.433333333333333182e-01
6.666666666666666297e-01
1.476666666666666572e+00
1.763333333333333419e+00
1.006666666666666599e+00
3.400000000000000244e-01
4.999999999999999584e-02
1.000000000000000021e-02
4.333333333333333481e-02
1.933333333333333293e-01
1.433333333333333404e-01
2.899999999999999800e-01
8.000000000000000167e-02
7.933333333333333348e-01
3.566666666666666874e-01
1.366666666666666585e-01
6.833333333333332371e-01
1.833333333333333481e-01
1.246666666666666812e+00
2.066666666666666652e-01
3.333333333333333547e-03
2.700000000000000178e-01
1.000000000000000021e-02
1.600000000000000033e-01
0.000000000000000000e+00
2.666666666666666838e-02
4.000000000000000083e-02
3.000000000000000236e-02
0.000000000000000000e+00
2.000000000000000042e-02
5.833333333333333703e-01
2.239999999999999769e+00
9.799999999999999822e-01
2.466666666666666730e-01
1.933333333333333570e-01
6.500000000000000222e-01
3.333333333333333148e-01
5.866666666666665586e-01
8.000000000000000167e-02
1.066666666666666735e-01
2.133333333333332915e-01
1.033333333333333326e-01
7.766666666666667274e-01
1.333333333333333419e-02
2.399999999999999911e-01
5.000000000000000971e-02
2.899999999999999800e-01
1.866666666666666752e-01
5.300000000000000266e-01
1.666666666666666644e-02
7.000000000000000666e-02
0.000000000000000000e+00
6.666666666666667095e-03
9.000000000000001055e-02
4.000000000000000083e-02
4.899999999999999911e-01
1.333333333333333419e-02
6.666666666666667095e-03
4.733333333333333282e-01
1.243333333333333401e+00
3.999999999999999667e-01
2.633333333333333637e-01
9.333333333333333759e-02
1.499999999999999944e-01
4.433333333333333570e-01
1.323333333333333250e+00
3.033333333333332882e-01
7.433333333333332904e-01
3.900000000000000688e-01
4.666666666666666879e-02
6.999999999999999278e-02
1.433333333333333404e-01
3.333333333333333287e-02
8.000000000000000167e-02
7.000000000000000666e-02
1.103333333333333277e+00
1.733333333333333393e-01
0.000000000000000000e+00
4.466666666666667118e-01
1.023333333333333206e+00
1.033333333333333465e-01
6.666666666666667095e-03
8.566666666666667984e-01
1.533333333333333215e-01
6.666666666666667095e-03
7.299999999999999822e-01
9.900000000000001021e-01
2.366666666666666641e-01
4.000000000000000083e-02
5.999999999999999778e-02
1.633333333333333304e-01
4.333333333333333481e-02
6.666666666666666574e-02
6.999999999999999278e-02
1.666666666666666644e-02
1.396666666666666501e+00
1.410000000000000142e+00
2.133333333333333470e-01
9.100000000000000311e-01
1.633333333333333304e-01
9.333333333333333759e-02
1.266666666666666774e-01
1.316666666666666652e+00
3.200000000000000067e-01
2.200000000000000011e-01
1.053333333333333455e+00
8.333333333333332871e-02
0.000000000000000000e+00
0.000000000000000000e+00
0.000000000000000000e+00
0.000000000000000000e+00
1.000000000000000021e-02
4.099999999999999756e-01
5.566666666666666430e-01
2.333333333333333440e-02
1.230000000000000204e+00
5.233333333333333171e-01
8.000000000000000167e-02
1.700000000000000122e-01
2.900000000000000355e-01
4.566666666666666097e-01
0.000000000000000000e+00
8.333333333333332871e-02
1.800000000000000211e-01
2.000000000000000042e-02
0.000000000000000000e+00
9.333333333333333759e-02
9.266666666666667496e-01
3.333333333333333287e-02
5.200000000000000178e-01
1.003333333333333188e+00
1.356666666666666687e+00
2.800000000000000266e-01
1.066666666666666735e-01
6.500000000000000222e-01
2.333333333333333093e-02
1.333333333333333419e-02
0.000000000000000000e+00
2.999999999999999889e-02
8.666666666666666963e-02
1.333333333333333419e-02
7.000000000000000666e-02
3.000000000000000236e-02
3.333333333333333547e-03
1.066666666666666735e-01
3.933333333333333681e-01
7.000000000000000666e-02
4.833333333333333925e-01
9.833333333333333925e-01
1.266666666666666774e-01
4.199999999999999845e-01
7.566666666666667096e-01
2.333333333333333093e-02
1.733333333333333393e-01
3.099999999999999978e-01
6.166666666666666963e-01
1.166666666666666824e-01
0.000000000000000000e+00
8.700000000000001066e-01
3.600000000000000422e-01
8.666666666666666963e-02
3.166666666666666519e-01
1.383333333333333526e+00
1.799999999999999656e-01
1.966666666666666563e-01
4.333333333333333481e-02
5.999999999999999778e-02
2.666666666666666838e-02
6.666666666666667095e-03
3.333333333333333547e-03
2.333333333333333440e-02
8.333333333333332871e-02
2.999999999999999889e-02
0.000000000000000000e+00
2.133333333333333470e-01
4.966666666666666452e-01
1.200000000000000094e-01
1.366666666666666863e-01
2.333333333333333440e-02
5.999999999999999778e-02
4.666666666666666879e-02
1.000000000000000194e-01
1.466666666666666674e-01
4.799999999999999822e-01
2.666666666666666630e-01
1.633333333333333526e+00
9.700000000000000844e-01
8.333333333333332871e-02
9.999999999999999167e-02
1.163333333333333330e+00
3.666666666666666685e-02
1.666666666666666644e-02
3.366666666666666696e-01
5.400000000000000355e-01
5.633333333333333526e-01
1.000000000000000021e-02
2.833333333333333814e-01
5.666666666666667074e-02
1.333333333333333315e-01
7.666666666666667462e-02
8.666666666666666963e-02
1.709999999999999964e+00
1.843333333333333046e+00
2.000000000000000042e-02
1.333333333333333315e-01
0.000000000000000000e+00
3.333333333333333287e-02
0.000000000000000000e+00
4.000000000000000083e-02
0.000000000000000000e+00
3.533333333333333326e-01
4.000000000000000083e-02
1.099999999999999867e-01
8.099999999999999423e-01
1.166666666666666824e-01
1.099999999999999867e+00
1.733333333333333393e-01
1.333333333333333419e-02
1.666666666666666644e-02
5.000000000000000000e-01
4.733333333333333282e-01
0.000000000000000000e+00
6.833333333333332371e-01
8.533333333333333881e-01
6.233333333333334059e-01
6.666666666666666574e-02
1.433333333333333348e+00
3.033333333333333437e-01
0.000000000000000000e+00
1.333333333333333419e-02
4.000000000000000083e-02
4.600000000000000200e-01
9.100000000000000311e-01
1.706666666666666776e+00
2.666666666666666838e-02
1.733333333333333393e-01
1.366666666666666863e-01
1.033333333333333465e-01
9.333333333333333759e-02
1.030000000000000027e+00
9.333333333333333759e-02
3.766666666666666496e-01
1.300000000000000044e-01
3.333333333333333148e-01
1.333333333333333315e-01
9.666666666666667851e-02
6.333333333333333870e-02
2.899999999999999800e-01
1.666666666666666644e-02
1.443333333333333357e+00
2.233333333333333559e-01
9.333333333333332371e-02
1.303333333333333455e+00
2.666666666666666838e-02
1.666666666666666644e-02
1.100000000000000006e-01
2.900000000000000355e-01
3.066666666666666985e-01
2.633333333333333637e-01
1.066666666666666735e-01
1.349999999999999867e+00
1.096666666666666679e+00
6.666666666666667095e-03
3.666666666666666685e-02
3.166666666666666519e-01
1.600000000000000033e-01
1.666666666666666644e-02
2.876666666666666483e+00
