3.390000000000000124e+00
3.966666666666666674e-01
1.300000000000000044e-01
6.199999999999999956e-01
2.333333333333333648e-01
6.400000000000000133e-01
2.333333333333333440e-02
9.200000000000000400e-01
1.333333333333333315e-01
0.000000000000000000e+00
1.666666666666666644e-02
7.466666666666667007e-01
6.633333333333333304e-01
0.000000000000000000e+00
2.433333333333333182e-01
2.000000000000000042e-02
4.000000000000000083e-02
1.000000000000000021e-02
1.933333333333333570e-01
1.053333333333333455e+00
3.333333333333333547e-03
4.000000000000000083e-02
9.666666666666667851e-02
3.666666666666666685e-02
7.666666666666667462e-02
2.700000000000000178e-01
4.666666666666666879e-02
1.999999999999999833e-01
9.333333333333333759e-02
2.576666666666666661e+00
