1.096666666666666679e+00
1.533333333333333215e-01
2.000000000000000389e-01
1.199999999999999956e-01
1.956666666666666776e+00
4.866666666666666363e-01
1.169999999999999929e+00
5.333333333333333259e-01
3.166666666666666519e-01
6.766666666666667496e-01
2.196666666666666767e+00
1.833333333333333259e+00
1.479999999999999760e+00
1.133333333333333304e+00
1.933333333333333570e-01
1.090000000000000080e+00
1.766666666666666663e-01
1.643333333333333313e+00
2.099999999999999922e-01
6.666666666666666297e-01
1.290000000000000036e+00
4.099999999999999756e-01
1.046666666666666634e+00
1.896666666666666723e+00
8.866666666666667140e-01
8.666666666666666963e-01
2.833333333333333814e-01
6.500000000000000222e-01
3.100000000000000533e-01
8.433333333333333792e-01
9.766666666666666829e-01
5.233333333333333171e-01
6.666666666666667095e-03
1.196666666666666767e+00
6.666666666666666297e-01
5.666666666666667074e-02
1.200000000000000094e-01
1.053333333333333455e+00
4.599999999999999645e-01
5.699999999999999512e-01
1.316666666666666652e+00
9.999999999999999167e-02
1.300000000000000044e-01
1.559999999999999831e+00
4.633333333333333193e-01
3.066666666666666430e-01
5.899999999999999689e-01
3.800000000000000600e-01
1.853333333333333277e+00
8.133333333333334636e-01
4.333333333333333481e-02
1.000000000000000021e-02
5.433333333333333348e-01
3.099999999999999978e-01
9.100000000000000311e-01
1.833333333333333481e-01
5.333333333333333259e-01
1.833333333333333259e+00
2.133333333333333470e-01
4.933333333333333459e-01
3.333333333333333547e-03
7.133333333333333748e-01
8.666666666666666963e-02
8.000000000000000167e-02
2.333333333333333648e-01
3.766666666666666496e-01
9.000000000000001055e-02
2.566666666666666541e-01
5.666666666666667629e-01
1.209999999999999964e+00
2.229999999999999982e+00
1.556666666666666643e+00
1.313333333333333464e+00
6.600000000000000311e-01
2.399999999999999911e-01
8.166666666666667629e-01
9.233333333333333393e-01
1.566666666666666485e-01
1.709999999999999964e+00
1.700000000000000122e-01
1.533333333333333492e-01
1.333333333333333419e-02
1.333333333333333419e-02
2.666666666666666838e-02
3.966666666666666674e-01
8.666666666666666963e-02
3.899999999999999578e-01
4.599999999999999645e-01
2.500000000000000000e-01
2.866666666666666807e-01
3.666666666666666685e-02
1.000000000000000194e-01
8.900000000000000133e-01
1.499999999999999944e-01
1.300000000000000044e-01
1.966666666666666563e+00
9.500000000000000666e-01
7.733333333333333171e-01
1.533333333333333215e-01
8.333333333333333703e-01
9.800000000000000933e-01
6.666666666666667095e-03
4.666666666666666879e-02
4.333333333333333481e-01
1.866666666666666752e-01
1.833333333333333481e-01
3.900000000000000688e-01
5.033333333333332993e-01
2.166666666666666741e-01
8.999999999999999112e-01
6.833333333333334592e-01
2.149999999999999911e+00
1.016666666666666607e+00
7.000000000000000666e-02
5.299999999999999156e-01
9.999999999999999167e-02
0.000000000000000000e+00
1.566666666666666485e-01
4.333333333333333481e-02
5.733333333333333615e-01
5.066666666666667096e-01
3.133333333333333526e-01
7.099999999999999645e-01
1.526666666666666616e+00
6.099999999999999867e-01
8.000000000000000167e-02
4.799999999999999822e-01
0.000000000000000000e+00
1.733333333333333393e-01
1.063333333333333242e+00
1.440000000000000169e+00
9.999999999999999167e-02
3.066666666666666430e-01
1.183333333333333348e+00
1.199999999999999956e-01
1.739999999999999991e+00
1.099999999999999867e+00
1.733333333333333393e-01
8.766666666666665941e-01
4.799999999999999822e-01
