7.200000000000000844e-01
3.133333333333333526e-01
1.226666666666666794e+00
9.333333333333332371e-02
2.966666666666666896e-01
5.033333333333332993e-01
2.033333333333333381e-01
1.099999999999999867e-01
2.666666666666666630e-01
1.266666666666666774e-01
2.833333333333333814e-01
2.866666666666666807e-01
1.166666666666666546e-01
1.000000000000000000e+00
4.133333333333333304e-01
1.033333333333333326e-01
3.666666666666666685e-02
4.666666666666666879e-02
1.383333333333333526e+00
5.633333333333333526e-01
1.239999999999999991e+00
6.733333333333333393e-01
8.666666666666666963e-02
8.933333333333334236e-01
1.639999999999999902e+00
5.466666666666667451e-01
1.263333333333333419e+00
5.733333333333333615e-01
3.039999999999999591e+00
