1.400000000000000133e+00
4.033333333333333215e-01
7.000000000000000666e-01
2.366666666666666641e-01
1.873333333333333295e+00
2.099999999999999922e-01
2.633333333333333637e-01
7.033333333333332549e-01
5.666666666666665408e-01
1.053333333333333455e+00
2.366666666666666641e-01
6.766666666666666385e-01
1.133333333333333276e-01
1.596666666666666679e+00
1.746666666666666812e+00
9.400000000000000577e-01
1.570000000000000062e+00
8.666666666666666963e-02
1.066666666666666735e-01
0.000000000000000000e+00
1.300000000000000044e-01
2.500000000000000000e-01
1.276666666666666616e+00
5.466666666666666341e-01
3.133333333333332971e-01
1.600000000000000033e-01
4.000000000000000083e-02
8.133333333333333526e-01
2.466666666666666730e-01
8.000000000000000167e-02
1.183333333333333348e+00
1.776666666666666616e+00
1.300000000000000044e-01
4.133333333333333304e-01
4.833333333333333370e-01
2.099999999999999922e-01
9.433333333333333570e-01
2.260000000000000231e+00
5.000000000000000971e-02
1.300000000000000044e-01
4.666666666666666186e-01
2.466666666666666730e-01
3.666666666666666685e-02
9.066666666666666208e-01
0.000000000000000000e+00
4.999999999999999584e-02
9.700000000000000844e-01
2.966666666666666896e-01
0.000000000000000000e+00
1.399999999999999856e-01
1.343333333333333490e+00
3.033333333333332882e-01
4.799999999999999822e-01
1.300000000000000044e-01
1.783333333333333215e+00
4.233333333333333393e-01
0.000000000000000000e+00
1.333333333333333419e-02
6.666666666666667095e-03
0.000000000000000000e+00
1.199999999999999956e-01
7.233333333333332726e-01
6.066666666666665764e-01
2.933333333333333348e-01
1.870000000000000107e+00
4.600000000000000200e-01
4.133333333333333304e-01
1.300000000000000044e-01
2.040000000000000036e+00
1.963333333333333153e+00
1.700000000000000122e-01
1.603333333333333499e+00
1.303333333333333455e+00
2.666666666666666630e-01
2.000000000000000042e-02
4.999999999999999584e-02
1.666666666666666644e-02
2.000000000000000042e-02
1.000000000000000021e-02
2.000000000000000042e-02
2.080000000000000071e+00
1.316666666666666652e+00
1.000000000000000021e-02
9.466666666666666563e-01
5.133333333333333082e-01
2.533333333333333548e-01
1.833333333333333481e-01
4.566666666666666097e-01
1.173333333333333339e+00
1.449999999999999956e+00
6.333333333333332482e-02
1.000000000000000021e-02
2.466666666666666730e-01
3.666666666666666685e-02
5.966666666666666785e-01
2.799999999999999711e-01
6.000000000000000472e-02
5.400000000000000355e-01
2.033333333333333381e-01
3.133333333333333526e-01
1.086666666666666670e+00
4.666666666666666879e-02
1.036666666666666625e+00
1.000000000000000021e-02
3.666666666666666685e-02
0.000000000000000000e+00
1.130000000000000115e+00
1.066666666666666735e-01
1.666666666666666644e-02
7.666666666666667462e-02
2.433333333333333182e-01
2.000000000000000042e-02
3.333333333333333547e-03
0.000000000000000000e+00
1.000000000000000021e-02
0.000000000000000000e+00
9.999999999999999167e-02
7.933333333333333348e-01
3.200000000000000067e-01
7.700000000000000178e-01
7.833333333333333259e-01
6.500000000000000222e-01
6.466666666666666119e-01
1.633333333333333304e-01
2.066666666666666874e+00
1.173333333333333339e+00
1.333333333333333259e+00
3.533333333333333326e-01
4.733333333333333282e-01
1.926666666666666750e+00
1.406666666666666510e+00
4.633333333333333748e-01
9.566666666666666652e-01
3.333333333333333148e-01
4.033333333333333215e-01
1.296666666666666634e+00
4.366666666666667029e-01
1.719999999999999973e+00
1.799999999999999656e-01
3.933333333333333126e-01
1.469999999999999973e+00
1.616666666666666918e+00
6.300000000000000044e-01
7.333333333333333370e-02
4.866666666666666363e-01
1.076666666666666883e+00
1.633333333333333304e-01
7.799999999999999156e-01
2.999999999999999889e-01
4.566666666666667207e-01
1.666666666666666644e-02
0.000000000000000000e+00
1.666666666666666574e-01
1.366666666666666863e-01
1.199999999999999956e-01
6.899999999999999467e-01
4.999999999999999584e-02
7.333333333333334758e-02
0.000000000000000000e+00
1.333333333333333419e-02
1.333333333333333315e-01
1.000000000000000021e-02
1.300000000000000044e-01
1.133333333333333276e-01
3.666666666666666685e-02
0.000000000000000000e+00
1.033333333333333326e-01
2.640000000000000124e+00
9.666666666666667851e-02
5.166666666666667185e-01
2.366666666666666641e-01
0.000000000000000000e+00
4.566666666666667207e-01
1.166666666666666546e-01
1.933333333333333293e-01
4.566666666666667207e-01
1.173333333333333561e+00
2.366666666666666918e-01
1.799999999999999656e-01
2.700000000000000178e-01
1.273333333333333428e+00
1.466666666666666674e-01
2.633333333333333637e-01
6.000000000000000472e-02
3.700000000000000511e-01
6.633333333333333304e-01
2.999999999999999889e-02
5.000000000000000000e-01
1.380000000000000115e+00
0.000000000000000000e+00
2.333333333333333440e-02
9.333333333333332371e-01
3.166666666666666519e-01
3.000000000000000236e-02
3.666666666666666685e-02
1.993333333333333401e+00
1.600000000000000033e-01
4.333333333333333481e-02
7.700000000000000178e-01
5.699999999999999512e-01
2.199999999999999734e-01
1.999999999999999833e-01
7.233333333333332726e-01
3.533333333333333326e-01
2.633333333333333637e-01
0.000000000000000000e+00
0.000000000000000000e+00
1.333333333333333419e-02
6.666666666666667095e-03
3.666666666666666685e-02
1.566666666666666485e-01
6.033333333333333881e-01
1.889999999999999902e+00
3.333333333333333287e-02
2.566666666666666541e-01
1.953333333333333366e+00
4.000000000000000083e-02
1.400000000000000133e-01
9.499999999999998446e-01
1.333333333333333419e-02
0.000000000000000000e+00
5.200000000000000178e-01
3.200000000000000067e-01
4.333333333333333481e-02
1.000000000000000194e-01
7.399999999999998801e-01
2.583333333333333481e+00
3.200000000000000067e-01
1.466666666666666785e+00
3.233333333333333059e-01
1.466666666666666674e-01
4.333333333333333481e-02
3.333333333333333547e-03
0.000000000000000000e+00
1.800000000000000211e-01
3.966666666666666674e-01
4.699999999999999734e-01
9.000000000000001055e-02
8.666666666666666963e-02
1.000000000000000021e-02
1.800000000000000211e-01
6.099999999999999867e-01
1.483333333333333393e+00
4.099999999999999756e-01
5.300000000000000266e-01
8.066666666666666430e-01
0.000000000000000000e+00
4.533333333333333104e-01
1.639999999999999902e+00
5.666666666666667074e-02
7.666666666666667462e-02
5.966666666666666785e-01
5.833333333333333703e-01
9.766666666666666829e-01
5.966666666666666785e-01
6.333333333333333037e-01
1.783333333333333215e+00
3.166666666666667074e-01
0.000000000000000000e+00
6.666666666666667095e-03
7.666666666666667462e-02
7.200000000000000844e-01
0.000000000000000000e+00
1.333333333333333315e-01
7.933333333333333348e-01
6.666666666666667095e-03
1.000000000000000021e-02
6.066666666666665764e-01
8.799999999999998934e-01
6.666666666666667095e-03
1.466666666666666785e+00
3.333333333333333287e-02
9.700000000000000844e-01
3.333333333333333287e-02
5.400000000000000355e-01
1.330000000000000071e+00
1.133333333333333276e-01
9.000000000000001055e-02
7.333333333333333370e-02
6.000000000000000472e-02
1.233333333333333365e-01
3.366666666666666696e-01
5.666666666666667074e-02
5.333333333333333676e-02
4.199999999999999845e-01
3.166666666666666519e-01
1.150000000000000133e+00
3.799999999999999489e-01
3.733333333333333504e-01
3.533333333333333326e-01
2.099999999999999645e-01
3.466666666666666785e-01
1.333333333333333419e-02
2.333333333333333093e-01
2.566666666666666541e-01
6.199999999999999956e-01
4.000000000000000083e-02
2.166666666666666741e-01
5.999999999999999778e-02
3.099999999999999978e-01
1.383333333333333526e+00
1.379999999999999893e+00
3.700000000000000511e-01
1.900000000000000300e-01
2.433333333333333182e-01
4.500000000000000111e-01
1.800000000000000211e-01
1.189999999999999725e+00
5.466666666666667451e-01
2.066666666666666652e-01
4.000000000000000083e-02
4.266666666666665830e-01
3.166666666666666519e-01
0.000000000000000000e+00
2.966666666666666341e-01
8.066666666666666430e-01
6.333333333333333870e-02
1.469999999999999973e+00
5.200000000000000178e-01
9.666666666666667851e-02
2.666666666666666838e-02
2.000000000000000042e-02
4.333333333333333481e-02
5.666666666666666380e-02
6.666666666666667095e-03
1.533333333333333215e-01
9.700000000000000844e-01
1.899999999999999745e-01
5.333333333333333676e-02
5.666666666666667074e-02
1.666666666666666644e-02
1.666666666666666644e-02
3.000000000000000236e-02
1.300000000000000044e-01
1.666666666666666644e-02
2.333333333333333440e-02
2.200000000000000011e-01
3.700000000000000511e-01
3.866666666666666585e-01
1.776666666666666616e+00
1.196666666666666545e+00
3.533333333333333326e-01
1.686666666666666758e+00
1.833333333333333259e+00
1.053333333333333455e+00
2.299999999999999822e-01
1.233333333333333365e-01
9.333333333333333759e-02
1.033333333333333465e-01
1.143333333333333313e+00
3.566666666666666874e-01
2.000000000000000042e-02
2.666666666666666838e-02
8.800000000000000044e-01
4.733333333333333282e-01
0.000000000000000000e+00
1.333333333333333419e-02
1.123333333333333295e+00
2.399999999999999911e-01
1.333333333333333419e-02
6.333333333333333870e-02
2.099999999999999922e-01
6.700000000000000400e-01
3.733333333333333504e-01
2.833333333333333814e-01
3.666666666666666685e-02
4.000000000000000083e-02
1.266666666666666774e-01
2.000000000000000042e-02
2.000000000000000042e-02
2.066666666666666652e-01
5.466666666666667451e-01
6.666666666666667095e-03
1.333333333333333419e-02
1.833333333333333481e-01
0.000000000000000000e+00
1.333333333333333419e-02
1.936666666666666536e+00
1.396666666666666723e+00
7.033333333333332549e-01
1.100000000000000006e-01
3.833333333333333037e-01
3.033333333333332882e-01
1.763333333333333419e+00
1.639999999999999902e+00
1.633333333333333304e-01
3.666666666666666685e-02
2.073333333333333250e+00
4.899999999999999911e-01
1.800000000000000211e-01
8.100000000000000533e-01
2.399999999999999911e-01
5.666666666666666380e-02
6.333333333333333870e-02
3.333333333333333287e-02
2.333333333333333440e-02
2.033333333333333381e-01
3.099999999999999978e-01
7.000000000000000666e-02
1.833333333333333481e-01
2.633333333333333637e-01
2.266666666666666829e-01
1.770000000000000240e+00
1.883333333333333526e+00
2.333333333333333440e-02
8.000000000000000167e-02
0.000000000000000000e+00
8.666666666666666963e-02
4.566666666666667207e-01
2.999999999999999889e-01
1.400000000000000133e-01
4.633333333333333748e-01
1.196666666666666767e+00
1.526666666666666616e+00
2.673333333333333339e+00
