8.466666666666666785e-01
1.300000000000000044e-01
4.333333333333333481e-02
5.166666666666666075e-01
6.866666666666666474e-01
5.333333333333333676e-02
1.333333333333333419e-02
1.366666666666666863e-01
1.566666666666666763e-01
3.666666666666666408e-01
2.333333333333333093e-02
7.333333333333334758e-02
4.866666666666666363e-01
8.000000000000000167e-02
1.073333333333333250e+00
2.999999999999999889e-02
3.666666666666666685e-02
4.533333333333333104e-01
0.000000000000000000e+00
5.166666666666667185e-01
1.833333333333333204e-01
1.366666666666666863e-01
0.000000000000000000e+00
1.800000000000000211e-01
9.000000000000001055e-02
1.266666666666666774e-01
9.666666666666667851e-02
1.083333333333333259e+00
3.866666666666666585e-01
3.166666666666666519e-01
3.633333333333332860e-01
2.533333333333333548e-01
4.566666666666666097e-01
5.000000000000000971e-02
3.333333333333333547e-03
6.666666666666667095e-03
1.466666666666666397e-01
1.433333333333333404e-01
9.300000000000000488e-01
1.433333333333333404e-01
4.199999999999999845e-01
6.066666666666666874e-01
