7.433333333333332904e-01
5.000000000000000000e-01
1.266666666666666774e-01
1.833333333333333481e-01
5.200000000000000178e-01
3.433333333333332682e-01
1.030000000000000027e+00
5.000000000000000971e-02
2.566666666666666541e-01
1.400000000000000133e-01
1.733333333333333393e-01
1.333333333333333315e-01
1.133333333333333276e-01
3.333333333333333547e-03
6.066666666666665764e-01
1.063333333333333464e+00
8.666666666666666963e-01
0.000000000000000000e+00
1.666666666666666574e-01
1.633333333333333304e-01
1.209999999999999964e+00
1.666666666666666644e-02
2.099999999999999922e-01
8.900000000000000133e-01
1.633333333333333304e-01
2.200000000000000011e-01
1.183333333333333348e+00
2.466666666666666730e-01
1.733333333333333393e-01
2.333333333333333440e-02
9.333333333333333759e-02
9.000000000000001055e-02
7.666666666666666075e-02
0.000000000000000000e+00
3.333333333333333547e-03
8.700000000000001066e-01
3.333333333333333547e-03
6.633333333333332194e-01
2.633333333333333637e-01
8.033333333333333437e-01
1.566666666666666485e-01
5.633333333333333526e-01
1.550000000000000044e+00
1.040000000000000036e+00
1.183333333333333348e+00
5.699999999999999512e-01
2.099999999999999922e-01
6.999999999999999278e-02
5.666666666666667074e-02
2.500000000000000000e-01
2.600000000000000089e-01
1.179999999999999938e+00
6.566666666666666208e-01
2.433333333333333182e-01
2.166666666666666463e-01
5.333333333333333259e-01
1.123333333333333295e+00
1.036666666666666847e+00
5.533333333333333437e-01
7.099999999999999645e-01
1.183333333333333348e+00
4.466666666666667118e-01
1.233333333333333365e-01
1.099999999999999867e-01
2.099999999999999645e-01
9.366666666666666474e-01
6.666666666666667095e-03
9.999999999999999167e-02
1.090000000000000080e+00
1.566666666666666763e-01
1.700000000000000122e-01
1.146666666666666723e+00
1.166666666666666546e-01
6.000000000000000472e-02
1.000000000000000021e-02
3.333333333333333287e-02
5.000000000000000971e-02
6.666666666666666574e-02
0.000000000000000000e+00
1.666666666666666644e-02
5.266666666666667274e-01
2.333333333333333440e-02
2.399999999999999911e-01
2.433333333333333737e-01
3.066666666666666430e-01
6.733333333333332282e-01
2.700000000000000178e-01
4.500000000000000111e-01
9.300000000000000488e-01
1.593333333333333490e+00
