6.199999999999999956e-01
2.293333333333333446e+00
4.033333333333333215e-01
1.300000000000000044e-01
1.666666666666666644e-02
0.000000000000000000e+00
2.333333333333333093e-02
2.999999999999999889e-02
8.000000000000000167e-02
8.333333333333332871e-02
3.499999999999999223e-01
0.000000000000000000e+00
1.666666666666666574e-01
1.433333333333333404e-01
2.333333333333333093e-01
4.933333333333333459e-01
1.266666666666666774e-01
6.333333333333333870e-02
1.300000000000000044e-01
4.500000000000000111e-01
6.900000000000000577e-01
6.666666666666667095e-03
1.666666666666666644e-02
9.833333333333332815e-01
1.163333333333333330e+00
6.666666666666667095e-03
5.000000000000000971e-02
1.833333333333333481e-01
1.199999999999999956e-01
7.466666666666667007e-01
2.866666666666666807e-01
2.799999999999999711e-01
1.433333333333333570e+00
3.000000000000000444e-01
6.666666666666667095e-03
1.013333333333333419e+00
0.000000000000000000e+00
3.333333333333333287e-02
5.666666666666666380e-02
4.000000000000000083e-02
2.333333333333333440e-02
1.333333333333333419e-02
9.000000000000001055e-02
1.666666666666666644e-02
2.000000000000000042e-02
0.000000000000000000e+00
3.666666666666666963e-01
2.533333333333333548e-01
3.666666666666667379e-02
2.333333333333333093e-01
4.533333333333333104e-01
8.666666666666666963e-02
1.499999999999999944e-01
2.029999999999999805e+00
6.266666666666665941e-01
8.733333333333334059e-01
2.800000000000000266e-01
0.000000000000000000e+00
3.800000000000000600e-01
1.666666666666666644e-02
6.666666666666667095e-03
3.666666666666666685e-02
3.333333333333333287e-02
6.000000000000000888e-01
1.099999999999999867e-01
1.933333333333333293e-01
2.500000000000000000e-01
1.153333333333333321e+00
2.699999999999999623e-01
3.033333333333332882e-01
6.666666666666666574e-02
2.099999999999999922e-01
1.166666666666666546e-01
0.000000000000000000e+00
1.099999999999999867e-01
9.233333333333333393e-01
2.033333333333333381e-01
0.000000000000000000e+00
3.333333333333333287e-02
5.233333333333333171e-01
2.333333333333333440e-02
2.666666666666666838e-02
8.833333333333334147e-01
4.966666666666666452e-01
0.000000000000000000e+00
6.666666666666666574e-02
1.666666666666666644e-02
1.026666666666666616e+00
5.400000000000000355e-01
4.666666666666666186e-02
8.666666666666666963e-02
1.800000000000000211e-01
1.066666666666666735e-01
2.299999999999999822e-01
3.200000000000000067e-01
3.333333333333333287e-02
1.059999999999999831e+00
5.200000000000000178e-01
4.666666666666666879e-02
6.066666666666665764e-01
6.866666666666666474e-01
4.033333333333333215e-01
1.566666666666666485e-01
3.899999999999999578e-01
4.333333333333332926e-01
6.500000000000000222e-01
3.833333333333333592e-01
5.333333333333334370e-02
2.333333333333333440e-02
4.099999999999999756e-01
6.766666666666667496e-01
3.333333333333333547e-03
1.383333333333333526e+00
1.099999999999999867e-01
1.000000000000000021e-02
1.633333333333333304e-01
1.066666666666666735e-01
1.800000000000000211e-01
9.333333333333333759e-02
3.333333333333333287e-02
1.333333333333333419e-02
0.000000000000000000e+00
4.666666666666666879e-02
6.666666666666667095e-03
1.233333333333333365e-01
3.666666666666667379e-02
6.666666666666666574e-02
4.000000000000000083e-02
1.533333333333333215e-01
1.266666666666666774e-01
9.700000000000000844e-01
7.733333333333333171e-01
1.079999999999999849e+00
8.800000000000000044e-01
1.999999999999999833e-01
3.699999999999999400e-01
1.133333333333333304e+00
1.233333333333333365e-01
4.000000000000000083e-02
5.733333333333333615e-01
1.066666666666666458e-01
1.333333333333333419e-02
5.499999999999999334e-01
1.803333333333333455e+00
5.533333333333333437e-01
9.000000000000001055e-02
4.366666666666667029e-01
8.333333333333332871e-02
1.333333333333333419e-02
1.366666666666666863e-01
1.886666666666666714e+00
1.126666666666666705e+00
1.133333333333333276e-01
1.426666666666666750e+00
8.900000000000000133e-01
1.399999999999999856e-01
8.199999999999999512e-01
4.333333333333333481e-01
5.333333333333333676e-02
1.000000000000000021e-02
0.000000000000000000e+00
0.000000000000000000e+00
1.499999999999999944e-01
2.800000000000000266e-01
1.000000000000000021e-02
8.333333333333332871e-02
1.100000000000000006e-01
1.033333333333333326e-01
6.199999999999999956e-01
1.566666666666666485e-01
1.266666666666666774e-01
1.399999999999999856e-01
2.166666666666666741e-01
2.166666666666666741e-01
1.800000000000000211e-01
3.133333333333333526e-01
4.666666666666666879e-02
2.303333333333333233e+00
9.799999999999999822e-01
3.333333333333333547e-03
2.500000000000000000e-01
1.223333333333333384e+00
1.333333333333333315e-01
1.000000000000000021e-02
1.400000000000000133e-01
6.666666666666666574e-02
1.666666666666666644e-02
5.999999999999999778e-01
7.533333333333332993e-01
6.000000000000000472e-02
2.666666666666666144e-02
4.000000000000000083e-02
2.033333333333333659e-01
8.099999999999999423e-01
7.666666666666667462e-02
1.066666666666666735e-01
8.266666666666666607e-01
1.546666666666666634e+00
5.666666666666667074e-02
3.333333333333333287e-02
2.233333333333333004e-01
5.166666666666667185e-01
7.000000000000000666e-02
2.399999999999999911e-01
3.333333333333333547e-03
0.000000000000000000e+00
1.999999999999999833e-01
5.666666666666666380e-02
1.133333333333333276e-01
5.133333333333333082e-01
2.133333333333332915e-01
4.099999999999999756e-01
6.333333333333333870e-02
8.333333333333332871e-02
1.566666666666666485e-01
6.666666666666667095e-03
5.666666666666666380e-02
1.633333333333333304e-01
2.999999999999999889e-02
7.233333333333332726e-01
5.200000000000000178e-01
9.066666666666666208e-01
2.966666666666666896e-01
1.199999999999999956e-01
0.000000000000000000e+00
6.666666666666666574e-02
0.000000000000000000e+00
3.333333333333333287e-02
4.066666666666666763e-01
6.333333333333333870e-02
8.000000000000000167e-02
5.666666666666666380e-02
6.000000000000000472e-02
6.666666666666667095e-03
2.099999999999999922e-01
1.313333333333333464e+00
3.200000000000000067e-01
7.333333333333333925e-01
6.666666666666667095e-03
1.400000000000000133e-01
9.666666666666666741e-01
3.333333333333333287e-02
3.000000000000000236e-02
3.433333333333332682e-01
5.666666666666667074e-02
1.780000000000000027e+00
2.509999999999999787e+00
1.023333333333333428e+00
1.616666666666666474e+00
1.633333333333333304e-01
1.133333333333333276e-01
3.333333333333333287e-02
0.000000000000000000e+00
2.000000000000000042e-02
1.333333333333333419e-02
3.666666666666666685e-02
7.666666666666667462e-02
9.066666666666666208e-01
1.666666666666666574e-01
3.433333333333332682e-01
2.600000000000000089e-01
3.266666666666666607e-01
5.433333333333333348e-01
3.433333333333333237e-01
2.133333333333333470e-01
1.666666666666666644e-02
5.799999999999999600e-01
6.833333333333332371e-01
3.666666666666667379e-02
2.999999999999999889e-02
8.833333333333333037e-01
6.233333333333334059e-01
3.666666666666667379e-02
2.766666666666666718e-01
1.333333333333333315e-01
9.666666666666667851e-02
2.466666666666666730e-01
3.133333333333332971e-01
1.333333333333333315e-01
2.123333333333333073e+00
7.366666666666666918e-01
1.333333333333333419e-02
8.766666666666665941e-01
3.666666666666666685e-02
5.666666666666667074e-02
4.666666666666666186e-02
1.666666666666666644e-02
1.666666666666666644e-02
1.100000000000000006e-01
8.333333333333332871e-02
0.000000000000000000e+00
2.666666666666666838e-02
0.000000000000000000e+00
1.300000000000000044e-01
2.199999999999999734e-01
1.000000000000000021e-02
2.166666666666666741e-01
1.266666666666666774e-01
1.166666666666666546e-01
1.166666666666666546e-01
1.403333333333333321e+00
1.480000000000000204e+00
3.966666666666666674e-01
1.776666666666666616e+00
1.366666666666666863e-01
3.099999999999999978e-01
1.333333333333333419e-02
0.000000000000000000e+00
2.333333333333333093e-02
2.233333333333333004e-01
7.566666666666667096e-01
0.000000000000000000e+00
2.333333333333333093e-01
1.000000000000000194e-01
6.433333333333332016e-01
2.333333333333333093e-01
4.399999999999999467e-01
3.333333333333333287e-02
6.333333333333333870e-02
1.666666666666666644e-02
1.666666666666666644e-02
9.333333333333333759e-02
4.733333333333333282e-01
4.166666666666666852e-01
0.000000000000000000e+00
0.000000000000000000e+00
7.033333333333334769e-01
5.666666666666666380e-02
0.000000000000000000e+00
9.533333333333334769e-01
1.060000000000000053e+00
1.466666666666666674e-01
1.399999999999999856e-01
2.666666666666666838e-02
1.650000000000000133e+00
2.166666666666666741e-01
0.000000000000000000e+00
8.666666666666666963e-02
7.666666666666666075e-02
8.333333333333332871e-02
4.733333333333333282e-01
3.000000000000000236e-02
5.999999999999999778e-02
7.000000000000000666e-01
2.600000000000000089e-01
2.500000000000000000e-01
8.100000000000000533e-01
4.000000000000000777e-01
9.366666666666665364e-01
6.300000000000000044e-01
1.466666666666666785e+00
2.366666666666666641e-01
1.330000000000000071e+00
3.566666666666666319e-01
5.000000000000000971e-02
3.666666666666666685e-02
5.566666666666666430e-01
1.966666666666666563e-01
7.333333333333333370e-02
8.499999999999999778e-01
1.199999999999999956e-01
0.000000000000000000e+00
1.766666666666666663e-01
1.666666666666666574e-01
1.900000000000000300e-01
2.399999999999999911e-01
0.000000000000000000e+00
6.666666666666667095e-03
6.666666666666667095e-03
7.000000000000000666e-02
2.666666666666666838e-02
3.666666666666666685e-02
6.666666666666667095e-03
6.666666666666667095e-03
0.000000000000000000e+00
5.433333333333333348e-01
1.800000000000000211e-01
1.513333333333333419e+00
4.166666666666666852e-01
6.833333333333332371e-01
1.000000000000000000e+00
4.333333333333333481e-02
1.299999999999999767e-01
6.333333333333334147e-01
4.333333333333333481e-02
4.266666666666666941e-01
6.566666666666666208e-01
4.000000000000000083e-02
0.000000000000000000e+00
9.233333333333333393e-01
1.320000000000000062e+00
3.433333333333333237e-01
1.333333333333333419e-02
3.300000000000000155e-01
5.333333333333333676e-02
1.300000000000000044e-01
3.666666666666667379e-02
1.666666666666666741e+00
1.066666666666666652e+00
1.166666666666666546e-01
7.233333333333332726e-01
8.733333333333334059e-01
2.600000000000000089e-01
5.699999999999999512e-01
2.399999999999999911e-01
9.999999999999999167e-02
1.666666666666666644e-02
0.000000000000000000e+00
0.000000000000000000e+00
1.033333333333333326e-01
6.500000000000000222e-01
2.333333333333333093e-02
1.166666666666666546e-01
2.299999999999999822e-01
5.999999999999999778e-02
6.766666666666666385e-01
1.833333333333333204e-01
1.566666666666666485e-01
6.666666666666666574e-02
4.866666666666666363e-01
1.033333333333333326e-01
1.433333333333333404e-01
1.400000000000000133e-01
4.666666666666666879e-02
1.013333333333333419e+00
1.589999999999999858e+00
2.999999999999999889e-02
5.366666666666666252e-01
1.436666666666666536e+00
2.333333333333333440e-02
4.333333333333332926e-01
3.533333333333333326e-01
6.666666666666666574e-02
1.333333333333333419e-02
9.800000000000000933e-01
8.633333333333332860e-01
2.500000000000000000e-01
2.000000000000000042e-02
2.000000000000000042e-02
1.166666666666666546e-01
8.866666666666667140e-01
6.000000000000000472e-02
1.000000000000000021e-02
7.466666666666667007e-01
1.016666666666666607e+00
6.666666666666666574e-02
3.333333333333333547e-03
3.933333333333333126e-01
1.026666666666666616e+00
1.333333333333333315e-01
7.500000000000000000e-01
1.000000000000000194e-01
2.999999999999999889e-02
1.100000000000000006e-01
1.033333333333333326e-01
8.666666666666666963e-02
2.299999999999999822e-01
2.466666666666666730e-01
3.600000000000000422e-01
8.666666666666666963e-02
1.566666666666666763e-01
1.100000000000000006e-01
8.666666666666666963e-02
1.866666666666666474e-01
2.766666666666666718e-01
4.333333333333333481e-02
1.123333333333333295e+00
1.169999999999999929e+00
9.466666666666666563e-01
2.733333333333333726e-01
1.820000000000000062e+00
2.533333333333333548e-01
3.666666666666667379e-02
0.000000000000000000e+00
5.999999999999999778e-02
2.700000000000000178e-01
6.999999999999999278e-02
1.899999999999999745e-01
1.766666666666666663e-01
4.000000000000000083e-02
2.000000000000000042e-02
2.433333333333333182e-01
1.253333333333333410e+00
6.933333333333333570e-01
7.200000000000000844e-01
3.333333333333333287e-02
1.233333333333333365e-01
6.666666666666666297e-01
1.666666666666666644e-02
0.000000000000000000e+00
2.133333333333333470e-01
3.666666666666667379e-02
6.000000000000000888e-01
1.010000000000000009e+00
