1.190000000000000169e+00
1.733333333333333393e-01
8.800000000000000044e-01
1.133333333333333276e-01
6.666666666666667095e-03
0.000000000000000000e+00
0.000000000000000000e+00
0.000000000000000000e+00
1.066666666666666735e-01
9.000000000000001055e-02
5.000000000000000971e-02
0.000000000000000000e+00
2.000000000000000042e-02
1.366666666666666863e-01
1.233333333333333504e-01
3.666666666666666685e-02
9.000000000000001055e-02
2.666666666666666838e-02
4.666666666666666879e-02
1.033333333333333326e-01
5.999999999999999778e-02
3.333333333333333547e-03
6.666666666666667095e-03
5.466666666666666341e-01
4.000000000000000083e-02
1.633333333333333304e-01
1.966666666666666563e-01
1.900000000000000300e-01
6.333333333333332482e-02
8.666666666666666963e-02
3.666666666666666963e-01
4.666666666666666879e-02
0.000000000000000000e+00
5.000000000000000000e-01
1.366666666666666863e-01
1.700000000000000178e+00
3.666666666666666685e-02
4.333333333333333481e-02
1.433333333333333404e-01
1.033333333333333215e+00
3.333333333333333547e-03
5.333333333333333676e-02
9.000000000000001055e-02
3.033333333333332882e-01
1.700000000000000122e-01
1.000000000000000021e-02
2.300000000000000100e-01
1.023333333333333428e+00
1.666666666666666644e-02
0.000000000000000000e+00
5.666666666666666380e-02
1.566666666666666763e-01
1.100000000000000006e-01
1.099999999999999867e-01
7.000000000000000666e-02
2.666666666666666838e-02
2.933333333333333903e-01
7.666666666666667462e-02
1.103333333333333277e+00
1.033333333333333326e-01
5.000000000000000971e-02
6.166666666666666963e-01
1.400000000000000133e-01
1.499999999999999944e-01
2.000000000000000389e-01
1.216666666666666785e+00
