4.763333333333333641e+00
5.733333333333333615e-01
1.499999999999999944e-01
1.466666666666666674e-01
9.000000000000001055e-02
4.500000000000000111e-01
3.600000000000000422e-01
3.833333333333333037e-01
1.083333333333333259e+00
5.333333333333333676e-02
2.566666666666666541e-01
2.633333333333333637e-01
8.499999999999999778e-01
2.700000000000000178e-01
2.000000000000000042e-02
2.666666666666666144e-02
9.933333333333332904e-01
1.840000000000000080e+00
8.366666666666667806e-01
1.586666666666666670e+00
4.466666666666666008e-01
2.666666666666666838e-02
6.333333333333333037e-01
8.000000000000000167e-02
8.000000000000000167e-02
4.999999999999999584e-02
7.133333333333333748e-01
2.000000000000000042e-02
1.453333333333333366e+00
2.033333333333333215e+00
5.666666666666667074e-02
1.066666666666666735e-01
7.333333333333334758e-02
4.799999999999999822e-01
1.433333333333333348e+00
1.130000000000000115e+00
1.499999999999999944e-01
5.000000000000000971e-02
0.000000000000000000e+00
7.666666666666667462e-02
2.633333333333333637e-01
3.433333333333332682e-01
1.000000000000000021e-02
9.000000000000001055e-02
4.666666666666666186e-01
8.000000000000000167e-02
1.366666666666666474e+00
8.800000000000000044e-01
5.333333333333333676e-02
2.533333333333333548e-01
2.199999999999999734e-01
7.366666666666666918e-01
9.333333333333332371e-01
2.666666666666666838e-02
5.666666666666667074e-02
1.199999999999999956e-01
3.200000000000000067e-01
1.999999999999999833e-01
4.333333333333333481e-02
4.633333333333333748e-01
1.719999999999999973e+00
7.766666666666667274e-01
4.500000000000000111e-01
2.866666666666666807e-01
2.433333333333333182e-01
4.866666666666666363e-01
2.333333333333333440e-02
3.166666666666666519e-01
1.333333333333333419e-02
2.000000000000000042e-02
3.166666666666666519e-01
2.063333333333333020e+00
1.523333333333333428e+00
2.000000000000000042e-02
1.333333333333333419e-02
2.633333333333333637e-01
9.666666666666667851e-02
2.500000000000000000e-01
1.100000000000000006e-01
5.566666666666666430e-01
1.666666666666666644e-02
7.299999999999999822e-01
7.000000000000000666e-02
1.356666666666666687e+00
1.839999999999999858e+00
1.383333333333333526e+00
