6.266666666666665941e-01
4.700000000000000289e-01
1.693333333333333357e+00
1.223333333333333384e+00
1.666666666666666644e-02
2.933333333333333903e-01
4.666666666666666186e-01
1.370000000000000107e+00
8.266666666666666607e-01
0.000000000000000000e+00
1.000000000000000021e-02
1.233333333333333365e-01
1.399999999999999856e-01
1.006666666666666599e+00
5.666666666666667074e-02
4.666666666666666879e-02
5.333333333333333676e-02
7.000000000000000666e-02
1.833333333333333481e-01
8.966666666666666119e-01
1.016666666666666607e+00
7.000000000000000666e-02
1.300000000000000044e-01
1.300000000000000044e-01
1.399999999999999856e-01
1.436666666666666758e+00
9.000000000000001055e-02
9.666666666666666463e-02
6.466666666666666119e-01
2.033333333333333381e-01
1.533333333333333215e-01
1.233333333333333365e-01
1.600000000000000033e-01
1.666666666666666644e-02
1.399999999999999856e-01
1.900000000000000300e-01
3.333333333333333547e-03
1.126666666666666705e+00
2.333333333333333093e-01
3.533333333333333326e-01
1.000000000000000021e-02
6.000000000000000472e-02
7.833333333333333259e-01
1.866666666666666752e-01
0.000000000000000000e+00
1.466666666666666674e-01
1.000000000000000021e-02
5.566666666666666430e-01
1.133333333333333415e-01
7.266666666666666829e-01
2.933333333333333903e-01
7.000000000000000666e-02
1.900000000000000133e+00
7.200000000000000844e-01
