2.333333333333333481e+00
3.333333333333333148e-01
3.033333333333333437e-01
9.333333333333332371e-02
2.366666666666666641e-01
9.566666666666666652e-01
2.500000000000000000e-01
3.666666666666666685e-02
1.389999999999999902e+00
1.263333333333333419e+00
8.333333333333332871e-02
1.499999999999999944e-01
1.213333333333333153e+00
8.333333333333332871e-02
1.866666666666666752e-01
4.666666666666666186e-01
1.500000000000000222e-01
1.833333333333333481e-01
5.999999999999999778e-02
4.400000000000000022e-01
2.016666666666666607e+00
1.639999999999999902e+00
6.666666666666667095e-03
2.966666666666666896e-01
6.999999999999999278e-02
9.266666666666666385e-01
2.433333333333333737e-01
5.733333333333332504e-01
6.300000000000000044e-01
2.000000000000000042e-02
1.000000000000000021e-02
2.000000000000000042e-02
6.733333333333333393e-01
5.999999999999999778e-02
7.666666666666667462e-02
1.400000000000000133e-01
1.266666666666666774e-01
0.000000000000000000e+00
1.100000000000000089e+00
1.050000000000000044e+00
1.666666666666666644e-02
1.480000000000000204e+00
1.400000000000000133e+00
4.833333333333333370e-01
1.000000000000000021e-02
0.000000000000000000e+00
2.500000000000000000e-01
1.000000000000000021e-02
1.333333333333333419e-02
3.666666666666667379e-02
0.000000000000000000e+00
1.433333333333333126e-01
2.999999999999999889e-02
2.333333333333333440e-02
5.333333333333333676e-02
5.600000000000000533e-01
1.333333333333333419e-02
9.366666666666665364e-01
1.500000000000000222e-01
4.333333333333333481e-02
1.173333333333333117e+00
6.666666666666666574e-02
6.666666666666667095e-03
9.999999999999999167e-02
6.199999999999999956e-01
0.000000000000000000e+00
2.999999999999999889e-02
7.233333333333332726e-01
1.066666666666666735e-01
1.333333333333333419e-02
0.000000000000000000e+00
2.266666666666666829e-01
1.133333333333333304e+00
1.000000000000000021e-02
0.000000000000000000e+00
2.166666666666666463e-01
4.999999999999999584e-02
4.000000000000000083e-02
0.000000000000000000e+00
4.000000000000000083e-02
4.199999999999999845e-01
0.000000000000000000e+00
5.799999999999999600e-01
3.333333333333333287e-02
8.666666666666666963e-02
3.166666666666667074e-01
1.333333333333333315e-01
4.166666666666666852e-01
2.199999999999999734e-01
6.666666666666667095e-03
0.000000000000000000e+00
4.833333333333333925e-01
4.333333333333333481e-02
0.000000000000000000e+00
0.000000000000000000e+00
1.733333333333333393e-01
0.000000000000000000e+00
1.000000000000000021e-02
3.133333333333333526e-01
7.333333333333333370e-02
4.000000000000000083e-02
3.666666666666666685e-02
1.366666666666666585e-01
9.666666666666666463e-02
2.600000000000000089e-01
7.000000000000000666e-01
1.633333333333333304e-01
2.000000000000000042e-02
1.463333333333333597e+00
5.033333333333332993e-01
2.433333333333333182e-01
2.166666666666666741e-01
5.999999999999999778e-02
6.666666666666667095e-03
1.076666666666666883e+00
2.999999999999999889e-02
0.000000000000000000e+00
7.700000000000000178e-01
1.566666666666666485e-01
0.000000000000000000e+00
0.000000000000000000e+00
1.313333333333333242e+00
5.833333333333333703e-01
7.000000000000000666e-02
1.913333333333333330e+00
4.799999999999999822e-01
1.983333333333333171e+00
1.790000000000000036e+00
6.666666666666667095e-03
9.266666666666667496e-01
1.293333333333333446e+00
2.000000000000000042e-02
0.000000000000000000e+00
4.033333333333333215e-01
2.333333333333333093e-01
2.666666666666666838e-02
1.333333333333333419e-02
5.066666666666667096e-01
4.799999999999999822e-01
2.333333333333333440e-02
1.399999999999999856e-01
8.666666666666666963e-02
6.333333333333333870e-02
3.000000000000000236e-02
1.146666666666666723e+00
1.066666666666666735e-01
5.233333333333333171e-01
1.979999999999999760e+00
