5.566666666666666430e-01
7.333333333333333370e-02
1.666666666666666574e-01
5.666666666666667074e-02
6.999999999999999278e-02
2.000000000000000042e-02
4.933333333333333459e-01
4.333333333333333481e-02
9.666666666666667851e-02
6.533333333333333215e-01
4.333333333333333481e-02
0.000000000000000000e+00
6.666666666666667095e-03
8.399999999999999689e-01
1.499999999999999944e-01
1.866666666666666752e-01
1.000000000000000021e-02
9.133333333333334414e-01
2.666666666666666838e-02
9.199999999999999289e-01
2.233333333333333004e-01
1.233333333333333365e-01
1.839999999999999858e+00
7.333333333333333370e-02
2.999999999999999889e-02
3.333333333333333287e-02
1.566666666666666485e-01
8.866666666666667140e-01
3.666666666666667379e-02
3.666666666666667379e-02
6.333333333333333870e-02
1.633333333333333304e-01
7.000000000000000666e-02
4.866666666666666363e-01
1.366666666666666863e-01
1.000000000000000021e-02
1.153333333333333321e+00
4.366666666666667029e-01
2.899999999999999800e-01
0.000000000000000000e+00
4.333333333333333481e-02
7.999999999999999334e-01
1.366666666666666863e-01
3.333333333333333547e-03
1.466666666666666397e-01
3.666666666666666685e-02
1.000000000000000021e-02
3.666666666666666685e-02
7.200000000000000844e-01
0.000000000000000000e+00
8.333333333333332871e-02
1.123333333333333295e+00
1.423333333333333117e+00
1.366666666666666863e-01
3.899999999999999578e-01
1.536666666666666847e+00
3.366666666666666696e-01
7.666666666666667462e-02
1.766666666666666663e-01
2.600000000000000089e-01
7.666666666666667462e-02
3.466666666666666785e-01
0.000000000000000000e+00
6.666666666666666574e-02
1.203333333333333366e+00
2.333333333333333440e-02
2.333333333333333093e-02
1.086666666666666670e+00
1.900000000000000300e-01
1.333333333333333419e-02
1.796666666666666634e+00
9.100000000000000311e-01
6.666666666666667095e-03
1.833333333333333481e-01
1.333333333333333315e-01
2.733333333333333726e-01
0.000000000000000000e+00
1.833333333333333481e-01
1.733333333333333393e-01
8.333333333333332871e-02
1.126666666666666705e+00
1.023333333333333428e+00
7.599999999999998979e-01
0.000000000000000000e+00
9.666666666666667851e-02
1.766666666666666663e-01
2.466666666666666730e-01
5.200000000000000178e-01
8.333333333333333703e-01
1.866666666666666752e-01
2.133333333333333470e-01
8.466666666666666785e-01
7.099999999999999645e-01
3.333333333333333547e-03
1.433333333333333404e-01
9.333333333333333759e-02
4.000000000000000083e-02
0.000000000000000000e+00
1.050000000000000044e+00
5.666666666666667074e-02
3.333333333333333287e-02
5.333333333333333676e-02
2.033333333333333381e-01
1.000000000000000021e-02
7.200000000000000844e-01
2.233333333333333559e-01
1.100000000000000006e-01
5.333333333333333676e-02
1.303333333333333455e+00
8.266666666666666607e-01
2.999999999999999889e-02
2.466666666666666730e-01
5.066666666666667096e-01
9.999999999999999167e-02
5.000000000000000971e-02
6.433333333333333126e-01
5.733333333333333615e-01
7.000000000000000666e-02
9.000000000000001055e-02
2.699999999999999623e-01
7.733333333333333171e-01
