1.760000000000000009e+00
3.333333333333333148e-01
1.276666666666666616e+00
1.766666666666666663e-01
8.666666666666666963e-02
1.233333333333333365e-01
3.599999999999999312e-01
3.200000000000000067e-01
1.703333333333333144e+00
4.666666666666666186e-01
1.999999999999999833e-01
2.600000000000000089e-01
9.733333333333332726e-01
8.233333333333333615e-01
8.666666666666666963e-02
1.366666666666666585e-01
0.000000000000000000e+00
4.366666666666667029e-01
8.333333333333332871e-02
7.600000000000001199e-01
6.099999999999999867e-01
1.433333333333333404e-01
3.899999999999999578e-01
6.666666666666666574e-02
2.000000000000000389e-01
9.300000000000000488e-01
6.566666666666666208e-01
7.266666666666666829e-01
1.506666666666666821e+00
1.123333333333333295e+00
2.366666666666666641e-01
1.263333333333333419e+00
6.333333333333333870e-02
9.999999999999999167e-02
1.666666666666666644e-02
3.233333333333333059e-01
9.033333333333333215e-01
2.899999999999999800e-01
5.699999999999999512e-01
4.000000000000000083e-02
1.833333333333333481e-01
5.666666666666666380e-02
3.900000000000000688e-01
1.333333333333333315e-01
2.933333333333333348e-01
1.600000000000000033e-01
3.333333333333333287e-02
7.666666666666667462e-02
3.433333333333333237e-01
6.333333333333333870e-02
9.666666666666667851e-02
1.899999999999999745e-01
2.066666666666666652e-01
5.999999999999999778e-02
2.166666666666666463e-01
1.233333333333333087e-01
7.633333333333333082e-01
3.333333333333333547e-03
1.653333333333333321e+00
7.033333333333332549e-01
0.000000000000000000e+00
9.999999999999999167e-02
6.666666666666666574e-02
6.333333333333334147e-01
3.066666666666666430e-01
7.066666666666666652e-01
4.533333333333333104e-01
1.776666666666666616e+00
1.723333333333333384e+00
2.933333333333333348e-01
1.133333333333333415e-01
4.933333333333333459e-01
2.299999999999999822e-01
7.266666666666665719e-01
2.999999999999999889e-02
1.033333333333333326e-01
5.333333333333333676e-02
1.133333333333333276e-01
1.536666666666666403e+00
1.316666666666666652e+00
2.199999999999999734e-01
1.866666666666666752e-01
1.600000000000000033e-01
1.199999999999999956e-01
1.866666666666666752e-01
9.466666666666666563e-01
3.733333333333333504e-01
9.999999999999999167e-02
2.366666666666666641e-01
6.333333333333333870e-02
1.053333333333333455e+00
2.583333333333333481e+00
