1.333333333333333259e+00
1.366666666666666918e+00
1.300000000000000044e-01
1.020000000000000018e+00
2.600000000000000089e-01
1.800000000000000211e-01
4.666666666666666879e-02
1.533333333333333492e-01
8.766666666666665941e-01
2.333333333333333093e-02
1.333333333333333419e-02
3.899999999999999578e-01
2.099999999999999922e-01
9.433333333333333570e-01
0.000000000000000000e+00
7.466666666666667007e-01
6.999999999999999278e-02
4.000000000000000083e-02
0.000000000000000000e+00
8.666666666666666963e-02
7.600000000000001199e-01
0.000000000000000000e+00
4.666666666666666879e-02
5.333333333333333676e-02
1.966666666666666841e-01
0.000000000000000000e+00
2.333333333333333093e-02
1.053333333333333455e+00
6.666666666666667095e-03
0.000000000000000000e+00
1.366666666666666863e-01
1.666666666666666644e-02
1.000000000000000021e-02
1.093333333333333490e+00
1.133333333333333415e-01
4.999999999999999584e-02
4.333333333333333481e-02
2.999999999999999889e-02
3.333333333333333547e-03
7.666666666666667462e-02
6.666666666666667095e-03
8.933333333333332016e-01
1.000000000000000021e-02
6.666666666666666574e-02
8.333333333333332871e-02
1.233333333333333365e-01
3.899999999999999578e-01
1.266666666666666774e-01
9.666666666666667851e-02
6.066666666666665764e-01
5.366666666666667362e-01
1.300000000000000044e-01
2.333333333333333440e-02
7.333333333333333370e-02
3.333333333333333287e-02
1.199999999999999956e-01
2.666666666666666838e-02
1.433333333333333404e-01
4.433333333333333015e-01
6.666666666666666574e-02
1.266666666666666774e-01
4.000000000000000083e-02
4.799999999999999822e-01
1.633333333333333304e-01
4.266666666666666941e-01
2.066666666666666652e-01
5.400000000000000355e-01
0.000000000000000000e+00
3.066666666666666985e-01
7.333333333333333370e-02
2.333333333333333093e-01
5.899999999999999689e-01
7.000000000000000666e-02
9.000000000000001055e-02
1.499999999999999944e-01
4.333333333333333481e-01
4.966666666666666452e-01
1.776666666666666616e+00
2.666666666666666838e-02
4.333333333333333481e-01
1.533333333333333215e-01
2.366666666666666918e-01
6.166666666666666963e-01
8.800000000000000044e-01
3.533333333333333326e-01
7.533333333333332993e-01
1.303333333333333455e+00
5.699999999999999512e-01
3.600000000000000422e-01
1.066666666666666652e+00
1.690000000000000169e+00
1.000000000000000021e-02
4.000000000000000083e-02
8.333333333333332871e-02
2.900000000000000355e-01
9.599999999999999645e-01
1.466666666666666397e-01
1.666666666666666574e-01
3.233333333333333059e-01
1.000000000000000021e-02
7.000000000000000666e-02
6.800000000000000488e-01
2.733333333333333726e-01
1.600000000000000033e-01
4.933333333333333459e-01
1.933333333333333570e-01
1.253333333333333410e+00
2.899999999999999800e-01
1.166666666666666546e-01
1.766666666666666663e-01
1.066666666666666735e-01
3.200000000000000067e-01
1.066666666666666735e-01
2.333333333333333093e-01
2.033333333333333381e-01
2.399999999999999911e-01
1.776666666666666616e+00
3.066666666666666430e-01
6.466666666666666119e-01
6.900000000000000577e-01
4.900000000000000466e-01
6.666666666666667095e-03
7.200000000000000844e-01
2.133333333333332915e-01
1.666666666666666574e-01
3.333333333333333287e-02
3.566666666666666319e-01
0.000000000000000000e+00
2.666666666666666838e-02
1.433333333333333348e+00
3.099999999999999978e-01
1.066666666666666735e-01
9.833333333333333925e-01
2.333333333333333440e-02
1.666666666666666644e-02
1.333333333333333419e-02
0.000000000000000000e+00
8.066666666666666430e-01
6.333333333333333870e-02
4.433333333333333570e-01
5.999999999999999778e-02
2.333333333333333440e-02
1.560000000000000275e+00
2.700000000000000178e-01
1.700000000000000122e-01
4.000000000000000777e-01
1.566666666666666485e-01
1.733333333333333393e-01
7.666666666666666075e-02
4.666666666666666879e-02
1.666666666666666644e-02
6.666666666666667095e-03
9.000000000000001055e-02
4.000000000000000083e-02
0.000000000000000000e+00
7.666666666666666075e-02
1.000000000000000021e-02
2.333333333333333440e-02
3.333333333333333148e-01
3.333333333333333287e-02
2.600000000000000089e-01
2.666666666666666838e-02
4.566666666666667207e-01
2.500000000000000000e-01
0.000000000000000000e+00
0.000000000000000000e+00
3.333333333333333547e-03
1.000000000000000021e-02
3.333333333333333287e-02
9.000000000000001055e-02
3.600000000000000422e-01
2.999999999999999889e-02
1.700000000000000122e-01
0.000000000000000000e+00
1.566666666666666485e-01
1.566666666666666485e-01
2.333333333333333440e-02
7.333333333333334758e-02
1.506666666666666821e+00
1.060000000000000053e+00
2.999999999999999889e-02
3.400000000000000244e-01
4.999999999999999584e-02
1.833333333333333481e-01
1.416666666666666741e+00
2.933333333333333903e-01
2.733333333333333171e-01
8.333333333333332871e-02
6.066666666666667984e-01
5.666666666666667074e-02
1.416666666666666741e+00
0.000000000000000000e+00
2.966666666666666896e-01
0.000000000000000000e+00
3.666666666666666685e-02
3.333333333333333547e-03
3.466666666666666785e-01
4.733333333333333282e-01
9.666666666666667851e-02
5.300000000000000266e-01
2.700000000000000178e-01
1.000000000000000021e-02
3.333333333333333547e-03
6.666666666666667095e-03
2.266666666666666552e-01
6.333333333333333870e-02
2.899999999999999800e-01
1.013333333333333419e+00
8.666666666666666963e-02
5.666666666666667074e-02
5.333333333333333676e-02
1.073333333333333250e+00
1.566666666666666652e+00
2.466666666666666730e-01
1.426666666666666750e+00
2.266666666666666552e-01
1.496666666666666812e+00
5.333333333333333676e-02
3.466666666666666785e-01
1.106666666666666687e+00
1.499999999999999944e-01
6.666666666666667095e-03
7.900000000000000355e-01
4.099999999999999756e-01
0.000000000000000000e+00
9.666666666666667851e-02
1.766666666666666663e-01
1.233333333333333365e-01
2.333333333333333440e-02
1.633333333333333304e-01
1.033333333333333326e-01
6.199999999999999956e-01
2.833333333333333259e-01
8.000000000000000167e-02
1.366666666666666474e+00
3.799999999999999489e-01
2.000000000000000042e-02
5.400000000000000355e-01
8.900000000000000133e-01
1.199999999999999956e+00
5.333333333333333676e-02
4.333333333333332926e-01
1.679999999999999938e+00
1.466666666666666952e-01
9.333333333333333759e-02
2.666666666666666838e-02
2.733333333333333726e-01
0.000000000000000000e+00
0.000000000000000000e+00
7.333333333333333370e-02
1.000000000000000021e-02
3.333333333333333287e-02
1.399999999999999856e-01
0.000000000000000000e+00
3.933333333333333126e-01
1.096666666666666679e+00
1.333333333333333419e-02
4.266666666666666941e-01
7.000000000000000666e-02
2.200000000000000011e-01
7.000000000000000666e-02
3.333333333333333547e-03
0.000000000000000000e+00
0.000000000000000000e+00
0.000000000000000000e+00
2.500000000000000000e-01
5.666666666666667074e-02
4.566666666666667207e-01
2.853333333333333499e+00
