2.499999999999999556e+00
4.133333333333333304e-01
1.463333333333333597e+00
1.666666666666666574e-01
2.999999999999999889e-02
4.666666666666666879e-02
1.633333333333333304e-01
1.666666666666666574e-01
4.566666666666667207e-01
6.666666666666666574e-02
1.033333333333333326e-01
8.766666666666665941e-01
1.146666666666666723e+00
2.399999999999999911e-01
2.166666666666666741e-01
4.666666666666666186e-01
1.530000000000000027e+00
1.533333333333333215e-01
3.333333333333333287e-02
6.566666666666666208e-01
8.399999999999999689e-01
2.399999999999999911e-01
9.666666666666666463e-02
7.333333333333334758e-02
5.066666666666667096e-01
5.266666666666667274e-01
2.999999999999999889e-01
1.290000000000000036e+00
