1.150000000000000133e+00
2.043333333333333002e+00
8.800000000000000044e-01
6.066666666666666874e-01
7.333333333333333370e-02
0.000000000000000000e+00
0.000000000000000000e+00
1.000000000000000021e-02
1.000000000000000021e-02
6.666666666666667095e-03
1.666666666666666644e-02
5.333333333333333676e-02
2.266666666666666829e-01
2.333333333333333093e-02
2.466666666666666730e-01
1.676666666666666750e+00
1.633333333333333304e-01
1.899999999999999745e-01
9.333333333333332371e-02
1.099999999999999867e-01
6.933333333333333570e-01
0.000000000000000000e+00
1.066666666666666735e-01
2.099999999999999922e-01
3.733333333333333504e-01
2.000000000000000042e-02
0.000000000000000000e+00
2.666666666666666630e-01
3.333333333333333148e-01
1.099999999999999867e-01
3.666666666666666685e-02
3.333333333333333547e-03
1.633333333333333304e-01
1.366666666666666585e-01
3.000000000000000236e-02
1.066666666666666735e-01
1.300000000000000044e-01
3.000000000000000236e-02
6.666666666666667095e-03
4.199999999999999289e-01
1.000000000000000021e-02
2.166666666666666741e-01
1.133333333333333415e-01
8.533333333333333881e-01
3.733333333333332948e-01
1.333333333333333419e-02
1.666666666666666644e-02
8.833333333333333037e-01
1.000000000000000021e-02
0.000000000000000000e+00
1.366666666666666585e-01
1.219999999999999973e+00
3.666666666666666685e-02
1.116666666666666474e+00
6.333333333333333870e-02
4.499999999999999556e-01
0.000000000000000000e+00
5.000000000000000971e-02
1.400000000000000133e-01
2.033333333333333381e-01
1.700000000000000122e-01
6.666666666666667095e-03
5.166666666666666075e-01
1.833333333333333481e-01
4.666666666666666879e-02
9.333333333333333759e-02
0.000000000000000000e+00
4.099999999999999756e-01
7.333333333333333925e-01
2.200000000000000011e-01
0.000000000000000000e+00
1.050000000000000044e+00
4.333333333333333481e-02
8.666666666666666963e-02
1.050000000000000044e+00
6.533333333333334325e-01
7.266666666666665719e-01
0.000000000000000000e+00
8.533333333333333881e-01
1.189999999999999947e+00
7.666666666666666075e-02
4.000000000000000083e-02
2.000000000000000389e-01
1.993333333333333401e+00
1.999999999999999833e-01
7.000000000000000666e-02
4.000000000000000083e-02
4.000000000000000083e-02
7.666666666666667462e-02
0.000000000000000000e+00
2.666666666666666838e-02
9.666666666666666463e-02
1.499999999999999944e-01
6.333333333333333870e-02
1.300000000000000044e-01
5.600000000000000533e-01
1.466666666666666952e-01
2.066666666666666874e+00
6.533333333333333215e-01
3.966666666666666674e-01
6.099999999999999867e-01
8.999999999999998279e-02
9.333333333333332371e-01
3.333333333333333547e-03
4.833333333333333925e-01
9.866666666666666918e-01
9.833333333333332815e-01
0.000000000000000000e+00
1.236666666666666581e+00
8.633333333333332860e-01
1.933333333333333570e-01
5.666666666666667074e-02
1.466666666666666952e-01
4.266666666666666941e-01
1.510000000000000009e+00
1.233333333333333504e-01
3.033333333333333437e-01
1.300000000000000044e-01
1.199999999999999956e-01
1.733333333333333393e-01
2.233333333333333004e-01
3.733333333333332948e-01
8.333333333333332871e-02
1.463333333333333153e+00
9.000000000000001055e-02
1.333333333333333419e-02
1.666666666666666644e-02
5.000000000000000971e-02
5.399999999999999245e-01
0.000000000000000000e+00
2.333333333333333093e-01
1.303333333333333455e+00
3.166666666666667074e-01
4.999999999999999584e-02
2.966666666666666896e-01
1.966666666666666563e-01
3.596666666666666234e+00
1.563333333333333242e+00
1.706666666666666776e+00
2.766666666666666718e-01
2.229999999999999982e+00
4.366666666666667029e-01
1.853333333333333499e+00
2.106666666666666909e+00
1.933333333333333293e-01
2.833333333333333259e-01
9.366666666666666474e-01
1.096666666666666679e+00
5.533333333333333437e-01
5.666666666666667074e-02
3.099999999999999978e-01
9.300000000000000488e-01
6.066666666666666874e-01
3.266666666666666607e-01
1.353333333333333499e+00
4.899999999999999911e-01
0.000000000000000000e+00
1.133333333333333276e-01
1.143333333333333313e+00
9.000000000000001055e-02
2.900000000000000355e-01
4.266666666666666941e-01
1.733333333333333393e-01
0.000000000000000000e+00
1.429999999999999938e+00
1.300000000000000044e+00
1.700000000000000122e-01
7.933333333333333348e-01
2.266666666666666829e-01
4.733333333333333282e-01
1.469999999999999973e+00
5.333333333333333676e-02
6.666666666666666574e-02
5.333333333333333259e-01
4.899999999999999911e-01
1.099999999999999867e-01
1.290000000000000036e+00
6.699999999999999289e-01
3.233333333333333059e-01
3.133333333333334081e-01
2.633333333333333637e-01
1.313333333333333464e+00
3.233333333333333059e-01
2.000000000000000042e-02
0.000000000000000000e+00
0.000000000000000000e+00
1.003333333333333188e+00
5.533333333333333437e-01
0.000000000000000000e+00
2.266666666666666552e-01
5.133333333333333082e-01
0.000000000000000000e+00
1.036666666666666847e+00
1.376666666666666705e+00
1.233333333333333393e+00
2.266666666666666552e-01
7.166666666666666741e-01
2.066666666666666652e-01
5.000000000000000971e-02
0.000000000000000000e+00
0.000000000000000000e+00
4.333333333333333481e-02
1.453333333333333366e+00
1.166666666666666546e-01
2.033333333333333381e-01
1.199999999999999956e-01
0.000000000000000000e+00
1.233333333333333365e-01
1.700000000000000122e-01
6.166666666666666963e-01
1.266666666666666607e+00
2.533333333333333548e-01
1.000000000000000021e-02
6.300000000000000044e-01
1.633333333333333304e-01
4.000000000000000083e-02
1.273333333333333428e+00
9.000000000000001055e-02
6.666666666666667095e-03
3.866666666666667140e-01
1.113333333333333286e+00
1.433333333333333348e+00
1.333333333333333419e-02
4.666666666666666879e-02
0.000000000000000000e+00
2.399999999999999911e-01
0.000000000000000000e+00
0.000000000000000000e+00
3.666666666666666685e-02
1.266666666666666774e-01
3.066666666666666985e-01
1.499999999999999944e-01
2.666666666666666838e-02
0.000000000000000000e+00
1.700000000000000122e-01
2.333333333333333093e-02
1.479999999999999760e+00
6.566666666666666208e-01
3.200000000000000067e-01
1.166666666666666741e+00
4.333333333333333481e-02
1.300000000000000044e-01
9.100000000000000311e-01
3.333333333333333547e-03
9.799999999999999822e-01
6.266666666666665941e-01
0.000000000000000000e+00
7.666666666666667462e-02
1.236666666666666581e+00
8.566666666666667984e-01
0.000000000000000000e+00
1.190000000000000169e+00
7.733333333333334281e-01
6.999999999999999278e-02
1.033333333333333326e-01
1.726666666666666572e+00
1.100000000000000006e-01
3.166666666666666519e-01
1.333333333333333419e-02
3.499999999999999223e-01
0.000000000000000000e+00
2.333333333333333093e-01
2.666666666666666838e-02
1.199999999999999956e-01
5.999999999999999778e-02
1.366666666666666863e-01
4.233333333333333393e-01
1.300000000000000044e-01
1.199999999999999956e-01
2.010000000000000231e+00
3.333333333333333547e-03
3.333333333333333547e-03
2.900000000000000355e-01
7.599999999999998979e-01
1.333333333333333419e-02
2.000000000000000042e-02
1.706666666666666776e+00
9.000000000000001055e-02
0.000000000000000000e+00
4.133333333333333304e-01
2.933333333333332793e-01
0.000000000000000000e+00
2.333333333333333440e-02
3.333333333333333547e-03
0.000000000000000000e+00
2.333333333333333093e-01
2.033333333333333381e-01
2.333333333333333440e-02
0.000000000000000000e+00
3.799999999999999489e-01
2.866666666666666807e-01
4.000000000000000083e-02
6.133333333333333970e-01
0.000000000000000000e+00
9.666666666666666463e-02
4.000000000000000083e-02
1.166666666666666546e-01
2.333333333333333440e-02
1.833333333333333481e-01
4.000000000000000083e-02
8.666666666666666963e-02
0.000000000000000000e+00
5.999999999999999778e-02
5.633333333333333526e-01
2.333333333333333440e-02
8.666666666666666963e-02
3.133333333333332971e-01
1.266666666666666774e-01
0.000000000000000000e+00
2.999999999999999889e-02
4.000000000000000083e-02
6.999999999999999278e-02
0.000000000000000000e+00
3.666666666666667379e-02
1.766666666666666663e-01
2.666666666666666838e-02
2.000000000000000042e-02
6.500000000000000222e-01
1.266666666666666774e-01
5.800000000000000711e-01
4.133333333333333304e-01
4.066666666666667318e-01
2.366666666666666918e-01
4.666666666666666879e-02
1.229999999999999982e+00
1.003333333333333188e+00
3.666666666666667379e-02
1.000000000000000021e-02
4.666666666666666879e-02
1.133333333333333276e-01
2.266666666666666552e-01
2.299999999999999822e-01
6.333333333333333870e-02
4.000000000000000083e-02
1.566666666666666485e-01
1.166666666666666546e-01
1.166666666666666546e-01
4.000000000000000083e-02
5.999999999999999778e-02
1.833333333333333481e-01
4.000000000000000083e-02
2.433333333333333182e-01
1.506666666666666599e+00
2.433333333333333182e-01
1.733333333333333393e-01
1.666666666666666644e-02
8.699999999999999956e-01
1.333333333333333419e-02
4.000000000000000083e-02
3.766666666666666496e-01
5.999999999999999778e-02
4.000000000000000083e-02
2.600000000000000089e-01
3.633333333333333415e-01
1.333333333333333419e-02
6.000000000000000472e-02
3.333333333333333287e-02
0.000000000000000000e+00
6.666666666666667095e-03
7.000000000000000666e-02
1.300000000000000044e-01
1.700000000000000122e-01
3.000000000000000236e-02
1.433333333333333404e-01
1.333333333333333315e-01
1.300000000000000044e-01
7.666666666666667462e-02
0.000000000000000000e+00
4.333333333333333481e-02
8.666666666666666963e-02
5.999999999999999778e-02
2.000000000000000042e-02
0.000000000000000000e+00
6.000000000000000472e-02
1.000000000000000021e-02
1.833333333333333481e-01
6.666666666666667095e-03
2.266666666666666552e-01
2.666666666666666630e-01
6.333333333333333870e-02
3.333333333333333287e-02
7.666666666666667462e-02
1.033333333333333437e+00
4.000000000000000083e-02
4.000000000000000083e-02
0.000000000000000000e+00
6.666666666666667095e-03
4.000000000000000083e-02
0.000000000000000000e+00
9.666666666666667851e-02
7.399999999999998801e-01
5.666666666666666380e-02
2.099999999999999922e-01
1.966666666666666563e-01
2.999999999999999889e-02
1.300000000000000044e-01
7.666666666666666075e-02
0.000000000000000000e+00
0.000000000000000000e+00
0.000000000000000000e+00
0.000000000000000000e+00
0.000000000000000000e+00
3.799999999999999489e-01
6.666666666666667095e-03
1.333333333333333419e-02
3.133333333333332971e-01
8.900000000000000133e-01
4.000000000000000083e-02
4.333333333333333481e-02
7.333333333333333370e-02
9.399999999999999467e-01
2.666666666666666838e-02
2.000000000000000042e-02
8.433333333333333792e-01
3.333333333333333287e-02
3.433333333333333237e-01
8.333333333333332871e-02
3.200000000000000067e-01
4.499999999999999556e-01
5.133333333333333082e-01
1.833333333333333481e-01
2.666666666666666630e-01
1.000000000000000021e-02
0.000000000000000000e+00
0.000000000000000000e+00
0.000000000000000000e+00
0.000000000000000000e+00
4.333333333333333481e-02
2.333333333333333440e-02
5.733333333333332504e-01
5.833333333333333703e-01
7.333333333333333370e-02
1.033333333333333326e-01
1.633333333333333304e-01
8.333333333333332871e-02
3.966666666666666674e-01
6.299999999999998934e-01
1.063333333333333242e+00
1.133333333333333415e-01
5.366666666666667362e-01
0.000000000000000000e+00
4.666666666666666879e-02
3.333333333333333547e-03
2.433333333333333182e-01
0.000000000000000000e+00
0.000000000000000000e+00
1.666666666666666574e-01
2.000000000000000042e-02
0.000000000000000000e+00
3.333333333333333547e-03
2.999999999999999889e-02
0.000000000000000000e+00
4.000000000000000083e-02
0.000000000000000000e+00
0.000000000000000000e+00
1.833333333333333481e-01
1.333333333333333419e-02
6.666666666666666574e-02
0.000000000000000000e+00
0.000000000000000000e+00
1.000000000000000021e-02
4.333333333333333481e-02
4.066666666666667318e-01
4.666666666666666879e-02
9.333333333333333759e-02
5.566666666666666430e-01
1.999999999999999833e-01
1.600000000000000033e-01
5.233333333333333171e-01
1.533333333333333215e-01
2.733333333333333726e-01
2.166666666666666741e-01
3.666666666666666963e-01
9.566666666666666652e-01
3.600000000000000422e-01
1.333333333333333419e-02
8.000000000000000167e-02
1.333333333333333419e-02
7.000000000000000666e-02
0.000000000000000000e+00
3.333333333333333547e-03
1.169999999999999929e+00
0.000000000000000000e+00
0.000000000000000000e+00
6.733333333333332282e-01
2.666666666666666838e-02
0.000000000000000000e+00
1.399999999999999856e-01
1.833333333333333204e-01
3.000000000000000236e-02
3.666666666666666685e-02
2.169999999999999929e+00
2.899999999999999800e-01
1.533333333333333492e-01
7.933333333333333348e-01
3.333333333333333547e-03
5.333333333333333676e-02
5.299999999999999156e-01
2.166666666666666741e-01
1.010000000000000009e+00
1.746666666666666812e+00
2.999999999999999889e-02
5.466666666666666341e-01
1.933333333333333293e-01
1.100000000000000006e-01
1.099999999999999867e-01
1.066666666666666458e-01
1.866666666666666474e-01
1.133333333333333415e-01
7.099999999999999645e-01
6.666666666666666574e-02
2.666666666666666630e-01
4.333333333333333481e-02
8.166666666666667629e-01
2.333333333333333440e-02
5.666666666666667074e-02
3.333333333333333547e-03
6.466666666666666119e-01
6.500000000000000222e-01
2.000000000000000042e-02
4.000000000000000083e-02
7.500000000000000000e-01
7.333333333333334758e-02
1.333333333333333419e-02
9.233333333333333393e-01
4.000000000000000083e-02
8.000000000000001554e-01
1.333333333333333419e-02
4.333333333333333481e-02
5.233333333333333171e-01
0.000000000000000000e+00
1.666666666666666644e-02
7.333333333333333370e-02
6.033333333333333881e-01
0.000000000000000000e+00
8.333333333333332871e-02
7.099999999999999645e-01
8.666666666666666963e-02
1.666666666666666644e-02
3.333333333333333547e-03
5.333333333333333676e-02
5.666666666666667074e-02
1.333333333333333419e-02
7.000000000000000666e-02
2.533333333333333548e-01
1.033333333333333326e-01
1.633333333333333304e-01
8.666666666666666963e-02
2.140000000000000124e+00
1.333333333333333315e-01
2.066666666666666652e-01
2.299999999999999822e-01
6.333333333333333870e-02
1.386666666666666714e+00
3.166666666666666519e-01
2.733333333333333171e-01
2.000000000000000042e-02
1.000000000000000021e-02
1.633333333333333304e-01
4.333333333333333481e-02
1.733333333333333393e-01
5.666666666666666519e-01
6.666666666666667095e-03
1.000000000000000021e-02
4.999999999999999584e-02
2.433333333333333182e-01
5.600000000000000533e-01
1.900000000000000300e-01
1.193333333333333357e+00
3.200000000000000067e-01
9.000000000000001055e-02
1.966666666666666841e-01
1.333333333333333315e-01
1.566666666666666485e-01
3.466666666666666785e-01
2.166666666666666463e-01
1.450000000000000178e+00
1.136666666666666714e+00
2.000000000000000042e-02
6.300000000000000044e-01
7.333333333333333925e-01
3.233333333333333059e-01
2.666666666666666838e-02
1.290000000000000036e+00
1.246666666666666812e+00
4.700000000000000289e-01
5.666666666666666380e-02
1.533333333333333492e-01
5.433333333333333348e-01
1.566666666666666763e-01
5.666666666666666380e-02
7.099999999999999645e-01
2.066666666666666652e-01
6.333333333333333870e-02
4.333333333333333481e-02
4.099999999999999756e-01
8.466666666666666785e-01
2.633333333333333637e-01
8.000000000000000167e-02
1.600000000000000033e-01
3.966666666666666674e-01
6.666666666666667095e-03
0.000000000000000000e+00
2.333333333333333440e-02
3.633333333333333415e-01
2.333333333333333093e-02
8.000000000000000167e-02
7.166666666666666741e-01
0.000000000000000000e+00
9.666666666666667851e-02
1.033333333333333326e-01
1.050000000000000044e+00
1.000000000000000021e-02
1.943333333333333135e+00
2.700000000000000178e-01
1.600000000000000033e-01
0.000000000000000000e+00
1.429999999999999938e+00
6.833333333333332371e-01
5.183333333333333570e+00
