5.166666666666666075e-01
2.599999999999999534e-01
9.000000000000001055e-02
2.333333333333333093e-02
6.666666666666667095e-03
8.000000000000000167e-02
4.666666666666666879e-02
2.333333333333333440e-02
8.333333333333332871e-02
3.500000000000000333e-01
2.333333333333333440e-02
9.000000000000001055e-02
2.500000000000000000e-01
2.000000000000000042e-02
6.333333333333333870e-02
1.166666666666666546e-01
1.733333333333333393e-01
0.000000000000000000e+00
5.333333333333333676e-02
4.999999999999999584e-02
4.333333333333333481e-02
7.333333333333333370e-02
8.000000000000000167e-02
4.333333333333333481e-02
2.999999999999999889e-02
1.133333333333333276e-01
1.766666666666666663e-01
0.000000000000000000e+00
3.333333333333333547e-03
1.666666666666666644e-02
1.333333333333333419e-02
0.000000000000000000e+00
3.300000000000000155e-01
6.233333333333334059e-01
6.666666666666666574e-02
1.733333333333333393e-01
2.333333333333333093e-02
9.666666666666667851e-02
1.666666666666666644e-02
2.133333333333333470e-01
2.233333333333333004e-01
1.466666666666666397e-01
6.999999999999999278e-02
1.966666666666666841e-01
2.800000000000000266e-01
5.666666666666666380e-02
4.000000000000000083e-02
6.666666666666667095e-03
4.000000000000000083e-02
1.866666666666666752e-01
1.000000000000000021e-02
5.333333333333333676e-02
4.466666666666667118e-01
6.333333333333333870e-02
0.000000000000000000e+00
2.333333333333333093e-02
9.666666666666667851e-02
8.333333333333332871e-02
6.666666666666666574e-02
1.366666666666666863e-01
1.313333333333333464e+00
1.233333333333333365e-01
1.033333333333333465e-01
2.099999999999999922e-01
2.666666666666666630e-01
6.666666666666666574e-02
1.333333333333333419e-02
3.333333333333333287e-02
7.000000000000000666e-02
3.333333333333333547e-03
3.333333333333333547e-03
4.666666666666666879e-02
1.036666666666666847e+00
4.000000000000000083e-02
7.666666666666667462e-02
9.999999999999999167e-02
5.333333333333333259e-01
2.366666666666666641e-01
2.699999999999999623e-01
1.233333333333333365e-01
1.776666666666666616e+00
1.800000000000000211e-01
2.933333333333332793e-01
1.866666666666666752e-01
3.133333333333333526e-01
1.700000000000000122e-01
2.600000000000000089e-01
4.666666666666666879e-02
8.666666666666666963e-02
4.199999999999999845e-01
1.033333333333333465e-01
1.366666666666666918e+00
1.953333333333333366e+00
