2.756666666666666377e+00
1.086666666666666670e+00
1.719999999999999973e+00
1.300000000000000044e-01
0.000000000000000000e+00
4.000000000000000083e-02
0.000000000000000000e+00
5.366666666666666252e-01
2.133333333333333470e-01
4.599999999999999645e-01
9.000000000000001055e-02
1.236666666666666581e+00
9.900000000000001021e-01
2.766666666666666718e-01
5.000000000000000000e-01
1.066666666666666735e-01
6.633333333333334414e-01
7.333333333333333370e-02
2.266666666666666552e-01
4.899999999999999911e-01
1.199999999999999956e-01
1.766666666666666663e-01
3.333333333333333287e-02
6.333333333333333870e-02
8.333333333333332871e-02
5.333333333333333676e-02
1.306666666666666643e+00
1.510000000000000009e+00
2.633333333333333637e-01
8.033333333333333437e-01
4.933333333333333459e-01
4.000000000000000083e-02
4.866666666666666363e-01
2.020000000000000018e+00
1.666666666666666644e-02
1.333333333333333419e-02
3.499999999999999223e-01
8.333333333333332871e-02
0.000000000000000000e+00
3.333333333333333287e-02
2.633333333333333637e-01
1.100000000000000006e-01
3.666666666666667379e-02
8.666666666666666963e-01
5.666666666666666380e-02
7.866666666666666252e-01
2.166666666666666463e-01
1.063333333333333242e+00
1.066666666666666735e-01
3.333333333333333547e-03
1.473333333333333384e+00
4.199999999999999845e-01
1.333333333333333419e-02
9.999999999999999167e-02
1.333333333333333419e-02
8.666666666666666963e-02
8.266666666666666607e-01
2.999999999999999889e-01
6.033333333333333881e-01
8.000000000000000167e-02
1.566666666666666485e-01
6.300000000000000044e-01
1.000000000000000194e-01
1.633333333333333304e-01
1.166666666666666546e-01
1.433333333333333404e-01
3.966666666666666674e-01
2.566666666666666541e-01
3.033333333333333437e-01
4.000000000000000777e-01
6.166666666666666963e-01
1.209999999999999964e+00
5.100000000000000089e-01
2.133333333333332915e-01
2.299999999999999822e-01
1.466666666666666674e-01
1.233333333333333365e-01
9.333333333333332371e-02
1.733333333333333393e-01
2.000000000000000042e-02
1.333333333333333419e-02
3.666666666666666963e-01
7.500000000000000000e-01
1.833333333333333204e-01
3.366666666666666696e-01
8.266666666666666607e-01
4.833333333333333370e-01
3.310000000000000053e+00
