5.466666666666667451e-01
2.133333333333332915e-01
1.266666666666666774e-01
2.999999999999999889e-02
2.666666666666666838e-02
1.333333333333333419e-02
3.333333333333333547e-03
3.333333333333333287e-02
2.333333333333333440e-02
5.999999999999999778e-02
9.000000000000001055e-02
9.666666666666667851e-02
2.433333333333333182e-01
2.733333333333333726e-01
4.000000000000000083e-02
1.499999999999999944e-01
6.333333333333333870e-02
2.999999999999999889e-01
9.666666666666667851e-02
6.000000000000000472e-02
6.333333333333333870e-02
2.000000000000000042e-02
0.000000000000000000e+00
1.666666666666666644e-02
6.666666666666666574e-02
7.333333333333334758e-02
8.666666666666666963e-02
1.233333333333333365e-01
5.333333333333333676e-02
1.666666666666666574e-01
3.000000000000000236e-02
0.000000000000000000e+00
1.766666666666666663e-01
8.033333333333333437e-01
2.633333333333333637e-01
2.600000000000000089e-01
4.999999999999999584e-02
1.856666666666666687e+00
9.799999999999999822e-01
1.653333333333333321e+00
1.416666666666666741e+00
5.933333333333333792e-01
6.899999999999999467e-01
7.733333333333334281e-01
3.333333333333333148e-01
1.266666666666666829e+00
2.766666666666666718e-01
1.636666666666666714e+00
5.633333333333333526e-01
1.003333333333333410e+00
9.366666666666665364e-01
2.086666666666666448e+00
1.266666666666666774e-01
4.866666666666666363e-01
9.666666666666667851e-02
1.333333333333333419e-02
6.666666666666667095e-03
3.066666666666666430e-01
1.766666666666666663e-01
8.699999999999999956e-01
0.000000000000000000e+00
1.333333333333333315e-01
0.000000000000000000e+00
9.666666666666666741e-01
1.933333333333333570e-01
8.333333333333332871e-02
3.666666666666666685e-02
3.899999999999999578e-01
2.366666666666666641e-01
1.499999999999999944e-01
3.666666666666666963e-01
4.133333333333333304e-01
4.333333333333333481e-02
3.333333333333333287e-02
2.466666666666666730e-01
5.899999999999999689e-01
7.666666666666667462e-02
6.699999999999999289e-01
8.999999999999999112e-01
9.333333333333333759e-02
6.666666666666667095e-03
1.833333333333333481e-01
1.833333333333333481e-01
4.033333333333333215e-01
9.233333333333333393e-01
0.000000000000000000e+00
0.000000000000000000e+00
3.799999999999999489e-01
4.866666666666666363e-01
2.333333333333333440e-02
3.640000000000000124e+00
