2.256666666666666377e+00
8.866666666666667140e-01
9.999999999999999167e-02
1.223333333333333384e+00
6.333333333333333870e-02
1.333333333333333419e-02
5.333333333333333676e-02
2.500000000000000000e-01
0.000000000000000000e+00
9.999999999999999167e-02
1.300000000000000044e-01
1.433333333333333404e-01
3.666666666666667379e-02
8.000000000000000167e-02
4.999999999999999584e-02
5.000000000000000971e-02
4.066666666666666763e-01
2.233333333333333004e-01
2.666666666666666838e-02
9.433333333333333570e-01
8.000000000000000167e-02
1.499999999999999944e-01
1.033333333333333326e-01
2.999999999999999889e-02
0.000000000000000000e+00
0.000000000000000000e+00
5.300000000000000266e-01
1.399999999999999856e-01
0.000000000000000000e+00
2.000000000000000042e-02
3.666666666666666685e-02
3.966666666666666674e-01
0.000000000000000000e+00
6.000000000000000472e-02
2.333333333333333440e-02
8.033333333333333437e-01
4.999999999999999584e-02
2.999999999999999889e-02
6.666666666666666574e-02
6.766666666666667496e-01
2.533333333333333548e-01
3.466666666666666785e-01
8.866666666666666030e-01
1.033333333333333326e-01
4.533333333333333659e-01
1.366666666666666863e-01
1.233333333333333365e-01
7.066666666666666652e-01
9.000000000000001055e-02
1.100000000000000006e-01
5.000000000000000971e-02
6.333333333333333870e-02
2.333333333333333440e-02
2.399999999999999911e-01
5.333333333333333676e-02
4.566666666666666097e-01
1.633333333333333304e-01
4.000000000000000083e-02
3.333333333333333287e-02
1.333333333333333419e-02
5.333333333333333676e-02
0.000000000000000000e+00
1.666666666666666574e-01
4.599999999999999645e-01
0.000000000000000000e+00
1.833333333333333204e-01
5.000000000000000000e-01
7.633333333333333082e-01
2.066666666666666652e-01
4.000000000000000083e-02
8.933333333333332016e-01
3.666666666666666685e-02
0.000000000000000000e+00
3.333333333333333547e-03
2.999999999999999889e-02
1.499999999999999944e-01
1.433333333333333404e-01
6.666666666666667095e-03
9.333333333333333759e-02
2.199999999999999734e-01
2.666666666666666838e-02
1.066666666666666458e-01
2.600000000000000089e-01
1.099999999999999867e-01
0.000000000000000000e+00
0.000000000000000000e+00
1.300000000000000044e-01
5.999999999999999778e-02
8.666666666666666963e-02
1.003333333333333188e+00
1.230000000000000204e+00
1.696666666666666545e+00
4.666666666666666879e-02
2.999999999999999889e-02
0.000000000000000000e+00
0.000000000000000000e+00
0.000000000000000000e+00
0.000000000000000000e+00
0.000000000000000000e+00
1.666666666666666644e-02
6.666666666666667095e-03
5.433333333333333348e-01
1.333333333333333315e-01
2.333333333333333648e-01
1.183333333333333348e+00
4.666666666666666186e-02
1.666666666666666574e-01
1.066666666666666735e-01
6.900000000000000577e-01
1.133333333333333276e-01
7.200000000000000844e-01
1.150000000000000133e+00
1.866666666666666752e-01
7.333333333333334758e-02
0.000000000000000000e+00
2.666666666666666838e-02
0.000000000000000000e+00
5.666666666666667074e-02
1.000000000000000021e-02
6.466666666666666119e-01
4.433333333333333570e-01
1.433333333333333404e-01
6.266666666666665941e-01
4.666666666666666879e-02
0.000000000000000000e+00
6.466666666666666119e-01
3.266666666666666607e-01
0.000000000000000000e+00
0.000000000000000000e+00
1.136666666666666714e+00
3.500000000000000333e-01
0.000000000000000000e+00
1.366666666666666863e-01
1.356666666666666687e+00
7.833333333333333259e-01
1.800000000000000211e-01
9.133333333333332194e-01
7.333333333333333370e-02
7.233333333333332726e-01
2.866666666666666807e-01
0.000000000000000000e+00
0.000000000000000000e+00
0.000000000000000000e+00
2.333333333333333440e-02
0.000000000000000000e+00
3.766666666666666496e-01
6.333333333333333037e-01
5.266666666666666163e-01
3.899999999999999578e-01
5.366666666666667362e-01
6.333333333333333870e-02
7.399999999999998801e-01
5.666666666666667074e-02
0.000000000000000000e+00
0.000000000000000000e+00
9.866666666666666918e-01
8.333333333333332871e-02
0.000000000000000000e+00
1.033333333333333326e-01
6.066666666666666874e-01
1.666666666666666644e-02
0.000000000000000000e+00
9.366666666666665364e-01
1.473333333333333384e+00
9.000000000000001055e-02
1.966666666666666841e-01
4.666666666666666879e-02
1.966666666666666563e-01
5.333333333333333676e-02
7.666666666666667462e-02
1.066666666666666735e-01
2.999999999999999889e-01
8.566666666666667984e-01
6.000000000000000472e-02
1.133333333333333276e-01
3.800000000000000600e-01
1.966666666666666563e-01
2.300000000000000100e-01
1.043333333333333224e+00
1.459999999999999964e+00
1.096666666666666679e+00
3.200000000000000067e-01
3.766666666666666496e-01
7.766666666666667274e-01
1.400000000000000133e-01
2.999999999999999889e-02
1.333333333333333315e-01
9.466666666666666563e-01
0.000000000000000000e+00
1.003333333333333188e+00
1.113333333333333286e+00
2.099999999999999922e-01
2.433333333333333182e-01
2.000000000000000042e-02
4.400000000000000022e-01
0.000000000000000000e+00
0.000000000000000000e+00
0.000000000000000000e+00
1.333333333333333315e-01
1.333333333333333419e-02
1.866666666666666752e-01
9.466666666666666563e-01
1.866666666666666752e-01
2.533333333333333548e-01
1.233333333333333393e+00
0.000000000000000000e+00
0.000000000000000000e+00
1.533333333333333215e-01
2.533333333333333548e-01
6.666666666666667095e-03
8.399999999999999689e-01
5.166666666666667185e-01
1.666666666666666644e-02
1.623333333333333295e+00
8.666666666666666963e-02
5.666666666666666380e-02
1.300000000000000044e-01
1.033333333333333326e-01
2.973333333333333162e+00
1.266666666666666774e-01
2.500000000000000000e-01
7.333333333333333370e-02
0.000000000000000000e+00
0.000000000000000000e+00
2.333333333333333440e-02
7.466666666666667007e-01
5.333333333333333676e-02
0.000000000000000000e+00
1.333333333333333419e-02
3.633333333333333415e-01
1.833333333333333481e-01
6.666666666666666574e-02
3.000000000000000236e-02
5.333333333333333676e-02
1.466666666666666674e-01
1.866666666666666474e-01
4.999999999999999584e-02
2.333333333333333440e-02
2.109999999999999876e+00
1.866666666666666752e-01
0.000000000000000000e+00
1.040000000000000036e+00
2.233333333333333004e-01
6.666666666666667095e-03
7.000000000000000666e-02
0.000000000000000000e+00
0.000000000000000000e+00
5.666666666666667629e-01
2.733333333333333726e-01
1.199999999999999956e+00
1.023333333333333206e+00
3.066666666666666430e-01
4.199999999999999845e-01
1.536666666666666847e+00
1.100000000000000006e-01
1.199999999999999956e-01
7.333333333333333370e-02
0.000000000000000000e+00
8.033333333333333437e-01
6.000000000000000472e-02
1.533333333333333215e-01
7.666666666666666075e-02
2.766666666666666718e-01
7.333333333333333370e-02
6.666666666666667095e-03
9.033333333333333215e-01
3.666666666666666685e-02
5.133333333333333082e-01
9.366666666666666474e-01
5.200000000000000178e-01
6.333333333333334147e-01
1.633333333333333304e-01
6.266666666666665941e-01
1.366666666666666585e-01
2.933333333333333903e-01
9.000000000000001055e-02
1.666666666666666644e-02
6.666666666666666574e-02
3.000000000000000236e-02
0.000000000000000000e+00
2.500000000000000000e-01
0.000000000000000000e+00
0.000000000000000000e+00
3.333333333333333287e-02
7.333333333333334758e-02
0.000000000000000000e+00
0.000000000000000000e+00
2.633333333333333637e-01
6.666666666666666574e-02
0.000000000000000000e+00
6.666666666666667095e-03
2.866666666666666807e-01
2.733333333333333726e-01
1.933333333333333570e-01
1.073333333333333250e+00
3.933333333333333681e-01
2.000000000000000042e-02
1.999999999999999833e-01
1.233333333333333393e+00
0.000000000000000000e+00
0.000000000000000000e+00
8.199999999999999512e-01
1.433333333333333126e-01
1.333333333333333419e-02
4.799999999999999822e-01
3.666666666666666685e-02
1.800000000000000211e-01
1.866666666666666752e-01
4.000000000000000083e-02
8.800000000000000044e-01
1.666666666666666644e-02
4.333333333333333481e-02
1.300000000000000044e-01
8.666666666666666963e-02
4.366666666666667029e-01
4.333333333333333481e-02
3.600000000000000422e-01
7.666666666666667462e-02
2.533333333333333548e-01
1.433333333333333348e+00
1.260000000000000009e+00
1.333333333333333419e-02
1.399999999999999856e-01
1.199999999999999956e-01
1.889999999999999902e+00
1.733333333333333393e-01
2.266666666666666829e-01
8.800000000000000044e-01
2.833333333333333259e-01
5.666666666666666380e-02
5.666666666666666380e-02
0.000000000000000000e+00
4.700000000000000289e-01
1.733333333333333393e-01
2.700000000000000178e-01
2.199999999999999734e-01
1.033333333333333326e-01
0.000000000000000000e+00
9.666666666666667851e-02
3.333333333333333287e-02
2.966666666666666896e-01
1.550000000000000044e+00
3.333333333333333148e-01
3.166666666666666519e+00
