1.593333333333333490e+00
1.066666666666666458e-01
2.800000000000000266e-01
6.666666666666667095e-03
2.833333333333333814e-01
4.666666666666666879e-02
2.999999999999999889e-02
4.999999999999999584e-02
4.066666666666666763e-01
0.000000000000000000e+00
6.666666666666667095e-03
1.933333333333333570e-01
3.666666666666666963e-01
8.466666666666666785e-01
2.866666666666666807e-01
1.986666666666666581e+00
4.033333333333333215e-01
6.466666666666666119e-01
1.476666666666666572e+00
3.466666666666666785e-01
9.066666666666667318e-01
2.133333333333333470e-01
1.833333333333333481e-01
1.113333333333333286e+00
1.999999999999999833e-01
1.333333333333333315e-01
5.666666666666666380e-02
1.433333333333333404e-01
9.666666666666667851e-02
1.733333333333333393e-01
8.666666666666666963e-02
3.433333333333333237e-01
1.999999999999999833e-01
1.339999999999999858e+00
0.000000000000000000e+00
8.366666666666667806e-01
1.466666666666666397e-01
0.000000000000000000e+00
1.833333333333333481e-01
1.100000000000000089e+00
4.999999999999999584e-02
1.743333333333333179e+00
8.633333333333333970e-01
6.366666666666666030e-01
2.566666666666666541e-01
8.333333333333332871e-02
1.333333333333333315e-01
2.800000000000000266e-01
1.826666666666666883e+00
3.333333333333333287e-02
8.000000000000000167e-02
1.000000000000000021e-02
2.999999999999999889e-02
1.566666666666666485e-01
9.666666666666667851e-02
6.666666666666666574e-02
3.233333333333333059e-01
1.733333333333333393e-01
3.333333333333333287e-02
6.433333333333333126e-01
2.733333333333333726e-01
8.966666666666666119e-01
2.333333333333333648e-01
2.899999999999999800e-01
2.366666666666666641e-01
2.266666666666666552e-01
1.199999999999999956e-01
2.106666666666666909e+00
2.333333333333333648e-01
2.066666666666666652e-01
1.566666666666666763e-01
3.966666666666666674e-01
1.100000000000000006e-01
8.133333333333333526e-01
1.123333333333333295e+00
3.566666666666666319e-01
3.333333333333333287e-02
1.100000000000000006e-01
4.666666666666666879e-02
0.000000000000000000e+00
4.000000000000000083e-02
5.300000000000000266e-01
1.233333333333333365e-01
2.099999999999999922e-01
1.266666666666666774e-01
2.266666666666666552e-01
1.000000000000000021e-02
1.333333333333333315e-01
1.666666666666666644e-02
2.799999999999999711e-01
2.666666666666666838e-02
1.666666666666666644e-02
5.699999999999999512e-01
6.333333333333333870e-02
1.466666666666666674e-01
7.666666666666667462e-02
6.666666666666667095e-03
2.666666666666666838e-02
6.133333333333332860e-01
6.466666666666666119e-01
1.633333333333333304e-01
1.000000000000000194e-01
1.000000000000000000e+00
1.656666666666666954e+00
9.000000000000001055e-02
2.333333333333333440e-02
1.099999999999999867e-01
7.200000000000000844e-01
0.000000000000000000e+00
2.000000000000000042e-02
2.666666666666666838e-02
6.666666666666667095e-03
3.766666666666666496e-01
1.133333333333333276e-01
3.166666666666666519e-01
2.600000000000000089e-01
1.510000000000000009e+00
2.266666666666666829e-01
4.633333333333333748e-01
7.666666666666667462e-02
1.633333333333333304e-01
5.999999999999999778e-02
8.000000000000000167e-02
1.000000000000000194e-01
8.733333333333334059e-01
3.433333333333332682e-01
5.899999999999999689e-01
8.166666666666667629e-01
1.616666666666666474e+00
1.633333333333333304e-01
1.766666666666666663e-01
3.899999999999999578e-01
4.333333333333333481e-02
3.333333333333333547e-03
1.399999999999999856e-01
6.666666666666666574e-02
5.666666666666667074e-02
4.333333333333333481e-02
5.333333333333333676e-02
4.333333333333333481e-01
4.666666666666666879e-02
3.066666666666666430e-01
1.786666666666666847e+00
8.633333333333332860e-01
2.999999999999999889e-02
1.900000000000000300e-01
3.333333333333333287e-02
3.133333333333333526e-01
3.333333333333333547e-03
4.000000000000000083e-02
1.666666666666666644e-02
1.000000000000000021e-02
8.666666666666666963e-02
6.333333333333333870e-02
1.083333333333333259e+00
1.106666666666666687e+00
1.333333333333333419e-02
3.666666666666666685e-02
2.500000000000000000e-01
5.999999999999999778e-02
1.433333333333333404e-01
1.033333333333333326e-01
1.256666666666666821e+00
6.566666666666666208e-01
4.333333333333332926e-01
1.040000000000000036e+00
1.966666666666666563e-01
1.333333333333333419e-02
1.000000000000000021e-02
3.333333333333333547e-03
1.666666666666666644e-02
6.400000000000000133e-01
8.333333333333332871e-02
1.343333333333333490e+00
9.333333333333332371e-02
5.333333333333333676e-02
1.233333333333333365e-01
1.000000000000000021e-02
2.433333333333333182e-01
3.666666666666665991e-02
2.899999999999999800e-01
2.333333333333333440e-02
0.000000000000000000e+00
1.033333333333333326e-01
1.066666666666666735e-01
9.666666666666666463e-02
2.633333333333333637e-01
2.373333333333333517e+00
6.333333333333334147e-01
7.666666666666667462e-02
1.463333333333333153e+00
1.133333333333333415e-01
3.333333333333333148e-01
1.300000000000000044e-01
9.000000000000001055e-02
2.133333333333333470e-01
6.333333333333333870e-02
1.526666666666666616e+00
1.700000000000000122e-01
4.733333333333333282e-01
9.333333333333333759e-02
9.666666666666666463e-02
5.000000000000000971e-02
4.666666666666666879e-02
1.666666666666666644e-02
2.666666666666666838e-02
2.866666666666666807e-01
0.000000000000000000e+00
9.066666666666666208e-01
1.066666666666666735e-01
1.650000000000000133e+00
1.033333333333333465e-01
2.999999999999999889e-02
1.333333333333333419e-02
7.333333333333333370e-02
1.666666666666666644e-02
6.666666666666666574e-02
1.333333333333333419e-02
5.666666666666667074e-02
2.066666666666666652e-01
6.266666666666665941e-01
4.133333333333333304e-01
8.000000000000000167e-02
6.266666666666667052e-01
4.000000000000000083e-02
1.316666666666666652e+00
2.000000000000000042e-02
8.333333333333332871e-02
7.333333333333333370e-02
3.133333333333332971e-01
1.166666666666666546e-01
4.866666666666666363e-01
0.000000000000000000e+00
5.566666666666667540e-01
1.133333333333333276e-01
5.500000000000000444e-01
2.666666666666666838e-02
1.666666666666666644e-02
4.333333333333333481e-02
0.000000000000000000e+00
2.000000000000000042e-02
2.333333333333333440e-02
9.333333333333333759e-02
9.666666666666667851e-02
8.666666666666666963e-02
1.300000000000000044e-01
1.333333333333333315e-01
8.966666666666666119e-01
1.666666666666666644e-02
1.133333333333333415e-01
2.999999999999999889e-02
2.799999999999999711e-01
4.333333333333333481e-02
1.000000000000000021e-02
2.066666666666666652e-01
2.333333333333333440e-02
3.333333333333333547e-03
1.866666666666666474e-01
2.099999999999999922e-01
2.700000000000000178e-01
0.000000000000000000e+00
1.833333333333333481e-01
1.900000000000000300e-01
1.250000000000000000e+00
4.266666666666666941e-01
1.166666666666666741e+00
2.799999999999999711e-01
7.000000000000000666e-02
4.866666666666666363e-01
1.073333333333333472e+00
4.000000000000000083e-02
1.666666666666666574e-01
1.566666666666666485e-01
2.566666666666666541e-01
3.333333333333333287e-02
9.999999999999999167e-02
0.000000000000000000e+00
0.000000000000000000e+00
8.000000000000000167e-02
1.333333333333333419e-02
2.299999999999999822e-01
7.666666666666666075e-02
2.600000000000000089e-01
1.433333333333333404e-01
5.233333333333333171e-01
1.933333333333333570e-01
9.999999999999999167e-02
6.666666666666667095e-03
2.666666666666666838e-02
1.666666666666666644e-02
5.999999999999999778e-02
0.000000000000000000e+00
5.399999999999999245e-01
5.333333333333333676e-02
6.899999999999999467e-01
3.433333333333333237e-01
4.000000000000000083e-02
1.026666666666666616e+00
4.333333333333333481e-01
2.399999999999999911e-01
1.753333333333333188e+00
1.366666666666666863e-01
6.666666666666666574e-02
8.233333333333332504e-01
0.000000000000000000e+00
1.566666666666666485e-01
9.400000000000000577e-01
1.503333333333333188e+00
2.633333333333333637e-01
2.066666666666666652e-01
3.666666666666666963e-01
7.200000000000000844e-01
2.066666666666666652e-01
2.666666666666666838e-02
1.666666666666666644e-02
1.600000000000000033e-01
4.833333333333333370e-01
1.366666666666666863e-01
1.336666666666666670e+00
1.933333333333333570e-01
1.133333333333333276e-01
1.600000000000000033e-01
2.066666666666666652e-01
4.000000000000000083e-02
1.000000000000000021e-02
0.000000000000000000e+00
1.333333333333333419e-02
7.999999999999999334e-01
1.233333333333333365e-01
8.300000000000000711e-01
1.036666666666666625e+00
