4.666666666666667296e-01
1.593333333333333490e+00
1.003333333333333188e+00
1.333333333333333419e-02
6.333333333333333870e-02
9.333333333333332371e-02
9.100000000000000311e-01
8.666666666666666963e-02
8.166666666666667629e-01
2.566666666666666541e-01
3.166666666666666519e-01
1.533333333333333215e-01
6.766666666666667496e-01
9.966666666666667007e-01
1.499999999999999944e-01
1.413333333333333330e+00
1.999999999999999833e-01
5.566666666666667540e-01
8.000000000000000167e-02
3.466666666666666785e-01
1.000000000000000021e-02
9.333333333333332371e-02
4.433333333333333570e-01
2.566666666666666541e-01
6.666666666666667095e-03
1.100000000000000006e-01
1.656666666666666510e+00
6.766666666666667496e-01
2.146666666666666501e+00
2.326666666666666661e+00
5.433333333333333348e-01
2.433333333333333182e-01
4.000000000000000083e-02
1.000000000000000021e-02
0.000000000000000000e+00
7.099999999999999645e-01
4.433333333333333570e-01
6.066666666666666874e-01
3.666666666666667379e-02
9.000000000000001055e-02
3.666666666666665991e-02
0.000000000000000000e+00
3.666666666666667379e-02
2.000000000000000042e-02
4.333333333333333481e-02
2.333333333333333440e-02
2.099999999999999922e-01
4.266666666666666941e-01
1.733333333333333393e-01
1.700000000000000122e-01
0.000000000000000000e+00
6.899999999999999467e-01
2.333333333333333440e-02
3.800000000000000600e-01
1.540000000000000036e+00
1.533333333333333215e-01
9.000000000000000222e-01
1.823333333333333472e+00
1.066666666666666735e-01
1.966666666666666841e-01
5.333333333333333676e-02
4.500000000000000111e-01
2.999999999999999889e-02
1.333333333333333419e-02
2.766666666666666718e-01
3.566666666666666319e-01
2.000000000000000042e-02
2.766666666666666718e-01
2.533333333333333548e-01
8.333333333333332871e-02
1.166666666666666546e-01
7.999999999999999334e-01
6.666666666666667095e-03
6.999999999999999278e-02
1.233333333333333365e-01
3.333333333333333287e-02
1.050000000000000044e+00
3.433333333333332682e-01
2.333333333333333093e-01
6.866666666666666474e-01
3.333333333333333148e-01
1.666666666666666644e-02
5.066666666666667096e-01
3.600000000000000422e-01
1.833333333333333481e-01
2.399999999999999911e-01
6.333333333333333870e-02
3.333333333333333287e-02
1.566666666666666485e-01
1.033333333333333326e-01
4.399999999999999467e-01
1.083333333333333259e+00
1.666666666666666644e-02
0.000000000000000000e+00
1.666666666666666644e-02
0.000000000000000000e+00
0.000000000000000000e+00
3.866666666666667140e-01
6.666666666666666574e-02
1.100000000000000006e-01
4.199999999999999845e-01
6.900000000000000577e-01
4.099999999999999756e-01
9.666666666666667851e-02
4.333333333333333481e-01
5.833333333333333703e-01
1.333333333333333315e-01
9.666666666666666463e-02
1.566666666666666485e-01
1.519999999999999796e+00
1.833333333333333481e-01
8.066666666666666430e-01
6.666666666666667095e-03
6.666666666666667095e-03
8.266666666666666607e-01
3.666666666666666685e-02
6.333333333333333870e-02
7.000000000000000666e-02
3.033333333333332882e-01
1.266666666666666774e-01
1.566666666666666485e-01
2.200000000000000011e-01
5.999999999999999778e-02
1.466666666666666952e-01
8.000000000000000167e-02
1.300000000000000044e-01
3.333333333333333287e-02
1.066666666666666458e-01
8.666666666666666963e-02
2.666666666666666630e-01
3.000000000000000444e-01
1.000000000000000000e+00
1.000000000000000021e-02
2.000000000000000389e-01
3.033333333333332882e-01
1.719999999999999973e+00
2.399999999999999911e-01
1.833333333333333481e-01
1.566666666666666763e-01
1.300000000000000044e-01
7.000000000000000666e-02
2.200000000000000011e-01
1.766666666666666663e-01
0.000000000000000000e+00
9.566666666666665542e-01
1.046666666666666634e+00
2.666666666666666838e-02
1.000000000000000021e-02
1.503333333333333188e+00
1.199999999999999956e-01
2.299999999999999822e-01
5.666666666666667074e-02
3.433333333333333237e-01
6.900000000000000577e-01
2.333333333333333093e-01
4.933333333333333459e-01
7.200000000000000844e-01
1.199999999999999956e-01
3.033333333333333992e-01
2.106666666666666909e+00
5.033333333333332993e-01
1.666666666666666574e-01
3.800000000000000600e-01
6.966666666666666563e-01
0.000000000000000000e+00
1.000000000000000021e-02
0.000000000000000000e+00
2.666666666666666838e-02
0.000000000000000000e+00
1.333333333333333419e-02
2.099999999999999922e-01
5.999999999999999778e-01
0.000000000000000000e+00
9.666666666666667851e-02
3.300000000000000155e-01
3.933333333333333681e-01
2.566666666666666541e-01
1.066666666666666735e-01
1.886666666666666714e+00
1.719999999999999973e+00
9.366666666666665364e-01
8.900000000000000133e-01
1.166666666666666741e+00
1.449999999999999956e+00
1.233333333333333365e-01
3.666666666666666963e-01
7.666666666666666075e-02
9.266666666666666385e-01
4.999999999999999584e-02
7.000000000000000666e-02
9.333333333333333759e-02
4.433333333333333570e-01
5.999999999999999778e-02
2.666666666666666838e-02
2.500000000000000000e-01
2.233333333333333004e-01
0.000000000000000000e+00
6.999999999999999278e-02
2.000000000000000042e-02
2.666666666666666838e-02
1.000000000000000194e-01
5.333333333333333676e-02
5.000000000000000971e-02
5.666666666666666380e-02
5.499999999999999334e-01
3.000000000000000236e-02
2.700000000000000178e-01
2.649999999999999911e+00
7.866666666666666252e-01
1.866666666666666752e-01
8.333333333333333703e-01
2.700000000000000178e-01
1.300000000000000044e-01
8.666666666666666963e-02
1.866666666666666752e-01
4.333333333333332926e-01
0.000000000000000000e+00
7.033333333333332549e-01
4.000000000000000083e-02
1.600000000000000033e-01
1.333333333333333419e-02
1.666666666666666574e-01
4.566666666666666097e-01
0.000000000000000000e+00
5.166666666666667185e-01
1.193333333333333357e+00
1.666666666666666644e-02
5.133333333333333082e-01
2.000000000000000042e-02
5.333333333333333676e-02
1.000000000000000021e-02
8.333333333333332871e-02
7.899999999999999245e-01
3.566666666666666319e-01
3.333333333333333547e-03
2.566666666666666541e-01
1.166666666666666546e-01
4.666666666666666879e-02
8.233333333333333615e-01
2.966666666666666341e-01
4.766666666666666274e-01
2.766666666666666718e-01
6.666666666666666574e-02
3.666666666666666685e-02
5.133333333333333082e-01
2.333333333333333093e-01
2.166666666666666741e-01
6.733333333333333393e-01
2.600000000000000089e-01
2.133333333333333470e-01
1.919999999999999929e+00
1.499999999999999944e-01
2.066666666666666652e-01
3.666666666666666685e-02
1.133333333333333415e-01
6.199999999999999956e-01
7.666666666666667462e-02
1.199999999999999956e+00
1.389999999999999902e+00
1.433333333333333404e-01
4.166666666666666852e-01
9.999999999999999167e-02
2.900000000000000355e-01
9.266666666666667496e-01
5.299999999999999156e-01
1.666666666666666574e-01
1.060000000000000053e+00
3.433333333333333237e-01
1.833333333333333204e-01
1.126666666666666705e+00
2.523333333333332984e+00
3.933333333333333126e-01
8.700000000000001066e-01
1.563333333333333464e+00
1.866666666666666752e-01
8.333333333333332871e-02
9.999999999999999167e-02
1.133333333333333276e-01
5.000000000000000971e-02
3.966666666666666674e-01
1.533333333333333215e-01
3.133333333333333526e-01
3.600000000000000422e-01
8.399999999999999689e-01
5.233333333333333171e-01
2.666666666666666838e-02
2.666666666666666838e-02
1.333333333333333315e-01
2.666666666666666838e-02
2.333333333333333440e-02
9.000000000000001055e-02
4.966666666666666452e-01
1.233333333333333393e+00
6.899999999999999467e-01
1.246666666666666812e+00
1.000000000000000194e-01
5.100000000000000089e-01
2.000000000000000042e-02
1.303333333333333455e+00
2.366666666666666641e-01
5.333333333333333676e-02
3.433333333333333237e-01
4.633333333333333748e-01
6.400000000000000133e-01
4.000000000000000083e-02
6.000000000000000472e-02
4.799999999999999822e-01
2.566666666666666541e-01
3.333333333333333287e-02
6.666666666666667095e-03
6.133333333333333970e-01
0.000000000000000000e+00
1.100000000000000006e-01
9.999999999999999167e-02
2.666666666666666838e-02
0.000000000000000000e+00
5.999999999999999778e-02
3.800000000000000600e-01
0.000000000000000000e+00
1.833333333333333481e-01
7.433333333333332904e-01
4.333333333333333481e-02
4.999999999999999584e-02
2.333333333333333440e-02
3.333333333333333148e-01
1.186666666666666758e+00
8.666666666666666963e-02
6.099999999999999867e-01
0.000000000000000000e+00
1.346666666666666679e+00
1.266666666666666774e-01
3.333333333333333547e-03
0.000000000000000000e+00
1.466666666666666397e-01
2.333333333333333093e-02
0.000000000000000000e+00
1.600000000000000033e-01
3.133333333333333526e-01
0.000000000000000000e+00
5.000000000000000971e-02
1.000000000000000021e-02
2.666666666666666838e-02
0.000000000000000000e+00
4.000000000000000083e-02
6.666666666666667095e-03
1.333333333333333419e-02
1.333333333333333315e-01
8.333333333333332871e-02
9.666666666666667851e-02
2.069999999999999840e+00
6.333333333333333870e-02
2.000000000000000042e-02
1.133333333333333415e-01
2.666666666666666630e-01
2.333333333333333440e-02
2.333333333333333440e-02
1.433333333333333404e-01
2.013333333333333197e+00
4.400000000000000022e-01
0.000000000000000000e+00
5.333333333333333676e-02
2.299999999999999822e-01
3.333333333333333547e-03
0.000000000000000000e+00
6.666666666666667095e-03
3.333333333333333287e-02
1.333333333333333419e-02
1.066666666666666735e-01
1.099999999999999867e-01
6.099999999999999867e-01
2.999999999999999889e-02
1.000000000000000021e-02
1.466666666666666674e-01
0.000000000000000000e+00
2.166666666666666463e-01
3.333333333333333287e-02
2.333333333333333093e-01
0.000000000000000000e+00
7.666666666666667462e-02
1.833333333333333481e-01
1.666666666666666644e-02
1.666666666666666644e-02
7.333333333333333370e-02
1.570000000000000062e+00
4.499999999999999556e-01
3.000000000000000236e-02
3.233333333333333059e-01
3.366666666666667251e-01
9.633333333333333748e-01
3.433333333333333237e-01
8.666666666666666963e-02
1.266666666666666774e-01
2.299999999999999822e-01
3.333333333333333287e-02
1.666666666666666574e-01
2.000000000000000042e-02
1.499999999999999944e-01
1.999999999999999833e-01
3.466666666666666785e-01
1.199999999999999956e-01
1.466666666666666674e-01
0.000000000000000000e+00
1.433333333333333404e-01
2.333333333333333440e-02
3.333333333333333287e-02
1.866666666666666474e-01
1.666666666666666574e-01
2.233333333333333004e-01
1.356666666666666687e+00
1.899999999999999745e-01
1.133333333333333304e+00
1.330000000000000071e+00
3.033333333333332882e-01
2.466666666666666730e-01
0.000000000000000000e+00
5.466666666666666341e-01
4.999999999999999584e-02
4.799999999999999822e-01
7.000000000000000666e-02
1.000000000000000021e-02
5.966666666666666785e-01
6.033333333333333881e-01
4.666666666666666186e-01
3.666666666666666685e-02
4.666666666666666879e-02
9.333333333333333759e-02
1.210000000000000187e+00
9.999999999999999167e-02
2.666666666666666630e-01
2.000000000000000042e-02
5.200000000000000178e-01
2.000000000000000042e-02
6.066666666666666874e-01
8.133333333333333526e-01
6.566666666666667318e-01
6.099999999999999867e-01
4.333333333333333481e-02
1.333333333333333315e-01
1.906666666666666510e+00
