8.233333333333332504e-01
8.666666666666666963e-02
4.133333333333333304e-01
3.433333333333332682e-01
1.300000000000000044e-01
1.333333333333333419e-02
9.066666666666666208e-01
5.799999999999999600e-01
1.000000000000000021e-02
1.033333333333333326e-01
1.070000000000000062e+00
2.000000000000000389e-01
1.666666666666666644e-02
7.933333333333333348e-01
5.000000000000000971e-02
2.000000000000000042e-02
3.666666666666667379e-02
4.033333333333333215e-01
1.533333333333333215e-01
2.069999999999999840e+00
9.000000000000001055e-02
0.000000000000000000e+00
1.600000000000000033e-01
9.666666666666667851e-02
3.333333333333333547e-03
6.666666666666666574e-02
7.700000000000000178e-01
5.000000000000000971e-02
6.000000000000000472e-02
2.666666666666666838e-02
1.080000000000000071e+00
9.666666666666666463e-02
6.099999999999999867e-01
5.733333333333332504e-01
4.799999999999999822e-01
7.099999999999999645e-01
4.566666666666667207e-01
2.033333333333333381e-01
2.666666666666666838e-02
1.096666666666666679e+00
0.000000000000000000e+00
4.666666666666666186e-01
2.433333333333333182e-01
3.666666666666666685e-02
0.000000000000000000e+00
9.233333333333333393e-01
9.533333333333332549e-01
8.333333333333332871e-02
7.666666666666666075e-01
1.213333333333333375e+00
3.433333333333333237e-01
1.199999999999999956e+00
6.000000000000000472e-02
2.133333333333333470e-01
1.466666666666666397e-01
7.399999999999998801e-01
1.333333333333333419e-02
1.966666666666666563e-01
1.766666666666666663e-01
5.266666666666667274e-01
1.666666666666666644e-02
7.133333333333333748e-01
9.766666666666666829e-01
0.000000000000000000e+00
2.199999999999999734e-01
4.633333333333333193e-01
1.446666666666666545e+00
1.566666666666666485e-01
1.399999999999999856e-01
6.666666666666666574e-02
4.433333333333333570e-01
2.099999999999999922e-01
5.666666666666667074e-02
3.033333333333332882e-01
5.400000000000000355e-01
1.250000000000000000e+00
1.799999999999999656e-01
4.166666666666666852e-01
1.366666666666666863e-01
3.266666666666666607e-01
1.900000000000000300e-01
1.366666666666666863e-01
2.000000000000000042e-02
1.003333333333333188e+00
7.600000000000001199e-01
4.033333333333333215e-01
2.333333333333333440e-02
1.199999999999999956e-01
6.633333333333333304e-01
2.600000000000000089e-01
3.166666666666666519e-01
2.966666666666666896e-01
7.000000000000000666e-01
5.466666666666666341e-01
3.966666666666666674e-01
2.933333333333333903e-01
4.433333333333333570e-01
6.666666666666666574e-02
1.000000000000000194e-01
3.733333333333333504e-01
1.006666666666666599e+00
1.000000000000000021e-02
2.833333333333333259e-01
1.050000000000000044e+00
7.266666666666665719e-01
5.999999999999999778e-02
2.933333333333333903e-01
3.966666666666666674e-01
3.733333333333333504e-01
0.000000000000000000e+00
2.866666666666666807e-01
8.333333333333333703e-01
5.999999999999999778e-01
8.666666666666666963e-02
6.333333333333333870e-02
1.159999999999999920e+00
1.123333333333333295e+00
0.000000000000000000e+00
2.799999999999999711e-01
7.599999999999998979e-01
3.000000000000000236e-02
1.423333333333333117e+00
1.933333333333333570e-01
1.066666666666666735e-01
1.899999999999999745e-01
1.593333333333333490e+00
3.466666666666666785e-01
4.333333333333333481e-02
1.166666666666666741e+00
