3.600000000000000422e-01
1.666666666666666644e-02
2.033333333333333381e-01
1.166666666666666546e-01
1.199999999999999956e-01
1.566666666666666652e+00
7.666666666666667462e-02
2.400000000000000189e-01
9.766666666666665719e-01
3.066666666666666985e-01
8.133333333333333526e-01
8.000000000000000167e-02
1.016666666666666607e+00
8.000000000000000167e-02
7.299999999999999822e-01
0.000000000000000000e+00
2.066666666666666652e-01
1.233333333333333365e-01
1.553333333333333455e+00
6.566666666666666208e-01
1.133333333333333276e-01
8.733333333333331838e-01
8.666666666666666963e-02
2.899999999999999800e-01
1.233333333333333365e-01
2.933333333333333903e-01
5.333333333333333259e-01
