1.103333333333333277e+00
1.473333333333333384e+00
8.933333333333332016e-01
8.366666666666665586e-01
4.899999999999999911e-01
3.333333333333333287e-02
2.433333333333333182e-01
7.299999999999999822e-01
1.233333333333333365e-01
4.899999999999999911e-01
1.423333333333333117e+00
1.933333333333333348e+00
1.600000000000000033e-01
9.466666666666666563e-01
8.666666666666666963e-02
1.426666666666666750e+00
3.266666666666666607e-01
5.133333333333333082e-01
5.866666666666667806e-01
6.433333333333333126e-01
6.999999999999998446e-01
4.866666666666666363e-01
2.266666666666666552e-01
1.333333333333333259e+00
1.033333333333333326e-01
2.899999999999999800e-01
1.303333333333333455e+00
1.703333333333333144e+00
4.433333333333333570e-01
4.333333333333332926e-01
9.000000000000001055e-02
4.266666666666666941e-01
2.533333333333333548e-01
4.966666666666666452e-01
1.536666666666666847e+00
9.133333333333334414e-01
1.333333333333333315e-01
4.099999999999999756e-01
1.263333333333333419e+00
1.633333333333333304e-01
5.333333333333333259e-01
1.266666666666666774e-01
4.299999999999999933e-01
2.333333333333333440e-02
7.700000000000000178e-01
6.800000000000000488e-01
1.966666666666666563e-01
1.033333333333333326e-01
4.666666666666666879e-02
1.966666666666666841e-01
1.800000000000000211e-01
3.333333333333333287e-02
7.000000000000000666e-02
7.099999999999999645e-01
2.133333333333333470e-01
1.466666666666666674e-01
7.433333333333332904e-01
1.596666666666666679e+00
9.666666666666666463e-02
8.666666666666666963e-02
2.833333333333333814e-01
8.000000000000000167e-02
3.666666666666666408e-01
1.833333333333333204e-01
2.666666666666666838e-02
1.066666666666666735e-01
1.233333333333333365e-01
0.000000000000000000e+00
9.000000000000001055e-02
0.000000000000000000e+00
8.333333333333332871e-02
6.666666666666667095e-03
2.233333333333333004e-01
5.333333333333334370e-02
1.033333333333333465e-01
2.466666666666666730e-01
5.366666666666667362e-01
6.666666666666667095e-03
1.133333333333333276e-01
4.333333333333333481e-02
5.999999999999999778e-02
2.366666666666666641e-01
1.666666666666666644e-02
1.233333333333333365e-01
1.333333333333333315e-01
1.400000000000000133e-01
1.050000000000000044e+00
2.866666666666666252e-01
4.000000000000000083e-02
5.333333333333333676e-02
6.800000000000000488e-01
1.286666666666666847e+00
1.166666666666666546e-01
8.333333333333332871e-02
2.333333333333333440e-02
5.999999999999999778e-02
3.333333333333333287e-02
0.000000000000000000e+00
6.333333333333332482e-02
2.999999999999999889e-02
3.333333333333333547e-03
0.000000000000000000e+00
6.333333333333333037e-01
1.133333333333333415e-01
7.333333333333334758e-02
7.333333333333334758e-02
7.399999999999998801e-01
8.666666666666666963e-02
6.366666666666667140e-01
4.899999999999999911e-01
2.000000000000000042e-02
7.500000000000000000e-01
6.199999999999999956e-01
1.533333333333333492e-01
2.066666666666666374e-01
1.050000000000000044e+00
2.666666666666666838e-02
1.666666666666666644e-02
2.666666666666666838e-02
3.033333333333332882e-01
2.433333333333333737e-01
3.899999999999999578e-01
8.333333333333332871e-02
8.533333333333331661e-01
1.666666666666666574e-01
9.833333333333333925e-01
1.276666666666666616e+00
2.666666666666666838e-02
2.466666666666666730e-01
0.000000000000000000e+00
3.933333333333333681e-01
6.666666666666667095e-03
8.133333333333334636e-01
1.639999999999999902e+00
5.433333333333333348e-01
1.700000000000000122e-01
2.533333333333333548e-01
