1.050000000000000044e+00
8.666666666666666963e-02
1.066666666666666735e-01
2.900000000000000355e-01
1.466666666666666674e-01
6.133333333333332860e-01
1.466666666666666952e-01
1.366666666666666863e-01
6.999999999999999278e-02
1.066666666666666735e-01
1.066666666666666735e-01
5.333333333333333676e-02
1.533333333333333215e-01
1.006666666666666599e+00
3.899999999999999578e-01
2.066666666666666652e-01
1.433333333333333404e-01
6.800000000000000488e-01
4.566666666666666097e-01
4.500000000000000111e-01
1.303333333333333455e+00
4.833333333333333370e-01
1.610000000000000098e+00
9.666666666666667851e-02
2.400000000000000355e+00
1.566666666666666485e-01
6.000000000000000472e-02
1.599999999999999867e+00
3.233333333333333059e-01
2.886666666666666714e+00
