4.099999999999999756e-01
2.066666666666666652e-01
3.600000000000000422e-01
1.800000000000000211e-01
2.666666666666666838e-02
1.933333333333333570e-01
3.333333333333333287e-02
9.666666666666667851e-01
9.666666666666667851e-02
1.066666666666666735e-01
2.933333333333333903e-01
6.266666666666665941e-01
5.000000000000000971e-02
2.266666666666666552e-01
1.003333333333333188e+00
1.666666666666666574e-01
8.933333333333332016e-01
1.480000000000000204e+00
1.333333333333333315e-01
2.766666666666666718e-01
2.066666666666666652e-01
1.333333333333333315e-01
1.199999999999999956e-01
8.000000000000000167e-02
5.333333333333333676e-02
9.999999999999999167e-02
7.000000000000000666e-02
2.399999999999999911e-01
9.033333333333333215e-01
2.799999999999999711e-01
4.666666666666666186e-02
3.333333333333333287e-02
7.333333333333333925e-01
1.929999999999999938e+00
