8.266666666666666607e-01
2.099999999999999922e-01
2.399999999999999911e-01
1.013333333333333419e+00
9.366666666666665364e-01
5.033333333333332993e-01
3.666666666666667379e-02
3.733333333333333504e-01
1.143333333333333313e+00
1.866666666666666474e-01
1.686666666666666758e+00
7.666666666666666075e-02
1.366666666666666863e-01
5.366666666666667362e-01
2.029999999999999805e+00
9.766666666666666829e-01
4.299999999999999933e-01
1.400000000000000133e-01
1.679999999999999938e+00
1.433333333333333404e-01
7.333333333333334758e-02
4.000000000000000083e-02
6.166666666666666963e-01
8.333333333333333703e-01
9.333333333333332371e-02
6.466666666666666119e-01
1.306666666666666643e+00
3.666666666666666685e-02
0.000000000000000000e+00
1.886666666666666714e+00
3.433333333333332682e-01
8.666666666666666963e-01
1.020000000000000018e+00
1.199999999999999956e-01
2.500000000000000000e-01
1.013333333333333419e+00
1.006666666666666599e+00
4.666666666666666879e-02
2.166666666666666741e-01
1.120000000000000107e+00
2.199999999999999734e-01
0.000000000000000000e+00
5.999999999999999778e-02
1.726666666666666572e+00
1.100000000000000006e-01
1.766666666666666663e-01
4.333333333333333481e-02
5.000000000000000971e-02
6.266666666666665941e-01
1.133333333333333276e-01
0.000000000000000000e+00
1.000000000000000021e-02
2.300000000000000100e-01
8.700000000000001066e-01
0.000000000000000000e+00
5.666666666666666380e-02
2.533333333333333548e-01
2.566666666666666541e-01
1.000000000000000021e-02
6.699999999999999289e-01
1.033333333333333326e-01
4.666666666666666186e-01
1.499999999999999944e-01
4.133333333333333304e-01
2.600000000000000089e-01
2.299999999999999822e-01
6.833333333333332371e-01
1.066666666666666735e-01
2.393333333333333091e+00
9.033333333333333215e-01
1.066666666666666735e-01
3.033333333333333437e-01
3.266666666666666607e-01
2.466666666666666730e-01
9.000000000000001055e-02
9.999999999999999167e-02
7.333333333333334758e-02
9.999999999999999167e-02
3.333333333333333287e-02
4.999999999999999584e-02
7.399999999999998801e-01
6.000000000000000472e-02
8.833333333333333037e-01
6.633333333333333304e-01
0.000000000000000000e+00
1.929999999999999938e+00
9.999999999999999167e-02
6.500000000000000222e-01
1.333333333333333419e-02
8.800000000000000044e-01
2.333333333333333440e-02
0.000000000000000000e+00
7.333333333333333370e-02
3.400000000000000244e-01
1.999999999999999833e-01
1.833333333333333481e-01
3.333333333333333148e-01
4.066666666666666763e-01
2.466666666666666730e-01
1.233333333333333365e-01
1.239999999999999991e+00
1.589999999999999858e+00
6.533333333333333215e-01
2.233333333333333004e-01
2.766666666666666718e-01
8.866666666666667140e-01
1.469999999999999973e+00
4.299999999999999933e-01
3.000000000000000236e-02
8.000000000000000167e-02
8.099999999999999423e-01
1.833333333333333204e-01
7.566666666666667096e-01
1.333333333333333419e-02
4.333333333333333481e-02
4.500000000000000111e-01
1.983333333333333393e+00
3.266666666666666607e-01
3.433333333333332682e-01
6.333333333333333870e-02
2.433333333333333126e+00
7.699999999999999067e-01
0.000000000000000000e+00
2.666666666666666838e-02
1.150000000000000133e+00
1.526666666666666616e+00
0.000000000000000000e+00
7.566666666666667096e-01
1.589999999999999858e+00
1.133333333333333415e-01
6.333333333333333870e-02
3.160000000000000142e+00
4.099999999999999756e-01
1.003333333333333188e+00
5.966666666666666785e-01
1.533333333333333215e-01
5.000000000000000000e-01
7.033333333333332549e-01
8.066666666666666430e-01
3.000000000000000236e-02
3.866666666666667140e-01
4.699999999999999734e-01
4.333333333333333481e-02
0.000000000000000000e+00
9.333333333333332371e-02
1.849999999999999867e+00
1.000000000000000021e-02
1.000000000000000021e-02
1.666666666666666644e-02
6.666666666666666574e-02
4.066666666666666763e-01
6.999999999999999278e-02
0.000000000000000000e+00
7.666666666666667462e-02
4.833333333333333370e-01
1.079999999999999849e+00
0.000000000000000000e+00
1.333333333333333315e-01
2.266666666666666552e-01
1.666666666666666574e-01
0.000000000000000000e+00
1.423333333333333561e+00
2.433333333333333182e-01
2.533333333333333548e-01
1.266666666666666774e-01
3.433333333333333237e-01
2.966666666666666896e-01
1.499999999999999944e-01
4.033333333333333215e-01
3.166666666666666519e-01
1.599999999999999867e+00
8.433333333333332682e-01
4.999999999999999584e-02
2.166666666666666741e-01
3.133333333333332971e-01
9.999999999999999167e-02
5.333333333333333676e-02
1.600000000000000033e-01
5.666666666666666380e-02
2.900000000000000355e-01
2.166666666666666741e-01
0.000000000000000000e+00
1.499999999999999944e-01
1.600000000000000033e-01
4.500000000000000111e-01
1.669999999999999929e+00
3.666666666666666685e-02
1.896666666666666501e+00
3.600000000000000422e-01
6.566666666666666208e-01
1.000000000000000021e-02
1.219999999999999973e+00
0.000000000000000000e+00
0.000000000000000000e+00
4.333333333333333481e-02
7.433333333333335124e-01
1.333333333333333315e-01
8.666666666666666963e-02
1.600000000000000033e-01
4.133333333333333304e-01
2.033333333333333381e-01
3.000000000000000444e-01
1.339999999999999858e+00
1.246666666666666812e+00
9.666666666666666741e-01
2.033333333333333381e-01
1.380000000000000115e+00
5.966666666666666785e-01
6.266666666666665941e-01
4.366666666666667029e-01
1.666666666666666574e-01
3.500000000000000333e-01
1.313333333333333464e+00
2.800000000000000266e-01
1.310000000000000275e+00
1.333333333333333419e-02
1.166666666666666824e-01
4.799999999999999822e-01
3.143333333333333091e+00
1.366666666666666918e+00
5.533333333333333437e-01
5.333333333333333676e-02
1.776666666666666616e+00
5.966666666666666785e-01
3.666666666666667379e-02
4.999999999999999584e-02
3.566666666666666874e-01
1.836666666666666670e+00
2.333333333333333440e-02
4.833333333333333370e-01
1.353333333333333499e+00
5.666666666666666380e-02
1.000000000000000021e-02
1.513333333333333641e+00
2.033333333333333381e-01
1.510000000000000009e+00
5.566666666666666430e-01
5.666666666666667074e-02
4.933333333333333459e-01
6.600000000000000311e-01
1.099999999999999867e+00
2.000000000000000042e-02
5.000000000000000000e-01
2.999999999999999889e-01
9.666666666666667851e-02
1.000000000000000021e-02
6.666666666666666574e-02
1.410000000000000142e+00
3.333333333333333287e-02
2.999999999999999889e-02
4.333333333333333481e-02
3.333333333333333287e-02
1.866666666666666474e-01
2.966666666666666896e-01
3.333333333333333547e-03
3.333333333333333287e-02
8.266666666666666607e-01
6.533333333333333215e-01
0.000000000000000000e+00
4.933333333333333459e-01
1.433333333333333404e-01
1.000000000000000194e-01
0.000000000000000000e+00
9.266666666666667496e-01
5.333333333333334370e-02
1.400000000000000133e-01
8.666666666666666963e-02
3.433333333333333237e-01
3.833333333333333037e-01
2.099999999999999922e-01
5.300000000000000266e-01
3.133333333333332971e-01
1.123333333333333295e+00
6.866666666666666474e-01
1.000000000000000021e-02
1.233333333333333365e-01
4.233333333333333393e-01
5.333333333333333676e-02
1.333333333333333419e-02
1.766666666666666663e-01
1.233333333333333365e-01
3.299999999999999600e-01
2.999999999999999889e-01
5.400000000000000355e-01
8.033333333333332327e-01
1.966666666666666563e-01
1.270000000000000240e+00
9.233333333333333393e-01
2.666666666666666838e-02
1.290000000000000036e+00
6.333333333333333870e-02
1.666666666666666644e-02
4.000000000000000083e-02
7.033333333333332549e-01
0.000000000000000000e+00
1.300000000000000044e-01
1.666666666666666644e-02
1.266666666666666774e-01
6.999999999999999278e-02
1.066666666666666735e-01
2.933333333333333348e-01
1.300000000000000044e-01
1.266666666666666774e-01
2.566666666666666541e-01
2.000000000000000042e-02
1.346666666666666679e+00
9.433333333333333570e-01
4.166666666666666852e-01
3.633333333333333415e-01
6.733333333333333393e-01
1.063333333333333242e+00
2.899999999999999800e-01
2.333333333333333440e-02
2.766666666666666718e-01
5.799999999999999600e-01
2.066666666666666652e-01
9.300000000000000488e-01
0.000000000000000000e+00
3.333333333333333287e-02
6.766666666666666385e-01
1.293333333333333224e+00
1.333333333333333315e-01
1.499999999999999944e-01
2.000000000000000042e-02
5.300000000000000266e-01
1.043333333333333446e+00
1.000000000000000021e-02
0.000000000000000000e+00
1.093333333333333490e+00
9.366666666666666474e-01
7.666666666666666075e-02
8.800000000000000044e-01
1.513333333333333419e+00
1.333333333333333419e-02
1.000000000000000021e-02
1.236666666666666581e+00
1.433333333333333404e-01
3.633333333333332860e-01
3.833333333333333037e-01
2.000000000000000042e-02
1.000000000000000194e-01
9.033333333333333215e-01
9.000000000000000222e-01
1.000000000000000021e-02
2.466666666666666730e-01
1.086666666666666670e+00
1.866666666666666752e-01
0.000000000000000000e+00
6.666666666666666574e-02
1.523333333333333428e+00
9.333333333333333759e-02
1.199999999999999956e-01
1.000000000000000021e-02
2.999999999999999889e-02
4.633333333333333748e-01
3.600000000000000422e-01
0.000000000000000000e+00
8.666666666666666963e-02
5.666666666666667629e-01
4.299999999999999933e-01
0.000000000000000000e+00
4.533333333333333659e-01
4.433333333333333570e-01
7.333333333333334758e-02
0.000000000000000000e+00
1.346666666666666679e+00
1.400000000000000133e-01
1.700000000000000122e-01
2.999999999999999889e-02
5.899999999999999689e-01
3.266666666666666607e-01
1.600000000000000033e-01
5.299999999999999156e-01
9.999999999999999167e-02
1.086666666666666670e+00
6.733333333333333393e-01
2.000000000000000042e-02
1.199999999999999956e-01
5.000000000000000000e-01
1.700000000000000122e-01
2.333333333333333093e-02
9.566666666666666652e-01
4.899999999999999911e-01
9.333333333333332371e-02
0.000000000000000000e+00
0.000000000000000000e+00
2.833333333333333814e-01
1.900000000000000300e-01
0.000000000000000000e+00
1.290000000000000036e+00
4.500000000000000111e-01
1.356666666666666687e+00
1.999999999999999833e-01
8.000000000000000167e-02
0.000000000000000000e+00
1.136666666666666714e+00
3.666666666666666685e-02
1.333333333333333419e-02
2.999999999999999889e-02
1.999999999999999833e-01
4.333333333333333481e-02
1.166666666666666546e-01
2.233333333333333004e-01
2.766666666666666718e-01
2.766666666666666718e-01
2.866666666666666807e-01
1.733333333333333393e-01
1.146666666666666723e+00
7.333333333333332815e-01
1.899999999999999745e-01
5.866666666666666696e-01
4.733333333333333282e-01
2.133333333333333470e-01
1.166666666666666546e-01
5.333333333333333676e-02
1.866666666666666752e-01
9.100000000000000311e-01
1.333333333333333419e-02
1.226666666666666794e+00
6.666666666666666574e-02
2.266666666666666552e-01
1.030000000000000027e+00
3.439999999999999947e+00
1.246666666666666812e+00
4.666666666666666186e-01
9.333333333333333759e-02
7.766666666666667274e-01
4.266666666666665830e-01
0.000000000000000000e+00
2.000000000000000042e-02
5.999999999999999778e-01
9.333333333333332371e-01
0.000000000000000000e+00
5.000000000000000000e-01
1.093333333333333268e+00
9.333333333333333759e-02
0.000000000000000000e+00
1.440000000000000169e+00
2.333333333333333093e-01
5.266666666666667274e-01
3.800000000000000600e-01
3.333333333333333287e-02
3.866666666666666585e-01
8.533333333333333881e-01
5.400000000000000355e-01
2.000000000000000042e-02
2.133333333333333470e-01
5.366666666666666252e-01
1.833333333333333481e-01
1.000000000000000021e-02
4.000000000000000083e-02
1.036666666666666625e+00
1.233333333333333365e-01
1.666666666666666644e-02
2.000000000000000042e-02
2.333333333333333440e-02
1.349999999999999867e+00
2.666666666666666838e-02
3.333333333333333547e-03
6.666666666666666574e-02
6.099999999999999867e-01
7.700000000000000178e-01
0.000000000000000000e+00
3.866666666666666585e-01
1.333333333333333315e-01
1.633333333333333304e-01
1.000000000000000021e-02
2.056666666666666643e+00
2.633333333333333637e-01
3.433333333333332682e-01
1.300000000000000044e-01
7.266666666666666829e-01
1.866666666666666474e-01
2.299999999999999822e-01
6.266666666666665941e-01
2.033333333333333381e-01
1.349999999999999867e+00
6.300000000000000044e-01
3.666666666666667379e-02
1.899999999999999745e-01
3.866666666666666585e-01
1.333333333333333315e-01
2.666666666666666838e-02
5.400000000000000355e-01
1.066666666666666735e-01
2.500000000000000000e-01
5.600000000000000533e-01
4.666666666666666879e-02
6.066666666666665764e-01
1.566666666666666763e-01
1.066666666666666652e+00
3.026666666666666838e+00
4.666666666666666879e-02
1.750000000000000000e+00
1.499999999999999944e-01
1.633333333333333304e-01
0.000000000000000000e+00
1.100000000000000006e-01
0.000000000000000000e+00
0.000000000000000000e+00
6.999999999999999278e-02
1.900000000000000300e-01
6.999999999999999278e-02
3.066666666666666985e-01
3.899999999999999578e-01
2.166666666666666741e-01
1.333333333333333315e-01
1.366666666666666863e-01
2.633333333333333637e-01
6.966666666666666563e-01
7.533333333333332993e-01
5.666666666666666380e-02
2.399999999999999911e-01
2.333333333333333093e-01
4.633333333333333193e-01
2.899999999999999800e-01
2.333333333333333440e-02
1.700000000000000122e-01
7.999999999999999334e-01
1.066666666666666735e-01
8.699999999999999956e-01
0.000000000000000000e+00
0.000000000000000000e+00
1.700000000000000122e-01
2.033333333333333659e+00
2.433333333333333182e-01
8.933333333333332016e-01
1.000000000000000021e-02
2.176666666666666750e+00
1.253333333333333188e+00
1.000000000000000021e-02
1.333333333333333419e-02
5.366666666666667362e-01
1.246666666666666812e+00
0.000000000000000000e+00
5.500000000000000444e-01
1.780000000000000027e+00
1.566666666666666485e-01
7.333333333333333370e-02
2.013333333333333197e+00
4.499999999999999556e-01
1.276666666666666616e+00
7.999999999999999334e-01
1.733333333333333393e-01
4.266666666666666941e-01
5.999999999999999778e-01
7.099999999999999645e-01
4.333333333333333481e-02
8.666666666666666963e-01
3.666666666666666963e-01
6.666666666666666574e-02
6.666666666666667095e-03
1.633333333333333304e-01
1.296666666666666634e+00
2.333333333333333440e-02
6.666666666666667095e-03
6.666666666666667095e-03
3.333333333333333287e-02
2.700000000000000178e-01
1.666666666666666644e-02
3.333333333333333547e-03
8.666666666666666963e-02
2.666666666666666630e-01
4.199999999999999845e-01
6.666666666666667095e-03
4.599999999999999645e-01
2.333333333333333093e-01
1.366666666666666863e-01
2.666666666666666838e-02
1.133333333333333304e+00
1.366666666666666585e-01
1.566666666666666485e-01
1.133333333333333415e-01
2.833333333333333259e-01
3.600000000000000422e-01
2.866666666666666807e-01
5.733333333333333615e-01
4.533333333333333104e-01
1.169999999999999929e+00
9.333333333333332371e-01
1.066666666666666735e-01
1.700000000000000122e-01
5.799999999999999600e-01
3.333333333333333547e-03
3.666666666666667379e-02
9.233333333333333393e-01
1.600000000000000033e-01
2.266666666666666552e-01
5.000000000000000971e-02
2.333333333333333093e-02
6.433333333333334236e-01
2.333333333333333440e-02
4.366666666666667029e-01
7.666666666666666075e-01
0.000000000000000000e+00
1.039999999999999813e+00
1.100000000000000006e-01
9.000000000000001055e-02
0.000000000000000000e+00
3.166666666666666519e-01
2.333333333333333440e-02
3.333333333333333547e-03
5.666666666666667074e-02
4.733333333333333282e-01
5.333333333333333676e-02
9.666666666666666463e-02
1.333333333333333315e-01
2.933333333333333903e-01
2.066666666666666652e-01
3.200000000000000067e-01
5.600000000000000533e-01
1.433333333333333570e+00
