1.119999999999999885e+00
3.999999999999999667e-01
4.833333333333333370e-01
5.466666666666666341e-01
4.500000000000000111e-01
8.599999999999999867e-01
1.600000000000000033e-01
5.666666666666667629e-01
7.833333333333333259e-01
0.000000000000000000e+00
3.333333333333333287e-02
6.666666666666666574e-02
9.466666666666666563e-01
8.099999999999999423e-01
5.566666666666666430e-01
5.266666666666667274e-01
9.533333333333332549e-01
4.666666666666666186e-02
6.333333333333333870e-02
2.666666666666666838e-02
1.499999999999999944e-01
1.166666666666666546e-01
0.000000000000000000e+00
0.000000000000000000e+00
7.633333333333333082e-01
3.333333333333333547e-03
1.333333333333333419e-02
3.266666666666666607e-01
1.100000000000000089e+00
0.000000000000000000e+00
1.266666666666666774e-01
1.776666666666666616e+00
2.333333333333333093e-01
3.799999999999999489e-01
2.999999999999999889e-01
5.699999999999999512e-01
8.133333333333333526e-01
6.433333333333333126e-01
1.450000000000000178e+00
1.466666666666666674e-01
3.000000000000000236e-02
0.000000000000000000e+00
9.666666666666666463e-02
3.333333333333333547e-03
5.999999999999999778e-02
0.000000000000000000e+00
8.533333333333333881e-01
4.000000000000000083e-02
9.333333333333333759e-02
2.566666666666666541e-01
2.500000000000000000e-01
0.000000000000000000e+00
1.266666666666666774e-01
1.766666666666666663e-01
3.333333333333333287e-02
3.333333333333333547e-03
1.866666666666666474e-01
1.536666666666666403e+00
4.466666666666667118e-01
8.000000000000000167e-02
2.900000000000000355e-01
2.033333333333333381e-01
1.066666666666666735e-01
3.566666666666666874e-01
1.333333333333333419e-02
1.003333333333333410e+00
7.000000000000000666e-01
4.000000000000000083e-02
8.666666666666666963e-01
2.733333333333333726e-01
4.033333333333333215e-01
1.000000000000000021e-02
1.743333333333333401e+00
4.666666666666666186e-01
1.419999999999999929e+00
1.999999999999999833e-01
1.333333333333333315e-01
1.399999999999999856e-01
7.333333333333333925e-01
1.000000000000000021e-02
2.500000000000000000e-01
1.349999999999999867e+00
0.000000000000000000e+00
0.000000000000000000e+00
1.633333333333333304e-01
2.999999999999999889e-02
0.000000000000000000e+00
4.666666666666666879e-02
1.666666666666666574e-01
8.333333333333332871e-02
4.133333333333333304e-01
2.666666666666666838e-02
3.333333333333333287e-02
1.733333333333333393e-01
2.999999999999999889e-02
0.000000000000000000e+00
6.633333333333333304e-01
2.833333333333333814e-01
0.000000000000000000e+00
3.166666666666666519e-01
1.793333333333333224e+00
1.333333333333333419e-02
9.666666666666667851e-02
1.383333333333333526e+00
3.166666666666666519e-01
5.166666666666666075e-01
3.733333333333333504e-01
6.633333333333333304e-01
6.666666666666666297e-01
4.099999999999999756e-01
6.933333333333333570e-01
4.666666666666666879e-02
0.000000000000000000e+00
2.333333333333333093e-02
0.000000000000000000e+00
0.000000000000000000e+00
6.666666666666667095e-03
5.333333333333333676e-02
2.000000000000000042e-02
2.899999999999999800e-01
6.033333333333333881e-01
4.066666666666667318e-01
2.196666666666666767e+00
6.666666666666667095e-03
3.333333333333333547e-03
6.633333333333332194e-01
4.066666666666666763e-01
6.666666666666667095e-03
8.333333333333332871e-02
2.566666666666666541e-01
1.000000000000000021e-02
0.000000000000000000e+00
1.033333333333333326e-01
1.600000000000000033e-01
5.333333333333333676e-02
1.366666666666666863e-01
6.133333333333333970e-01
1.116666666666666696e+00
4.099999999999999756e-01
0.000000000000000000e+00
2.000000000000000042e-02
9.466666666666666563e-01
1.199999999999999956e-01
0.000000000000000000e+00
5.000000000000000971e-02
2.133333333333333470e-01
5.999999999999999778e-01
2.333333333333333440e-02
2.566666666666666541e-01
1.833333333333333204e-01
4.733333333333333282e-01
1.333333333333333419e-02
3.133333333333333526e-01
1.716666666666666785e+00
2.000000000000000042e-02
0.000000000000000000e+00
8.666666666666666963e-02
1.566666666666666485e-01
2.166666666666666741e-01
2.333333333333333093e-02
7.900000000000000355e-01
7.333333333333333370e-02
2.413333333333333552e+00
4.166666666666666852e-01
6.199999999999999956e-01
1.496666666666666812e+00
3.233333333333333059e-01
1.166666666666666546e-01
1.516666666666666607e+00
6.366666666666667140e-01
3.866666666666666585e-01
1.250000000000000000e+00
3.533333333333333326e-01
3.899999999999999578e-01
2.999999999999999889e-02
6.933333333333333570e-01
3.966666666666666674e-01
2.099999999999999922e-01
0.000000000000000000e+00
1.499999999999999944e-01
3.066666666666666430e-01
1.666666666666666644e-02
1.633333333333333304e-01
8.033333333333332327e-01
0.000000000000000000e+00
0.000000000000000000e+00
4.433333333333333570e-01
3.400000000000000244e-01
1.226666666666666794e+00
6.633333333333334414e-01
2.666666666666666838e-02
0.000000000000000000e+00
1.433333333333333404e-01
9.100000000000000311e-01
1.096666666666666679e+00
1.186666666666666758e+00
1.333333333333333419e-02
1.033333333333333326e-01
6.433333333333334236e-01
8.333333333333332871e-02
4.999999999999999584e-02
4.333333333333333481e-02
1.933333333333333293e-01
1.129999999999999893e+00
2.000000000000000042e-02
2.999999999999999889e-01
8.000000000000000167e-02
1.700000000000000122e-01
0.000000000000000000e+00
1.666666666666666741e+00
9.333333333333333759e-02
4.000000000000000083e-02
1.300000000000000044e-01
1.056666666666666643e+00
2.066666666666666652e-01
0.000000000000000000e+00
6.400000000000000133e-01
2.966666666666666896e-01
5.666666666666666380e-02
6.666666666666667095e-03
1.733333333333333393e-01
6.099999999999999867e-01
2.900000000000000355e-01
1.333333333333333419e-02
1.366666666666666863e-01
2.566666666666666541e-01
0.000000000000000000e+00
0.000000000000000000e+00
8.799999999999998934e-01
1.600000000000000033e-01
9.766666666666666829e-01
3.300000000000000155e-01
4.299999999999999933e-01
2.533333333333333548e-01
4.433333333333333570e-01
8.666666666666666963e-02
3.833333333333333037e-01
8.066666666666666430e-01
3.333333333333333547e-03
2.000000000000000042e-02
1.166666666666666546e-01
3.333333333333333547e-03
4.333333333333333481e-02
1.000000000000000021e-02
3.000000000000000444e-01
2.666666666666666838e-02
6.666666666666666574e-02
1.083333333333333259e+00
2.099999999999999645e-01
1.999999999999999833e-01
8.000000000000000167e-02
4.666666666666666879e-02
8.000000000000000167e-02
0.000000000000000000e+00
0.000000000000000000e+00
3.200000000000000067e-01
2.333333333333333093e-01
0.000000000000000000e+00
1.600000000000000033e-01
1.703333333333333144e+00
3.333333333333333547e-03
1.366666666666666585e-01
6.433333333333334236e-01
1.466666666666666674e-01
3.333333333333333148e-01
1.766666666666666663e-01
3.733333333333332948e-01
4.400000000000000022e-01
1.046666666666666856e+00
1.526666666666666616e+00
5.666666666666666380e-02
7.333333333333331983e-02
1.000000000000000021e-02
2.699999999999999623e-01
0.000000000000000000e+00
4.999999999999999584e-02
1.033333333333333326e-01
1.800000000000000211e-01
2.466666666666666730e-01
5.999999999999999778e-02
5.566666666666666430e-01
6.666666666666666574e-02
1.866666666666666752e-01
0.000000000000000000e+00
7.666666666666667462e-02
2.700000000000000178e-01
0.000000000000000000e+00
2.600000000000000089e-01
1.366666666666666585e-01
3.333333333333333287e-02
0.000000000000000000e+00
6.600000000000000311e-01
6.099999999999999867e-01
1.566666666666666485e-01
2.199999999999999734e-01
5.999999999999999778e-02
1.433333333333333126e-01
2.000000000000000042e-02
2.000000000000000042e-02
2.266666666666666829e-01
2.333333333333333440e-02
0.000000000000000000e+00
4.999999999999999584e-02
7.633333333333333082e-01
3.533333333333333326e-01
3.366666666666666141e-01
1.833333333333333481e-01
2.933333333333333903e-01
1.066666666666666735e-01
7.399999999999998801e-01
2.333333333333333440e-02
4.000000000000000083e-02
2.533333333333333548e-01
0.000000000000000000e+00
4.000000000000000083e-02
0.000000000000000000e+00
8.066666666666666430e-01
1.000000000000000021e-02
6.666666666666667095e-03
6.333333333333333870e-02
1.800000000000000211e-01
9.866666666666666918e-01
1.356666666666666687e+00
