3.066666666666666430e-01
1.616666666666666474e+00
3.433333333333332682e-01
4.233333333333333393e-01
2.233333333333333004e-01
9.499999999999998446e-01
3.666666666666666963e-01
8.466666666666666785e-01
6.199999999999999956e-01
8.900000000000000133e-01
1.533333333333333492e-01
9.999999999999999167e-02
4.666666666666666186e-01
4.000000000000000083e-02
5.733333333333333615e-01
0.000000000000000000e+00
8.666666666666666963e-02
1.266666666666666774e-01
4.000000000000000083e-02
1.186666666666666536e+00
4.166666666666666852e-01
5.999999999999999778e-02
2.199999999999999734e-01
4.333333333333333481e-01
1.196666666666666545e+00
8.333333333333332871e-02
1.203333333333333366e+00
9.199999999999999289e-01
1.000000000000000194e-01
1.433333333333333404e-01
4.266666666666666941e-01
1.766666666666666663e-01
8.333333333333332871e-02
1.273333333333333428e+00
4.033333333333333215e-01
8.933333333333334236e-01
2.833333333333333259e-01
7.633333333333333082e-01
8.766666666666665941e-01
1.133333333333333526e+00
1.733333333333333393e-01
1.199999999999999956e-01
1.236666666666666581e+00
2.203333333333333588e+00
1.919999999999999929e+00
1.113333333333333286e+00
2.486666666666666803e+00
