1.466666666666666785e+00
4.633333333333333193e-01
2.633333333333333637e-01
1.949999999999999956e+00
1.406666666666666954e+00
2.766666666666666718e-01
8.833333333333334147e-01
1.999999999999999833e-01
1.566666666666666485e-01
3.433333333333332682e-01
1.803333333333333455e+00
1.246666666666666812e+00
2.899999999999999800e-01
4.333333333333333481e-02
2.433333333333333182e-01
2.266666666666666552e-01
6.000000000000000472e-02
2.066666666666666652e-01
6.066666666666666874e-01
1.563333333333333242e+00
1.533333333333333215e-01
1.866666666666666474e-01
1.333333333333333315e-01
8.333333333333332871e-02
8.333333333333332871e-02
2.933333333333333903e-01
4.899999999999999911e-01
1.866666666666666752e-01
1.383333333333333526e+00
1.533333333333333215e-01
1.033333333333333326e-01
1.330000000000000071e+00
4.566666666666667207e-01
2.126666666666666483e+00
1.733333333333333393e-01
2.200000000000000011e-01
4.233333333333333393e-01
1.733333333333333393e-01
1.466666666666666952e-01
1.766666666666666663e-01
6.666666666666667095e-03
3.333333333333333547e-03
4.733333333333333282e-01
9.000000000000001055e-02
6.233333333333332948e-01
1.133333333333333304e+00
1.066666666666666735e-01
2.766666666666666718e-01
3.133333333333332971e-01
2.666666666666666838e-02
2.666666666666666838e-02
2.166666666666666741e-01
4.666666666666666879e-02
9.999999999999999167e-02
2.666666666666666838e-02
2.333333333333333440e-02
5.333333333333333676e-02
4.333333333333333481e-02
1.400000000000000133e-01
6.733333333333333393e-01
9.666666666666667851e-02
3.433333333333332682e-01
1.199999999999999956e-01
4.400000000000000022e-01
1.076666666666666661e+00
8.799999999999998934e-01
9.666666666666667851e-02
5.300000000000000266e-01
5.566666666666666430e-01
2.233333333333333559e-01
7.000000000000000666e-02
2.666666666666666838e-02
5.000000000000000971e-02
5.999999999999999778e-02
7.066666666666666652e-01
4.900000000000000466e-01
