8.133333333333333526e-01
6.000000000000000472e-02
8.000000000000000167e-02
5.366666666666667362e-01
8.333333333333332871e-02
3.400000000000000244e-01
1.000000000000000194e-01
2.233333333333333559e-01
6.666666666666666574e-02
3.433333333333333237e-01
2.066666666666666652e-01
9.000000000000001055e-02
0.000000000000000000e+00
0.000000000000000000e+00
0.000000000000000000e+00
6.666666666666667095e-03
2.000000000000000042e-02
3.333333333333333287e-02
1.100000000000000006e-01
2.066666666666666652e-01
2.666666666666666838e-02
2.199999999999999734e-01
1.233333333333333365e-01
3.366666666666666696e-01
1.733333333333333393e-01
4.333333333333333481e-02
1.333333333333333315e-01
7.999999999999999334e-01
1.533333333333333215e-01
4.733333333333333282e-01
4.433333333333333570e-01
2.099999999999999922e-01
0.000000000000000000e+00
6.266666666666665941e-01
2.466666666666666730e-01
1.286666666666666847e+00
7.333333333333333925e-01
1.209999999999999964e+00
1.263333333333333419e+00
9.599999999999999645e-01
6.466666666666667229e-01
4.099999999999999756e-01
7.099999999999999645e-01
2.033333333333333381e-01
2.299999999999999822e-01
5.400000000000000355e-01
3.566666666666666874e-01
2.900000000000000355e-01
4.499999999999999556e-01
8.666666666666666963e-02
2.033333333333333381e-01
3.333333333333333547e-03
1.199999999999999956e-01
0.000000000000000000e+00
1.466666666666666952e-01
8.333333333333333703e-01
0.000000000000000000e+00
5.999999999999999778e-02
4.000000000000000083e-02
6.033333333333333881e-01
5.000000000000000971e-02
2.666666666666666838e-02
1.666666666666666644e-02
1.033333333333333326e-01
2.999999999999999889e-02
2.000000000000000042e-02
1.966666666666666563e-01
1.033333333333333326e-01
4.599999999999999645e-01
1.316666666666666652e+00
1.413333333333333330e+00
9.033333333333333215e-01
5.466666666666667451e-01
4.699999999999999734e-01
4.833333333333333925e-01
6.633333333333332194e-01
4.233333333333333393e-01
5.666666666666667074e-02
2.799999999999999711e-01
0.000000000000000000e+00
9.999999999999999167e-02
2.299999999999999822e-01
0.000000000000000000e+00
1.133333333333333276e-01
0.000000000000000000e+00
0.000000000000000000e+00
0.000000000000000000e+00
0.000000000000000000e+00
3.333333333333333547e-03
5.666666666666667074e-02
8.333333333333332871e-02
1.033333333333333326e-01
4.199999999999999845e-01
2.399999999999999911e-01
1.510000000000000009e+00
3.866666666666667140e-01
1.166666666666666546e-01
8.666666666666666963e-02
9.666666666666667851e-01
3.699999999999999400e-01
0.000000000000000000e+00
1.166666666666666546e-01
3.933333333333333681e-01
1.666666666666666574e-01
1.400000000000000133e-01
8.166666666666667629e-01
1.166666666666666546e-01
3.666666666666667379e-02
4.033333333333333215e-01
2.413333333333333552e+00
1.099999999999999867e-01
5.666666666666667074e-02
1.933333333333333348e+00
4.400000000000000022e-01
1.066666666666666735e-01
5.666666666666667074e-02
1.000000000000000021e-02
0.000000000000000000e+00
0.000000000000000000e+00
0.000000000000000000e+00
3.333333333333333547e-03
2.000000000000000042e-02
6.899999999999999467e-01
1.000000000000000194e-01
9.533333333333332549e-01
1.356666666666666687e+00
3.863333333333333286e+00
1.226666666666666794e+00
1.076666666666666661e+00
2.750000000000000000e+00
1.300000000000000044e-01
1.610000000000000098e+00
4.700000000000000289e-01
1.393333333333333313e+00
2.500000000000000000e-01
1.999999999999999833e-01
1.700000000000000122e-01
3.333333333333333287e-02
2.566666666666666541e-01
1.413333333333333330e+00
1.393333333333333535e+00
1.003333333333333188e+00
7.066666666666666652e-01
2.500000000000000000e-01
1.700000000000000122e-01
1.899999999999999745e-01
1.466666666666666952e-01
7.000000000000000666e-02
0.000000000000000000e+00
1.900000000000000300e-01
5.666666666666666380e-02
2.406666666666666732e+00
7.099999999999999645e-01
8.000000000000000167e-02
7.466666666666665897e-01
2.399999999999999911e-01
2.699999999999999623e-01
6.566666666666666208e-01
1.053333333333333455e+00
0.000000000000000000e+00
1.333333333333333419e-02
2.666666666666666838e-02
3.500000000000000333e-01
0.000000000000000000e+00
1.000000000000000021e-02
5.066666666666667096e-01
9.933333333333332904e-01
2.300000000000000100e-01
1.033333333333333465e-01
1.333333333333333315e-01
9.666666666666667851e-02
1.666666666666666574e-01
4.266666666666665830e-01
2.000000000000000042e-02
1.113333333333333286e+00
5.933333333333332682e-01
5.999999999999999778e-02
3.533333333333333326e-01
5.766666666666666607e-01
1.633333333333333304e-01
1.833333333333333481e-01
1.666666666666666574e-01
3.066666666666666985e-01
4.733333333333333282e-01
3.133333333333332971e-01
1.906666666666666510e+00
1.933333333333333293e-01
1.666666666666666574e-01
1.199999999999999956e-01
1.036666666666666625e+00
5.666666666666666380e-02
4.666666666666666879e-02
4.233333333333333393e-01
7.666666666666667462e-02
2.699999999999999623e-01
5.400000000000000355e-01
8.433333333333333792e-01
8.233333333333333615e-01
1.410000000000000142e+00
1.040000000000000036e+00
5.666666666666667074e-02
9.133333333333334414e-01
1.966666666666666841e-01
8.000000000000000167e-02
2.200000000000000011e-01
3.699999999999999400e-01
1.100000000000000006e-01
1.300000000000000044e-01
2.033333333333333381e-01
1.199999999999999956e-01
1.343333333333333490e+00
1.606666666666666687e+00
2.220000000000000195e+00
3.000000000000000000e+00
2.890000000000000124e+00
6.976666666666666572e+00
