1.383333333333333526e+00
8.966666666666666119e-01
3.133333333333333526e-01
0.000000000000000000e+00
8.666666666666666963e-02
8.033333333333333437e-01
1.133333333333333304e+00
4.333333333333333481e-02
8.333333333333332871e-02
6.633333333333334414e-01
3.333333333333333287e-02
5.000000000000000971e-02
1.266666666666666774e-01
3.066666666666666985e-01
1.563333333333333464e+00
3.133333333333333526e-01
5.066666666666667096e-01
1.733333333333333393e-01
1.436666666666666758e+00
1.933333333333333293e-01
1.566666666666666485e-01
2.500000000000000000e-01
5.966666666666666785e-01
9.933333333333335124e-01
8.000000000000000167e-02
1.766666666666666663e-01
1.933333333333333570e-01
6.333333333333333870e-02
2.099999999999999922e-01
2.333333333333333440e-02
1.366666666666666863e-01
1.033333333333333326e-01
2.866666666666666807e-01
2.399999999999999911e-01
4.733333333333333282e-01
8.333333333333332871e-02
0.000000000000000000e+00
0.000000000000000000e+00
1.056666666666666865e+00
1.223333333333333384e+00
