6.433333333333334236e-01
1.333333333333333315e-01
3.666666666666666408e-01
8.599999999999999867e-01
2.666666666666666838e-02
1.433333333333333404e-01
1.333333333333333419e-02
2.200000000000000011e-01
6.666666666666667095e-03
4.099999999999999756e-01
1.400000000000000133e+00
5.199999999999999067e-01
6.366666666666666030e-01
1.766666666666666607e+00
3.233333333333333059e-01
6.999999999999999278e-02
5.000000000000000971e-02
3.300000000000000155e-01
4.999999999999999584e-02
1.266666666666666774e-01
1.966666666666666563e-01
8.333333333333332871e-02
8.199999999999999512e-01
1.423333333333333561e+00
1.399999999999999856e-01
7.833333333333332149e-01
4.533333333333333104e-01
1.333333333333333315e-01
1.600000000000000033e-01
5.999999999999999778e-02
9.666666666666666741e-01
9.333333333333333759e-02
1.866666666666666752e-01
1.833333333333333481e-01
2.233333333333333004e-01
3.966666666666666674e-01
2.333333333333333440e-02
2.600000000000000089e-01
7.900000000000000355e-01
2.666666666666666838e-02
1.563333333333333242e+00
2.979999999999999982e+00
