1.303333333333333455e+00
1.900000000000000300e-01
1.169999999999999929e+00
1.266666666666666774e-01
7.666666666666666075e-02
2.799999999999999711e-01
2.056666666666666643e+00
9.566666666666666652e-01
9.333333333333333759e-02
1.566666666666666485e-01
1.333333333333333419e-02
1.396666666666666501e+00
6.633333333333334414e-01
4.000000000000000083e-02
9.733333333333332726e-01
1.333333333333333315e-01
1.333333333333333315e-01
1.139999999999999902e+00
0.000000000000000000e+00
1.343333333333333490e+00
9.000000000000000222e-01
0.000000000000000000e+00
1.333333333333333419e-02
1.533333333333333215e-01
4.999999999999999584e-02
3.333333333333333547e-03
1.266666666666666774e-01
6.666666666666666574e-02
3.133333333333332971e-01
5.533333333333333437e-01
1.766666666666666663e-01
2.733333333333333726e-01
9.333333333333332371e-01
1.166666666666666546e-01
3.333333333333333287e-02
2.999999999999999889e-02
1.366666666666666863e-01
1.466666666666666674e-01
3.333333333333333287e-02
4.999999999999999584e-02
3.733333333333333504e-01
2.066666666666666652e-01
1.300000000000000044e-01
9.066666666666667318e-01
3.499999999999999223e-01
1.236666666666666581e+00
3.866666666666666585e-01
1.100000000000000006e-01
6.433333333333334236e-01
4.666666666666666186e-01
1.073333333333333472e+00
1.066666666666666652e+00
6.333333333333333870e-02
5.333333333333333676e-02
1.100000000000000006e-01
9.999999999999999167e-02
1.666666666666666644e-02
9.666666666666666463e-02
1.166666666666666546e-01
3.333333333333333287e-02
9.000000000000001055e-02
6.666666666666667095e-03
2.999999999999999889e-02
1.000000000000000021e-02
0.000000000000000000e+00
1.999999999999999833e-01
4.666666666666666186e-01
1.326666666666666661e+00
1.166666666666666824e-01
1.036666666666666625e+00
7.000000000000000666e-02
7.666666666666666075e-02
3.333333333333333547e-03
0.000000000000000000e+00
0.000000000000000000e+00
1.000000000000000021e-02
1.333333333333333419e-02
0.000000000000000000e+00
2.133333333333333470e-01
5.566666666666666430e-01
8.766666666666665941e-01
8.166666666666667629e-01
1.146666666666666723e+00
2.600000000000000089e-01
6.666666666666666574e-02
1.300000000000000044e+00
4.766666666666667385e-01
9.000000000000001055e-02
2.333333333333333440e-02
1.246666666666666812e+00
8.333333333333332871e-02
6.666666666666667095e-03
8.199999999999999512e-01
8.233333333333332504e-01
7.000000000000000666e-01
1.266666666666666774e-01
2.066666666666666652e-01
8.333333333333332871e-02
3.099999999999999978e-01
4.966666666666667562e-01
0.000000000000000000e+00
2.666666666666666838e-02
5.666666666666667074e-02
0.000000000000000000e+00
8.000000000000000167e-02
0.000000000000000000e+00
7.000000000000000666e-02
0.000000000000000000e+00
5.666666666666667074e-02
2.000000000000000042e-02
1.499999999999999944e-01
3.133333333333332971e-01
8.000000000000000167e-02
1.566666666666666485e-01
6.633333333333332194e-01
1.533333333333333215e-01
5.999999999999999778e-02
2.126666666666666483e+00
7.366666666666666918e-01
1.766666666666666663e-01
1.300000000000000044e-01
1.300000000000000044e-01
1.633333333333333304e-01
2.733333333333333171e-01
2.000000000000000042e-02
8.666666666666666963e-02
1.199999999999999956e-01
2.666666666666666838e-02
3.866666666666667140e-01
4.000000000000000083e-02
2.366666666666666918e-01
1.000000000000000021e-02
1.566666666666666485e-01
2.733333333333333726e-01
2.600000000000000089e-01
6.699999999999999289e-01
6.666666666666666574e-02
1.686666666666666536e+00
1.933333333333333293e-01
1.133333333333333526e+00
4.266666666666666941e-01
2.333333333333333440e-02
2.000000000000000042e-02
6.666666666666667095e-03
8.766666666666665941e-01
3.333333333333333547e-03
1.666666666666666644e-02
1.286666666666666625e+00
7.666666666666667462e-02
5.666666666666666380e-02
0.000000000000000000e+00
8.366666666666665586e-01
3.566666666666666319e-01
0.000000000000000000e+00
1.073333333333333250e+00
1.106666666666666687e+00
2.000000000000000389e-01
4.666666666666666879e-02
2.066666666666666652e-01
6.500000000000000222e-01
3.666666666666667379e-02
1.000000000000000021e-02
1.000000000000000021e-02
7.333333333333333370e-02
1.036666666666666625e+00
2.000000000000000042e-02
1.900000000000000300e-01
8.333333333333332871e-02
2.866666666666666807e-01
5.666666666666665408e-01
1.899999999999999745e-01
2.666666666666666838e-02
1.203333333333333366e+00
4.000000000000000777e-01
0.000000000000000000e+00
7.666666666666666075e-01
1.170000000000000151e+00
8.333333333333332871e-02
1.333333333333333419e-02
2.666666666666666838e-02
1.433333333333333404e-01
1.366666666666666863e-01
7.333333333333333370e-02
7.666666666666667462e-02
1.266666666666666774e-01
1.333333333333333419e-02
1.203333333333333366e+00
9.000000000000001055e-02
1.400000000000000133e-01
2.399999999999999911e-01
4.666666666666666879e-02
1.366666666666666863e-01
3.099999999999999978e-01
9.000000000000001055e-02
5.333333333333333676e-02
1.333333333333333419e-02
3.533333333333333326e-01
9.133333333333334414e-01
1.466666666666666674e-01
7.666666666666667462e-02
1.849999999999999867e+00
2.700000000000000178e-01
1.266666666666666774e-01
1.199999999999999956e-01
2.933333333333333903e-01
1.433333333333333404e-01
8.033333333333333437e-01
1.333333333333333315e-01
3.333333333333333547e-03
1.333333333333333315e-01
4.333333333333333481e-02
6.666666666666667095e-03
6.666666666666667095e-03
3.333333333333333287e-02
3.133333333333333526e-01
4.466666666666667118e-01
