1.223333333333333384e+00
2.533333333333333548e-01
1.300000000000000044e-01
1.766666666666666663e-01
2.199999999999999734e-01
0.000000000000000000e+00
3.133333333333333526e-01
2.399999999999999911e-01
6.900000000000000577e-01
2.366666666666666641e-01
7.933333333333333348e-01
3.666666666666666685e-02
1.199999999999999956e-01
1.866666666666666474e-01
2.200000000000000011e-01
1.600000000000000033e-01
2.933333333333333348e-01
1.523333333333333428e+00
8.233333333333332504e-01
1.889999999999999902e+00
1.000000000000000021e-02
6.666666666666666574e-02
4.000000000000000083e-02
1.033333333333333326e-01
1.666666666666666644e-02
0.000000000000000000e+00
2.666666666666666838e-02
4.533333333333333659e-01
8.333333333333332871e-02
8.833333333333334147e-01
1.033333333333333326e-01
1.700000000000000122e-01
6.466666666666666119e-01
1.266666666666666774e-01
3.099999999999999978e-01
2.000000000000000042e-02
1.566666666666666485e-01
1.499999999999999944e-01
8.666666666666666963e-02
1.333333333333333315e-01
1.499999999999999944e-01
1.199999999999999956e-01
1.866666666666666752e-01
2.500000000000000000e-01
2.999999999999999889e-01
7.333333333333333370e-02
5.766666666666666607e-01
4.666666666666666879e-02
3.666666666666667379e-02
9.333333333333333759e-02
4.833333333333333925e-01
3.500000000000000333e-01
1.166666666666666824e-01
1.766666666666666663e-01
1.999999999999999833e-01
2.299999999999999822e-01
2.146666666666666501e+00
