1.209999999999999964e+00
1.366666666666666863e-01
1.419999999999999929e+00
1.130000000000000115e+00
4.000000000000000083e-02
3.666666666666667379e-02
3.333333333333333547e-03
6.666666666666667095e-03
1.000000000000000194e-01
4.000000000000000083e-02
4.366666666666667029e-01
4.933333333333333459e-01
3.333333333333333287e-02
0.000000000000000000e+00
1.333333333333333419e-02
2.733333333333333726e-01
0.000000000000000000e+00
0.000000000000000000e+00
0.000000000000000000e+00
7.366666666666666918e-01
0.000000000000000000e+00
1.066666666666666458e-01
1.033333333333333215e+00
4.000000000000000083e-02
2.399999999999999911e-01
1.533333333333333215e-01
1.169999999999999929e+00
0.000000000000000000e+00
2.399999999999999911e-01
0.000000000000000000e+00
2.666666666666666838e-02
1.666666666666666644e-02
1.533333333333333215e-01
1.700000000000000122e-01
2.076666666666666661e+00
1.033333333333333326e-01
4.333333333333333481e-02
7.599999999999998979e-01
9.666666666666666463e-02
2.000000000000000042e-02
3.233333333333333059e-01
2.266666666666666829e-01
6.233333333333334059e-01
4.366666666666667029e-01
1.666666666666666644e-02
1.666666666666666644e-02
4.666666666666666879e-02
5.666666666666666519e-01
0.000000000000000000e+00
0.000000000000000000e+00
2.333333333333333440e-02
3.666666666666666685e-02
7.366666666666666918e-01
2.133333333333333470e-01
2.833333333333333259e-01
1.879999999999999893e+00
7.666666666666667462e-02
7.900000000000000355e-01
1.369999999999999885e+00
4.333333333333333481e-02
6.333333333333333870e-02
2.333333333333333093e-01
1.313333333333333242e+00
9.999999999999999167e-02
1.633333333333333304e-01
1.213333333333333153e+00
1.000000000000000000e+00
0.000000000000000000e+00
1.196666666666666545e+00
1.363333333333333286e+00
2.500000000000000000e-01
5.999999999999999778e-02
1.000000000000000021e-02
3.933333333333333126e-01
3.933333333333333681e-01
3.466666666666666785e-01
2.366666666666666641e-01
1.386666666666666714e+00
7.933333333333333348e-01
5.566666666666666430e-01
7.333333333333333370e-02
1.399999999999999856e-01
1.309999999999999831e+00
9.999999999999999167e-02
8.466666666666666785e-01
4.133333333333333304e-01
1.746666666666666812e+00
8.266666666666666607e-01
2.000000000000000000e+00
1.300000000000000044e+00
3.033333333333333437e-01
6.999999999999999278e-02
0.000000000000000000e+00
8.133333333333331305e-01
8.900000000000000133e-01
1.143333333333333313e+00
7.233333333333332726e-01
3.026666666666666838e+00
8.133333333333333526e-01
2.726666666666666572e+00
8.199999999999999512e-01
2.999999999999999889e-01
3.799999999999999489e-01
5.499999999999999334e-01
1.316666666666666652e+00
1.700000000000000122e-01
5.666666666666666519e-01
1.766666666666666663e-01
4.000000000000000083e-02
4.000000000000000083e-02
0.000000000000000000e+00
3.333333333333333287e-02
1.366666666666666863e-01
9.333333333333333759e-02
0.000000000000000000e+00
1.506666666666666821e+00
1.333333333333333315e-01
1.833333333333333481e-01
2.633333333333333637e-01
3.400000000000000244e-01
2.799999999999999711e-01
3.333333333333333287e-02
4.033333333333333215e-01
1.100000000000000006e-01
8.333333333333333703e-01
1.250000000000000000e+00
1.366666666666666863e-01
1.900000000000000133e+00
1.333333333333333315e-01
2.233333333333333559e-01
2.199999999999999734e-01
3.233333333333333059e-01
2.399999999999999911e-01
1.083333333333333259e+00
4.466666666666667118e-01
2.666666666666666838e-02
5.933333333333333792e-01
3.633333333333332860e-01
1.333333333333333419e-02
8.266666666666666607e-01
1.850000000000000311e+00
6.666666666666667095e-03
6.666666666666666574e-02
9.300000000000000488e-01
4.000000000000000083e-02
1.000000000000000021e-02
1.833333333333333204e-01
4.066666666666667318e-01
1.333333333333333315e-01
1.443333333333333357e+00
8.866666666666667140e-01
0.000000000000000000e+00
0.000000000000000000e+00
0.000000000000000000e+00
0.000000000000000000e+00
2.999999999999999889e-02
5.333333333333333676e-02
1.400000000000000133e-01
6.266666666666665941e-01
1.399999999999999689e+00
1.666666666666666644e-02
9.000000000000001055e-02
6.500000000000000222e-01
0.000000000000000000e+00
0.000000000000000000e+00
1.566666666666666485e-01
0.000000000000000000e+00
0.000000000000000000e+00
2.933333333333333348e-01
8.599999999999999867e-01
3.666666666666666963e-01
1.733333333333333393e-01
1.000000000000000021e-02
1.173333333333333339e+00
0.000000000000000000e+00
2.000000000000000042e-02
0.000000000000000000e+00
0.000000000000000000e+00
3.533333333333333326e-01
3.266666666666666607e-01
1.653333333333333321e+00
2.933333333333333348e-01
4.166666666666666852e-01
4.000000000000000083e-02
7.666666666666666075e-02
2.299999999999999822e-01
1.239999999999999991e+00
6.666666666666666574e-02
2.333333333333333093e-02
9.666666666666667851e-02
5.266666666666666163e-01
6.333333333333333870e-02
0.000000000000000000e+00
8.000000000000000167e-02
9.666666666666666463e-02
4.333333333333333481e-02
6.333333333333333037e-01
9.933333333333332904e-01
4.566666666666666097e-01
1.666666666666666644e-02
5.733333333333333615e-01
2.050000000000000266e+00
8.566666666666665764e-01
2.666666666666666838e-02
3.333333333333333547e-03
1.043333333333333224e+00
5.000000000000000971e-02
6.866666666666665364e-01
6.000000000000000472e-02
7.333333333333333370e-02
1.166666666666666546e-01
1.560000000000000275e+00
1.033333333333333326e-01
1.456666666666666776e+00
0.000000000000000000e+00
2.000000000000000042e-02
7.633333333333333082e-01
6.333333333333333870e-02
3.433333333333333237e-01
1.700000000000000122e-01
1.713333333333333597e+00
1.333333333333333419e-02
1.196666666666666545e+00
0.000000000000000000e+00
0.000000000000000000e+00
1.966666666666666841e-01
5.999999999999999778e-02
3.099999999999999978e-01
1.833333333333333259e+00
4.000000000000000083e-02
1.233333333333333365e-01
1.300000000000000044e-01
2.833333333333333259e-01
1.000000000000000021e-02
6.299999999999998934e-01
1.000000000000000021e-02
0.000000000000000000e+00
0.000000000000000000e+00
8.666666666666666963e-02
1.133333333333333415e-01
2.566666666666666541e-01
1.466666666666666952e-01
1.900000000000000300e-01
5.466666666666666341e-01
1.333333333333333419e-02
8.666666666666666963e-02
0.000000000000000000e+00
6.300000000000000044e-01
1.333333333333333419e-02
0.000000000000000000e+00
1.100000000000000006e-01
6.000000000000000472e-02
1.000000000000000021e-02
3.000000000000000236e-02
0.000000000000000000e+00
4.000000000000000083e-02
6.999999999999999278e-02
5.666666666666667074e-02
4.266666666666666941e-01
4.633333333333333193e-01
4.000000000000000083e-02
1.333333333333333419e-02
0.000000000000000000e+00
1.433333333333333404e-01
2.199999999999999734e-01
3.099999999999999978e-01
1.996666666666666812e+00
1.050000000000000044e+00
3.666666666666666685e-02
7.900000000000000355e-01
2.333333333333333440e-02
2.199999999999999734e-01
1.533333333333333215e-01
1.006666666666666821e+00
5.666666666666667074e-02
0.000000000000000000e+00
4.999999999999999584e-02
1.666666666666666644e-02
3.333333333333333547e-03
0.000000000000000000e+00
4.333333333333333481e-01
6.666666666666667095e-03
0.000000000000000000e+00
5.033333333333332993e-01
8.333333333333332871e-02
4.033333333333333215e-01
1.000000000000000021e-02
1.246666666666666812e+00
2.333333333333333440e-02
1.999999999999999833e-01
1.729999999999999760e+00
1.270000000000000240e+00
4.299999999999999933e-01
4.666666666666666186e-01
4.266666666666666941e-01
5.333333333333333676e-02
2.600000000000000089e-01
1.700000000000000122e-01
2.099999999999999922e-01
7.466666666666665897e-01
1.333333333333333419e-02
5.333333333333333676e-02
4.933333333333333459e-01
1.150000000000000133e+00
4.000000000000000083e-02
0.000000000000000000e+00
1.436666666666666758e+00
5.000000000000000971e-02
0.000000000000000000e+00
0.000000000000000000e+00
5.333333333333333676e-02
8.000000000000000167e-02
1.333333333333333419e-02
2.333333333333333440e-02
2.099999999999999922e-01
1.099999999999999867e+00
2.000000000000000000e+00
1.499999999999999944e-01
2.846666666666667123e+00
3.933333333333333126e-01
7.233333333333332726e-01
6.666666666666667095e-03
4.333333333333333481e-02
9.000000000000001055e-02
5.333333333333333676e-02
5.666666666666666380e-02
8.666666666666666963e-02
3.099999999999999978e-01
2.266666666666666552e-01
8.033333333333333437e-01
8.666666666666666963e-02
6.400000000000000133e-01
1.356666666666666687e+00
1.733333333333333393e-01
6.666666666666667095e-03
0.000000000000000000e+00
0.000000000000000000e+00
9.333333333333332371e-02
2.666666666666666838e-02
4.333333333333333481e-02
2.700000000000000178e-01
2.333333333333333440e-02
7.000000000000000666e-02
6.366666666666666030e-01
2.000000000000000042e-02
1.666666666666666644e-02
2.000000000000000042e-02
1.330000000000000071e+00
5.400000000000000355e-01
1.000000000000000021e-02
3.766666666666667052e-01
4.733333333333333282e-01
1.000000000000000021e-02
4.099999999999999756e-01
3.300000000000000155e-01
9.000000000000001055e-02
4.766666666666666274e-01
6.333333333333333870e-02
5.833333333333333703e-01
1.166666666666666546e-01
7.966666666666667451e-01
4.099999999999999756e-01
1.666666666666666644e-02
9.999999999999999167e-02
3.666666666666666963e-01
1.399999999999999856e-01
9.000000000000001055e-02
7.666666666666666075e-02
1.233333333333333365e-01
1.900000000000000300e-01
1.600000000000000033e-01
3.333333333333333148e-01
6.333333333333333870e-02
1.966666666666666563e-01
2.666666666666666838e-02
2.666666666666666630e-01
7.333333333333334758e-02
2.000000000000000042e-02
5.666666666666666380e-02
2.999999999999999889e-02
6.699999999999999289e-01
9.666666666666666463e-02
4.466666666666667118e-01
1.666666666666666644e-02
4.233333333333333393e-01
3.333333333333333287e-02
2.999999999999999889e-02
2.000000000000000042e-02
2.000000000000000042e-02
2.333333333333333440e-02
2.000000000000000042e-02
0.000000000000000000e+00
5.666666666666666380e-02
2.560000000000000053e+00
8.000000000000000167e-02
1.310000000000000053e+00
1.499999999999999944e-01
1.933333333333333293e-01
4.666666666666666879e-02
9.933333333333332904e-01
1.033333333333333326e-01
6.600000000000000311e-01
4.766666666666667385e-01
2.700000000000000178e-01
3.333333333333333287e-02
2.500000000000000000e-01
1.266666666666666774e-01
9.333333333333333759e-02
3.266666666666666607e-01
2.173333333333333339e+00
5.666666666666667629e-01
3.666666666666666685e-02
1.833333333333333481e-01
6.333333333333333870e-02
1.000000000000000000e+00
5.799999999999999600e-01
1.000000000000000021e-02
1.700000000000000122e-01
4.033333333333333215e-01
3.600000000000000422e-01
1.806666666666666643e+00
5.899999999999999689e-01
2.733333333333333726e-01
2.466666666666666730e-01
1.000000000000000021e-02
0.000000000000000000e+00
5.666666666666667074e-02
4.499999999999999556e-01
1.399999999999999856e-01
1.266666666666666774e-01
4.666666666666666186e-01
8.233333333333333615e-01
5.533333333333333437e-01
9.333333333333332371e-02
3.666666666666666685e-02
1.833333333333333481e-01
6.400000000000000133e-01
2.333333333333333440e-02
1.533333333333333215e-01
8.800000000000000044e-01
7.366666666666666918e-01
2.099999999999999922e-01
2.243333333333333623e+00
