6.533333333333333215e-01
1.666666666666666574e-01
1.666666666666666574e-01
5.766666666666666607e-01
3.233333333333333615e-01
1.600000000000000033e-01
7.399999999999998801e-01
4.633333333333333748e-01
1.533333333333333215e+00
1.000000000000000194e-01
8.700000000000001066e-01
8.666666666666666963e-02
6.566666666666666208e-01
2.466666666666666730e-01
2.700000000000000178e-01
1.700000000000000122e-01
1.066666666666666735e-01
1.966666666666666841e-01
1.300000000000000044e-01
3.033333333333332882e-01
1.700000000000000122e-01
1.590000000000000080e+00
3.966666666666666674e-01
8.333333333333332871e-02
1.466666666666666674e-01
1.343333333333333490e+00
