2.600000000000000089e-01
6.533333333333333215e-01
8.000000000000000167e-02
0.000000000000000000e+00
0.000000000000000000e+00
7.333333333333334758e-02
1.499999999999999944e-01
1.366666666666666863e-01
4.000000000000000083e-02
0.000000000000000000e+00
2.666666666666666838e-02
3.300000000000000155e-01
2.183333333333333126e+00
1.510000000000000009e+00
1.866666666666666752e-01
9.500000000000000666e-01
4.666666666666666879e-02
2.333333333333333093e-01
7.700000000000000178e-01
9.333333333333332371e-01
4.199999999999999845e-01
3.333333333333333547e-03
5.266666666666667274e-01
2.333333333333333093e-01
4.000000000000000083e-02
0.000000000000000000e+00
8.666666666666666963e-01
1.666666666666666574e-01
0.000000000000000000e+00
1.766666666666666663e-01
1.003333333333333188e+00
1.026666666666666616e+00
1.133333333333333415e-01
5.333333333333333676e-02
2.700000000000000178e-01
2.299999999999999822e-01
0.000000000000000000e+00
1.466666666666666952e-01
4.000000000000000083e-02
6.666666666666666574e-02
5.999999999999999778e-02
4.333333333333333481e-02
1.033333333333333326e-01
1.333333333333333315e-01
2.333333333333333440e-02
0.000000000000000000e+00
1.400000000000000133e-01
4.666666666666666879e-02
0.000000000000000000e+00
1.566666666666666763e-01
2.399999999999999911e-01
1.050000000000000044e+00
1.199999999999999956e-01
1.133333333333333276e-01
3.666666666666667379e-02
2.166666666666666463e-01
0.000000000000000000e+00
0.000000000000000000e+00
8.866666666666667140e-01
0.000000000000000000e+00
0.000000000000000000e+00
3.466666666666666785e-01
1.313333333333333464e+00
1.800000000000000211e-01
2.333333333333333440e-02
6.300000000000000044e-01
7.399999999999998801e-01
0.000000000000000000e+00
1.000000000000000021e-02
0.000000000000000000e+00
6.666666666666667095e-03
3.333333333333333287e-02
4.999999999999999584e-02
2.933333333333333348e-01
6.933333333333333570e-01
6.800000000000000488e-01
1.966666666666666563e-01
1.133333333333333526e+00
1.199999999999999956e-01
6.666666666666667095e-03
1.399999999999999856e-01
9.166666666666666297e-01
0.000000000000000000e+00
3.333333333333333547e-03
9.900000000000001021e-01
6.666666666666666574e-02
0.000000000000000000e+00
9.033333333333333215e-01
9.833333333333332815e-01
2.299999999999999822e-01
9.066666666666667318e-01
8.666666666666666963e-02
1.533333333333333492e-01
0.000000000000000000e+00
2.000000000000000042e-02
1.666666666666666644e-02
2.999999999999999889e-02
5.333333333333333676e-02
3.333333333333333287e-02
2.033333333333333381e-01
5.633333333333333526e-01
2.866666666666666807e-01
1.266666666666666774e-01
4.766666666666667385e-01
1.590000000000000080e+00
1.033333333333333326e-01
1.166666666666666546e-01
8.566666666666665764e-01
4.199999999999999845e-01
2.099999999999999922e-01
1.000000000000000021e-02
1.666666666666666644e-02
8.433333333333333792e-01
2.366666666666666641e-01
5.666666666666667074e-02
4.966666666666666452e-01
1.866666666666666752e-01
9.666666666666666463e-02
8.000000000000000167e-02
1.803333333333333455e+00
1.899999999999999745e-01
1.000000000000000021e-02
2.333333333333333093e-01
1.533333333333333215e-01
1.800000000000000211e-01
1.633333333333333304e-01
1.333333333333333315e-01
1.000000000000000021e-02
1.333333333333333315e-01
1.366666666666666863e-01
2.399999999999999911e-01
4.999999999999999584e-02
4.499999999999999556e-01
7.333333333333333370e-02
1.166666666666666824e-01
9.999999999999999167e-02
1.000000000000000000e+00
1.159999999999999920e+00
3.333333333333333148e-01
9.833333333333333925e-01
6.199999999999999956e-01
1.380000000000000115e+00
1.033333333333333326e-01
7.666666666666667462e-02
6.833333333333332371e-01
3.666666666666666963e-01
6.666666666666667095e-03
1.433333333333333404e-01
2.033333333333333381e-01
2.366666666666666641e-01
1.166666666666666546e-01
0.000000000000000000e+00
3.666666666666666685e-02
6.000000000000000888e-01
3.166666666666666519e-01
3.900000000000000688e-01
6.999999999999998446e-01
1.073333333333333250e+00
1.366666666666666863e-01
3.666666666666667379e-02
4.333333333333333481e-02
3.200000000000000067e-01
6.666666666666667095e-03
1.666666666666666644e-02
8.666666666666666963e-01
3.900000000000000688e-01
1.166666666666666546e-01
1.106666666666666687e+00
6.199999999999999956e-01
4.000000000000000083e-02
1.733333333333333393e-01
3.166666666666666519e-01
9.000000000000001055e-02
1.800000000000000211e-01
2.000000000000000042e-02
8.666666666666666963e-02
6.333333333333333870e-02
2.233333333333333559e-01
1.899999999999999745e-01
5.300000000000000266e-01
2.899999999999999800e-01
1.133333333333333415e-01
3.666666666666666685e-02
6.666666666666667095e-03
1.233333333333333365e-01
4.000000000000000083e-02
4.000000000000000083e-02
1.800000000000000211e-01
2.000000000000000042e-02
2.333333333333333093e-02
1.000000000000000021e-02
1.333333333333333315e-01
0.000000000000000000e+00
0.000000000000000000e+00
1.666666666666666644e-02
5.666666666666666380e-02
6.099999999999999867e-01
9.000000000000001055e-02
6.666666666666667095e-03
4.000000000000000083e-02
9.333333333333333759e-02
1.266666666666666774e-01
2.333333333333333440e-02
5.966666666666666785e-01
4.999999999999999584e-02
1.333333333333333419e-02
6.333333333333333870e-02
6.333333333333333870e-02
0.000000000000000000e+00
4.299999999999999933e-01
5.800000000000000711e-01
5.000000000000000971e-02
0.000000000000000000e+00
1.100000000000000006e-01
3.333333333333333148e-01
8.033333333333333437e-01
7.600000000000001199e-01
2.366666666666666641e-01
5.466666666666667451e-01
5.000000000000000000e-01
0.000000000000000000e+00
1.633333333333333304e-01
4.733333333333333282e-01
3.333333333333333547e-03
1.566666666666666763e-01
3.600000000000000422e-01
8.666666666666666963e-02
3.033333333333332882e-01
1.766666666666666663e-01
7.500000000000000000e-01
2.666666666666666838e-02
1.033333333333333326e-01
7.500000000000000000e-01
1.000000000000000021e-02
1.000000000000000021e-02
1.853333333333333499e+00
1.399999999999999856e-01
4.366666666666667029e-01
1.100000000000000006e-01
2.633333333333333637e-01
9.666666666666666463e-02
4.333333333333333481e-02
6.666666666666667095e-03
8.000000000000000167e-02
1.999999999999999833e-01
9.333333333333333759e-02
0.000000000000000000e+00
5.666666666666667074e-02
1.606666666666666687e+00
5.033333333333332993e-01
1.333333333333333419e-02
2.333333333333333648e-01
9.333333333333332371e-02
9.666666666666666463e-02
5.966666666666666785e-01
1.033333333333333326e-01
2.366666666666666641e-01
1.006666666666666599e+00
1.333333333333333419e-02
7.000000000000000666e-02
7.666666666666667462e-02
1.800000000000000211e-01
2.399999999999999911e-01
2.533333333333333548e-01
2.833333333333333259e-01
6.466666666666666119e-01
2.193333333333333357e+00
1.476666666666666572e+00
2.149999999999999911e+00
1.073333333333333472e+00
1.120000000000000107e+00
1.476666666666666572e+00
5.066666666666667096e-01
6.666666666666667095e-03
2.500000000000000000e-01
1.140000000000000124e+00
1.346666666666666679e+00
0.000000000000000000e+00
4.799999999999999822e-01
5.999999999999999778e-02
6.999999999999999278e-02
4.133333333333333304e-01
7.333333333333333370e-02
6.300000000000000044e-01
0.000000000000000000e+00
1.700000000000000122e-01
7.799999999999999156e-01
1.499999999999999944e-01
1.056666666666666643e+00
1.766666666666666663e-01
2.099999999999999922e-01
2.116666666666666696e+00
2.103333333333333055e+00
