7.866666666666666252e-01
4.466666666666667118e-01
3.300000000000000155e-01
1.933333333333333570e-01
1.366666666666666863e-01
1.766666666666666663e-01
1.300000000000000044e-01
3.333333333333333547e-03
7.666666666666666075e-02
0.000000000000000000e+00
1.469999999999999973e+00
7.333333333333333370e-02
4.666666666666666879e-02
3.666666666666665991e-02
5.633333333333333526e-01
3.333333333333333547e-03
2.500000000000000000e-01
1.066666666666666735e-01
8.000000000000000167e-02
0.000000000000000000e+00
5.666666666666667074e-02
0.000000000000000000e+00
1.300000000000000044e-01
9.333333333333333759e-02
1.573333333333333472e+00
1.150000000000000133e+00
1.666666666666666574e-01
1.036666666666666847e+00
0.000000000000000000e+00
1.000000000000000021e-02
5.366666666666667362e-01
0.000000000000000000e+00
1.000000000000000021e-02
6.666666666666666574e-02
4.333333333333333481e-02
6.033333333333333881e-01
8.666666666666666963e-02
1.226666666666666794e+00
5.333333333333334370e-02
2.766666666666666718e-01
1.333333333333333315e-01
3.333333333333333287e-02
6.333333333333333870e-02
0.000000000000000000e+00
1.000000000000000021e-02
3.333333333333333547e-03
3.600000000000000422e-01
2.333333333333333093e-02
8.199999999999999512e-01
4.833333333333333925e-01
1.623333333333333295e+00
7.666666666666667462e-02
8.066666666666666430e-01
2.299999999999999822e-01
4.666666666666666879e-02
2.033333333333333381e-01
4.133333333333333304e-01
2.300000000000000100e-01
1.000000000000000194e-01
1.666666666666666644e-02
1.333333333333333419e-02
1.099999999999999867e-01
1.733333333333333393e-01
3.333333333333333547e-03
1.023333333333333428e+00
3.333333333333333547e-03
1.966666666666666563e-01
4.333333333333333481e-02
1.290000000000000036e+00
2.299999999999999822e-01
7.333333333333333370e-02
1.733333333333333393e-01
1.399999999999999856e-01
4.666666666666666879e-02
5.333333333333333676e-02
5.999999999999999778e-02
2.999999999999999889e-02
5.666666666666667074e-02
1.133333333333333276e-01
1.133333333333333415e-01
4.333333333333333481e-02
1.066666666666666458e-01
2.266666666666666552e-01
4.666666666666666879e-02
2.166666666666666741e-01
7.033333333333332549e-01
2.000000000000000042e-02
7.333333333333334758e-02
2.699999999999999623e-01
0.000000000000000000e+00
0.000000000000000000e+00
0.000000000000000000e+00
4.333333333333333481e-02
1.666666666666666644e-02
3.866666666666666585e-01
1.566666666666666763e-01
2.366666666666666641e-01
6.199999999999999956e-01
3.500000000000000333e-01
2.666666666666666838e-02
2.000000000000000389e-01
2.399999999999999911e-01
3.466666666666666785e-01
4.133333333333333304e-01
9.533333333333332549e-01
1.506666666666666599e+00
5.499999999999999334e-01
1.650000000000000133e+00
7.700000000000000178e-01
1.736666666666666581e+00
4.133333333333333859e-01
3.333333333333333547e-03
4.099999999999999756e-01
1.133333333333333276e-01
1.133333333333333276e-01
2.666666666666666630e-01
2.900000000000000355e-01
5.666666666666667074e-02
0.000000000000000000e+00
1.139999999999999902e+00
2.200000000000000011e-01
1.733333333333333393e-01
5.333333333333333676e-02
2.666666666666666838e-02
8.333333333333333703e-01
1.333333333333333315e-01
1.600000000000000033e-01
6.000000000000000472e-02
4.133333333333333304e-01
8.000000000000000167e-02
7.966666666666667451e-01
7.200000000000000844e-01
4.333333333333333481e-02
1.333333333333333315e-01
1.466666666666666785e+00
1.400000000000000133e-01
8.333333333333332871e-02
1.366666666666666585e-01
6.333333333333333870e-02
1.000000000000000021e-02
6.666666666666667095e-03
6.666666666666667095e-03
1.666666666666666574e-01
2.366666666666666641e-01
2.700000000000000178e-01
1.700000000000000122e-01
3.666666666666666963e-01
2.900000000000000355e-01
1.666666666666666644e-02
1.000000000000000021e-02
2.266666666666666552e-01
1.000000000000000021e-02
3.166666666666666519e-01
8.333333333333332871e-02
3.333333333333333547e-03
9.766666666666665719e-01
2.766666666666666718e-01
3.266666666666666607e-01
1.633333333333333304e-01
7.333333333333333370e-02
9.599999999999999645e-01
3.366666666666666696e-01
5.100000000000000089e-01
2.333333333333333440e-02
3.033333333333333437e-01
4.000000000000000083e-02
6.033333333333332771e-01
1.666666666666666644e-02
1.000000000000000021e-02
6.666666666666666574e-02
3.533333333333333326e-01
1.266666666666666774e-01
1.356666666666666687e+00
4.266666666666666941e-01
3.033333333333332882e-01
7.466666666666667007e-01
1.433333333333333404e-01
3.300000000000000155e-01
2.966666666666666341e-01
5.800000000000000711e-01
1.666666666666666644e-02
1.000000000000000194e-01
1.499999999999999944e-01
9.033333333333333215e-01
1.499999999999999944e-01
1.000000000000000021e-02
1.166666666666666546e-01
2.033333333333333381e-01
2.000000000000000389e-01
1.399999999999999856e-01
3.066666666666666985e-01
1.499999999999999944e-01
2.566666666666666541e-01
9.999999999999999167e-02
1.600000000000000033e-01
1.800000000000000211e-01
3.833333333333333037e-01
1.706666666666666332e+00
1.166666666666666741e+00
5.566666666666666430e-01
7.799999999999999156e-01
5.933333333333332682e-01
2.600000000000000089e-01
1.866666666666666752e-01
1.800000000000000211e-01
5.000000000000000971e-02
1.800000000000000211e-01
0.000000000000000000e+00
5.666666666666667074e-02
1.066666666666666735e-01
4.199999999999999845e-01
5.000000000000000971e-02
1.733333333333333393e-01
1.763333333333333419e+00
4.666666666666666879e-02
4.033333333333333215e-01
1.666666666666666574e-01
1.973333333333333384e+00
1.373333333333333295e+00
9.333333333333332371e-01
9.000000000000001055e-02
1.096666666666666679e+00
1.766666666666666663e-01
4.299999999999999933e-01
2.350000000000000089e+00
1.399999999999999856e-01
4.666666666666666879e-02
3.400000000000000244e-01
3.233333333333333059e-01
3.200000000000000067e-01
2.999999999999999889e-01
1.843333333333333046e+00
3.266666666666666607e-01
4.199999999999999289e-01
6.833333333333332371e-01
3.833333333333333037e-01
6.066666666666666874e-01
2.199999999999999734e-01
3.666666666666667379e-02
1.800000000000000211e-01
0.000000000000000000e+00
7.599999999999998979e-01
0.000000000000000000e+00
1.766666666666666663e-01
2.029999999999999805e+00
8.333333333333332871e-02
4.066666666666666763e-01
2.400000000000000189e-01
1.066666666666666735e-01
3.333333333333333287e-02
2.099999999999999922e-01
2.999999999999999889e-02
8.000000000000000167e-02
5.299999999999999156e-01
0.000000000000000000e+00
1.999999999999999833e-01
1.999999999999999833e-01
2.326666666666666661e+00
2.366666666666666641e-01
7.900000000000000355e-01
6.300000000000000044e-01
9.000000000000001055e-02
0.000000000000000000e+00
3.666666666666666685e-02
1.333333333333333419e-02
2.000000000000000042e-02
1.000000000000000021e-02
2.466666666666666730e-01
4.099999999999999756e-01
8.166666666666667629e-01
1.533333333333333215e-01
3.599999999999999312e-01
3.599999999999999312e-01
3.766666666666667052e-01
4.966666666666665897e-01
1.139999999999999902e+00
5.000000000000000971e-02
2.099999999999999922e-01
0.000000000000000000e+00
3.333333333333333547e-03
0.000000000000000000e+00
4.799999999999999822e-01
1.333333333333333315e-01
2.266666666666666552e-01
1.383333333333333526e+00
1.113333333333333286e+00
5.133333333333333082e-01
2.566666666666666541e-01
6.466666666666666119e-01
2.800000000000000266e-01
5.666666666666667074e-02
7.700000000000000178e-01
2.399999999999999911e-01
3.166666666666666519e-01
0.000000000000000000e+00
1.033333333333333326e-01
4.666666666666666879e-02
1.666666666666666644e-02
5.333333333333333676e-02
1.666666666666666644e-02
1.800000000000000211e-01
1.933333333333333293e-01
2.766666666666666718e-01
3.366666666666666696e-01
1.033333333333333326e-01
1.260000000000000009e+00
5.566666666666666430e-01
2.933333333333333903e-01
2.600000000000000089e-01
9.333333333333332371e-02
9.000000000000001055e-02
6.000000000000000472e-02
3.133333333333332971e-01
9.333333333333333759e-02
1.090000000000000080e+00
6.666666666666667095e-03
3.433333333333332682e-01
1.133333333333333276e-01
3.133333333333332971e-01
6.333333333333333037e-01
2.666666666666666630e-01
2.166666666666666741e-01
1.633333333333333304e-01
1.086666666666666670e+00
3.333333333333333287e-02
3.333333333333333287e-02
2.000000000000000042e-02
0.000000000000000000e+00
2.433333333333333182e-01
3.333333333333333547e-03
9.666666666666666463e-02
5.499999999999999334e-01
9.700000000000000844e-01
2.266666666666666552e-01
1.666666666666666574e-01
5.399999999999999245e-01
7.099999999999999645e-01
8.333333333333332871e-02
2.333333333333333093e-01
1.546666666666666856e+00
8.333333333333332871e-02
7.866666666666666252e-01
2.356666666666666465e+00
1.700000000000000122e-01
1.103333333333333277e+00
1.800000000000000211e-01
8.333333333333332871e-02
1.316666666666666652e+00
3.666666666666666685e-02
5.566666666666666430e-01
1.050000000000000044e+00
5.799999999999999600e-01
8.499999999999999778e-01
1.300000000000000044e-01
1.376666666666666705e+00
1.446666666666666545e+00
2.799999999999999711e-01
8.599999999999999867e-01
1.463333333333333597e+00
1.426666666666666750e+00
3.966666666666666674e-01
7.400000000000001021e-01
4.466666666666666008e-01
9.266666666666667496e-01
2.533333333333333548e-01
3.210000000000000409e+00
