6.166666666666666963e-01
1.100000000000000006e-01
7.133333333333333748e-01
6.666666666666666574e-02
2.833333333333333259e-01
1.399999999999999856e-01
2.800000000000000266e-01
1.380000000000000115e+00
1.206666666666666776e+00
1.700000000000000122e-01
3.333333333333333148e-01
5.333333333333333259e-01
4.000000000000000777e-01
3.466666666666666785e-01
3.366666666666666141e-01
1.433333333333333404e-01
1.376666666666666705e+00
1.833333333333333481e-01
2.500000000000000000e-01
1.999999999999999833e-01
1.086666666666666670e+00
6.333333333333333870e-02
2.140000000000000124e+00
4.199999999999999845e-01
1.176666666666666750e+00
2.800000000000000266e-01
5.999999999999999778e-02
0.000000000000000000e+00
3.333333333333333287e-02
1.166666666666666546e-01
9.999999999999999167e-02
2.666666666666666838e-02
1.266666666666666774e-01
2.566666666666666541e-01
2.199999999999999734e-01
2.366666666666666641e-01
1.500000000000000000e+00
3.066666666666666985e-01
1.486666666666666581e+00
3.733333333333333504e-01
9.666666666666667851e-02
1.966666666666666841e-01
3.366666666666666696e-01
3.699999999999999400e-01
1.399999999999999856e-01
1.533333333333333215e-01
1.433333333333333404e-01
1.900000000000000300e-01
3.200000000000000067e-01
8.699999999999999956e-01
2.500000000000000000e-01
1.566666666666666763e-01
5.666666666666667074e-02
1.666666666666666574e-01
1.066666666666666735e-01
8.000000000000000167e-02
4.299999999999999933e-01
3.600000000000000422e-01
4.333333333333333481e-01
1.023333333333333206e+00
3.899999999999999578e-01
1.106666666666666687e+00
3.033333333333332882e-01
3.766666666666667052e-01
4.666666666666666879e-02
5.999999999999999778e-02
1.533333333333333215e-01
4.466666666666666008e-01
3.333333333333333287e-02
1.100000000000000006e-01
2.866666666666666807e-01
4.333333333333333481e-02
0.000000000000000000e+00
6.866666666666666474e-01
1.326666666666666883e+00
5.466666666666667451e-01
2.933333333333333903e-01
2.766666666666666718e-01
9.300000000000000488e-01
3.433333333333333237e-01
7.033333333333332549e-01
1.636666666666666714e+00
