8.366666666666665586e-01
1.393333333333333313e+00
5.666666666666666380e-02
9.000000000000001055e-02
0.000000000000000000e+00
6.333333333333334147e-01
1.333333333333333419e-02
4.000000000000000083e-02
6.666666666666667095e-03
1.400000000000000133e-01
2.000000000000000042e-02
1.000000000000000021e-02
2.766666666666666718e-01
1.800000000000000211e-01
0.000000000000000000e+00
0.000000000000000000e+00
4.833333333333333370e-01
1.333333333333333419e-02
0.000000000000000000e+00
9.799999999999999822e-01
1.333333333333333315e-01
0.000000000000000000e+00
9.333333333333332371e-02
1.769999999999999796e+00
1.266666666666666774e-01
6.999999999999999278e-02
3.633333333333332860e-01
1.456666666666666776e+00
1.423333333333333561e+00
1.266666666666666774e-01
8.666666666666666963e-02
1.533333333333333437e+00
5.433333333333333348e-01
0.000000000000000000e+00
2.000000000000000042e-02
1.096666666666666679e+00
3.166666666666667074e-01
3.333333333333333547e-03
9.366666666666666474e-01
1.626666666666666705e+00
1.666666666666666644e-02
1.333333333333333419e-02
1.199999999999999956e+00
6.899999999999999467e-01
3.333333333333333547e-03
4.699999999999999734e-01
1.173333333333333339e+00
3.666666666666667379e-02
0.000000000000000000e+00
6.133333333333332860e-01
2.066666666666666652e-01
1.000000000000000021e-02
6.666666666666666574e-02
6.500000000000000222e-01
1.226666666666666794e+00
2.433333333333333182e-01
5.366666666666667362e-01
9.000000000000001055e-02
1.169999999999999929e+00
1.166666666666666824e-01
0.000000000000000000e+00
0.000000000000000000e+00
1.236666666666666581e+00
0.000000000000000000e+00
0.000000000000000000e+00
2.999999999999999889e-02
1.600000000000000033e-01
3.333333333333333547e-03
0.000000000000000000e+00
4.299999999999999933e-01
2.633333333333333637e-01
0.000000000000000000e+00
1.333333333333333419e-02
2.866666666666666807e-01
3.000000000000000236e-02
0.000000000000000000e+00
8.466666666666666785e-01
1.966666666666666841e-01
6.666666666666667095e-03
4.333333333333333481e-02
6.933333333333333570e-01
1.166666666666666824e-01
1.166666666666666824e-01
6.999999999999998446e-01
1.200000000000000178e+00
1.406666666666666510e+00
3.900000000000000688e-01
8.000000000000000167e-02
1.296666666666666634e+00
3.166666666666666519e-01
0.000000000000000000e+00
3.333333333333333547e-03
1.340000000000000080e+00
4.333333333333333481e-02
0.000000000000000000e+00
2.566666666666666541e-01
1.633333333333333304e-01
0.000000000000000000e+00
1.666666666666666644e-02
1.436666666666666758e+00
4.000000000000000083e-02
0.000000000000000000e+00
5.766666666666666607e-01
8.100000000000000533e-01
0.000000000000000000e+00
0.000000000000000000e+00
5.933333333333332682e-01
1.499999999999999944e-01
0.000000000000000000e+00
1.066666666666666735e-01
5.033333333333334103e-01
9.399999999999999467e-01
1.700000000000000122e-01
3.233333333333333059e-01
1.933333333333333570e-01
1.033333333333333437e+00
4.333333333333333481e-02
0.000000000000000000e+00
0.000000000000000000e+00
7.200000000000000844e-01
0.000000000000000000e+00
0.000000000000000000e+00
4.333333333333333481e-02
7.666666666666667462e-02
0.000000000000000000e+00
7.666666666666666075e-02
2.233333333333333004e-01
1.866666666666666474e-01
0.000000000000000000e+00
2.333333333333333440e-02
5.033333333333332993e-01
0.000000000000000000e+00
0.000000000000000000e+00
6.366666666666667140e-01
1.333333333333333419e-02
0.000000000000000000e+00
1.000000000000000021e-02
1.000000000000000000e+00
7.000000000000000666e-02
2.000000000000000042e-02
3.799999999999999489e-01
1.333333333333333259e+00
1.566666666666666652e+00
3.333333333333333287e-02
1.000000000000000021e-02
1.403333333333333321e+00
9.333333333333332371e-01
0.000000000000000000e+00
4.333333333333333481e-02
1.590000000000000080e+00
1.266666666666666774e-01
1.666666666666666644e-02
3.066666666666666985e-01
7.233333333333332726e-01
6.333333333333333870e-02
1.333333333333333315e-01
1.236666666666666581e+00
1.433333333333333404e-01
3.333333333333333547e-03
8.666666666666665853e-01
1.046666666666666634e+00
0.000000000000000000e+00
1.000000000000000021e-02
4.799999999999999822e-01
5.666666666666667074e-02
0.000000000000000000e+00
7.000000000000000666e-02
5.200000000000000178e-01
7.233333333333332726e-01
1.166666666666666546e-01
2.500000000000000000e-01
4.666666666666666879e-02
1.213333333333333375e+00
6.333333333333333870e-02
0.000000000000000000e+00
1.333333333333333419e-02
7.700000000000000178e-01
0.000000000000000000e+00
1.333333333333333419e-02
1.133333333333333276e-01
1.633333333333333581e-01
0.000000000000000000e+00
3.666666666666667379e-02
4.766666666666667385e-01
1.499999999999999944e-01
3.333333333333333547e-03
3.333333333333333287e-02
3.866666666666667140e-01
1.000000000000000021e-02
0.000000000000000000e+00
8.100000000000000533e-01
1.233333333333333365e-01
0.000000000000000000e+00
4.333333333333333481e-02
8.766666666666665941e-01
1.333333333333333419e-02
3.666666666666666685e-02
5.333333333333333259e-01
1.906666666666666510e+00
2.156666666666666732e+00
7.333333333333333370e-02
4.666666666666666879e-02
1.893333333333333313e+00
6.466666666666666119e-01
0.000000000000000000e+00
3.333333333333333547e-03
5.766666666666666607e-01
8.000000000000000167e-02
0.000000000000000000e+00
5.133333333333333082e-01
3.966666666666666674e-01
0.000000000000000000e+00
1.333333333333333419e-02
1.143333333333333535e+00
1.533333333333333215e-01
1.333333333333333419e-02
5.999999999999999778e-01
1.263333333333333419e+00
0.000000000000000000e+00
6.666666666666667095e-03
4.433333333333333570e-01
1.500000000000000222e-01
0.000000000000000000e+00
1.633333333333333304e-01
6.166666666666666963e-01
1.250000000000000000e+00
1.233333333333333365e-01
3.733333333333333504e-01
1.633333333333333304e-01
1.096666666666666679e+00
3.333333333333333287e-02
0.000000000000000000e+00
0.000000000000000000e+00
9.000000000000000222e-01
1.333333333333333419e-02
0.000000000000000000e+00
2.000000000000000042e-02
6.666666666666666574e-02
0.000000000000000000e+00
0.000000000000000000e+00
2.466666666666666730e-01
1.600000000000000033e-01
1.333333333333333419e-02
2.000000000000000042e-02
6.133333333333332860e-01
1.000000000000000021e-02
0.000000000000000000e+00
6.733333333333332282e-01
3.333333333333333287e-02
0.000000000000000000e+00
6.666666666666667095e-03
3.666666666666666963e-01
1.000000000000000021e-02
4.000000000000000083e-02
2.900000000000000355e-01
1.410000000000000142e+00
5.899999999999999689e-01
2.333333333333333440e-02
1.000000000000000021e-02
1.886666666666666714e+00
6.266666666666665941e-01
0.000000000000000000e+00
7.333333333333334758e-02
1.303333333333333455e+00
1.900000000000000300e-01
3.333333333333333547e-03
5.133333333333333082e-01
4.299999999999999933e-01
0.000000000000000000e+00
6.666666666666667095e-03
3.966666666666666674e-01
5.666666666666666380e-02
0.000000000000000000e+00
5.866666666666665586e-01
6.166666666666665853e-01
1.333333333333333419e-02
6.666666666666667095e-03
9.666666666666667851e-01
1.100000000000000006e-01
6.666666666666667095e-03
8.000000000000000167e-02
6.333333333333333037e-01
1.090000000000000080e+00
1.499999999999999944e-01
2.299999999999999822e-01
5.333333333333333676e-02
1.126666666666666705e+00
1.066666666666666735e-01
0.000000000000000000e+00
0.000000000000000000e+00
5.799999999999999600e-01
3.333333333333333547e-03
6.666666666666667095e-03
1.666666666666666644e-02
4.333333333333333481e-02
0.000000000000000000e+00
0.000000000000000000e+00
3.066666666666666430e-01
1.633333333333333304e-01
0.000000000000000000e+00
6.666666666666667095e-03
8.266666666666666607e-01
1.666666666666666644e-02
0.000000000000000000e+00
9.866666666666666918e-01
5.333333333333333676e-02
0.000000000000000000e+00
6.666666666666666574e-02
8.933333333333334236e-01
0.000000000000000000e+00
5.333333333333333676e-02
1.266666666666666774e-01
1.209999999999999964e+00
1.473333333333333384e+00
5.333333333333334370e-02
6.000000000000000472e-02
1.543333333333333224e+00
8.466666666666666785e-01
0.000000000000000000e+00
0.000000000000000000e+00
1.300000000000000044e+00
1.266666666666666774e-01
6.666666666666667095e-03
8.666666666666665853e-01
1.966666666666666563e-01
0.000000000000000000e+00
0.000000000000000000e+00
9.766666666666665719e-01
1.466666666666666674e-01
0.000000000000000000e+00
8.333333333333333703e-01
7.733333333333334281e-01
0.000000000000000000e+00
1.000000000000000021e-02
2.833333333333333814e-01
1.666666666666666574e-01
0.000000000000000000e+00
7.000000000000000666e-02
7.733333333333333171e-01
1.480000000000000204e+00
1.933333333333333293e-01
1.499999999999999944e-01
2.966666666666666341e-01
9.000000000000000222e-01
3.333333333333333287e-02
0.000000000000000000e+00
3.333333333333333287e-02
6.400000000000000133e-01
0.000000000000000000e+00
4.000000000000000083e-02
6.666666666666666574e-02
1.633333333333333304e-01
0.000000000000000000e+00
1.666666666666666644e-02
2.866666666666666807e-01
1.766666666666666663e-01
0.000000000000000000e+00
6.666666666666667095e-03
1.300000000000000044e-01
6.666666666666667095e-03
0.000000000000000000e+00
7.966666666666667451e-01
2.000000000000000042e-02
0.000000000000000000e+00
1.033333333333333326e-01
9.166666666666666297e-01
1.333333333333333419e-02
1.433333333333333404e-01
4.133333333333333304e-01
1.223333333333333384e+00
1.223333333333333384e+00
7.666666666666667462e-02
7.666666666666667462e-02
8.433333333333333792e-01
7.933333333333333348e-01
0.000000000000000000e+00
9.000000000000001055e-02
1.426666666666666750e+00
1.366666666666666863e-01
1.666666666666666644e-02
1.096666666666666679e+00
9.899999999999998801e-01
0.000000000000000000e+00
2.666666666666666838e-02
1.280000000000000027e+00
1.533333333333333492e-01
1.233333333333333365e-01
5.300000000000000266e-01
9.800000000000000933e-01
0.000000000000000000e+00
3.333333333333333547e-03
8.366666666666667806e-01
1.833333333333333481e-01
0.000000000000000000e+00
2.000000000000000042e-02
7.633333333333333082e-01
9.899999999999998801e-01
1.633333333333333304e-01
2.700000000000000178e-01
1.100000000000000006e-01
1.139999999999999902e+00
2.000000000000000042e-02
0.000000000000000000e+00
0.000000000000000000e+00
6.633333333333334414e-01
1.666666666666666644e-02
0.000000000000000000e+00
1.000000000000000021e-02
3.000000000000000444e-01
3.333333333333333287e-02
4.000000000000000083e-02
1.199999999999999956e-01
1.000000000000000194e-01
0.000000000000000000e+00
1.333333333333333419e-02
3.099999999999999978e-01
6.666666666666666574e-02
0.000000000000000000e+00
5.233333333333333171e-01
2.333333333333333440e-02
0.000000000000000000e+00
1.266666666666666774e-01
1.270000000000000240e+00
9.666666666666667851e-02
1.433333333333333404e-01
6.633333333333332194e-01
2.036666666666666625e+00
1.466666666666666785e+00
3.366666666666666141e-01
3.333333333333333287e-02
1.349999999999999867e+00
1.100000000000000089e+00
3.333333333333333547e-03
1.333333333333333419e-02
1.129999999999999893e+00
4.233333333333333393e-01
3.333333333333333547e-03
1.080000000000000071e+00
3.733333333333333504e-01
0.000000000000000000e+00
4.433333333333333570e-01
8.366666666666667806e-01
1.866666666666666752e-01
6.666666666666667095e-03
1.003333333333333410e+00
1.146666666666666723e+00
0.000000000000000000e+00
5.666666666666667074e-02
7.600000000000001199e-01
2.433333333333333182e-01
2.666666666666666838e-02
7.666666666666667462e-02
1.226666666666666794e+00
1.836666666666666670e+00
1.133333333333333276e-01
1.496666666666666812e+00
