7.233333333333332726e-01
1.139999999999999902e+00
2.000000000000000042e-02
0.000000000000000000e+00
0.000000000000000000e+00
6.666666666666667095e-03
0.000000000000000000e+00
9.333333333333333759e-02
5.133333333333333082e-01
9.000000000000001055e-02
1.333333333333333419e-02
2.766666666666666718e-01
2.366666666666666641e-01
8.699999999999999956e-01
3.366666666666666141e-01
0.000000000000000000e+00
9.133333333333332194e-01
1.533333333333333215e+00
2.066666666666666652e-01
3.333333333333333287e-02
1.163333333333333330e+00
1.666666666666666644e-02
1.066666666666666458e-01
1.100000000000000006e-01
1.300000000000000044e-01
4.799999999999999822e-01
2.333333333333333093e-02
5.000000000000000971e-02
5.566666666666666430e-01
1.020000000000000018e+00
1.003333333333333188e+00
3.999999999999999667e-01
2.999999999999999889e-02
1.040000000000000036e+00
9.400000000000000577e-01
4.333333333333333481e-02
2.666666666666666838e-02
2.333333333333333093e-01
9.999999999999999167e-02
1.266666666666666774e-01
1.433333333333333404e-01
8.266666666666666607e-01
0.000000000000000000e+00
0.000000000000000000e+00
0.000000000000000000e+00
0.000000000000000000e+00
2.000000000000000042e-02
5.666666666666667074e-02
7.333333333333333370e-02
8.333333333333332871e-02
7.099999999999999645e-01
1.833333333333333481e-01
1.089999999999999858e+00
1.076666666666666661e+00
1.000000000000000021e-02
1.400000000000000133e-01
9.000000000000001055e-02
2.999999999999999889e-02
9.466666666666666563e-01
9.799999999999999822e-01
3.133333333333332971e-01
0.000000000000000000e+00
1.333333333333333315e-01
7.333333333333333370e-02
0.000000000000000000e+00
1.000000000000000021e-02
2.333333333333333093e-01
6.666666666666666574e-02
1.100000000000000006e-01
2.999999999999999889e-02
1.050000000000000044e+00
0.000000000000000000e+00
0.000000000000000000e+00
0.000000000000000000e+00
2.000000000000000042e-02
8.666666666666666963e-02
1.533333333333333215e-01
8.333333333333332871e-02
0.000000000000000000e+00
0.000000000000000000e+00
3.633333333333333415e-01
2.266666666666666829e-01
0.000000000000000000e+00
0.000000000000000000e+00
6.133333333333333970e-01
1.000000000000000021e-02
1.966666666666666563e-01
6.466666666666666119e-01
5.233333333333333171e-01
9.000000000000001055e-02
0.000000000000000000e+00
1.533333333333333215e-01
0.000000000000000000e+00
3.333333333333333547e-03
2.666666666666666838e-02
9.866666666666666918e-01
6.666666666666667095e-03
9.000000000000001055e-02
6.933333333333333570e-01
2.966666666666666341e-01
2.233333333333333559e-01
4.466666666666666008e-01
3.300000000000000155e-01
1.600000000000000033e-01
2.533333333333333548e-01
1.533333333333333215e-01
1.653333333333333321e+00
5.933333333333333792e-01
9.666666666666666741e-01
1.370000000000000107e+00
4.166666666666666852e-01
2.266666666666666552e-01
3.766666666666666496e-01
2.566666666666666541e-01
5.333333333333333676e-02
1.800000000000000211e-01
1.166666666666666546e-01
1.333333333333333315e-01
7.266666666666665719e-01
9.366666666666666474e-01
3.933333333333333681e-01
7.200000000000000844e-01
2.366666666666666641e-01
2.300000000000000100e-01
2.999999999999999889e-02
8.333333333333332871e-02
1.033333333333333326e-01
8.000000000000000167e-02
1.333333333333333419e-02
2.666666666666666838e-02
0.000000000000000000e+00
9.333333333333332371e-01
1.533333333333333492e-01
0.000000000000000000e+00
3.333333333333333547e-03
8.033333333333333437e-01
2.333333333333333093e-02
0.000000000000000000e+00
1.433333333333333126e-01
1.300000000000000044e+00
7.333333333333333370e-02
1.466666666666666397e-01
5.999999999999999778e-02
6.999999999999999278e-02
2.999999999999999889e-01
1.219999999999999973e+00
1.516666666666666607e+00
2.500000000000000000e-01
8.333333333333332871e-02
2.533333333333333548e-01
1.300000000000000044e-01
1.333333333333333419e-02
1.433333333333333126e-01
6.533333333333333215e-01
6.333333333333333870e-02
0.000000000000000000e+00
2.233333333333333559e-01
2.533333333333333548e-01
1.233333333333333365e-01
5.799999999999999600e-01
3.366666666666666696e-01
1.233333333333333365e-01
1.096666666666666679e+00
4.599999999999999645e-01
2.733333333333333726e-01
1.100000000000000006e-01
4.366666666666667029e-01
1.366666666666666863e-01
2.333333333333333440e-02
3.666666666666666685e-02
1.276666666666666616e+00
8.766666666666665941e-01
0.000000000000000000e+00
9.999999999999999167e-02
1.636666666666666714e+00
8.033333333333333437e-01
6.333333333333333870e-02
2.433333333333333182e-01
7.666666666666667462e-02
1.136666666666666714e+00
2.096666666666666679e+00
7.133333333333333748e-01
6.033333333333333881e-01
2.333333333333333093e-02
1.610000000000000098e+00
1.300000000000000044e-01
0.000000000000000000e+00
1.000000000000000194e-01
5.000000000000000000e-01
2.999999999999999889e-02
0.000000000000000000e+00
5.800000000000000711e-01
2.666666666666666630e-01
6.666666666666666574e-02
1.723333333333333384e+00
1.300000000000000044e-01
5.666666666666667629e-01
9.666666666666666463e-02
4.400000000000000022e-01
1.070000000000000062e+00
3.400000000000000244e-01
9.999999999999999167e-02
2.000000000000000042e-02
1.333333333333333419e-02
4.000000000000000083e-02
2.000000000000000042e-02
0.000000000000000000e+00
2.733333333333333171e-01
1.000000000000000021e-02
0.000000000000000000e+00
9.233333333333333393e-01
1.073333333333333472e+00
2.433333333333333182e-01
2.399999999999999911e-01
6.833333333333332371e-01
1.290000000000000036e+00
1.453333333333333366e+00
