4.679999999999999716e+00
2.766666666666666718e-01
2.366666666666666641e-01
3.300000000000000155e-01
5.766666666666666607e-01
4.000000000000000777e-01
1.776666666666666616e+00
1.133333333333333276e-01
2.000000000000000389e-01
1.166666666666666546e-01
4.033333333333333215e-01
1.033333333333333326e-01
1.230000000000000204e+00
9.666666666666666741e-01
1.000000000000000021e-02
1.063333333333333464e+00
8.733333333333334059e-01
3.833333333333333037e-01
1.233333333333333365e-01
1.006666666666666599e+00
1.733333333333333393e-01
4.733333333333333282e-01
