5.133333333333333082e-01
1.233333333333333365e-01
3.666666666666666408e-01
2.266666666666666829e-01
2.799999999999999711e-01
1.400000000000000133e-01
1.533333333333333492e-01
1.666666666666666644e-02
4.000000000000000083e-02
6.999999999999999278e-02
4.266666666666666941e-01
1.233333333333333365e-01
2.333333333333333440e-02
7.233333333333332726e-01
1.900000000000000300e-01
1.233333333333333365e-01
4.333333333333333481e-02
2.066666666666666652e-01
2.333333333333333093e-02
7.633333333333333082e-01
1.276666666666666616e+00
2.203333333333333588e+00
7.666666666666666075e-02
3.433333333333333237e-01
7.799999999999999156e-01
5.800000000000000711e-01
3.666666666666666963e-01
6.500000000000000222e-01
4.000000000000000083e-02
3.300000000000000155e-01
1.066666666666666735e-01
1.763333333333333419e+00
1.336666666666666670e+00
0.000000000000000000e+00
5.833333333333333703e-01
5.666666666666666380e-02
9.666666666666667851e-02
1.976666666666666572e+00
8.666666666666666963e-02
1.333333333333333419e-02
1.399999999999999856e-01
3.333333333333333148e-01
1.633333333333333304e-01
6.333333333333333870e-02
8.666666666666666963e-02
1.999999999999999833e-01
1.800000000000000211e-01
3.733333333333332948e-01
1.733333333333333393e-01
1.199999999999999956e-01
9.000000000000001055e-02
1.133333333333333415e-01
3.666666666666667379e-02
6.666666666666666574e-02
3.233333333333333059e-01
8.000000000000000167e-02
9.999999999999999167e-02
3.533333333333333326e-01
2.399999999999999911e-01
1.566666666666666485e-01
5.333333333333333676e-02
3.599999999999999312e-01
9.999999999999999167e-02
2.733333333333333726e-01
1.866666666666666752e-01
7.200000000000000844e-01
4.000000000000000083e-02
4.499999999999999556e-01
1.600000000000000033e-01
8.000000000000000167e-02
3.733333333333332948e-01
1.166666666666666546e-01
9.000000000000001055e-02
2.500000000000000000e-01
8.000000000000000167e-02
1.320000000000000062e+00
2.399999999999999911e-01
1.666666666666666644e-02
1.499999999999999944e-01
4.333333333333333481e-02
6.300000000000000044e-01
1.123333333333333295e+00
1.623333333333333295e+00
