1.380000000000000115e+00
3.000000000000000444e-01
9.366666666666666474e-01
7.533333333333332993e-01
1.400000000000000133e+00
2.899999999999999800e-01
1.230000000000000204e+00
6.200000000000001066e-01
9.666666666666667851e-02
2.000000000000000000e+00
2.166666666666666741e-01
1.426666666666666750e+00
2.166666666666666741e-01
1.660000000000000142e+00
1.900000000000000300e-01
2.000000000000000042e-02
1.300000000000000044e-01
1.666666666666666644e-02
2.066666666666666652e-01
2.333333333333333093e-02
1.633333333333333304e-01
3.033333333333333437e-01
5.666666666666667074e-02
2.400000000000000189e-01
1.026666666666666616e+00
1.066666666666666458e-01
1.719999999999999973e+00
3.933333333333333681e-01
2.999999999999999889e-01
4.133333333333333304e-01
6.633333333333333304e-01
5.966666666666666785e-01
1.493333333333333401e+00
2.166666666666666519e+00
4.883333333333332860e+00
