1.083333333333333259e+00
2.033333333333333215e+00
6.333333333333333870e-02
1.600000000000000033e-01
9.666666666666667851e-02
5.200000000000000178e-01
4.666666666666666879e-02
1.000000000000000021e-02
5.333333333333333676e-02
4.733333333333333282e-01
8.333333333333332871e-02
2.000000000000000042e-02
2.333333333333333440e-02
1.833333333333333204e-01
2.200000000000000011e-01
0.000000000000000000e+00
4.666666666666666879e-02
1.366666666666666863e-01
9.333333333333333759e-02
4.000000000000000083e-02
1.630000000000000115e+00
1.223333333333333384e+00
0.000000000000000000e+00
5.733333333333333615e-01
1.330000000000000071e+00
2.099999999999999922e-01
1.533333333333333492e-01
8.133333333333333526e-01
8.199999999999999512e-01
1.530000000000000027e+00
5.999999999999999778e-02
6.066666666666665764e-01
1.499999999999999944e-01
2.766666666666666718e-01
9.900000000000001021e-01
1.383333333333333526e+00
3.733333333333333504e-01
8.499999999999999778e-01
1.266666666666666774e-01
8.666666666666666963e-02
2.433333333333333182e-01
1.966666666666666563e-01
4.133333333333333304e-01
3.633333333333332860e-01
4.033333333333333215e-01
2.833333333333333259e-01
2.700000000000000178e-01
3.033333333333333437e-01
2.599999999999999534e-01
3.133333333333332971e-01
1.863333333333333286e+00
3.166666666666666519e-01
6.233333333333334059e-01
9.466666666666666563e-01
7.733333333333334281e-01
4.066666666666666763e-01
1.866666666666666752e-01
2.233333333333333559e-01
1.933333333333333293e-01
1.969999999999999973e+00
6.966666666666666563e-01
1.666666666666666574e-01
3.933333333333333681e-01
2.000000000000000042e-02
2.299999999999999822e-01
2.266666666666666552e-01
7.000000000000000666e-02
0.000000000000000000e+00
1.966666666666666563e-01
5.333333333333333259e-01
6.666666666666667095e-03
3.900000000000000688e-01
1.499999999999999944e-01
9.333333333333333759e-02
4.333333333333332926e-01
0.000000000000000000e+00
0.000000000000000000e+00
1.333333333333333419e-02
0.000000000000000000e+00
3.333333333333333287e-02
4.333333333333333481e-02
1.056666666666666643e+00
2.999999999999999889e-02
6.833333333333332371e-01
3.566666666666666319e-01
2.266666666666666552e-01
4.333333333333333481e-02
2.500000000000000000e-01
1.510000000000000009e+00
4.233333333333333393e-01
5.133333333333333082e-01
1.700000000000000122e-01
8.900000000000000133e-01
1.666666666666666644e-02
1.066666666666666735e-01
1.070000000000000062e+00
6.666666666666667095e-03
2.999999999999999889e-02
1.700000000000000122e-01
2.333333333333333093e-02
2.999999999999999889e-02
5.833333333333333703e-01
1.233333333333333365e-01
1.000000000000000021e-02
0.000000000000000000e+00
1.999999999999999833e-01
6.233333333333334059e-01
0.000000000000000000e+00
3.000000000000000236e-02
8.900000000000000133e-01
9.033333333333333215e-01
6.333333333333333870e-02
9.666666666666666741e-01
3.233333333333333059e-01
6.166666666666666963e-01
4.433333333333333570e-01
5.866666666666665586e-01
2.333333333333333440e-02
5.533333333333333437e-01
1.020000000000000018e+00
8.000000000000000167e-02
9.666666666666667851e-02
1.219999999999999973e+00
3.233333333333333059e-01
3.433333333333333237e-01
2.200000000000000011e-01
1.666666666666666574e-01
1.343333333333333046e+00
3.899999999999999578e-01
1.556666666666666643e+00
2.233333333333333004e-01
3.066666666666666985e-01
3.933333333333333681e-01
1.733333333333333393e-01
3.366666666666666696e-01
1.166666666666666546e-01
4.199999999999999845e-01
1.700000000000000122e-01
1.126666666666666705e+00
5.000000000000000971e-02
8.333333333333333703e-01
2.233333333333333559e-01
1.003333333333333188e+00
