1.536666666666666403e+00
9.366666666666666474e-01
5.666666666666666380e-02
1.233333333333333365e-01
2.500000000000000000e-01
5.666666666666667074e-02
1.166666666666666546e-01
7.033333333333334769e-01
2.133333333333333470e-01
4.999999999999999584e-02
1.966666666666666563e-01
2.133333333333333470e-01
1.333333333333333419e-02
2.099999999999999922e-01
1.169999999999999929e+00
1.166666666666666546e-01
1.666666666666666574e-01
1.156666666666666510e+00
1.233333333333333365e-01
7.333333333333334758e-02
1.166666666666666546e-01
2.899999999999999800e-01
1.999999999999999833e-01
8.800000000000000044e-01
8.666666666666666963e-02
1.733333333333333393e-01
7.900000000000000355e-01
2.366666666666666641e-01
1.360000000000000098e+00
4.566666666666666097e-01
2.020000000000000018e+00
3.700000000000000511e-01
9.999999999999999167e-02
9.533333333333332549e-01
1.333333333333333315e-01
6.166666666666666963e-01
1.300000000000000044e-01
1.043333333333333224e+00
1.933333333333333570e-01
4.333333333333333481e-02
2.133333333333333470e-01
9.000000000000001055e-02
0.000000000000000000e+00
0.000000000000000000e+00
0.000000000000000000e+00
0.000000000000000000e+00
0.000000000000000000e+00
1.213333333333333153e+00
2.433333333333333182e-01
1.733333333333333393e-01
1.433333333333333126e-01
4.333333333333333481e-02
1.100000000000000006e-01
8.666666666666666963e-02
3.666666666666667379e-02
6.999999999999999278e-02
6.666666666666666574e-02
9.666666666666667851e-02
1.166666666666666546e-01
7.000000000000000666e-02
1.133333333333333276e-01
2.366666666666666641e-01
2.500000000000000000e-01
9.000000000000000222e-01
3.066666666666666985e-01
2.600000000000000089e-01
3.933333333333333126e-01
1.086666666666666670e+00
8.666666666666666963e-02
3.066666666666666430e-01
1.133333333333333415e-01
3.333333333333333287e-02
8.866666666666667140e-01
1.086666666666666670e+00
2.066666666666666652e-01
4.566666666666667207e-01
0.000000000000000000e+00
2.166666666666666741e-01
3.666666666666667379e-02
0.000000000000000000e+00
3.333333333333333547e-03
2.999999999999999889e-02
5.000000000000000971e-02
2.833333333333333814e-01
6.333333333333333870e-02
1.733333333333333393e-01
4.299999999999999933e-01
1.000000000000000194e-01
1.566666666666666485e-01
1.933333333333333570e-01
2.299999999999999822e-01
7.333333333333334758e-02
3.000000000000000236e-02
3.666666666666666685e-02
1.466666666666666674e-01
2.066666666666666652e-01
1.166666666666666546e-01
3.899999999999999578e-01
1.370000000000000107e+00
6.666666666666667095e-03
6.333333333333333037e-01
0.000000000000000000e+00
1.300000000000000044e-01
2.666666666666666144e-02
2.449999999999999734e+00
