1.150000000000000133e+00
2.299999999999999822e-01
4.266666666666666941e-01
1.266666666666666774e-01
9.000000000000001055e-02
6.433333333333333126e-01
2.666666666666666838e-02
1.000000000000000021e-02
6.666666666666666574e-02
1.633333333333333304e-01
2.666666666666666838e-02
5.233333333333333171e-01
0.000000000000000000e+00
5.999999999999999778e-02
1.333333333333333419e-02
6.666666666666667095e-03
6.666666666666666574e-02
1.000000000000000194e-01
3.300000000000000155e-01
9.333333333333333759e-02
3.133333333333332971e-01
1.433333333333333404e-01
0.000000000000000000e+00
1.366666666666666585e-01
3.899999999999999578e-01
2.333333333333333440e-02
4.166666666666666852e-01
0.000000000000000000e+00
0.000000000000000000e+00
3.333333333333333547e-03
2.000000000000000042e-02
1.099999999999999867e-01
2.666666666666666838e-02
1.000000000000000021e-02
1.333333333333333419e-02
1.566666666666666485e-01
5.133333333333333082e-01
7.333333333333333370e-02
1.199999999999999956e-01
4.266666666666666941e-01
4.266666666666666941e-01
1.366666666666666863e-01
1.776666666666666616e+00
1.633333333333333304e-01
2.033333333333333381e-01
3.333333333333333287e-02
0.000000000000000000e+00
1.333333333333333419e-02
2.999999999999999889e-02
6.333333333333333870e-02
3.333333333333333547e-03
1.066666666666666735e-01
1.966666666666666563e-01
8.666666666666666963e-02
1.133333333333333276e-01
2.233333333333333559e-01
6.666666666666667095e-03
1.833333333333333481e-01
2.933333333333332793e-01
1.300000000000000044e-01
6.633333333333332194e-01
5.933333333333332682e-01
1.833333333333333481e-01
3.999999999999999667e-01
2.666666666666666838e-02
0.000000000000000000e+00
3.333333333333333287e-02
0.000000000000000000e+00
0.000000000000000000e+00
0.000000000000000000e+00
0.000000000000000000e+00
0.000000000000000000e+00
2.000000000000000042e-02
2.333333333333333440e-02
4.366666666666667029e-01
3.000000000000000444e-01
6.099999999999999867e-01
2.466666666666666730e-01
1.366666666666666863e-01
2.000000000000000042e-02
4.333333333333333481e-02
2.000000000000000042e-02
0.000000000000000000e+00
0.000000000000000000e+00
0.000000000000000000e+00
5.333333333333333676e-02
9.666666666666667851e-02
5.333333333333333676e-02
1.533333333333333492e-01
1.666666666666666644e-02
4.333333333333333481e-02
0.000000000000000000e+00
0.000000000000000000e+00
0.000000000000000000e+00
3.333333333333333547e-03
1.366666666666666863e-01
4.666666666666666879e-02
2.333333333333333093e-01
1.936666666666666758e+00
1.266666666666666774e-01
2.266666666666666552e-01
1.000000000000000021e-02
1.466666666666666397e-01
2.166666666666666741e-01
6.999999999999999278e-02
1.933333333333333293e-01
4.333333333333333481e-02
5.000000000000000971e-02
3.133333333333333526e-01
0.000000000000000000e+00
5.333333333333334370e-02
5.333333333333333259e-01
2.000000000000000042e-02
0.000000000000000000e+00
5.666666666666667074e-02
1.566666666666666485e-01
1.266666666666666774e-01
3.066666666666666430e-01
0.000000000000000000e+00
1.933333333333333293e-01
0.000000000000000000e+00
0.000000000000000000e+00
0.000000000000000000e+00
9.666666666666666463e-02
3.333333333333333287e-02
2.533333333333333548e-01
3.600000000000000422e-01
2.266666666666666552e-01
9.000000000000001055e-02
3.333333333333333148e-01
3.000000000000000236e-02
1.300000000000000044e-01
5.666666666666667074e-02
4.666666666666666879e-02
3.333333333333333547e-03
6.800000000000000488e-01
4.333333333333333481e-02
0.000000000000000000e+00
8.000000000000000167e-02
3.866666666666667140e-01
5.433333333333333348e-01
0.000000000000000000e+00
1.933333333333333293e-01
9.333333333333333759e-02
2.166666666666666741e-01
5.999999999999999778e-02
1.333333333333333419e-02
2.000000000000000042e-02
2.666666666666666838e-02
0.000000000000000000e+00
0.000000000000000000e+00
9.000000000000001055e-02
1.333333333333333419e-02
5.000000000000000971e-02
3.733333333333333504e-01
1.803333333333333455e+00
6.333333333333333870e-02
3.766666666666666496e-01
3.433333333333333237e-01
9.666666666666666463e-02
1.099999999999999867e-01
2.566666666666666541e-01
2.366666666666666641e-01
3.066666666666666430e-01
4.999999999999999584e-02
1.800000000000000211e-01
1.866666666666666752e-01
6.666666666666667095e-03
1.333333333333333419e-02
5.033333333333332993e-01
2.833333333333332704e-01
4.433333333333333570e-01
2.266666666666666829e-01
3.333333333333333287e-02
5.333333333333332288e-02
1.333333333333333419e-02
0.000000000000000000e+00
0.000000000000000000e+00
0.000000000000000000e+00
0.000000000000000000e+00
1.966666666666666563e-01
2.099999999999999922e-01
7.666666666666667462e-02
4.000000000000000083e-02
3.466666666666666785e-01
3.099999999999999978e-01
0.000000000000000000e+00
2.733333333333333726e-01
1.133333333333333276e-01
4.000000000000000083e-02
5.999999999999999778e-02
9.000000000000001055e-02
0.000000000000000000e+00
3.066666666666666985e-01
2.266666666666666829e-01
8.666666666666666963e-02
1.199999999999999956e-01
6.666666666666666574e-02
0.000000000000000000e+00
0.000000000000000000e+00
5.666666666666667074e-02
0.000000000000000000e+00
7.333333333333334758e-02
1.600000000000000033e-01
1.233333333333333365e-01
2.166666666666666741e-01
0.000000000000000000e+00
0.000000000000000000e+00
7.666666666666666075e-02
1.333333333333333315e-01
1.666666666666666574e-01
1.199999999999999956e-01
4.400000000000000022e-01
3.033333333333332882e-01
2.333333333333333440e-02
8.666666666666666963e-02
1.466666666666666674e-01
2.766666666666666718e-01
3.666666666666667379e-02
0.000000000000000000e+00
1.233333333333333365e-01
2.333333333333333440e-02
0.000000000000000000e+00
0.000000000000000000e+00
0.000000000000000000e+00
6.999999999999999278e-02
0.000000000000000000e+00
0.000000000000000000e+00
0.000000000000000000e+00
0.000000000000000000e+00
3.333333333333333547e-03
0.000000000000000000e+00
0.000000000000000000e+00
0.000000000000000000e+00
1.499999999999999944e-01
5.999999999999999778e-02
4.333333333333333481e-01
3.066666666666666430e-01
2.766666666666666718e-01
1.666666666666666574e-01
3.300000000000000155e-01
1.533333333333333215e-01
8.333333333333332871e-02
1.633333333333333304e-01
1.166666666666666546e-01
0.000000000000000000e+00
8.466666666666666785e-01
1.600000000000000033e-01
7.000000000000000666e-02
5.999999999999999778e-02
5.499999999999999334e-01
6.466666666666666119e-01
2.833333333333333259e-01
1.600000000000000033e-01
2.933333333333333903e-01
2.216666666666666785e+00
2.266666666666666829e-01
2.133333333333333470e-01
9.666666666666667851e-01
4.166666666666666852e-01
2.633333333333333637e-01
1.166666666666666546e-01
8.000000000000000167e-02
4.333333333333333481e-02
1.429999999999999938e+00
3.333333333333333547e-03
2.000000000000000042e-02
1.333333333333333419e-02
9.000000000000001055e-02
0.000000000000000000e+00
9.666666666666667851e-02
1.099999999999999867e-01
2.666666666666666838e-02
0.000000000000000000e+00
2.773333333333333428e+00
