4.966666666666666452e-01
1.000000000000000194e-01
6.333333333333333870e-02
8.233333333333332504e-01
6.433333333333334236e-01
3.933333333333333681e-01
1.423333333333333117e+00
5.999999999999999778e-01
7.333333333333333370e-02
1.480000000000000204e+00
1.073333333333333472e+00
1.799999999999999656e-01
1.166666666666666824e-01
1.023333333333333206e+00
6.266666666666665941e-01
9.666666666666667851e-02
3.333333333333333287e-02
4.866666666666666363e-01
9.000000000000001055e-02
5.333333333333333676e-02
3.366666666666666696e-01
3.333333333333333287e-02
1.000000000000000021e-02
1.466666666666666674e-01
6.833333333333332371e-01
3.666666666666666685e-02
3.866666666666667140e-01
9.500000000000000666e-01
3.033333333333333437e-01
9.000000000000001055e-02
5.699999999999999512e-01
1.133333333333333304e+00
1.033333333333333326e-01
1.899999999999999745e-01
1.309999999999999831e+00
7.799999999999999156e-01
1.333333333333333419e-02
4.266666666666666941e-01
8.800000000000000044e-01
0.000000000000000000e+00
1.866666666666666752e-01
1.396666666666666723e+00
3.966666666666666674e-01
4.633333333333333748e-01
1.239999999999999991e+00
8.333333333333332871e-02
1.766666666666666663e-01
5.066666666666667096e-01
1.933333333333333293e-01
1.669999999999999929e+00
7.433333333333332904e-01
1.866666666666666752e-01
6.500000000000000222e-01
2.399999999999999911e-01
1.370000000000000107e+00
1.153333333333333321e+00
8.966666666666666119e-01
2.900000000000000355e-01
2.043333333333333002e+00
7.999999999999999334e-01
3.333333333333333148e-01
1.066666666666666735e-01
4.033333333333333215e-01
9.000000000000001055e-02
1.333333333333333419e-02
8.366666666666665586e-01
1.800000000000000211e-01
1.700000000000000122e-01
6.666666666666667095e-03
3.866666666666667140e-01
6.366666666666667140e-01
2.666666666666666838e-02
8.900000000000000133e-01
1.209999999999999964e+00
1.933333333333333570e-01
9.100000000000000311e-01
7.500000000000000000e-01
1.866666666666666752e-01
7.200000000000000844e-01
5.166666666666667185e-01
3.133333333333332971e-01
1.343333333333333490e+00
1.316666666666666652e+00
2.800000000000000266e-01
2.023333333333333428e+00
7.399999999999998801e-01
2.100000000000000089e+00
1.386666666666666714e+00
8.000000000000000167e-02
4.866666666666666363e-01
1.503333333333333188e+00
6.566666666666666208e-01
4.333333333333333481e-02
1.340000000000000080e+00
5.499999999999999334e-01
3.333333333333333547e-03
6.199999999999999956e-01
9.233333333333333393e-01
1.333333333333333419e-02
4.000000000000000083e-02
1.256666666666666821e+00
8.933333333333334236e-01
1.133333333333333276e-01
4.266666666666666941e-01
9.233333333333333393e-01
5.966666666666666785e-01
1.133333333333333276e-01
6.866666666666666474e-01
2.566666666666666541e-01
8.900000000000000133e-01
1.033333333333333326e-01
9.666666666666666463e-02
5.300000000000000266e-01
8.233333333333332504e-01
6.933333333333333570e-01
