1.669999999999999929e+00
2.266666666666666552e-01
2.066666666666666652e-01
2.366666666666666641e-01
1.533333333333333492e-01
9.000000000000001055e-02
1.060000000000000053e+00
1.100000000000000006e-01
2.999999999999999889e-02
2.000000000000000042e-02
4.166666666666666852e-01
1.233333333333333365e-01
3.333333333333333547e-03
9.066666666666667318e-01
6.666666666666666574e-02
3.666666666666666685e-02
4.133333333333332749e-01
8.666666666666666963e-02
3.300000000000000155e-01
3.433333333333332682e-01
8.166666666666667629e-01
3.733333333333332948e-01
1.159999999999999920e+00
2.259999999999999787e+00
