1.096666666666666679e+00
1.423333333333333117e+00
3.833333333333333037e-01
3.400000000000000244e-01
9.666666666666667851e-02
4.366666666666667029e-01
3.566666666666666319e-01
2.500000000000000000e-01
1.419999999999999929e+00
5.633333333333333526e-01
4.133333333333333304e-01
1.493333333333333401e+00
1.666666666666666574e-01
3.300000000000000155e-01
4.033333333333333215e-01
2.199999999999999734e-01
2.133333333333333470e-01
1.366666666666666863e-01
3.833333333333333037e-01
2.999999999999999889e-02
6.666666666666666574e-02
1.150000000000000133e+00
1.533333333333333492e-01
5.400000000000000355e-01
3.366666666666666141e-01
3.833333333333333037e-01
7.033333333333332549e-01
4.966666666666666452e-01
1.466666666666666397e-01
3.633333333333333415e-01
3.300000000000000155e-01
4.000000000000000083e-02
1.086666666666666670e+00
2.999999999999999889e-02
2.000000000000000042e-02
0.000000000000000000e+00
9.666666666666666463e-02
1.333333333333333315e-01
5.333333333333333676e-02
2.000000000000000042e-02
4.333333333333333481e-02
2.999999999999999889e-01
2.733333333333333726e-01
2.013333333333333197e+00
1.399999999999999856e-01
1.066666666666666735e-01
4.333333333333333481e-02
2.966666666666666896e-01
7.000000000000000666e-02
2.166666666666666741e-01
7.000000000000000666e-02
4.299999999999999933e-01
2.533333333333333548e-01
1.199999999999999956e-01
3.000000000000000444e-01
2.666666666666666630e-01
1.326666666666666883e+00
1.033333333333333326e-01
4.000000000000000083e-02
5.999999999999999778e-02
4.633333333333333193e-01
7.500000000000000000e-01
4.000000000000000777e-01
1.100000000000000006e-01
4.366666666666667029e-01
8.666666666666666963e-02
1.433333333333333404e-01
5.066666666666667096e-01
8.333333333333333703e-01
1.006666666666666599e+00
1.003333333333333188e+00
1.380000000000000115e+00
8.666666666666666963e-01
1.433333333333333404e-01
1.110000000000000098e+00
1.199999999999999956e-01
3.333333333333333547e-03
1.199999999999999956e-01
3.099999999999999978e-01
3.233333333333333059e-01
9.766666666666665719e-01
1.593333333333333490e+00
2.500000000000000000e-01
4.066666666666666763e-01
2.733333333333333726e-01
5.999999999999999778e-01
4.700000000000000289e-01
6.066666666666666874e-01
6.666666666666666574e-02
1.133333333333333415e-01
1.866666666666666752e-01
2.000000000000000042e-02
3.766666666666666496e-01
2.766666666666666718e-01
3.999999999999999667e-01
1.833333333333333481e-01
1.016666666666666607e+00
3.133333333333334081e-01
1.266666666666666774e-01
1.216666666666666563e+00
9.000000000000001055e-02
3.083333333333333481e+00
8.766666666666665941e-01
3.500000000000000333e-01
4.666666666666666186e-01
7.633333333333333082e-01
1.050000000000000044e+00
1.499999999999999944e-01
7.600000000000001199e-01
1.333333333333333315e-01
1.163333333333333330e+00
1.666666666666666644e-02
0.000000000000000000e+00
3.333333333333333547e-03
0.000000000000000000e+00
2.000000000000000042e-02
1.000000000000000021e-02
1.333333333333333419e-02
3.066666666666666430e-01
1.533333333333333492e-01
0.000000000000000000e+00
6.999999999999999278e-02
3.333333333333333287e-02
7.966666666666665231e-01
3.666666666666666685e-02
0.000000000000000000e+00
3.433333333333333237e-01
1.000000000000000021e-02
1.666666666666666644e-02
1.229999999999999982e+00
0.000000000000000000e+00
1.233333333333333365e-01
1.100000000000000006e-01
2.133333333333333470e-01
2.433333333333333182e-01
8.000000000000000167e-02
2.733333333333333726e-01
4.633333333333333193e-01
4.199999999999999845e-01
7.566666666666667096e-01
5.000000000000000000e-01
3.233333333333333059e-01
1.796666666666666856e+00
2.866666666666666807e-01
8.699999999999999956e-01
4.033333333333333215e-01
4.899999999999999911e-01
1.233333333333333393e+00
4.899999999999999911e-01
2.000000000000000042e-02
7.333333333333334758e-02
5.766666666666666607e-01
1.133333333333333304e+00
2.999999999999999889e-02
1.133333333333333304e+00
1.026666666666666616e+00
0.000000000000000000e+00
1.823333333333333250e+00
6.400000000000000133e-01
7.433333333333332904e-01
1.866666666666666752e-01
4.799999999999999822e-01
4.066666666666666763e-01
2.333333333333333440e-02
0.000000000000000000e+00
1.966666666666666841e-01
4.666666666666666879e-02
8.666666666666666963e-02
1.146666666666666723e+00
3.666666666666666963e-01
1.096666666666666679e+00
3.866666666666667140e-01
4.266666666666666941e-01
2.199999999999999734e-01
1.360000000000000098e+00
4.600000000000000200e-01
1.166666666666666546e-01
3.466666666666666785e-01
2.300000000000000100e-01
9.333333333333333759e-02
7.666666666666666075e-02
9.000000000000001055e-02
0.000000000000000000e+00
4.000000000000000083e-02
3.333333333333333287e-02
1.266666666666666774e-01
1.933333333333333570e-01
1.573333333333333250e+00
2.566666666666666541e-01
3.933333333333333126e-01
2.300000000000000100e-01
2.233333333333333559e-01
5.133333333333333082e-01
8.666666666666666963e-02
1.233333333333333365e-01
1.000000000000000021e-02
6.666666666666666574e-02
3.333333333333333287e-02
2.299999999999999822e-01
9.666666666666667851e-02
4.666666666666666879e-02
2.999999999999999889e-02
4.566666666666667207e-01
2.999999999999999889e-02
5.033333333333332993e-01
1.600000000000000033e-01
4.666666666666666879e-02
3.800000000000000600e-01
1.016666666666666607e+00
1.999999999999999833e-01
3.966666666666666674e-01
2.466666666666666730e-01
1.530000000000000027e+00
3.566666666666666319e-01
3.700000000000000511e-01
3.200000000000000067e-01
8.366666666666665586e-01
4.666666666666666186e-01
1.030000000000000027e+00
1.433333333333333126e-01
1.250000000000000000e+00
1.166666666666666546e-01
7.033333333333332549e-01
3.333333333333333547e-03
3.333333333333333287e-02
1.433333333333333404e-01
3.833333333333333037e-01
2.999999999999999889e-02
2.000000000000000042e-02
2.033333333333333381e-01
2.233333333333333559e-01
2.433333333333333182e-01
3.433333333333333237e-01
4.133333333333333304e-01
1.733333333333333393e-01
6.666666666666666574e-02
3.800000000000000600e-01
4.000000000000000083e-02
8.566666666666665764e-01
8.266666666666666607e-01
9.366666666666666474e-01
4.533333333333333104e-01
1.233333333333333365e-01
4.733333333333333282e-01
1.066666666666666735e-01
4.699999999999999734e-01
1.100000000000000006e-01
2.466666666666666730e-01
1.300000000000000044e-01
3.899999999999999578e-01
8.433333333333332682e-01
1.393333333333333313e+00
