3.460000000000000409e+00
3.033333333333333437e-01
1.276666666666666616e+00
3.066666666666666985e-01
5.333333333333333676e-02
5.666666666666667074e-02
8.533333333333331661e-01
1.340000000000000080e+00
2.399999999999999911e-01
7.200000000000000844e-01
2.999999999999999889e-02
2.999999999999999889e-02
6.666666666666667095e-03
6.666666666666666574e-02
2.066666666666666929e-01
1.453333333333333366e+00
7.666666666666666075e-02
5.666666666666665408e-01
1.600000000000000033e-01
1.800000000000000211e-01
5.999999999999999778e-01
4.099999999999999756e-01
0.000000000000000000e+00
4.633333333333333748e-01
6.033333333333333881e-01
3.800000000000000600e-01
6.666666666666667095e-03
2.000000000000000042e-02
0.000000000000000000e+00
7.333333333333331983e-02
4.000000000000000083e-02
1.066666666666666735e-01
2.333333333333333440e-02
2.099999999999999922e-01
2.333333333333333440e-02
2.566666666666666541e-01
0.000000000000000000e+00
1.666666666666666644e-02
1.433333333333333404e-01
2.333333333333333440e-02
6.333333333333333870e-02
3.666666666666667379e-02
3.366666666666666696e-01
8.000000000000000167e-02
1.933333333333333293e-01
1.280000000000000027e+00
1.666666666666666644e-02
1.633333333333333304e-01
2.033333333333333381e-01
0.000000000000000000e+00
1.000000000000000021e-02
6.733333333333333393e-01
6.266666666666665941e-01
0.000000000000000000e+00
1.000000000000000194e-01
1.233333333333333365e-01
0.000000000000000000e+00
9.266666666666666385e-01
1.169999999999999929e+00
4.666666666666666879e-02
1.266666666666666774e-01
0.000000000000000000e+00
1.933333333333333293e-01
1.000000000000000021e-02
0.000000000000000000e+00
0.000000000000000000e+00
0.000000000000000000e+00
9.000000000000001055e-02
0.000000000000000000e+00
1.933333333333333293e-01
1.300000000000000044e-01
1.300000000000000044e-01
9.533333333333332549e-01
1.966666666666666563e-01
0.000000000000000000e+00
1.453333333333333366e+00
8.199999999999999512e-01
0.000000000000000000e+00
4.333333333333333481e-02
8.100000000000000533e-01
0.000000000000000000e+00
1.266666666666666774e-01
0.000000000000000000e+00
7.500000000000000000e-01
6.666666666666666574e-02
0.000000000000000000e+00
4.000000000000000083e-02
0.000000000000000000e+00
1.566666666666666485e-01
2.900000000000000355e-01
3.666666666666666963e-01
5.633333333333333526e-01
2.446666666666666767e+00
1.533333333333333437e+00
6.666666666666667095e-03
1.666666666666666644e-02
3.366666666666666696e-01
1.466666666666666674e-01
0.000000000000000000e+00
8.933333333333334236e-01
6.466666666666667229e-01
5.866666666666666696e-01
1.399999999999999856e-01
9.000000000000001055e-02
4.733333333333333282e-01
1.366666666666666863e-01
1.666666666666666644e-02
3.333333333333333547e-03
2.333333333333333093e-02
6.666666666666667095e-03
6.666666666666666574e-02
6.000000000000000472e-02
1.333333333333333419e-02
7.666666666666667462e-02
5.100000000000000089e-01
1.000000000000000021e-02
2.333333333333333440e-02
1.729999999999999760e+00
2.999999999999999889e-02
7.666666666666666075e-02
5.899999999999999689e-01
8.033333333333333437e-01
9.999999999999999167e-02
2.233333333333333004e-01
1.199999999999999956e-01
2.166666666666666741e-01
1.666666666666666644e-02
1.633333333333333304e-01
3.333333333333333547e-03
5.133333333333333082e-01
1.433333333333333404e-01
3.666666666666666685e-02
1.196666666666666545e+00
5.333333333333333676e-02
1.666666666666666644e-02
4.000000000000000083e-02
1.133333333333333415e-01
2.833333333333333259e-01
6.666666666666667095e-03
1.000000000000000021e-02
1.223333333333333384e+00
1.333333333333333419e-02
0.000000000000000000e+00
1.346666666666666679e+00
1.033333333333333326e-01
4.333333333333333481e-02
3.000000000000000236e-02
2.299999999999999822e-01
4.566666666666667207e-01
5.333333333333333676e-02
2.733333333333333171e-01
1.000000000000000021e-02
0.000000000000000000e+00
0.000000000000000000e+00
1.366666666666666863e-01
6.666666666666666574e-02
3.766666666666666496e-01
0.000000000000000000e+00
6.366666666666666030e-01
3.599999999999999312e-01
1.263333333333333419e+00
1.266666666666666774e-01
1.333333333333333419e-02
2.333333333333333093e-02
6.366666666666667140e-01
0.000000000000000000e+00
1.266666666666666774e-01
2.116666666666666696e+00
0.000000000000000000e+00
9.333333333333333759e-02
1.333333333333333419e-02
2.666666666666666838e-02
0.000000000000000000e+00
0.000000000000000000e+00
0.000000000000000000e+00
1.000000000000000021e-02
4.666666666666666879e-02
6.866666666666665364e-01
3.000000000000000236e-02
1.000000000000000021e-02
5.666666666666666380e-02
1.606666666666666687e+00
1.633333333333333304e-01
1.066666666666666735e-01
4.333333333333333481e-02
2.333333333333333440e-02
5.799999999999999600e-01
0.000000000000000000e+00
0.000000000000000000e+00
1.223333333333333384e+00
4.799999999999999822e-01
1.000000000000000021e-02
7.433333333333332904e-01
5.333333333333333676e-02
2.666666666666666838e-02
6.666666666666666574e-02
4.899999999999999911e-01
8.433333333333333792e-01
1.566666666666666485e-01
1.410000000000000142e+00
1.333333333333333315e-01
6.899999999999999467e-01
