8.833333333333333037e-01
2.133333333333333470e-01
2.666666666666666630e-01
1.600000000000000033e-01
2.233333333333333004e-01
2.066666666666666652e-01
1.033333333333333326e-01
1.000000000000000021e-02
1.296666666666666634e+00
1.133333333333333276e-01
2.000000000000000042e-02
1.206666666666666776e+00
6.866666666666666474e-01
1.566666666666666485e-01
1.263333333333333419e+00
5.999999999999999778e-02
9.999999999999999167e-02
6.666666666666666574e-02
3.866666666666667140e-01
4.833333333333333370e-01
1.966666666666666563e-01
3.966666666666666674e-01
9.000000000000001055e-02
1.666666666666666574e-01
1.466666666666666674e-01
4.000000000000000083e-02
0.000000000000000000e+00
1.633333333333333304e-01
3.933333333333333126e-01
3.266666666666666607e-01
1.033333333333333326e-01
1.070000000000000062e+00
8.000000000000000167e-02
5.000000000000000971e-02
4.299999999999999933e-01
5.999999999999999778e-02
1.566666666666666485e-01
4.266666666666665830e-01
1.333333333333333419e-02
2.200000000000000011e-01
3.099999999999999978e-01
6.666666666666666574e-02
3.033333333333333437e-01
1.366666666666666863e-01
3.666666666666666685e-02
1.133333333333333415e-01
1.033333333333333326e-01
1.033333333333333326e-01
7.799999999999999156e-01
3.133333333333332971e-01
4.000000000000000083e-02
6.533333333333333215e-01
4.666666666666666186e-01
0.000000000000000000e+00
1.333333333333333419e-02
1.000000000000000021e-02
2.666666666666666838e-02
0.000000000000000000e+00
1.000000000000000021e-02
2.999999999999999889e-02
1.133333333333333276e-01
2.533333333333333548e-01
2.000000000000000042e-02
8.666666666666665853e-01
1.900000000000000300e-01
0.000000000000000000e+00
3.600000000000000422e-01
3.066666666666666430e-01
1.499999999999999944e-01
2.766666666666666718e-01
7.000000000000000666e-02
2.833333333333333814e-01
1.700000000000000122e-01
4.000000000000000083e-02
8.333333333333332871e-02
3.333333333333333547e-03
4.333333333333333481e-02
6.333333333333333870e-02
2.999999999999999889e-02
2.233333333333333004e-01
3.099999999999999978e-01
2.966666666666666896e-01
3.333333333333333287e-02
0.000000000000000000e+00
1.333333333333333419e-02
2.833333333333333259e-01
1.000000000000000021e-02
0.000000000000000000e+00
4.000000000000000083e-02
4.000000000000000083e-02
3.800000000000000600e-01
1.383333333333333526e+00
1.223333333333333384e+00
2.700000000000000178e-01
2.166666666666666741e-01
1.566666666666666485e-01
1.400000000000000133e-01
2.433333333333333182e-01
7.433333333333332904e-01
2.333333333333333440e-02
1.199999999999999956e-01
1.013333333333333419e+00
4.333333333333333481e-01
4.099999999999999756e-01
5.000000000000000971e-02
1.006666666666666599e+00
4.366666666666667029e-01
3.833333333333333037e-01
4.833333333333333370e-01
4.233333333333333393e-01
2.033333333333333381e-01
5.999999999999999778e-01
2.766666666666666718e-01
1.146666666666666723e+00
1.566666666666666485e-01
4.366666666666667029e-01
6.666666666666667095e-03
1.333333333333333315e-01
4.833333333333333370e-01
2.866666666666666807e-01
1.169999999999999929e+00
3.333333333333333287e-02
7.333333333333334758e-02
3.433333333333333237e-01
7.333333333333333370e-02
0.000000000000000000e+00
9.033333333333333215e-01
2.666666666666666838e-02
1.366666666666666863e-01
7.000000000000000666e-02
7.000000000000000666e-02
2.000000000000000042e-02
7.099999999999999645e-01
9.000000000000001055e-02
9.333333333333332371e-01
8.699999999999999956e-01
4.133333333333333304e-01
5.599999999999999423e-01
6.933333333333333570e-01
1.933333333333333348e+00
