2.236666666666666803e+00
5.066666666666667096e-01
3.499999999999999223e-01
5.266666666666667274e-01
5.000000000000000971e-02
1.766666666666666663e-01
3.333333333333333287e-02
4.333333333333333481e-02
9.999999999999999167e-02
3.666666666666666685e-02
2.866666666666666807e-01
4.299999999999999933e-01
6.333333333333333870e-02
6.400000000000000133e-01
7.333333333333333370e-02
3.666666666666667379e-02
6.666666666666666574e-02
2.033333333333333381e-01
1.333333333333333419e-02
7.533333333333332993e-01
3.600000000000000422e-01
2.366666666666666641e-01
9.666666666666667851e-02
4.333333333333333481e-02
1.499999999999999944e-01
4.199999999999999845e-01
1.400000000000000133e-01
1.533333333333333215e-01
7.633333333333333082e-01
1.866666666666666474e-01
9.333333333333333759e-02
2.633333333333333637e-01
7.533333333333332993e-01
6.733333333333333393e-01
9.566666666666666652e-01
6.333333333333333870e-02
9.233333333333333393e-01
3.333333333333333148e-01
8.033333333333333437e-01
3.333333333333333287e-02
2.333333333333333440e-02
9.999999999999999167e-02
1.466666666666666674e-01
4.666666666666666879e-02
5.000000000000000000e-01
1.800000000000000211e-01
1.339999999999999858e+00
