1.050000000000000044e+00
9.000000000000001055e-02
1.396666666666666723e+00
9.233333333333333393e-01
2.000000000000000042e-02
1.033333333333333326e-01
2.899999999999999800e-01
6.666666666666666574e-02
1.833333333333333481e-01
1.866666666666666752e-01
1.716666666666666785e+00
2.833333333333333259e-01
1.433333333333333404e-01
6.166666666666666963e-01
1.300000000000000044e-01
7.000000000000000666e-02
0.000000000000000000e+00
1.033333333333333326e-01
3.666666666666667379e-02
0.000000000000000000e+00
1.333333333333333419e-02
2.333333333333333440e-02
0.000000000000000000e+00
3.333333333333333547e-03
3.333333333333333547e-03
2.000000000000000042e-02
2.000000000000000042e-02
1.666666666666666644e-02
4.333333333333333481e-02
0.000000000000000000e+00
1.433333333333333404e-01
1.000000000000000021e-02
2.999999999999999889e-02
0.000000000000000000e+00
1.666666666666666644e-02
1.333333333333333419e-02
0.000000000000000000e+00
0.000000000000000000e+00
1.933333333333333293e-01
3.333333333333333547e-03
0.000000000000000000e+00
2.333333333333333440e-02
6.333333333333333870e-02
1.333333333333333419e-02
3.333333333333333287e-02
2.433333333333333182e-01
4.900000000000000466e-01
2.066666666666666652e-01
3.099999999999999978e-01
1.333333333333333315e-01
1.366666666666666863e-01
5.299999999999999156e-01
1.416666666666666741e+00
3.666666666666667379e-02
1.230000000000000204e+00
2.833333333333333259e-01
0.000000000000000000e+00
4.833333333333333370e-01
3.666666666666667379e-02
3.000000000000000236e-02
4.633333333333333748e-01
1.336666666666666670e+00
1.633333333333333304e-01
5.999999999999999778e-02
2.866666666666666807e-01
1.566666666666666485e-01
1.700000000000000122e-01
7.666666666666666075e-02
1.666666666666666574e-01
9.100000000000000311e-01
0.000000000000000000e+00
1.000000000000000021e-02
6.666666666666667095e-03
1.366666666666666863e-01
3.333333333333333547e-03
0.000000000000000000e+00
9.666666666666667851e-02
1.333333333333333419e-02
0.000000000000000000e+00
3.666666666666667379e-02
5.000000000000000971e-02
0.000000000000000000e+00
5.666666666666666380e-02
6.666666666666666574e-02
2.000000000000000042e-02
0.000000000000000000e+00
3.333333333333333287e-02
2.000000000000000042e-02
0.000000000000000000e+00
4.000000000000000083e-02
1.666666666666666644e-02
1.233333333333333365e-01
9.000000000000001055e-02
9.666666666666667851e-02
3.233333333333333059e-01
1.000000000000000021e-02
1.199999999999999956e-01
3.333333333333333547e-03
1.286666666666666847e+00
2.999999999999999889e-02
1.300000000000000044e-01
1.526666666666666616e+00
1.000000000000000021e-02
2.833333333333333814e-01
8.100000000000000533e-01
3.566666666666666319e-01
2.433333333333333182e-01
2.000000000000000042e-02
6.666666666666667095e-03
3.066666666666666985e-01
1.453333333333333366e+00
0.000000000000000000e+00
9.333333333333333759e-02
9.666666666666667851e-02
6.833333333333334592e-01
5.666666666666667074e-02
1.333333333333333419e-02
1.079999999999999849e+00
3.200000000000000067e-01
5.800000000000000711e-01
4.133333333333333304e-01
4.666666666666666186e-01
1.370000000000000107e+00
1.333333333333333419e-02
3.566666666666666874e-01
5.433333333333333348e-01
1.016666666666666607e+00
4.099999999999999756e-01
3.600000000000000422e-01
2.666666666666666838e-02
6.533333333333333215e-01
1.000000000000000021e-02
0.000000000000000000e+00
3.066666666666666430e-01
3.666666666666666685e-02
2.333333333333333440e-02
1.100000000000000006e-01
0.000000000000000000e+00
1.099999999999999867e-01
3.333333333333333547e-03
1.189999999999999947e+00
1.566666666666666763e-01
0.000000000000000000e+00
4.666666666666666879e-02
3.866666666666667140e-01
3.333333333333333547e-03
1.333333333333333419e-02
1.600000000000000033e-01
0.000000000000000000e+00
0.000000000000000000e+00
3.333333333333333547e-03
3.333333333333333148e-01
4.000000000000000083e-02
5.666666666666667074e-02
5.666666666666667074e-02
1.333333333333333315e-01
8.666666666666666963e-02
0.000000000000000000e+00
8.666666666666666963e-02
1.333333333333333419e-02
1.733333333333333393e-01
2.666666666666666838e-02
0.000000000000000000e+00
1.899999999999999745e-01
2.999999999999999889e-02
4.666666666666666879e-02
7.666666666666666075e-02
4.966666666666666452e-01
3.533333333333333326e-01
6.900000000000000577e-01
3.699999999999999400e-01
7.133333333333332638e-01
1.129999999999999893e+00
1.666666666666666644e-02
6.666666666666667095e-03
3.333333333333333287e-02
7.666666666666666075e-02
4.333333333333333481e-02
2.000000000000000042e-02
1.666666666666666644e-02
3.000000000000000236e-02
5.666666666666667074e-02
9.666666666666667851e-02
1.133333333333333276e-01
3.333333333333333547e-03
1.166666666666666546e-01
1.700000000000000122e-01
7.333333333333333370e-02
0.000000000000000000e+00
4.000000000000000083e-02
1.323333333333333250e+00
8.666666666666666963e-02
4.000000000000000083e-02
8.333333333333332871e-02
1.166666666666666546e-01
1.633333333333333304e-01
0.000000000000000000e+00
1.246666666666666812e+00
1.050000000000000044e+00
3.333333333333333547e-03
0.000000000000000000e+00
1.199999999999999956e-01
1.099999999999999867e+00
2.399999999999999911e-01
3.166666666666666519e-01
3.999999999999999667e-01
1.666666666666666644e-02
2.500000000000000000e-01
4.133333333333333304e-01
7.033333333333332549e-01
1.766666666666666663e-01
1.000000000000000021e-02
4.799999999999999822e-01
7.333333333333333370e-02
1.333333333333333419e-02
6.000000000000000472e-02
2.633333333333333637e-01
1.433333333333333126e-01
5.999999999999999778e-02
1.866666666666666752e-01
2.733333333333333171e-01
2.666666666666666630e-01
6.999999999999998446e-01
7.666666666666666075e-02
1.100000000000000006e-01
3.300000000000000155e-01
0.000000000000000000e+00
8.099999999999999423e-01
2.666666666666666630e-01
1.809999999999999831e+00
3.233333333333333059e-01
1.183333333333333348e+00
4.666666666666666879e-02
3.333333333333333547e-03
1.633333333333333304e-01
1.666666666666666644e-02
1.466666666666666397e-01
0.000000000000000000e+00
4.266666666666666941e-01
3.333333333333333287e-02
3.300000000000000155e-01
3.333333333333333287e-02
1.933333333333333293e-01
1.333333333333333419e-02
4.266666666666666941e-01
4.000000000000000083e-02
1.103333333333333277e+00
0.000000000000000000e+00
1.399999999999999856e-01
3.000000000000000236e-02
2.666666666666666838e-02
3.300000000000000155e-01
2.900000000000000355e-01
4.333333333333333481e-02
0.000000000000000000e+00
1.099999999999999867e-01
9.333333333333333759e-02
4.666666666666666879e-02
0.000000000000000000e+00
1.766666666666666607e+00
1.333333333333333315e-01
2.199999999999999734e-01
0.000000000000000000e+00
1.179999999999999938e+00
1.000000000000000021e-02
8.666666666666666963e-02
0.000000000000000000e+00
1.833333333333333481e-01
0.000000000000000000e+00
3.333333333333333547e-03
0.000000000000000000e+00
0.000000000000000000e+00
1.066666666666666735e-01
0.000000000000000000e+00
6.666666666666667095e-03
1.333333333333333419e-02
8.333333333333332871e-02
9.666666666666667851e-02
1.499999999999999944e-01
2.366666666666666641e-01
1.723333333333333384e+00
5.266666666666667274e-01
1.250000000000000000e+00
2.700000000000000178e-01
1.023333333333333428e+00
5.766666666666666607e-01
1.566666666666666485e-01
7.333333333333333370e-02
1.400000000000000133e-01
2.399999999999999911e-01
1.000000000000000021e-02
1.333333333333333419e-02
3.333333333333333547e-03
2.333333333333333440e-02
3.333333333333333547e-03
0.000000000000000000e+00
3.666666666666667379e-02
3.333333333333333547e-03
6.666666666666667095e-03
1.000000000000000021e-02
2.000000000000000389e-01
5.200000000000000178e-01
0.000000000000000000e+00
2.999999999999999889e-02
4.000000000000000083e-02
0.000000000000000000e+00
0.000000000000000000e+00
1.166666666666666546e-01
7.999999999999999334e-01
4.666666666666666879e-02
0.000000000000000000e+00
3.533333333333333326e-01
1.000000000000000021e-02
2.066666666666666652e-01
2.666666666666666838e-02
1.499999999999999944e-01
1.333333333333333419e-02
1.366666666666666863e-01
1.000000000000000021e-02
5.033333333333332993e-01
6.366666666666667140e-01
5.666666666666667074e-02
3.966666666666666674e-01
7.666666666666666075e-02
5.666666666666666380e-02
1.933333333333333293e-01
2.466666666666666730e-01
3.000000000000000236e-02
1.566666666666666485e-01
3.699999999999999400e-01
1.899999999999999745e-01
9.833333333333333925e-01
3.166666666666667074e-01
1.900000000000000133e+00
2.319999999999999840e+00
2.149999999999999911e+00
1.053333333333333455e+00
3.133333333333332971e-01
1.466666666666666674e-01
9.933333333333332904e-01
1.800000000000000211e-01
1.309999999999999831e+00
2.166666666666666741e-01
6.866666666666666474e-01
3.200000000000000067e-01
4.700000000000000289e-01
5.166666666666667185e-01
8.000000000000000167e-02
7.333333333333333370e-02
2.200000000000000011e-01
0.000000000000000000e+00
2.000000000000000042e-02
1.199999999999999956e-01
0.000000000000000000e+00
1.600000000000000033e-01
2.833333333333333259e-01
1.499999999999999944e-01
7.333333333333333925e-01
1.863333333333333286e+00
6.333333333333333870e-02
6.666666666666666297e-01
1.006666666666666599e+00
7.066666666666666652e-01
1.899999999999999745e-01
0.000000000000000000e+00
6.466666666666666119e-01
1.866666666666666752e-01
0.000000000000000000e+00
2.666666666666666630e-01
8.000000000000000167e-02
5.999999999999999778e-01
1.466666666666666674e-01
9.033333333333333215e-01
1.363333333333333286e+00
6.666666666666667095e-03
3.999999999999999667e-01
4.199999999999999845e-01
2.000000000000000042e-02
0.000000000000000000e+00
1.833333333333333481e-01
9.333333333333333759e-02
2.333333333333333093e-02
1.650000000000000133e+00
3.333333333333333287e-02
2.999999999999999889e-02
3.433333333333333237e-01
3.333333333333333287e-02
1.433333333333333404e-01
8.366666666666665586e-01
2.399999999999999911e-01
1.333333333333333419e-02
8.333333333333332871e-02
4.366666666666667029e-01
4.333333333333333481e-02
1.766666666666666663e-01
3.600000000000000422e-01
1.099999999999999867e-01
2.033333333333333659e-01
4.333333333333333481e-01
2.743333333333333623e+00
3.133333333333332971e-01
2.550000000000000266e+00
1.010000000000000009e+00
1.166666666666666546e-01
7.599999999999998979e-01
2.000000000000000042e-02
0.000000000000000000e+00
2.666666666666666838e-02
1.099999999999999867e-01
7.500000000000000000e-01
6.033333333333332771e-01
1.006666666666666599e+00
2.366666666666666641e-01
7.999999999999999334e-01
4.899999999999999911e-01
1.199999999999999956e-01
6.000000000000000472e-02
3.333333333333333287e-02
1.606666666666666687e+00
4.733333333333333282e-01
7.333333333333333370e-02
1.536666666666666403e+00
5.599999999999999423e-01
5.599999999999999423e-01
2.999999999999999889e-01
4.000000000000000083e-02
7.299999999999999822e-01
1.133333333333333415e-01
1.266666666666666774e-01
6.933333333333333570e-01
6.466666666666666119e-01
3.033333333333332882e-01
9.899999999999998801e-01
1.300000000000000044e-01
6.633333333333332194e-01
2.900000000000000355e-01
2.966666666666666896e-01
6.666666666666666574e-02
1.333333333333333419e-02
2.666666666666666838e-02
1.010000000000000009e+00
8.499999999999999778e-01
9.000000000000001055e-02
6.666666666666666574e-02
1.433333333333333404e-01
1.233333333333333365e-01
4.499999999999999556e-01
3.266666666666666607e-01
7.366666666666666918e-01
2.833333333333333814e-01
1.780000000000000027e+00
1.356666666666666687e+00
1.103333333333333277e+00
1.499999999999999944e-01
6.566666666666667318e-01
1.096666666666666679e+00
1.000000000000000021e-02
3.333333333333333287e-02
7.866666666666667362e-01
5.166666666666667185e-01
1.666666666666666644e-02
2.566666666666666541e-01
0.000000000000000000e+00
4.699999999999999734e-01
4.799999999999999822e-01
9.666666666666667851e-02
0.000000000000000000e+00
1.336666666666666670e+00
4.433333333333333015e-01
1.233333333333333365e-01
2.200000000000000011e-01
1.866666666666666752e-01
2.000000000000000042e-02
1.099999999999999867e-01
3.166666666666666519e-01
6.666666666666667095e-03
5.733333333333333615e-01
3.000000000000000236e-02
1.666666666666666644e-02
5.400000000000000355e-01
3.333333333333333287e-02
0.000000000000000000e+00
4.266666666666666941e-01
3.600000000000000422e-01
6.666666666666666574e-02
5.500000000000000444e-01
5.999999999999999778e-02
7.666666666666666075e-02
1.466666666666666952e-01
5.000000000000000000e-01
3.666666666666667379e-02
2.466666666666666730e-01
3.333333333333333287e-02
3.666666666666666685e-02
6.666666666666667095e-03
0.000000000000000000e+00
6.800000000000000488e-01
5.000000000000000971e-02
5.999999999999999778e-02
6.133333333333333970e-01
6.600000000000000311e-01
1.476666666666666794e+00
4.000000000000000083e-02
2.433333333333333182e-01
1.166666666666666546e-01
1.666666666666666644e-02
2.000000000000000042e-02
3.333333333333333547e-03
5.066666666666667096e-01
5.766666666666666607e-01
2.333333333333333440e-02
3.066666666666666430e-01
3.066666666666666430e-01
5.000000000000000971e-02
1.666666666666666644e-02
1.166666666666666546e-01
6.666666666666666574e-02
3.733333333333332948e-01
1.833333333333333481e-01
5.300000000000000266e-01
3.666666666666666685e-02
1.306666666666666643e+00
1.333333333333333419e-02
4.333333333333333481e-02
7.933333333333333348e-01
1.266666666666666774e-01
2.666666666666666838e-02
2.366666666666666641e-01
7.033333333333334769e-01
7.666666666666667462e-02
0.000000000000000000e+00
2.099999999999999645e+00
1.623333333333333295e+00
3.400000000000000244e-01
1.666666666666666644e-02
1.333333333333333419e-02
2.099999999999999922e-01
1.000000000000000021e-02
9.999999999999999167e-02
1.333333333333333315e-01
4.099999999999999756e-01
1.780000000000000027e+00
9.599999999999999645e-01
2.633333333333333637e-01
1.499999999999999944e-01
4.999999999999999584e-02
4.833333333333333370e-01
7.633333333333333082e-01
2.333333333333333440e-02
8.033333333333333437e-01
8.266666666666666607e-01
1.433333333333333126e-01
1.300000000000000044e-01
7.466666666666667007e-01
4.000000000000000083e-02
4.566666666666667207e-01
1.020000000000000018e+00
9.666666666666666463e-02
3.966666666666666674e-01
8.666666666666666963e-02
5.499999999999999334e-01
7.933333333333333348e-01
1.596666666666666679e+00
3.456666666666666554e+00
8.533333333333333881e-01
2.200000000000000011e-01
2.306666666666666643e+00
1.066666666666666652e+00
2.333333333333333440e-02
1.733333333333333393e-01
3.300000000000000155e-01
4.000000000000000083e-02
1.233333333333333365e-01
4.633333333333333748e-01
2.123333333333333517e+00
1.290000000000000036e+00
1.100000000000000006e-01
6.699999999999999289e-01
4.666666666666666186e-01
1.099999999999999867e-01
0.000000000000000000e+00
7.000000000000000666e-02
2.999999999999999889e-02
2.000000000000000042e-02
5.333333333333333676e-02
1.000000000000000021e-02
0.000000000000000000e+00
0.000000000000000000e+00
2.000000000000000042e-02
1.000000000000000021e-02
1.000000000000000021e-02
6.666666666666667095e-03
4.000000000000000083e-02
0.000000000000000000e+00
1.933333333333333293e-01
2.333333333333333440e-02
2.333333333333333440e-02
0.000000000000000000e+00
3.433333333333333237e-01
6.999999999999999278e-02
5.999999999999999778e-02
1.233333333333333365e-01
2.666666666666666630e-01
4.333333333333333481e-02
0.000000000000000000e+00
2.266666666666666829e-01
9.000000000000001055e-02
0.000000000000000000e+00
3.333333333333333287e-02
9.000000000000001055e-02
4.666666666666666186e-01
4.199999999999999845e-01
5.400000000000000355e-01
4.733333333333333282e-01
8.000000000000000167e-02
1.026666666666666616e+00
1.553333333333333455e+00
1.033333333333333326e-01
1.083333333333333259e+00
3.333333333333333287e-02
0.000000000000000000e+00
1.300000000000000044e-01
1.666666666666666644e-02
0.000000000000000000e+00
6.133333333333332860e-01
6.733333333333333393e-01
8.000000000000000167e-02
2.133333333333333470e-01
1.133333333333333276e-01
6.666666666666666574e-02
1.166666666666666546e-01
3.333333333333333287e-02
1.200000000000000094e-01
7.299999999999999822e-01
3.333333333333333547e-03
4.666666666666666879e-02
2.233333333333333004e-01
3.533333333333333326e-01
0.000000000000000000e+00
0.000000000000000000e+00
1.666666666666666574e-01
2.333333333333333440e-02
1.666666666666666644e-02
7.666666666666667462e-02
8.333333333333332871e-02
3.000000000000000236e-02
1.366666666666666863e-01
5.666666666666667074e-02
1.666666666666666644e-02
4.033333333333333215e-01
7.000000000000000666e-02
1.333333333333333315e-01
0.000000000000000000e+00
1.700000000000000122e-01
2.333333333333333440e-02
1.133333333333333276e-01
8.000000000000000167e-02
1.700000000000000122e-01
4.333333333333333481e-02
2.666666666666666838e-02
6.666666666666666574e-02
0.000000000000000000e+00
8.366666666666667806e-01
8.666666666666666963e-02
0.000000000000000000e+00
4.166666666666666852e-01
3.333333333333333547e-03
3.966666666666666674e-01
6.666666666666666297e-01
1.566666666666666485e-01
1.000000000000000021e-02
1.333333333333333419e-02
6.666666666666667095e-03
2.800000000000000266e-01
1.353333333333333277e+00
0.000000000000000000e+00
2.000000000000000042e-02
9.666666666666667851e-02
1.266666666666666774e-01
1.666666666666666644e-02
1.199999999999999956e-01
1.199999999999999956e-01
0.000000000000000000e+00
1.700000000000000122e-01
2.699999999999999623e-01
2.233333333333333559e-01
7.933333333333333348e-01
8.000000000000000167e-02
3.800000000000000600e-01
5.699999999999999512e-01
8.766666666666665941e-01
6.166666666666666963e-01
4.799999999999999822e-01
8.666666666666666963e-02
2.233333333333333004e-01
3.666666666666666685e-02
0.000000000000000000e+00
2.533333333333333548e-01
4.666666666666666879e-02
5.000000000000000971e-02
2.433333333333333737e-01
2.366666666666666641e-01
1.733333333333333393e-01
8.000000000000000167e-02
1.110000000000000098e+00
2.666666666666666630e-01
0.000000000000000000e+00
0.000000000000000000e+00
1.233333333333333365e-01
6.666666666666667095e-03
6.666666666666667095e-03
1.666666666666666644e-02
5.666666666666666380e-02
3.666666666666666685e-02
7.333333333333333370e-02
1.566666666666666763e-01
1.000000000000000021e-02
1.000000000000000021e-02
1.733333333333333393e-01
3.166666666666666519e-01
5.999999999999999778e-02
1.000000000000000021e-02
3.333333333333333287e-02
0.000000000000000000e+00
8.666666666666666963e-02
1.666666666666666644e-02
1.300000000000000044e-01
8.333333333333332871e-02
1.000000000000000021e-02
2.333333333333333093e-01
1.099999999999999867e-01
1.400000000000000133e-01
2.266666666666666829e-01
3.666666666666666963e-01
2.600000000000000089e-01
4.433333333333333570e-01
1.756666666666666599e+00
2.333333333333333440e-02
2.000000000000000042e-02
8.666666666666666963e-02
7.333333333333333370e-02
1.000000000000000021e-02
8.666666666666666963e-02
1.066666666666666735e-01
2.000000000000000042e-02
5.999999999999999778e-02
2.566666666666666541e-01
9.000000000000001055e-02
3.333333333333333547e-03
3.333333333333333287e-02
5.666666666666667629e-01
4.666666666666666879e-02
0.000000000000000000e+00
2.999999999999999889e-02
1.663333333333333330e+00
1.000000000000000194e-01
1.000000000000000021e-02
3.333333333333333287e-02
7.333333333333334758e-02
5.666666666666666380e-02
0.000000000000000000e+00
8.166666666666665408e-01
7.933333333333333348e-01
0.000000000000000000e+00
0.000000000000000000e+00
2.800000000000000266e-01
9.866666666666666918e-01
0.000000000000000000e+00
2.899999999999999800e-01
1.429999999999999938e+00
1.333333333333333419e-02
5.666666666666666380e-02
8.166666666666667629e-01
7.333333333333333370e-02
6.666666666666666574e-02
3.333333333333333547e-03
3.699999999999999400e-01
1.666666666666666644e-02
3.333333333333333287e-02
7.666666666666667462e-02
9.000000000000001055e-02
7.000000000000000666e-02
2.366666666666666641e-01
2.366666666666666641e-01
1.966666666666666563e-01
1.333333333333333419e-02
1.060000000000000053e+00
2.366666666666666641e-01
0.000000000000000000e+00
3.633333333333333415e-01
6.333333333333333870e-02
4.533333333333333659e-01
1.900000000000000300e-01
8.333333333333333703e-01
8.366666666666667806e-01
1.333333333333333259e+00
1.333333333333333419e-02
2.000000000000000042e-02
1.466666666666666674e-01
1.066666666666666735e-01
1.233333333333333365e-01
1.000000000000000021e-02
6.666666666666666297e-01
1.366666666666666863e-01
1.433333333333333404e-01
4.666666666666666879e-02
7.099999999999999645e-01
2.066666666666666652e-01
2.899999999999999800e-01
4.000000000000000083e-02
1.193333333333333135e+00
0.000000000000000000e+00
6.333333333333333870e-02
5.999999999999999778e-02
9.666666666666666463e-02
1.733333333333333393e-01
2.766666666666666718e-01
5.666666666666667074e-02
2.666666666666666838e-02
3.133333333333332971e-01
1.166666666666666546e-01
6.666666666666666574e-02
2.000000000000000042e-02
1.936666666666666536e+00
5.333333333333333676e-02
1.366666666666666585e-01
0.000000000000000000e+00
1.143333333333333313e+00
3.000000000000000236e-02
8.000000000000000167e-02
6.666666666666667095e-03
1.366666666666666863e-01
6.666666666666667095e-03
1.333333333333333419e-02
2.000000000000000042e-02
0.000000000000000000e+00
2.033333333333333381e-01
0.000000000000000000e+00
0.000000000000000000e+00
0.000000000000000000e+00
2.233333333333333004e-01
4.000000000000000083e-02
9.000000000000001055e-02
2.133333333333333470e-01
9.300000000000000488e-01
3.833333333333333037e-01
1.536666666666666847e+00
3.800000000000000600e-01
9.333333333333332371e-01
4.400000000000000022e-01
6.633333333333334414e-01
5.033333333333332993e-01
3.999999999999999667e-01
5.933333333333333792e-01
2.533333333333333548e-01
3.333333333333333148e-01
1.000000000000000021e-02
2.000000000000000042e-02
4.333333333333333481e-02
6.666666666666667095e-03
8.333333333333332871e-02
2.766666666666666718e-01
3.333333333333333547e-03
1.000000000000000021e-02
2.233333333333333559e-01
7.299999999999999822e-01
0.000000000000000000e+00
0.000000000000000000e+00
6.566666666666667318e-01
3.333333333333333547e-03
0.000000000000000000e+00
2.933333333333332793e-01
1.050000000000000044e+00
2.999999999999999889e-02
3.333333333333333547e-03
5.833333333333333703e-01
2.999999999999999889e-02
4.499999999999999556e-01
0.000000000000000000e+00
7.599999999999998979e-01
3.333333333333333547e-03
6.333333333333333870e-02
1.666666666666666644e-02
6.633333333333332194e-01
1.666666666666666644e-02
2.233333333333333559e-01
6.666666666666666574e-02
3.333333333333333287e-02
4.333333333333333481e-02
2.833333333333333259e-01
2.866666666666666807e-01
3.000000000000000236e-02
4.000000000000000083e-02
2.800000000000000266e-01
1.000000000000000021e-02
1.316666666666666652e+00
1.133333333333333304e+00
3.299999999999999600e-01
6.566666666666667318e-01
7.000000000000000666e-01
5.666666666666667629e-01
4.733333333333333837e-01
2.766666666666666718e-01
1.053333333333333455e+00
1.333333333333333419e-02
1.186666666666666758e+00
3.166666666666666519e-01
4.700000000000000289e-01
1.000000000000000194e-01
2.333333333333333093e-01
2.099999999999999922e-01
5.800000000000000711e-01
1.000000000000000021e-02
8.033333333333333437e-01
1.333333333333333419e-02
4.333333333333333481e-02
6.333333333333333870e-02
0.000000000000000000e+00
0.000000000000000000e+00
6.333333333333333870e-02
3.333333333333333287e-02
6.966666666666666563e-01
5.000000000000000000e-01
1.233333333333333365e-01
9.433333333333333570e-01
1.813333333333333464e+00
7.033333333333332549e-01
1.866666666666666752e-01
3.333333333333333547e-03
7.500000000000000000e-01
2.933333333333332793e-01
3.333333333333333547e-03
2.166666666666666463e-01
9.666666666666666463e-02
6.166666666666666963e-01
2.666666666666666838e-02
6.433333333333334236e-01
3.433333333333333237e-01
5.666666666666667074e-02
3.733333333333332948e-01
4.299999999999999933e-01
6.666666666666667095e-03
0.000000000000000000e+00
0.000000000000000000e+00
2.333333333333333440e-02
2.299999999999999822e-01
1.933333333333333348e+00
2.999999999999999889e-01
2.700000000000000178e-01
2.166666666666666741e-01
1.333333333333333419e-02
0.000000000000000000e+00
5.400000000000000355e-01
7.333333333333334758e-02
0.000000000000000000e+00
2.333333333333333093e-02
4.000000000000000083e-02
3.333333333333333547e-03
0.000000000000000000e+00
5.666666666666666380e-02
1.466666666666666674e-01
5.666666666666667074e-02
3.000000000000000444e-01
1.699999999999999956e+00
5.333333333333333676e-02
6.300000000000000044e-01
4.400000000000000022e-01
3.333333333333333287e-02
4.400000000000000022e-01
1.000000000000000021e-02
4.999999999999999584e-02
5.999999999999999778e-02
3.733333333333333504e-01
2.013333333333333197e+00
3.466666666666666785e-01
1.340000000000000080e+00
1.966666666666666563e-01
6.099999999999999867e-01
4.333333333333333481e-01
7.333333333333334758e-02
1.300000000000000044e-01
7.666666666666667462e-02
8.766666666666665941e-01
1.933333333333333570e-01
8.333333333333332871e-02
6.199999999999999956e-01
1.100000000000000089e+00
4.666666666666666186e-01
1.100000000000000006e-01
4.000000000000000083e-02
1.866666666666666752e-01
8.000000000000000167e-02
2.466666666666666730e-01
1.443333333333333357e+00
1.113333333333333508e+00
3.766666666666666496e-01
6.033333333333333881e-01
4.666666666666666879e-02
3.133333333333332971e-01
5.566666666666667540e-01
2.533333333333333548e-01
4.666666666666666879e-02
1.666666666666666644e-02
3.333333333333333547e-03
1.600000000000000033e-01
0.000000000000000000e+00
6.666666666666667095e-03
1.399999999999999856e-01
5.400000000000000355e-01
8.666666666666666963e-02
1.179999999999999938e+00
3.766666666666666496e-01
3.333333333333333148e-01
7.600000000000001199e-01
9.866666666666666918e-01
1.416666666666666741e+00
9.833333333333332815e-01
1.166666666666666546e-01
3.633333333333332860e-01
8.933333333333332016e-01
2.666666666666666838e-02
3.333333333333333547e-03
8.599999999999999867e-01
3.200000000000000067e-01
0.000000000000000000e+00
3.766666666666666496e-01
1.199999999999999956e-01
2.866666666666666807e-01
1.239999999999999991e+00
2.199999999999999734e-01
5.666666666666667074e-02
1.173333333333333339e+00
1.566666666666666485e-01
6.666666666666667095e-03
1.633333333333333304e-01
3.666666666666666963e-01
5.000000000000000971e-02
2.666666666666666838e-02
4.633333333333333193e-01
4.000000000000000083e-02
1.139999999999999902e+00
0.000000000000000000e+00
1.333333333333333419e-02
5.366666666666667362e-01
5.666666666666667074e-02
0.000000000000000000e+00
4.633333333333333748e-01
3.533333333333333326e-01
1.766666666666666385e-01
2.833333333333333814e-01
1.233333333333333504e-01
0.000000000000000000e+00
3.666666666666667379e-02
3.066666666666666430e-01
7.666666666666666075e-02
1.499999999999999944e-01
7.666666666666667462e-02
0.000000000000000000e+00
0.000000000000000000e+00
0.000000000000000000e+00
1.900000000000000300e-01
3.333333333333333547e-03
1.333333333333333419e-02
4.399999999999999467e-01
8.033333333333333437e-01
9.633333333333332638e-01
3.000000000000000236e-02
2.366666666666666641e-01
1.333333333333333419e-02
6.666666666666667095e-03
2.333333333333333440e-02
1.333333333333333419e-02
1.833333333333333204e-01
1.533333333333333215e-01
5.333333333333333676e-02
6.333333333333333870e-02
1.133333333333333415e-01
3.000000000000000236e-02
0.000000000000000000e+00
1.199999999999999956e-01
5.033333333333334103e-01
4.333333333333333481e-01
3.000000000000000236e-02
8.000000000000000167e-02
1.466666666666666674e-01
1.033333333333333437e+00
0.000000000000000000e+00
3.333333333333333547e-03
3.266666666666666607e-01
2.666666666666666838e-02
0.000000000000000000e+00
9.999999999999999167e-02
7.900000000000000355e-01
1.999999999999999833e-01
6.666666666666667095e-03
6.466666666666667229e-01
4.133333333333333304e-01
5.233333333333333171e-01
9.333333333333333759e-02
2.666666666666666838e-02
1.000000000000000021e-02
2.333333333333333440e-02
5.666666666666667074e-02
2.000000000000000042e-02
2.600000000000000089e-01
6.433333333333334236e-01
5.433333333333333348e-01
1.866666666666666752e-01
3.833333333333333037e-01
9.999999999999999167e-02
3.033333333333332882e-01
2.366666666666666641e-01
6.666666666666667095e-03
3.566666666666666319e-01
8.333333333333333703e-01
1.333333333333333315e-01
1.066666666666666735e-01
7.233333333333332726e-01
1.333333333333333419e-02
5.433333333333333348e-01
6.766666666666666385e-01
6.333333333333333870e-02
7.266666666666666829e-01
6.666666666666666574e-02
7.433333333333332904e-01
7.166666666666666741e-01
8.900000000000000133e-01
4.456666666666666998e+00
