9.700000000000000844e-01
1.933333333333333293e-01
1.366666666666666474e+00
1.673333333333333117e+00
3.500000000000000333e-01
8.466666666666666785e-01
3.333333333333333547e-03
2.099999999999999922e-01
5.466666666666667451e-01
4.566666666666667207e-01
6.333333333333333870e-02
3.766666666666666496e-01
1.033333333333333326e-01
2.633333333333333637e-01
3.300000000000000155e-01
1.633333333333333304e-01
2.200000000000000011e-01
4.733333333333333282e-01
1.006666666666666599e+00
1.533333333333333215e-01
8.933333333333332016e-01
3.333333333333333287e-02
8.233333333333333615e-01
7.566666666666667096e-01
2.000000000000000042e-02
2.200000000000000011e-01
7.666666666666667185e-01
1.096666666666666679e+00
2.666666666666666838e-02
6.666666666666667095e-03
1.233333333333333365e-01
7.299999999999999822e-01
2.766666666666666718e-01
4.600000000000000200e-01
2.233333333333333559e-01
1.343333333333333490e+00
8.599999999999999867e-01
2.200000000000000011e-01
4.166666666666666852e-01
5.999999999999999778e-02
2.700000000000000178e-01
2.166666666666666463e-01
9.533333333333332549e-01
9.566666666666666652e-01
1.233333333333333365e-01
1.110000000000000098e+00
1.196666666666666545e+00
6.666666666666667095e-03
1.433333333333333404e-01
2.033333333333333381e-01
0.000000000000000000e+00
9.000000000000001055e-02
1.286666666666666847e+00
1.000000000000000021e-02
0.000000000000000000e+00
5.833333333333333703e-01
1.766666666666666663e-01
4.266666666666666941e-01
3.600000000000000422e-01
5.566666666666666430e-01
5.933333333333332682e-01
8.900000000000000133e-01
1.000000000000000021e-02
1.333333333333333315e-01
6.733333333333333393e-01
6.766666666666667496e-01
1.966666666666666563e-01
1.833333333333333481e-01
3.300000000000000155e-01
1.813333333333333242e+00
1.333333333333333419e-02
0.000000000000000000e+00
1.746666666666666812e+00
8.000000000000000167e-02
3.333333333333333287e-02
0.000000000000000000e+00
2.999999999999999889e-02
2.200000000000000011e-01
8.000000000000000167e-02
1.666666666666666574e-01
1.743333333333333401e+00
