8.033333333333333437e-01
1.333333333333333419e-02
1.466666666666666674e-01
2.666666666666666838e-02
2.999999999999999889e-02
7.666666666666667462e-02
0.000000000000000000e+00
1.333333333333333419e-02
7.666666666666667462e-02
7.000000000000000666e-02
3.333333333333333547e-03
1.000000000000000021e-02
2.999999999999999889e-02
6.666666666666667095e-03
3.000000000000000236e-02
1.800000000000000211e-01
2.600000000000000089e-01
0.000000000000000000e+00
8.366666666666665586e-01
1.000000000000000194e-01
5.333333333333334370e-02
6.666666666666666574e-02
1.233333333333333365e-01
4.000000000000000083e-02
9.999999999999999167e-02
9.666666666666666463e-02
2.999999999999999889e-02
0.000000000000000000e+00
1.333333333333333419e-02
5.666666666666666380e-02
0.000000000000000000e+00
0.000000000000000000e+00
6.533333333333333215e-01
8.333333333333332871e-02
1.666666666666666644e-02
2.666666666666666630e-01
3.300000000000000155e-01
1.766666666666666663e-01
1.333333333333333419e-02
5.933333333333333792e-01
1.300000000000000044e-01
6.333333333333333870e-02
2.333333333333333440e-02
1.099999999999999867e-01
9.966666666666665897e-01
2.333333333333333440e-02
6.666666666666667095e-03
3.333333333333333547e-03
1.333333333333333419e-02
9.333333333333333759e-02
3.333333333333333547e-03
5.333333333333333676e-02
4.900000000000000466e-01
9.666666666666667851e-02
2.000000000000000042e-02
8.000000000000000167e-02
7.666666666666666075e-02
5.333333333333333676e-02
2.666666666666666838e-02
5.999999999999999778e-02
1.766666666666666663e-01
1.466666666666666952e-01
1.999999999999999833e-01
3.899999999999999578e-01
5.499999999999999334e-01
5.333333333333333676e-02
0.000000000000000000e+00
9.000000000000001055e-02
1.666666666666666644e-02
3.333333333333333547e-03
1.000000000000000021e-02
4.999999999999999584e-02
1.050000000000000044e+00
5.000000000000000971e-02
6.333333333333333870e-02
8.666666666666666963e-02
2.500000000000000555e-01
8.666666666666666963e-02
3.266666666666666607e-01
2.600000000000000089e-01
1.349999999999999867e+00
8.666666666666666963e-02
3.366666666666666696e-01
1.866666666666666474e-01
4.133333333333333304e-01
2.766666666666666718e-01
2.933333333333332793e-01
2.000000000000000042e-02
3.666666666666666685e-02
3.066666666666666985e-01
2.033333333333333381e-01
2.270000000000000018e+00
7.433333333333332904e-01
2.333333333333333093e-02
1.066666666666666458e-01
9.999999999999999167e-02
5.666666666666667074e-02
1.433333333333333404e-01
0.000000000000000000e+00
7.666666666666667462e-02
1.400000000000000133e-01
3.333333333333333287e-02
3.333333333333333547e-03
3.666666666666667379e-02
2.333333333333333440e-02
0.000000000000000000e+00
3.666666666666667379e-02
7.666666666666667462e-02
1.233333333333333365e-01
0.000000000000000000e+00
4.599999999999999645e-01
5.666666666666666380e-02
9.000000000000001055e-02
2.233333333333333004e-01
4.666666666666666879e-02
0.000000000000000000e+00
4.666666666666666879e-02
1.366666666666666863e-01
5.333333333333333676e-02
0.000000000000000000e+00
1.000000000000000021e-02
2.933333333333333348e-01
6.666666666666667095e-03
0.000000000000000000e+00
7.433333333333332904e-01
1.333333333333333315e-01
3.333333333333333547e-03
1.499999999999999944e-01
1.700000000000000122e-01
1.600000000000000033e-01
0.000000000000000000e+00
1.076666666666666883e+00
4.333333333333332926e-01
1.700000000000000122e-01
1.166666666666666546e-01
1.866666666666666474e-01
4.099999999999999756e-01
1.166666666666666546e-01
4.333333333333333481e-02
0.000000000000000000e+00
0.000000000000000000e+00
1.033333333333333326e-01
3.333333333333333547e-03
1.000000000000000021e-02
4.333333333333333481e-01
1.233333333333333087e-01
3.333333333333333547e-03
2.666666666666666838e-02
4.333333333333333481e-02
1.066666666666666735e-01
5.999999999999999778e-02
1.466666666666666674e-01
6.999999999999999278e-02
4.666666666666666879e-02
7.666666666666667462e-02
1.166666666666666546e-01
9.666666666666667851e-02
1.199999999999999956e-01
2.000000000000000042e-02
5.666666666666667074e-02
1.333333333333333419e-02
0.000000000000000000e+00
4.000000000000000083e-02
4.666666666666666879e-02
7.699999999999999067e-01
0.000000000000000000e+00
2.000000000000000042e-02
3.333333333333333287e-02
7.333333333333333370e-02
1.000000000000000021e-02
1.233333333333333365e-01
1.233333333333333365e-01
1.369999999999999885e+00
9.333333333333333759e-02
2.266666666666666552e-01
6.333333333333333870e-02
2.066666666666666652e-01
1.833333333333333204e-01
3.466666666666666785e-01
1.033333333333333326e-01
1.300000000000000044e-01
9.000000000000001055e-02
1.000000000000000021e-02
1.013333333333333419e+00
