2.400000000000000189e-01
1.866666666666666752e-01
3.099999999999999978e-01
3.666666666666666685e-02
7.266666666666666829e-01
1.866666666666666752e-01
1.833333333333333481e-01
4.033333333333333215e-01
7.933333333333333348e-01
1.133333333333333304e+00
6.666666666666667095e-03
1.366666666666666863e-01
1.966666666666666563e-01
5.133333333333333082e-01
1.266666666666666774e-01
1.033333333333333326e-01
1.059999999999999831e+00
1.349999999999999867e+00
8.933333333333332016e-01
2.033333333333333381e-01
1.713333333333333597e+00
3.333333333333333148e-01
9.066666666666666208e-01
1.666666666666666644e-02
9.566666666666666652e-01
3.633333333333332860e-01
1.666666666666666644e-02
9.333333333333333759e-02
3.333333333333333547e-03
5.666666666666666380e-02
1.566666666666666485e-01
2.566666666666666541e-01
1.366666666666666863e-01
9.499999999999998446e-01
1.600000000000000033e-01
1.533333333333333492e-01
3.533333333333333326e-01
1.633333333333333304e-01
2.433333333333333182e-01
4.600000000000000200e-01
1.866666666666666752e-01
1.250000000000000000e+00
3.599999999999999312e-01
2.333333333333333440e-02
7.299999999999999822e-01
3.933333333333333126e-01
2.166666666666666741e-01
5.166666666666667185e-01
9.666666666666667851e-02
1.700000000000000122e-01
2.666666666666666838e-02
8.733333333333334059e-01
1.366666666666666863e-01
4.333333333333333481e-02
6.666666666666666297e-01
1.013333333333333419e+00
2.000000000000000042e-02
1.333333333333333315e-01
1.300000000000000044e-01
8.633333333333332860e-01
9.000000000000001055e-02
4.333333333333333481e-02
1.733333333333333393e-01
1.173333333333333339e+00
2.166666666666666741e-01
3.666666666666666685e-02
4.000000000000000083e-02
7.333333333333333370e-02
1.600000000000000033e-01
6.666666666666667095e-03
5.733333333333332504e-01
8.000000000000000167e-02
6.666666666666666574e-02
8.666666666666666963e-02
2.666666666666666838e-02
0.000000000000000000e+00
8.333333333333332871e-02
9.999999999999999167e-02
5.899999999999999689e-01
1.296666666666666634e+00
1.646666666666666501e+00
1.480000000000000204e+00
5.100000000000000089e-01
1.966666666666666563e-01
3.533333333333333326e-01
1.733333333333333393e-01
1.666666666666666574e-01
1.366666666666666863e-01
1.300000000000000044e-01
8.000000000000000167e-02
1.203333333333333366e+00
2.733333333333333171e-01
1.166666666666666546e-01
