7.666666666666666075e-01
1.423333333333333117e+00
2.166666666666666741e-01
3.333333333333333547e-03
4.000000000000000083e-02
8.666666666666666963e-01
1.700000000000000122e-01
0.000000000000000000e+00
4.466666666666667118e-01
1.583333333333333259e+00
3.333333333333333287e-02
6.666666666666667095e-03
6.499999999999999112e-01
2.666666666666666838e-02
4.000000000000000083e-02
8.433333333333333792e-01
9.766666666666665719e-01
1.166666666666666546e-01
3.033333333333333437e-01
9.199999999999999289e-01
8.333333333333332871e-02
5.000000000000000971e-02
5.000000000000000000e-01
5.566666666666666430e-01
3.333333333333333547e-03
1.333333333333333419e-02
2.933333333333332793e-01
3.333333333333333547e-03
0.000000000000000000e+00
6.666666666666667095e-03
5.699999999999999512e-01
2.333333333333333440e-02
1.333333333333333419e-02
7.033333333333332549e-01
7.999999999999999334e-01
3.466666666666666785e-01
4.666666666666666879e-02
8.300000000000000711e-01
1.266666666666666774e-01
1.566666666666666485e-01
1.073333333333333250e+00
2.933333333333332793e-01
3.666666666666667379e-02
4.133333333333333304e-01
1.270000000000000018e+00
1.666666666666666644e-02
9.666666666666667851e-02
4.599999999999999645e-01
1.233333333333333393e+00
0.000000000000000000e+00
6.400000000000000133e-01
1.499999999999999944e-01
6.366666666666666030e-01
0.000000000000000000e+00
1.036666666666666625e+00
4.599999999999999645e-01
0.000000000000000000e+00
1.933333333333333570e-01
1.316666666666666652e+00
2.633333333333333637e-01
1.633333333333333304e-01
1.073333333333333250e+00
4.899999999999999356e-01
1.233333333333333365e-01
3.499999999999999223e-01
9.133333333333334414e-01
1.006666666666666599e+00
4.966666666666666452e-01
0.000000000000000000e+00
3.866666666666667140e-01
9.933333333333332904e-01
1.133333333333333415e-01
0.000000000000000000e+00
8.566666666666667984e-01
4.700000000000000289e-01
0.000000000000000000e+00
1.033333333333333326e-01
7.933333333333333348e-01
7.666666666666667462e-02
1.366666666666666585e-01
6.666666666666667095e-03
5.999999999999999778e-02
4.199999999999999845e-01
2.066666666666666652e-01
0.000000000000000000e+00
0.000000000000000000e+00
7.099999999999999645e-01
9.333333333333333759e-02
2.333333333333333440e-02
3.499999999999999223e-01
1.040000000000000036e+00
5.433333333333333348e-01
2.333333333333333093e-01
1.266666666666666774e-01
8.666666666666666963e-02
2.000000000000000042e-02
8.000000000000000167e-02
5.666666666666666519e-01
0.000000000000000000e+00
1.399999999999999856e-01
9.300000000000000488e-01
5.666666666666667074e-02
4.799999999999999822e-01
7.600000000000001199e-01
8.000000000000000167e-02
1.700000000000000122e-01
3.233333333333333059e-01
9.966666666666665897e-01
2.999999999999999889e-02
9.799999999999999822e-01
1.593333333333333490e+00
7.666666666666667462e-02
5.699999999999999512e-01
3.066666666666666985e-01
1.003333333333333188e+00
5.899999999999999689e-01
1.349999999999999867e+00
4.733333333333333282e-01
4.266666666666666941e-01
3.600000000000000422e-01
2.169999999999999929e+00
