8.199999999999999512e-01
9.999999999999999167e-02
1.966666666666666563e-01
2.933333333333333903e-01
1.710000000000000187e+00
2.299999999999999822e-01
2.733333333333333726e-01
1.030000000000000027e+00
1.136666666666666714e+00
1.866666666666666474e-01
1.356666666666666687e+00
1.150000000000000133e+00
3.400000000000000244e-01
2.000000000000000042e-02
1.100000000000000006e-01
1.399999999999999856e-01
9.666666666666667851e-02
1.600000000000000033e-01
5.000000000000000971e-02
8.666666666666666963e-02
4.133333333333333304e-01
2.000000000000000042e-02
3.666666666666666963e-01
1.370000000000000107e+00
