9.700000000000000844e-01
2.699999999999999623e-01
8.533333333333333881e-01
3.566666666666666319e-01
6.333333333333333870e-02
2.200000000000000011e-01
1.833333333333333481e-01
0.000000000000000000e+00
1.400000000000000133e-01
3.666666666666666685e-02
8.333333333333332871e-02
1.633333333333333304e-01
3.433333333333332682e-01
9.433333333333333570e-01
2.433333333333333182e-01
6.000000000000000472e-02
2.399999999999999911e-01
1.766666666666666663e-01
8.000000000000000167e-02
3.333333333333333287e-02
1.000000000000000021e-02
0.000000000000000000e+00
4.333333333333333481e-02
6.666666666666666574e-02
1.366666666666666863e-01
9.333333333333333759e-02
4.333333333333333481e-02
6.666666666666666574e-02
2.766666666666666718e-01
0.000000000000000000e+00
4.333333333333333481e-02
6.666666666666667095e-03
4.733333333333333282e-01
