1.146666666666666723e+00
9.566666666666666652e-01
1.899999999999999745e-01
1.033333333333333326e-01
8.366666666666665586e-01
1.999999999999999833e-01
3.166666666666666519e-01
2.200000000000000011e-01
1.523333333333333428e+00
7.533333333333334103e-01
4.666666666666666186e-01
4.566666666666667207e-01
1.000000000000000194e-01
4.066666666666666763e-01
4.833333333333333925e-01
5.633333333333333526e-01
1.333333333333333315e-01
1.000000000000000021e-02
1.176666666666666750e+00
4.966666666666666452e-01
1.100000000000000006e-01
7.099999999999999645e-01
1.033333333333333326e-01
1.666666666666666574e-01
2.466666666666666730e-01
2.733333333333333171e-01
3.366666666666666696e-01
8.000000000000000167e-02
2.399999999999999911e-01
2.226666666666666572e+00
2.333333333333333093e-02
1.600000000000000033e-01
1.489999999999999991e+00
2.266666666666666552e-01
1.333333333333333419e-02
2.466666666666666730e-01
7.733333333333334281e-01
2.999999999999999889e-02
3.433333333333333237e-01
4.433333333333333570e-01
1.433333333333333404e-01
1.499999999999999944e-01
1.266666666666666829e+00
2.299999999999999822e-01
2.333333333333333093e-02
8.333333333333332871e-02
1.000000000000000194e-01
1.900000000000000300e-01
1.300000000000000044e-01
6.500000000000000222e-01
1.600000000000000033e-01
4.266666666666666941e-01
8.366666666666665586e-01
0.000000000000000000e+00
0.000000000000000000e+00
1.286666666666666625e+00
1.600000000000000033e-01
1.000000000000000021e-02
1.366666666666666863e-01
7.533333333333334103e-01
0.000000000000000000e+00
0.000000000000000000e+00
4.833333333333333370e-01
4.333333333333333481e-02
3.400000000000000244e-01
3.366666666666666696e-01
0.000000000000000000e+00
2.066666666666666652e-01
4.199999999999999845e-01
7.866666666666667362e-01
