8.766666666666665941e-01
5.999999999999999778e-02
4.000000000000000083e-02
2.999999999999999889e-02
8.333333333333332871e-02
6.333333333333333870e-02
2.000000000000000042e-02
1.000000000000000021e-02
1.166666666666666546e-01
1.333333333333333419e-02
2.000000000000000042e-02
0.000000000000000000e+00
1.666666666666666644e-02
2.999999999999999889e-02
2.999999999999999889e-02
2.000000000000000042e-02
7.000000000000000666e-02
6.666666666666667095e-03
0.000000000000000000e+00
2.333333333333333440e-02
9.333333333333333759e-02
4.333333333333333481e-02
6.333333333333333870e-02
5.999999999999999778e-02
3.066666666666666985e-01
5.333333333333333676e-02
1.999999999999999833e-01
6.500000000000000222e-01
9.666666666666666741e-01
1.860000000000000098e+00
4.839999999999999858e+00
