9.633333333333333748e-01
9.933333333333332904e-01
9.000000000000001055e-02
1.633333333333333304e-01
1.966666666666666841e-01
1.000000000000000021e-02
3.066666666666666985e-01
9.899999999999998801e-01
2.533333333333333548e-01
3.333333333333333547e-03
4.400000000000000022e-01
2.166666666666666741e-01
1.566666666666666485e-01
4.766666666666667385e-01
2.133333333333333470e-01
1.566666666666666652e+00
2.366666666666666641e-01
4.166666666666666852e-01
1.546666666666666634e+00
2.133333333333333470e-01
2.666666666666666838e-02
2.033333333333333381e-01
1.300000000000000044e-01
2.000000000000000042e-02
3.899999999999999578e-01
2.133333333333333470e-01
9.666666666666667851e-02
1.833333333333333481e-01
3.333333333333333148e-01
9.533333333333332549e-01
6.366666666666666030e-01
2.000000000000000042e-02
1.766666666666666663e-01
0.000000000000000000e+00
1.800000000000000211e-01
6.633333333333332194e-01
1.166666666666666824e-01
8.566666666666667984e-01
3.300000000000000155e-01
1.366666666666666918e+00
