9.433333333333332460e-01
1.013333333333333419e+00
1.050000000000000044e+00
2.066666666666666652e-01
1.913333333333333330e+00
1.466666666666666952e-01
4.799999999999999822e-01
1.266666666666666774e-01
2.299999999999999822e-01
2.333333333333333648e-01
9.333333333333333759e-02
3.066666666666666985e-01
9.666666666666667851e-02
6.866666666666666474e-01
8.333333333333332871e-02
7.799999999999999156e-01
2.500000000000000000e-01
8.333333333333333703e-01
9.699999999999998623e-01
1.013333333333333419e+00
3.400000000000000244e-01
6.633333333333334414e-01
1.933333333333333570e-01
8.666666666666666963e-02
0.000000000000000000e+00
6.999999999999999278e-02
0.000000000000000000e+00
2.399999999999999911e-01
4.000000000000000083e-02
3.666666666666666408e-01
9.000000000000001055e-02
1.853333333333333499e+00
7.933333333333333348e-01
1.600000000000000033e-01
1.033333333333333465e-01
2.223333333333333162e+00
9.566666666666666652e-01
3.733333333333333504e-01
4.000000000000000083e-02
1.310000000000000053e+00
1.766666666666666663e-01
1.833333333333333481e-01
2.133333333333333470e-01
1.923333333333333117e+00
1.040000000000000036e+00
2.433333333333333182e-01
1.166666666666666546e-01
8.666666666666666963e-02
4.000000000000000083e-02
4.000000000000000083e-02
3.666666666666666685e-02
1.333333333333333419e-02
1.333333333333333419e-02
5.333333333333333676e-02
2.533333333333333548e-01
8.166666666666667629e-01
1.199999999999999956e-01
2.799999999999999711e-01
7.666666666666667462e-02
1.366666666666666863e-01
1.026666666666666616e+00
7.666666666666666075e-02
5.999999999999999778e-02
1.566666666666666763e-01
1.066666666666666735e-01
9.000000000000001055e-02
9.333333333333333759e-02
1.866666666666666474e-01
1.666666666666666574e-01
5.333333333333333676e-02
8.000000000000000167e-02
3.333333333333333547e-03
8.433333333333333792e-01
1.266666666666666774e-01
5.166666666666666075e-01
1.966666666666666563e-01
1.660000000000000142e+00
1.133333333333333276e-01
2.403333333333333766e+00
6.700000000000000400e-01
9.999999999999999167e-02
4.333333333333333481e-02
8.666666666666666963e-01
2.533333333333333548e-01
1.996666666666666812e+00
6.566666666666667318e-01
6.666666666666667095e-03
1.066666666666666735e-01
1.766666666666666663e-01
1.600000000000000033e-01
2.266666666666666829e-01
2.799999999999999711e-01
1.366666666666666863e-01
2.999999999999999889e-02
4.366666666666667029e-01
8.333333333333332871e-02
1.633333333333333304e-01
0.000000000000000000e+00
2.333333333333333440e-02
0.000000000000000000e+00
1.506666666666666821e+00
7.633333333333333082e-01
1.696666666666666545e+00
6.833333333333332371e-01
9.666666666666666463e-02
6.366666666666666030e-01
2.183333333333333570e+00
1.863333333333333286e+00
1.433333333333333404e-01
1.833333333333333481e-01
2.600000000000000089e-01
2.783333333333333215e+00
5.733333333333333615e-01
1.419999999999999929e+00
