1.650000000000000133e+00
4.866666666666666363e-01
1.600000000000000033e-01
7.400000000000001021e-01
1.433333333333333348e+00
4.933333333333333459e-01
5.100000000000000089e-01
2.033333333333333381e-01
1.626666666666666705e+00
1.856666666666666687e+00
7.033333333333332549e-01
6.166666666666666963e-01
6.400000000000000133e-01
1.900000000000000300e-01
1.866666666666666752e-01
1.633333333333333304e-01
7.433333333333332904e-01
2.266666666666666552e-01
2.933333333333332793e-01
1.833333333333333204e-01
2.233333333333333393e+00
7.000000000000000666e-02
4.233333333333333393e-01
1.330000000000000071e+00
1.933333333333333293e-01
1.250000000000000000e+00
9.333333333333334592e-01
5.966666666666666785e-01
6.699999999999999289e-01
5.666666666666666519e-01
8.199999999999999512e-01
4.766666666666667385e-01
9.066666666666667318e-01
2.303333333333333233e+00
2.566666666666666541e-01
4.733333333333333282e-01
1.899999999999999745e-01
2.439999999999999947e+00
7.600000000000001199e-01
9.133333333333334414e-01
1.669999999999999929e+00
4.166666666666666852e-01
8.033333333333333437e-01
6.266666666666667052e-01
4.433333333333333570e-01
5.400000000000000355e-01
9.000000000000001055e-02
1.143333333333333313e+00
2.866666666666666807e-01
1.366666666666666585e-01
9.666666666666667851e-02
5.333333333333333259e-01
1.139999999999999902e+00
8.033333333333333437e-01
5.333333333333333676e-02
1.099999999999999867e-01
1.266666666666666774e-01
1.300000000000000044e-01
4.333333333333333481e-02
1.173333333333333339e+00
1.126666666666666705e+00
2.466666666666666730e-01
1.200000000000000094e-01
8.666666666666666963e-02
7.366666666666666918e-01
4.166666666666666852e-01
1.503333333333333188e+00
2.133333333333333470e-01
2.200000000000000011e-01
4.500000000000000111e-01
1.209999999999999964e+00
5.333333333333333676e-02
3.833333333333333037e-01
9.833333333333332815e-01
1.700000000000000122e-01
1.726666666666666572e+00
4.766666666666667385e-01
1.869999999999999885e+00
1.116666666666666474e+00
1.199999999999999956e-01
5.433333333333333348e-01
5.866666666666665586e-01
7.333333333333333370e-02
1.799999999999999656e-01
3.600000000000000422e-01
7.666666666666666075e-02
1.453333333333333366e+00
1.806666666666666643e+00
1.199999999999999956e-01
6.099999999999999867e-01
1.073333333333333250e+00
1.366666666666666863e-01
3.333333333333333287e-02
1.040000000000000036e+00
8.866666666666667140e-01
1.333333333333333315e-01
6.666666666666666574e-02
3.333333333333333287e-02
1.320000000000000062e+00
3.333333333333333287e-02
9.666666666666667851e-02
4.666666666666666879e-02
3.666666666666666685e-02
5.000000000000000971e-02
2.600000000000000089e-01
9.666666666666667851e-02
3.333333333333333547e-03
5.699999999999999512e-01
8.599999999999999867e-01
6.933333333333333570e-01
1.356666666666666687e+00
2.256666666666666821e+00
7.033333333333332549e-01
6.833333333333332371e-01
1.633333333333333304e-01
2.566666666666666541e-01
3.266666666666666607e-01
3.333333333333333148e-01
3.833333333333333037e-01
1.423333333333333561e+00
1.630000000000000115e+00
8.033333333333333437e-01
3.966666666666666674e-01
1.239999999999999991e+00
3.200000000000000067e-01
7.033333333333332549e-01
