9.166666666666666297e-01
1.566666666666666485e-01
4.733333333333333282e-01
5.466666666666667451e-01
3.333333333333333547e-03
2.433333333333333182e-01
5.133333333333333082e-01
2.666666666666666630e-01
8.666666666666666963e-02
4.866666666666666363e-01
9.666666666666666463e-02
2.333333333333333440e-02
1.099999999999999867e-01
7.666666666666667462e-02
1.243333333333333401e+00
6.333333333333333870e-02
5.966666666666666785e-01
1.733333333333333393e-01
1.366666666666666863e-01
6.733333333333333393e-01
8.666666666666666963e-02
1.000000000000000021e-02
4.000000000000000083e-02
6.333333333333333870e-02
0.000000000000000000e+00
1.043333333333333224e+00
1.333333333333333419e-02
2.333333333333333440e-02
9.666666666666667851e-02
3.333333333333333287e-02
7.000000000000000666e-02
5.333333333333333676e-02
2.133333333333333470e-01
7.000000000000000666e-02
1.933333333333333570e-01
0.000000000000000000e+00
3.666666666666666685e-02
3.666666666666667379e-02
1.626666666666666927e+00
4.000000000000000083e-02
1.199999999999999956e+00
1.330000000000000071e+00
1.666666666666666644e-02
2.000000000000000042e-02
0.000000000000000000e+00
1.503333333333333188e+00
1.200000000000000094e-01
1.233333333333333504e-01
9.766666666666665719e-01
3.966666666666666674e-01
0.000000000000000000e+00
1.600000000000000033e-01
1.316666666666666652e+00
1.433333333333333404e-01
0.000000000000000000e+00
2.999999999999999889e-02
6.000000000000000472e-02
3.433333333333332682e-01
