1.316666666666666652e+00
1.733333333333333393e-01
2.899999999999999800e-01
1.300000000000000044e-01
2.999999999999999889e-01
1.099999999999999867e-01
2.900000000000000355e-01
2.766666666666666718e-01
2.433333333333333182e-01
9.333333333333333759e-02
1.166666666666666546e-01
1.489999999999999991e+00
1.200000000000000094e-01
1.566666666666666485e-01
9.000000000000000222e-01
8.666666666666666963e-02
1.156666666666666510e+00
1.393333333333333535e+00
5.999999999999999778e-02
4.366666666666667029e-01
1.176666666666666750e+00
8.666666666666666963e-02
1.000000000000000021e-02
3.500000000000000333e-01
5.799999999999999600e-01
7.000000000000000666e-02
9.333333333333332371e-02
3.799999999999999489e-01
1.096666666666666679e+00
