5.666666666666666519e-01
7.700000000000000178e-01
6.666666666666666574e-02
3.333333333333333547e-03
7.000000000000000666e-02
3.733333333333333504e-01
1.966666666666666841e-01
9.366666666666666474e-01
9.666666666666667851e-02
7.366666666666666918e-01
6.166666666666666963e-01
8.666666666666666963e-02
2.466666666666666730e-01
5.666666666666667629e-01
1.233333333333333365e-01
7.666666666666667462e-02
0.000000000000000000e+00
1.333333333333333419e-02
0.000000000000000000e+00
4.333333333333333481e-02
1.000000000000000021e-02
5.666666666666667074e-02
4.566666666666667207e-01
4.666666666666666879e-02
1.466666666666666674e-01
2.766666666666666718e-01
1.736666666666666581e+00
8.666666666666666963e-02
5.033333333333332993e-01
1.333333333333333419e-02
3.333333333333333547e-03
2.633333333333333637e-01
0.000000000000000000e+00
3.000000000000000236e-02
1.333333333333333315e-01
1.000000000000000021e-02
1.366666666666666585e-01
1.076666666666666439e+00
4.500000000000000111e-01
5.999999999999999778e-02
1.300000000000000044e-01
1.133333333333333415e-01
8.666666666666666963e-01
7.733333333333333171e-01
8.000000000000000167e-02
2.333333333333333093e-01
7.666666666666667462e-02
8.433333333333333792e-01
3.666666666666666685e-02
3.800000000000000600e-01
6.466666666666666119e-01
1.086666666666666670e+00
1.059999999999999831e+00
3.166666666666666519e-01
2.433333333333333182e-01
1.933333333333333293e-01
1.633333333333333304e-01
6.666666666666667095e-03
2.999999999999999889e-02
3.866666666666667140e-01
4.999999999999999584e-02
1.199999999999999956e+00
1.023333333333333206e+00
1.533333333333333437e+00
1.433333333333333404e-01
7.333333333333333925e-01
2.666666666666666838e-02
1.033333333333333326e-01
6.666666666666667095e-03
2.000000000000000042e-02
0.000000000000000000e+00
1.333333333333333419e-02
0.000000000000000000e+00
7.433333333333332904e-01
7.700000000000000178e-01
2.533333333333333548e-01
9.333333333333332371e-01
4.833333333333333925e-01
1.000000000000000194e-01
5.333333333333334370e-02
2.766666666666666718e-01
8.333333333333332871e-02
1.333333333333333419e-02
9.633333333333332638e-01
9.000000000000000222e-01
2.466666666666666730e-01
5.333333333333333676e-02
2.433333333333333182e-01
6.333333333333333037e-01
