8.966666666666666119e-01
1.333333333333333419e-02
1.433333333333333404e-01
2.700000000000000178e-01
3.233333333333333615e-01
9.033333333333333215e-01
1.033333333333333326e-01
2.266666666666666552e-01
7.333333333333334758e-02
4.299999999999999933e-01
1.199999999999999956e-01
2.399999999999999911e-01
6.533333333333333215e-01
4.999999999999999584e-02
8.266666666666666607e-01
2.166666666666666741e-01
4.400000000000000022e-01
5.333333333333333259e-01
7.333333333333333370e-02
9.333333333333334592e-01
1.110000000000000098e+00
2.166666666666666463e-01
3.466666666666666785e-01
1.233333333333333365e-01
1.833333333333333481e-01
4.666666666666666879e-02
1.333333333333333419e-02
1.199999999999999956e-01
4.666666666666666879e-02
5.000000000000000971e-02
3.333333333333333287e-02
1.033333333333333326e-01
6.333333333333333870e-02
0.000000000000000000e+00
3.666666666666666685e-02
1.100000000000000006e-01
4.933333333333333459e-01
0.000000000000000000e+00
3.000000000000000236e-02
1.389999999999999902e+00
7.099999999999999645e-01
3.099999999999999978e-01
3.666666666666666685e-02
8.733333333333334059e-01
1.466666666666666397e-01
2.200000000000000011e-01
4.666666666666666879e-02
1.700000000000000122e-01
1.533333333333333492e-01
0.000000000000000000e+00
9.666666666666667851e-02
2.366666666666666641e-01
1.566666666666666652e+00
1.133333333333333304e+00
1.559999999999999831e+00
1.479999999999999760e+00
2.366666666666666641e-01
1.666666666666666644e-02
2.000000000000000389e-01
4.799999999999999822e-01
1.033333333333333326e-01
3.333333333333333148e-01
5.666666666666666380e-02
1.133333333333333276e-01
4.666666666666666879e-02
6.666666666666667095e-03
1.933333333333333570e-01
1.186666666666666758e+00
2.533333333333333548e-01
1.090000000000000080e+00
9.666666666666667851e-02
2.600000000000000089e-01
0.000000000000000000e+00
1.566666666666666485e-01
2.700000000000000178e-01
1.566666666666666485e-01
8.333333333333332871e-02
1.150000000000000133e+00
2.633333333333333637e-01
3.066666666666666430e-01
2.066666666666666652e-01
5.633333333333333526e-01
7.333333333333333370e-02
1.733333333333333393e-01
8.333333333333332871e-02
6.666666666666667095e-03
1.366666666666666863e-01
2.766666666666666718e-01
8.666666666666666963e-02
7.666666666666667462e-02
1.099999999999999867e-01
1.000000000000000194e-01
8.333333333333332871e-02
3.166666666666666519e-01
6.666666666666666574e-02
1.129999999999999893e+00
1.499999999999999944e-01
1.933333333333333293e-01
5.000000000000000971e-02
1.399999999999999856e-01
1.333333333333333315e-01
5.000000000000000971e-02
6.533333333333333215e-01
1.466666666666666674e-01
3.333333333333333547e-03
2.233333333333333559e-01
1.066666666666666874e-01
1.066666666666666735e-01
1.700000000000000122e-01
1.966666666666666841e-01
5.333333333333333676e-02
0.000000000000000000e+00
5.400000000000000355e-01
1.060000000000000053e+00
2.666666666666666630e-01
3.833333333333333037e-01
3.200000000000000067e-01
1.366666666666666863e-01
9.666666666666666463e-02
1.833333333333333481e-01
2.066666666666666652e-01
1.566666666666666763e-01
7.500000000000000000e-01
1.066666666666666458e-01
4.366666666666667029e-01
9.999999999999999167e-02
2.999999999999999889e-02
4.566666666666667207e-01
9.900000000000001021e-01
3.466666666666666785e-01
1.399999999999999856e-01
3.333333333333333148e-01
8.333333333333332871e-02
5.000000000000000000e-01
1.900000000000000300e-01
3.300000000000000155e-01
1.966666666666666563e-01
2.666666666666666838e-02
5.333333333333333676e-02
7.333333333333333370e-02
1.266666666666666774e-01
2.366666666666666641e-01
5.999999999999999778e-02
1.666666666666666644e-02
7.666666666666666075e-02
1.366666666666666585e-01
4.466666666666667118e-01
2.333333333333333093e-01
0.000000000000000000e+00
1.333333333333333315e-01
0.000000000000000000e+00
1.833333333333333481e-01
1.433333333333333404e-01
2.399999999999999911e-01
5.533333333333333437e-01
4.966666666666666452e-01
1.333333333333333419e-02
1.966666666666666563e-01
5.999999999999999778e-02
1.233333333333333365e-01
1.900000000000000300e-01
4.999999999999999584e-02
2.999999999999999889e-01
1.766666666666666663e-01
4.000000000000000083e-02
7.333333333333333370e-02
5.999999999999999778e-01
1.400000000000000133e-01
8.333333333333332871e-02
4.999999999999999584e-02
1.499999999999999944e-01
1.033333333333333326e-01
0.000000000000000000e+00
2.833333333333333814e-01
3.300000000000000155e-01
7.166666666666666741e-01
1.399999999999999856e-01
9.000000000000001055e-02
2.166666666666666741e-01
0.000000000000000000e+00
1.099999999999999867e-01
1.666666666666666644e-02
4.766666666666666274e-01
