1.270000000000000240e+00
1.000000000000000222e+00
1.360000000000000098e+00
2.333333333333333440e-02
5.666666666666666380e-02
1.546666666666666856e+00
6.433333333333334236e-01
2.333333333333333440e-02
3.833333333333333592e-01
1.300000000000000044e-01
6.900000000000000577e-01
1.566666666666666485e-01
1.016666666666666607e+00
2.000000000000000389e-01
8.000000000000000167e-02
1.566666666666666763e-01
2.666666666666666838e-02
1.333333333333333315e-01
9.133333333333334414e-01
1.000000000000000021e-02
4.333333333333333481e-02
3.133333333333332971e-01
2.999999999999999889e-02
6.666666666666666574e-02
6.333333333333333870e-02
5.766666666666666607e-01
2.399999999999999911e-01
6.400000000000000133e-01
3.899999999999999578e-01
2.033333333333333381e-01
7.333333333333333370e-02
9.666666666666667851e-02
8.666666666666666963e-02
1.459999999999999964e+00
1.606666666666666687e+00
1.026666666666666616e+00
3.333333333333333547e-03
1.233333333333333365e-01
1.100000000000000006e-01
5.499999999999999334e-01
8.333333333333332871e-02
9.666666666666667851e-02
1.333333333333333419e-02
0.000000000000000000e+00
5.899999999999999689e-01
1.066666666666666735e-01
2.733333333333333726e-01
2.033333333333333381e-01
1.253333333333333410e+00
1.030000000000000027e+00
0.000000000000000000e+00
5.000000000000000971e-02
4.799999999999999822e-01
3.333333333333333287e-02
0.000000000000000000e+00
4.666666666666666879e-02
1.159999999999999920e+00
3.000000000000000444e-01
1.063333333333333464e+00
1.303333333333333455e+00
9.333333333333333759e-02
9.000000000000001055e-02
1.426666666666666750e+00
0.000000000000000000e+00
1.400000000000000133e-01
1.286666666666666847e+00
6.666666666666667095e-03
9.666666666666667851e-02
3.566666666666666319e-01
9.000000000000001055e-02
1.333333333333333419e-02
7.033333333333332549e-01
9.533333333333332549e-01
2.333333333333333440e-02
2.666666666666666838e-02
5.933333333333332682e-01
6.833333333333332371e-01
8.366666666666665586e-01
1.156666666666666510e+00
3.200000000000000067e-01
1.000000000000000021e-02
3.233333333333333059e-01
2.366666666666666641e-01
7.000000000000000666e-02
1.000000000000000021e-02
4.433333333333333570e-01
9.799999999999999822e-01
1.066666666666666735e-01
7.000000000000000666e-02
2.099999999999999922e-01
5.633333333333333526e-01
4.699999999999999734e-01
9.433333333333333570e-01
2.520000000000000018e+00
1.196666666666666545e+00
1.123333333333333295e+00
7.333333333333333370e-02
1.566666666666666652e+00
1.499999999999999944e-01
3.400000000000000244e-01
3.333333333333333547e-03
1.153333333333333321e+00
1.293333333333333224e+00
1.333333333333333419e-02
0.000000000000000000e+00
1.566666666666666485e-01
5.566666666666666430e-01
2.000000000000000042e-02
9.000000000000001055e-02
7.099999999999999645e-01
0.000000000000000000e+00
4.666666666666666879e-02
7.566666666666667096e-01
6.466666666666667229e-01
2.633333333333333637e-01
4.333333333333333481e-02
2.333333333333333093e-02
2.833333333333333814e-01
7.333333333333332815e-01
4.666666666666667296e-01
1.000000000000000021e-02
3.499999999999999223e-01
9.000000000000000222e-01
2.533333333333333548e-01
4.099999999999999756e-01
1.866666666666666474e-01
2.800000000000000266e-01
1.833333333333333481e-01
1.086666666666666670e+00
6.933333333333333570e-01
2.486666666666666359e+00
2.340000000000000302e+00
4.466666666666667118e-01
2.083333333333333481e+00
1.469999999999999973e+00
1.033333333333333437e+00
1.510000000000000009e+00
1.266666666666666774e-01
2.000000000000000042e-02
7.000000000000000666e-02
1.366666666666666863e-01
3.333333333333333547e-03
1.000000000000000021e-02
2.066666666666666652e-01
5.666666666666667074e-02
2.333333333333333440e-02
1.000000000000000021e-02
7.666666666666667462e-02
1.933333333333333293e-01
1.129999999999999893e+00
2.426666666666666750e+00
1.300000000000000044e-01
4.833333333333333925e-01
4.366666666666667029e-01
2.399999999999999911e-01
2.333333333333333093e-01
1.199999999999999956e-01
1.133333333333333276e-01
3.533333333333333326e-01
8.333333333333332871e-02
4.333333333333333481e-02
2.333333333333333648e-01
2.800000000000000266e-01
6.933333333333333570e-01
4.733333333333333282e-01
3.333333333333333547e-03
0.000000000000000000e+00
6.666666666666667095e-03
1.000000000000000021e-02
0.000000000000000000e+00
6.000000000000000472e-02
5.666666666666666380e-02
4.999999999999999584e-02
1.833333333333333481e-01
2.399999999999999911e-01
1.366666666666666863e-01
1.423333333333333117e+00
4.599999999999999645e-01
3.266666666666666607e-01
7.333333333333333370e-02
2.566666666666666541e-01
2.366666666666666641e-01
1.366666666666666474e+00
4.266666666666665830e-01
3.366666666666666696e-01
8.666666666666666963e-02
4.333333333333333481e-02
1.543333333333333224e+00
2.666666666666666838e-02
1.933333333333333570e-01
3.333333333333333148e-01
9.666666666666666463e-02
3.800000000000000600e-01
2.000000000000000042e-02
2.566666666666666541e-01
1.063333333333333242e+00
2.633333333333333637e-01
0.000000000000000000e+00
1.133333333333333304e+00
1.836666666666666670e+00
6.033333333333333881e-01
2.133333333333333470e-01
6.633333333333332194e-01
2.333333333333333093e-01
1.133333333333333415e-01
6.300000000000000044e-01
1.083333333333333259e+00
3.533333333333333326e-01
2.600000000000000089e-01
5.433333333333333348e-01
1.159999999999999920e+00
0.000000000000000000e+00
7.299999999999999822e-01
2.000000000000000042e-02
9.333333333333333759e-02
4.400000000000000022e-01
5.333333333333333676e-02
0.000000000000000000e+00
9.000000000000001055e-02
0.000000000000000000e+00
1.333333333333333419e-02
1.666666666666666644e-02
1.166666666666666546e-01
0.000000000000000000e+00
5.333333333333333676e-02
2.766666666666666718e-01
6.333333333333333870e-02
4.000000000000000083e-02
1.846666666666666679e+00
2.966666666666666896e-01
1.463333333333333597e+00
7.633333333333333082e-01
8.000000000000000167e-02
1.333333333333333419e-02
1.209999999999999964e+00
2.299999999999999822e-01
3.499999999999999223e-01
6.666666666666667095e-03
5.899999999999999689e-01
2.433333333333333182e-01
0.000000000000000000e+00
1.099999999999999867e-01
2.299999999999999822e-01
1.666666666666666644e-02
6.000000000000000472e-02
2.766666666666666718e-01
1.766666666666666663e-01
4.866666666666666363e-01
1.999999999999999833e-01
4.933333333333333459e-01
7.666666666666666075e-02
2.099999999999999922e-01
4.566666666666667207e-01
3.133333333333332971e-01
4.199999999999999845e-01
1.353333333333333499e+00
1.333333333333333315e-01
1.050000000000000044e+00
3.166666666666666519e-01
2.333333333333333093e-02
5.666666666666666380e-02
5.533333333333333437e-01
5.333333333333333676e-02
1.000000000000000021e-02
0.000000000000000000e+00
5.400000000000000355e-01
1.366666666666666863e-01
2.333333333333333440e-02
2.566666666666666541e-01
2.333333333333333093e-02
1.750000000000000000e+00
8.266666666666666607e-01
2.099999999999999922e-01
3.066666666666666985e-01
4.566666666666667207e-01
1.066666666666666735e-01
4.000000000000000083e-02
0.000000000000000000e+00
2.233333333333333004e-01
1.366666666666666863e-01
8.233333333333333615e-01
5.833333333333333703e-01
5.599999999999999423e-01
2.333333333333333440e-02
4.299999999999999933e-01
5.000000000000000000e-01
2.903333333333332877e+00
8.233333333333332504e-01
1.050000000000000044e+00
8.666666666666666963e-02
1.000000000000000021e-02
0.000000000000000000e+00
1.499999999999999944e-01
0.000000000000000000e+00
4.000000000000000083e-02
2.666666666666666838e-02
9.533333333333332549e-01
1.209999999999999964e+00
2.866666666666666807e-01
0.000000000000000000e+00
3.633333333333333415e-01
1.400000000000000133e+00
6.099999999999999867e-01
1.570000000000000062e+00
2.066666666666666652e-01
6.666666666666667095e-03
1.766666666666666663e-01
1.166666666666666824e-01
0.000000000000000000e+00
0.000000000000000000e+00
0.000000000000000000e+00
1.000000000000000194e-01
1.333333333333333419e-02
0.000000000000000000e+00
8.566666666666667984e-01
3.233333333333333059e-01
1.333333333333333419e-02
2.033333333333333381e-01
6.466666666666666119e-01
8.933333333333334236e-01
3.999999999999999667e-01
5.133333333333333082e-01
5.133333333333333082e-01
6.666666666666667095e-03
1.300000000000000044e+00
5.033333333333332993e-01
1.333333333333333419e-02
3.666666666666666685e-02
4.333333333333333481e-01
0.000000000000000000e+00
3.666666666666667379e-02
6.833333333333332371e-01
1.813333333333333242e+00
1.426666666666666750e+00
1.933333333333333293e-01
1.866666666666666752e-01
1.333333333333333315e-01
2.333333333333333440e-02
9.000000000000001055e-02
5.333333333333333676e-02
5.333333333333333676e-02
2.999999999999999889e-02
1.496666666666666812e+00
5.400000000000000355e-01
1.966666666666666563e-01
1.156666666666666732e+00
2.500000000000000000e-01
1.933333333333333293e-01
2.233333333333333004e-01
1.466666666666666952e-01
9.000000000000001055e-02
1.499999999999999944e-01
1.266666666666666774e-01
3.666666666666666685e-02
3.833333333333333037e-01
4.666666666666666186e-01
1.030000000000000027e+00
1.000000000000000021e-02
9.999999999999999167e-02
9.533333333333332549e-01
1.433333333333333404e-01
9.000000000000001055e-02
1.833333333333333481e-01
1.266666666666666774e-01
1.933333333333333293e-01
6.666666666666666574e-02
4.799999999999999822e-01
1.016666666666666607e+00
4.366666666666667029e-01
1.666666666666666644e-02
1.363333333333333286e+00
1.433333333333333404e-01
1.306666666666666643e+00
1.610000000000000098e+00
2.199999999999999734e-01
1.166666666666666546e-01
1.166666666666666546e-01
4.633333333333333748e-01
5.133333333333333082e-01
3.533333333333333326e-01
3.366666666666666696e-01
6.600000000000000311e-01
2.096666666666666679e+00
3.733333333333333504e-01
2.706666666666666554e+00
8.666666666666666963e-02
9.633333333333333748e-01
2.430000000000000160e+00
0.000000000000000000e+00
7.433333333333332904e-01
2.333333333333333440e-02
1.133333333333333415e-01
1.000000000000000021e-02
6.233333333333334059e-01
2.700000000000000178e-01
1.566666666666666763e-01
1.000000000000000000e+00
2.000000000000000042e-02
7.666666666666666075e-02
2.233333333333333559e-01
2.233333333333333004e-01
8.333333333333332871e-02
5.499999999999999334e-01
2.999999999999999889e-02
8.466666666666666785e-01
6.666666666666666574e-02
4.333333333333333481e-02
3.333333333333333547e-03
2.166666666666666463e-01
0.000000000000000000e+00
0.000000000000000000e+00
0.000000000000000000e+00
2.399999999999999911e-01
6.666666666666667095e-03
0.000000000000000000e+00
2.866666666666666807e-01
1.866666666666666752e-01
0.000000000000000000e+00
3.333333333333333287e-02
8.433333333333333792e-01
1.966666666666666563e-01
7.000000000000000666e-02
3.899999999999999578e-01
6.666666666666666574e-02
3.600000000000000422e-01
2.000000000000000042e-02
1.466666666666666952e-01
3.466666666666666785e-01
3.933333333333333126e-01
1.006666666666666599e+00
8.599999999999999867e-01
1.033333333333333326e-01
1.333333333333333419e-02
4.299999999999999933e-01
7.133333333333333748e-01
0.000000000000000000e+00
3.333333333333333547e-03
7.000000000000000666e-02
4.000000000000000083e-02
0.000000000000000000e+00
0.000000000000000000e+00
8.000000000000000167e-02
0.000000000000000000e+00
8.333333333333332871e-02
5.999999999999999778e-02
4.700000000000000289e-01
3.666666666666666963e-01
2.413333333333333552e+00
1.300000000000000044e-01
3.433333333333333237e-01
1.276666666666666616e+00
3.200000000000000067e-01
7.666666666666667462e-02
8.833333333333333037e-01
3.333333333333333547e-03
0.000000000000000000e+00
0.000000000000000000e+00
1.000000000000000021e-02
1.966666666666666563e-01
0.000000000000000000e+00
6.666666666666667095e-03
0.000000000000000000e+00
9.000000000000001055e-02
2.666666666666666838e-02
1.666666666666666644e-02
8.333333333333332871e-02
2.333333333333333440e-02
2.833333333333333259e-01
4.666666666666666879e-02
5.999999999999999778e-02
3.633333333333333415e-01
2.466666666666666730e-01
1.486666666666666581e+00
5.666666666666666380e-02
1.666666666666666574e-01
2.033333333333333381e-01
0.000000000000000000e+00
1.133333333333333276e-01
1.933333333333333293e-01
8.166666666666667629e-01
5.733333333333332504e-01
1.633333333333333304e-01
1.700000000000000122e-01
1.300000000000000044e-01
0.000000000000000000e+00
2.333333333333333440e-02
8.133333333333334636e-01
8.666666666666666963e-02
0.000000000000000000e+00
3.300000000000000155e-01
1.103333333333333277e+00
1.700000000000000122e-01
2.233333333333333004e-01
1.343333333333333490e+00
4.666666666666666879e-02
2.899999999999999800e-01
2.500000000000000000e+00
1.563333333333333464e+00
2.033333333333333381e-01
1.933333333333333293e-01
9.300000000000000488e-01
8.900000000000000133e-01
0.000000000000000000e+00
2.333333333333333440e-02
7.666666666666666075e-02
5.666666666666667074e-02
0.000000000000000000e+00
3.000000000000000236e-02
1.333333333333333315e-01
6.666666666666667095e-03
1.666666666666666644e-02
1.429999999999999716e+00
0.000000000000000000e+00
1.333333333333333419e-02
1.666666666666666644e-02
8.000000000000000167e-02
8.333333333333332871e-02
3.633333333333332860e-01
6.733333333333333393e-01
8.666666666666666963e-02
2.569999999999999840e+00
1.566666666666666652e+00
5.000000000000000000e-01
5.833333333333333703e-01
1.066666666666666735e-01
2.666666666666666838e-02
3.666666666666666685e-02
1.766666666666666663e-01
2.999999999999999889e-02
7.333333333333333370e-02
1.733333333333333393e-01
3.499999999999999223e-01
3.366666666666666696e-01
1.216666666666666563e+00
1.133333333333333276e-01
4.000000000000000083e-02
8.933333333333334236e-01
7.333333333333334758e-02
2.666666666666666838e-02
8.000000000000000167e-02
1.099999999999999867e-01
1.000000000000000021e-02
2.000000000000000042e-02
2.666666666666666630e-01
1.833333333333333481e-01
2.333333333333333440e-02
2.133333333333332915e-01
2.799999999999999711e-01
1.243333333333333401e+00
7.133333333333332638e-01
9.400000000000000577e-01
2.836666666666666448e+00
