1.513333333333333419e+00
2.800000000000000266e-01
5.600000000000000533e-01
5.666666666666666519e-01
2.330000000000000071e+00
3.433333333333333237e-01
7.666666666666666075e-01
7.333333333333333925e-01
1.159999999999999920e+00
2.050000000000000266e+00
8.599999999999999867e-01
3.266666666666666607e-01
1.833333333333333481e-01
2.533333333333333548e-01
2.200000000000000011e-01
3.433333333333332682e-01
5.999999999999999778e-02
1.366666666666666863e-01
1.326666666666666661e+00
8.033333333333333437e-01
1.933333333333333570e-01
1.823333333333333472e+00
2.699999999999999734e+00
2.020000000000000018e+00
1.870000000000000107e+00
5.666666666666666519e-01
1.626666666666666705e+00
6.266666666666665941e-01
2.866666666666666252e-01
2.833333333333333259e-01
1.833333333333333481e-01
1.300000000000000044e-01
1.399999999999999856e-01
6.199999999999999956e-01
8.666666666666666963e-02
1.400000000000000133e-01
8.666666666666666963e-02
3.600000000000000422e-01
1.233333333333333365e-01
8.000000000000000167e-02
1.166666666666666546e-01
1.333333333333333259e+00
1.666666666666666574e-01
2.500000000000000000e-01
1.533333333333333215e-01
2.239999999999999769e+00
1.983333333333333171e+00
4.333333333333332926e-01
1.843333333333333490e+00
1.533333333333333215e-01
2.666666666666666630e-01
1.806666666666666643e+00
7.833333333333333259e-01
4.799999999999999822e-01
1.566666666666666485e-01
4.466666666666667118e-01
5.133333333333333082e-01
1.086666666666666670e+00
5.899999999999999689e-01
3.599999999999999312e-01
2.000000000000000389e-01
4.500000000000000111e-01
2.199999999999999734e-01
1.000000000000000021e-02
7.666666666666667462e-02
5.999999999999999778e-01
3.366666666666666696e-01
4.833333333333333370e-01
2.966666666666666785e+00
4.366666666666667029e-01
1.523333333333333428e+00
6.333333333333333037e-01
1.236666666666666803e+00
6.300000000000000044e-01
2.566666666666667096e-01
5.066666666666667096e-01
5.099999999999998979e-01
2.566666666666666541e-01
1.933333333333333293e-01
3.899999999999999578e-01
1.550000000000000044e+00
2.700000000000000178e-01
1.636666666666666714e+00
5.400000000000000355e-01
3.066666666666666985e-01
8.800000000000000044e-01
3.300000000000000155e-01
2.833333333333333259e-01
9.666666666666667851e-01
4.666666666666666879e-02
1.366666666666666918e+00
6.466666666666666119e-01
1.889999999999999902e+00
4.199999999999999845e-01
1.466666666666666952e-01
7.633333333333333082e-01
2.066666666666666652e-01
2.833333333333333814e-01
1.520000000000000240e+00
5.866666666666666696e-01
1.973333333333333384e+00
9.700000000000000844e-01
1.596666666666666679e+00
1.566666666666666485e-01
2.166666666666666463e-01
1.866666666666666474e-01
8.433333333333333792e-01
2.600000000000000089e+00
2.006666666666666377e+00
3.300000000000000155e-01
5.000000000000000971e-02
3.066666666666666985e-01
4.399999999999999467e-01
1.433333333333333404e-01
6.633333333333334414e-01
3.666666666666667379e-02
8.333333333333332871e-02
0.000000000000000000e+00
0.000000000000000000e+00
2.666666666666666838e-02
7.000000000000000666e-02
4.000000000000000083e-02
8.666666666666666963e-02
1.533333333333333215e-01
9.233333333333333393e-01
2.099999999999999922e-01
7.333333333333333370e-02
7.500000000000000000e-01
6.566666666666667318e-01
3.333333333333333547e-03
1.499999999999999944e-01
2.533333333333333548e-01
7.000000000000000666e-02
1.000000000000000021e-02
0.000000000000000000e+00
5.366666666666667362e-01
1.000000000000000021e-02
5.166666666666666075e-01
4.333333333333333481e-02
1.933333333333333293e-01
6.000000000000000472e-02
8.966666666666668339e-01
1.793333333333333224e+00
0.000000000000000000e+00
1.800000000000000211e-01
1.233333333333333365e-01
1.099999999999999867e-01
6.033333333333333881e-01
5.333333333333333259e-01
1.833333333333333481e-01
1.033333333333333326e-01
2.333333333333333093e-01
3.833333333333333037e-01
4.333333333333333481e-02
1.023333333333333428e+00
4.033333333333333215e-01
1.366666666666666863e-01
5.433333333333333348e-01
0.000000000000000000e+00
0.000000000000000000e+00
3.333333333333333547e-03
9.999999999999999167e-02
1.933333333333333570e-01
1.566666666666666485e-01
1.966666666666666841e-01
2.500000000000000000e-01
4.000000000000000083e-02
1.099999999999999867e+00
1.146666666666666723e+00
2.999999999999999889e-02
1.066666666666666652e+00
1.400000000000000133e-01
3.300000000000000155e-01
4.333333333333333481e-02
9.000000000000001055e-02
1.566666666666666652e+00
3.666666666666666685e-02
4.600000000000000200e-01
1.333333333333333315e-01
1.466666666666666674e-01
1.666666666666666574e-01
8.666666666666666963e-02
3.933333333333333126e-01
2.133333333333333470e-01
2.666666666666666838e-02
2.766666666666666718e-01
5.000000000000000971e-02
3.666666666666666963e-01
1.833333333333333481e-01
2.200000000000000011e-01
3.466666666666666785e-01
1.933333333333333570e-01
1.716666666666666563e+00
