1.143333333333333313e+00
7.999999999999999334e-01
1.800000000000000211e-01
2.833333333333333814e-01
5.833333333333333703e-01
2.999999999999999889e-02
4.999999999999999584e-02
1.266666666666666774e-01
4.000000000000000083e-02
6.666666666666667095e-03
4.333333333333333481e-01
6.733333333333333393e-01
2.666666666666666838e-02
2.333333333333333440e-02
3.166666666666666519e-01
5.133333333333333082e-01
4.033333333333333215e-01
2.633333333333333637e-01
2.466666666666666730e-01
9.666666666666667851e-02
3.333333333333333287e-02
2.666666666666666630e-01
4.333333333333333481e-02
8.566666666666665764e-01
2.233333333333333004e-01
6.666666666666667095e-03
5.200000000000000178e-01
2.799999999999999711e-01
5.333333333333333676e-02
5.333333333333333676e-02
4.333333333333333481e-01
2.066666666666666874e+00
1.250000000000000000e+00
7.466666666666667007e-01
3.966666666666666674e-01
1.833333333333333481e-01
1.096666666666666679e+00
6.666666666666666574e-02
2.600000000000000089e-01
2.766666666666666718e-01
2.999999999999999889e-02
1.333333333333333419e-02
0.000000000000000000e+00
1.300000000000000044e-01
1.333333333333333419e-02
1.000000000000000021e-02
6.666666666666667095e-03
1.500000000000000222e-01
1.099999999999999867e-01
1.933333333333333570e-01
2.866666666666666807e-01
1.383333333333333526e+00
1.566666666666666485e-01
2.000000000000000042e-02
3.800000000000000600e-01
6.166666666666666963e-01
2.333333333333333440e-02
1.633333333333333304e-01
5.533333333333333437e-01
5.999999999999999778e-02
6.666666666666666297e-01
1.566666666666666485e-01
2.833333333333333259e-01
4.099999999999999756e-01
4.399999999999999467e-01
1.499999999999999944e-01
1.333333333333333315e-01
1.166666666666666546e-01
8.000000000000000167e-02
8.399999999999999689e-01
1.203333333333333366e+00
2.263333333333333197e+00
1.183333333333333348e+00
1.586666666666666670e+00
2.233333333333333559e-01
5.966666666666665675e-01
1.056666666666666643e+00
7.333333333333333370e-02
5.333333333333333676e-02
1.966666666666666841e-01
2.999999999999999889e-02
0.000000000000000000e+00
5.166666666666667185e-01
9.533333333333334769e-01
0.000000000000000000e+00
3.666666666666666685e-02
4.366666666666667029e-01
8.533333333333333881e-01
3.433333333333333237e-01
2.333333333333333093e-01
3.233333333333333059e-01
4.333333333333333481e-02
3.666666666666666685e-02
9.999999999999999167e-02
1.333333333333333419e-02
9.000000000000000222e-01
5.666666666666667074e-02
0.000000000000000000e+00
4.733333333333333282e-01
7.666666666666667462e-02
5.666666666666667074e-02
0.000000000000000000e+00
4.599999999999999645e-01
1.066666666666666652e+00
5.633333333333333526e-01
3.866666666666666585e-01
1.999999999999999833e-01
1.333333333333333315e-01
3.833333333333333037e-01
6.333333333333333870e-02
1.800000000000000211e-01
1.100000000000000006e-01
3.333333333333333287e-02
3.666666666666667379e-02
0.000000000000000000e+00
1.133333333333333276e-01
1.733333333333333393e-01
3.333333333333333547e-03
0.000000000000000000e+00
3.800000000000000600e-01
1.999999999999999833e-01
1.300000000000000044e-01
4.700000000000000289e-01
1.136666666666666714e+00
1.333333333333333315e-01
3.333333333333333547e-03
6.066666666666665764e-01
5.033333333333332993e-01
1.033333333333333326e-01
1.133333333333333276e-01
1.216666666666666785e+00
1.300000000000000044e-01
8.266666666666666607e-01
3.133333333333333526e-01
1.566666666666666485e-01
5.533333333333333437e-01
5.066666666666667096e-01
8.000000000000000167e-02
6.999999999999999278e-02
6.999999999999999278e-02
7.666666666666666075e-02
4.866666666666666363e-01
1.040000000000000036e+00
1.030000000000000027e+00
