2.583333333333333481e+00
1.266666666666666774e-01
6.666666666666667095e-03
0.000000000000000000e+00
0.000000000000000000e+00
1.000000000000000021e-02
1.733333333333333393e-01
1.223333333333333384e+00
4.000000000000000083e-02
3.333333333333333547e-03
1.333333333333333419e-02
1.433333333333333404e-01
6.666666666666667095e-03
6.933333333333333570e-01
6.666666666666666297e-01
5.566666666666666430e-01
1.486666666666667025e+00
6.000000000000000888e-01
5.333333333333333676e-02
2.933333333333332793e-01
3.200000000000000067e-01
9.666666666666666463e-02
1.199999999999999956e-01
1.566666666666666763e-01
3.966666666666666674e-01
3.600000000000000422e-01
5.466666666666667451e-01
9.000000000000001055e-02
4.099999999999999756e-01
4.266666666666666941e-01
8.000000000000000167e-02
8.033333333333333437e-01
2.000000000000000042e-02
0.000000000000000000e+00
1.300000000000000044e-01
1.266666666666666774e-01
0.000000000000000000e+00
2.500000000000000000e-01
1.580000000000000071e+00
1.100000000000000006e-01
1.600000000000000033e-01
6.166666666666666963e-01
1.566666666666666485e-01
2.966666666666666896e-01
1.666666666666666644e-02
1.400000000000000133e-01
0.000000000000000000e+00
4.400000000000000022e-01
1.333333333333333419e-02
1.133333333333333276e-01
3.166666666666667074e-01
1.916666666666666741e+00
1.000000000000000021e-02
1.999999999999999833e-01
1.126666666666666705e+00
1.766666666666666663e-01
6.833333333333332371e-01
6.666666666666667095e-03
4.000000000000000083e-02
1.266666666666666774e-01
1.000000000000000021e-02
5.999999999999999778e-02
9.333333333333333759e-02
8.399999999999999689e-01
0.000000000000000000e+00
8.366666666666665586e-01
5.699999999999999512e-01
1.306666666666666643e+00
2.833333333333333814e-01
1.333333333333333419e-02
0.000000000000000000e+00
2.500000000000000000e-01
0.000000000000000000e+00
1.666666666666666644e-02
7.633333333333333082e-01
1.533333333333333492e-01
1.056666666666666643e+00
1.356666666666666687e+00
1.623333333333333295e+00
1.266666666666666774e-01
2.666666666666666838e-02
8.333333333333333703e-01
1.003333333333333188e+00
2.999999999999999889e-02
6.333333333333334147e-01
9.766666666666665719e-01
7.333333333333334758e-02
0.000000000000000000e+00
1.000000000000000021e-02
1.733333333333333393e-01
2.066666666666666652e-01
3.333333333333333287e-02
0.000000000000000000e+00
5.733333333333333615e-01
8.333333333333332871e-02
4.333333333333333481e-02
3.333333333333333547e-03
3.066666666666666430e-01
5.000000000000000000e-01
6.733333333333333393e-01
3.500000000000000333e-01
7.000000000000000666e-02
2.580000000000000071e+00
2.700000000000000178e-01
4.266666666666666941e-01
1.966666666666666563e-01
4.866666666666666363e-01
1.756666666666666599e+00
3.499999999999999223e-01
1.666666666666666644e-02
1.166666666666666824e-01
3.099999999999999978e-01
0.000000000000000000e+00
0.000000000000000000e+00
1.093333333333333490e+00
4.866666666666666363e-01
0.000000000000000000e+00
0.000000000000000000e+00
4.799999999999999822e-01
2.233333333333333004e-01
3.333333333333333547e-03
0.000000000000000000e+00
2.233333333333333004e-01
4.000000000000000083e-02
0.000000000000000000e+00
4.666666666666666879e-02
1.090000000000000080e+00
7.099999999999999645e-01
5.666666666666667074e-02
6.400000000000000133e-01
5.799999999999999600e-01
2.166666666666666741e-01
2.033333333333333381e-01
6.000000000000000472e-02
0.000000000000000000e+00
2.333333333333333440e-02
1.666666666666666644e-02
2.333333333333333440e-02
4.133333333333333304e-01
1.100000000000000006e-01
2.899999999999999800e-01
2.666666666666666838e-02
2.999999999999999889e-02
5.333333333333333676e-02
0.000000000000000000e+00
1.100000000000000006e-01
5.066666666666667096e-01
6.666666666666666574e-02
0.000000000000000000e+00
6.733333333333333393e-01
7.099999999999999645e-01
8.466666666666666785e-01
1.166666666666666546e-01
8.333333333333332871e-02
1.533333333333333215e+00
3.400000000000000244e-01
8.266666666666666607e-01
1.340000000000000080e+00
6.666666666666666297e-01
4.666666666666666879e-02
4.566666666666666097e-01
5.000000000000000971e-02
0.000000000000000000e+00
1.100000000000000006e-01
0.000000000000000000e+00
0.000000000000000000e+00
9.666666666666666463e-02
2.666666666666666838e-02
8.333333333333332871e-02
1.666666666666666644e-02
2.000000000000000042e-02
1.499999999999999944e-01
6.666666666666666574e-02
4.400000000000000022e-01
7.666666666666667462e-02
2.999999999999999889e-02
7.333333333333333925e-01
8.599999999999999867e-01
1.833333333333333204e-01
2.633333333333333082e-01
2.666666666666666838e-02
4.400000000000000022e-01
1.700000000000000122e-01
6.666666666666667095e-03
1.666666666666666644e-02
0.000000000000000000e+00
2.200000000000000011e-01
0.000000000000000000e+00
4.000000000000000083e-02
0.000000000000000000e+00
3.033333333333333992e-01
2.000000000000000042e-02
1.066666666666666735e-01
1.000000000000000021e-02
0.000000000000000000e+00
0.000000000000000000e+00
0.000000000000000000e+00
1.199999999999999956e-01
9.000000000000001055e-02
3.500000000000000333e-01
1.233333333333333365e-01
1.333333333333333315e-01
0.000000000000000000e+00
8.766666666666665941e-01
4.766666666666666274e-01
0.000000000000000000e+00
0.000000000000000000e+00
9.333333333333333759e-02
0.000000000000000000e+00
0.000000000000000000e+00
4.333333333333333481e-02
1.016666666666666607e+00
2.666666666666666838e-02
2.333333333333333093e-02
6.333333333333333870e-02
6.666666666666667095e-03
3.000000000000000236e-02
0.000000000000000000e+00
2.666666666666666838e-02
1.433333333333333404e-01
2.266666666666666829e-01
0.000000000000000000e+00
0.000000000000000000e+00
7.666666666666667462e-02
9.666666666666667851e-02
9.000000000000001055e-02
3.666666666666666685e-02
9.066666666666667318e-01
2.600000000000000089e-01
0.000000000000000000e+00
2.133333333333332915e-01
1.000000000000000021e-02
4.000000000000000083e-02
9.000000000000001055e-02
2.000000000000000042e-02
8.000000000000000167e-02
6.666666666666666574e-02
6.666666666666667095e-03
7.333333333333334758e-02
5.133333333333333082e-01
4.333333333333333481e-02
1.423333333333333117e+00
9.799999999999999822e-01
9.333333333333332371e-02
4.000000000000000083e-02
1.223333333333333384e+00
1.666666666666666644e-02
2.999999999999999889e-02
2.266666666666666829e-01
8.433333333333333792e-01
3.333333333333333287e-02
1.123333333333333295e+00
0.000000000000000000e+00
1.099999999999999867e-01
3.000000000000000236e-02
8.699999999999999956e-01
2.333333333333333440e-02
3.333333333333333287e-02
1.666666666666666644e-02
1.333333333333333419e-02
2.333333333333333093e-01
1.713333333333333597e+00
1.383333333333333526e+00
2.533333333333333548e-01
1.603333333333333499e+00
1.433333333333333404e-01
7.666666666666666075e-02
7.600000000000001199e-01
1.000000000000000021e-02
6.666666666666667095e-03
3.333333333333333547e-03
0.000000000000000000e+00
2.899999999999999800e-01
2.466666666666666730e-01
1.139999999999999902e+00
1.033333333333333326e-01
4.000000000000000083e-02
1.663333333333333330e+00
5.499999999999999334e-01
1.046666666666666634e+00
0.000000000000000000e+00
6.666666666666667095e-03
9.000000000000001055e-02
4.666666666666666879e-02
4.000000000000000083e-02
0.000000000000000000e+00
2.800000000000000266e-01
0.000000000000000000e+00
0.000000000000000000e+00
4.899999999999999911e-01
1.100000000000000006e-01
0.000000000000000000e+00
0.000000000000000000e+00
4.566666666666667207e-01
5.400000000000000355e-01
3.099999999999999978e-01
9.000000000000001055e-02
1.330000000000000071e+00
9.999999999999999167e-02
1.066666666666666735e-01
1.066666666666666735e-01
4.833333333333333370e-01
3.333333333333333287e-02
6.666666666666667095e-03
0.000000000000000000e+00
1.000000000000000021e-02
0.000000000000000000e+00
1.666666666666666644e-02
2.999999999999999889e-02
3.666666666666666408e-01
1.499999999999999944e-01
2.566666666666666541e-01
2.069999999999999840e+00
6.033333333333333881e-01
3.066666666666666985e-01
5.333333333333333676e-02
1.306666666666666643e+00
1.860000000000000098e+00
3.899999999999999578e-01
5.133333333333333082e-01
2.366666666666666641e-01
3.000000000000000236e-02
5.699999999999999512e-01
2.066666666666666652e-01
8.666666666666666963e-02
6.666666666666667095e-03
1.766666666666666663e-01
1.219999999999999973e+00
7.666666666666667462e-02
1.000000000000000021e-02
3.333333333333333287e-02
1.036666666666666847e+00
2.666666666666666838e-02
1.333333333333333419e-02
5.999999999999999778e-02
7.700000000000000178e-01
7.333333333333334758e-02
5.000000000000000971e-02
2.533333333333333548e-01
2.666666666666666630e-01
1.856666666666666687e+00
4.566666666666666097e-01
1.499999999999999944e-01
1.333333333333333419e-02
0.000000000000000000e+00
3.266666666666666607e-01
4.999999999999999584e-02
1.233333333333333365e-01
2.633333333333333637e-01
3.300000000000000155e-01
5.166666666666667185e-01
3.099999999999999978e-01
2.199999999999999734e-01
5.000000000000000000e-01
2.866666666666666807e-01
6.800000000000000488e-01
1.333333333333333315e-01
0.000000000000000000e+00
0.000000000000000000e+00
9.666666666666666463e-02
1.099999999999999867e-01
0.000000000000000000e+00
1.666666666666666644e-02
0.000000000000000000e+00
8.133333333333333526e-01
0.000000000000000000e+00
0.000000000000000000e+00
3.333333333333333547e-03
1.199999999999999956e-01
0.000000000000000000e+00
9.000000000000001055e-02
3.666666666666666685e-02
1.169999999999999929e+00
5.333333333333333259e-01
2.800000000000000266e-01
4.466666666666666008e-01
2.600000000000000089e-01
2.600000000000000089e-01
1.733333333333333393e-01
0.000000000000000000e+00
1.666666666666666644e-02
2.600000000000000089e-01
0.000000000000000000e+00
3.333333333333333547e-03
0.000000000000000000e+00
0.000000000000000000e+00
1.000000000000000021e-02
1.019999999999999796e+00
1.086666666666666670e+00
1.410000000000000142e+00
6.566666666666667318e-01
2.666666666666666838e-02
0.000000000000000000e+00
6.666666666666667095e-03
0.000000000000000000e+00
0.000000000000000000e+00
2.333333333333333440e-02
8.333333333333333703e-01
6.766666666666667496e-01
2.000000000000000042e-02
6.666666666666667095e-03
0.000000000000000000e+00
1.000000000000000021e-02
9.766666666666665719e-01
1.133333333333333276e-01
0.000000000000000000e+00
2.500000000000000000e-01
1.166666666666666546e-01
6.333333333333333870e-02
1.000000000000000021e-02
3.899999999999999578e-01
1.999999999999999833e-01
3.533333333333333326e-01
1.333333333333333419e-02
8.933333333333332016e-01
5.166666666666667185e-01
1.100000000000000006e-01
1.586666666666666670e+00
7.600000000000001199e-01
3.333333333333333287e-02
0.000000000000000000e+00
4.899999999999999911e-01
0.000000000000000000e+00
0.000000000000000000e+00
3.133333333333332971e-01
6.933333333333333570e-01
0.000000000000000000e+00
5.666666666666667074e-02
4.033333333333333215e-01
2.166666666666666741e-01
1.266666666666666774e-01
3.400000000000000244e-01
2.046666666666666856e+00
4.066666666666666763e-01
7.733333333333334281e-01
1.179999999999999938e+00
2.766666666666666718e-01
1.633333333333333304e-01
2.333333333333333440e-02
9.233333333333333393e-01
1.386666666666666714e+00
1.333333333333333419e-02
1.833333333333333481e-01
1.593333333333333046e+00
2.966666666666666896e-01
0.000000000000000000e+00
1.999999999999999833e-01
7.566666666666667096e-01
2.199999999999999734e-01
8.333333333333332871e-02
3.333333333333333287e-02
1.033333333333333326e-01
3.833333333333333037e-01
0.000000000000000000e+00
0.000000000000000000e+00
2.000000000000000042e-02
3.333333333333333547e-03
1.000000000000000021e-02
2.999999999999999889e-02
2.000000000000000042e-02
4.199999999999999845e-01
1.000000000000000021e-02
2.199999999999999734e-01
1.070000000000000062e+00
1.303333333333333455e+00
